chr1	34295537	34296741	1	1	1	86	0	18
chr1	34295537	34299720	1	1	1	21	0	38
chr1	34296760	34299720	1	1	1	86	0	18
chr1	40010678	40011649	1	1	1	29	0	21
chr1	40010678	40014105	1	1	1	21	0	32
chr1	40011842	40014105	1	1	1	29	0	37
chr1	82735508	82741817	1	1	1	3	0	40
chr1	82735508	82747082	1	1	1	1	0	40
chr1	82735508	82750519	1	1	1	45	0	41
chr1	82741977	82750519	1	1	1	1	0	38
chr1	82747143	82750519	1	1	1	1	0	38
chr1	91500911	91501004	1	1	1	1	0	29
chr2	32292216	32293314	1	1	1	15	0	43
chr2	32292216	32296625	1	1	1	45	0	43
chr2	32293396	32296625	1	1	1	14	0	38
chr2	59926161	59932104	2	2	1	1	0	23
chr2	59932171	59933405	2	2	0	40	0	37
chr2	59932171	59933411	2	2	1	229	0	31
chr2	59933439	59933670	2	2	1	267	0	28
chr2	71849507	71853533	1	1	1	530	0	42
chr2	71849507	71855853	1	1	1	2290	7	43
chr2	71849507	71855868	1	1	0	1	0	46
chr2	71853664	71855853	1	1	1	540	0	41
chr2	75662926	75663570	1	1	1	5	0	40
chr2	91001089	91001461	1	1	1	492	1	34
chr2	91001511	91003210	1	1	1	483	1	25
chr2	91001511	91003219	1	1	0	1	0	19
chr2	91001511	91003299	1	1	0	3	0	46
chr2	91003238	91003810	1	1	0	1	0	27
chr2	91003346	91003810	1	1	1	7	0	36
chr2	91159300	91162027	2	2	0	1	0	41
chr2	91159306	91160316	2	2	1	166	0	47
chr2	91159306	91162027	2	2	1	295	0	47
chr2	91160371	91162027	2	2	1	167	0	39
chr2	91681696	91684668	2	2	1	132	0	50
chr2	153670448	153672215	1	1	1	1	1	50
chr2	153713625	153714954	1	1	1	0	1	50
chr3	60422418	60613472	1	1	0	0	6	15
chr3	60613521	60614682	1	1	1	1397	1	45
chr3	60613521	60614688	1	1	0	1	0	38
chr3	60613521	60615619	1	1	1	1083	7	45
chr3	60614737	60615619	1	1	1	1399	1	42
chr3	87733505	87734423	1	1	1	18	0	39
chr3	87733505	87735344	1	1	0	10	0	39
chr3	87734553	87735344	1	1	1	18	0	37
chr3	88483947	88484046	2	2	1	176	0	38
chr3	88484155	88484614	2	2	1	172	0	39
chr3	95938040	95944306	1	1	1	1	0	43
chr3	119724187	119724611	2	2	1	2991	1	34
chr3	119724187	119726065	2	2	1	8	0	29
chr3	119724646	119726065	2	2	1	3082	1	38
chr3	119726206	119740314	2	2	1	1	0	40
chr3	129825617	129826823	2	2	1	2	0	36
chr4	31992517	31994873	1	1	1	165	0	39
chr4	31992517	32002088	1	1	1	2170	6	49
chr4	31994955	32002088	1	1	1	164	0	49
chr4	46468788	46469882	1	1	1	1	0	3
chr4	107009769	107027216	1	1	1	8	0	38
chr4	107009769	107028192	1	1	1	123	1	41
chr4	107027298	107028192	1	1	1	9	0	41
chr4	107031092	107036935	1	1	1	1	0	29
chr5	23565266	23616326	2	2	1	726	2	46
chr5	72958287	72965803	1	1	1	1	0	37
chr5	72958287	72974530	1	1	1	53	0	42
chr5	72965882	72974530	1	1	1	1	0	41
chr5	116477146	116482389	2	2	1	1	0	33
chr5	116482537	116591333	2	2	1	552	4	50
chr5	149184807	149187707	1	1	1	21	0	43
chr5	149184807	149188344	1	1	1	248	0	44
chr5	149187835	149188344	1	1	1	3	0	39
chr5	149187877	149188344	1	1	1	18	0	39
chr6	47577668	47594893	2	2	1	1	0	17
chr6	72634233	72649119	2	2	1	4	0	40
chr6	98939789	98941535	2	2	1	92	0	46
chr6	98941658	98944618	2	2	1	93	0	36
chr6	125162102	125162211	2	2	1	143	6	36
chr6	128371086	128371967	1	1	1	2925	3	43
chr6	128371086	128371980	1	1	0	1	0	32
chr6	128371086	128372530	1	1	1	1	0	49
chr6	128371086	128372533	1	1	1	13	0	46
chr6	128372013	128372504	1	1	0	8	0	26
chr6	128372013	128372509	1	1	0	4	0	31
chr6	128372013	128372530	1	1	1	412	0	49
chr6	128372013	128372533	1	1	1	2469	3	46
chr6	128372013	128372536	1	1	0	1	0	43
chr6	128372018	128372530	1	1	0	1	0	49
chr6	128372018	128372533	1	1	0	33	0	46
chr7	67240441	67244520	2	2	1	111	0	24
chr7	67240441	67251656	2	2	1	1183	3	44
chr7	67244545	67251656	2	2	1	111	0	24
chr7	102001660	102002294	1	1	1	1103	1	43
chr7	102001660	102007485	1	1	1	316	0	43
chr7	102002337	102007485	1	1	1	1114	2	42
chr7	112839481	112841887	1	1	1	2	0	41
chr7	112839481	112842039	1	1	1	33	0	42
chr7	112839481	112856052	1	1	1	2	0	12
chr7	112839481	112856797	1	1	1	2	1	41
chr7	112842103	112856052	1	1	1	33	0	12
chr7	112842103	112856797	1	1	1	1	0	36
chr7	112856065	112856797	1	1	1	35	0	12
chr7	127980247	127981190	1	1	1	11	0	2
chr7	127981292	127981410	1	1	1	12	0	6
chr8	25532429	25557730	1	1	1	4	0	44
chr8	33386064	33386329	1	1	0	1	0	46
chr8	91688606	91932332	1	1	0	5	0	13
chr8	95100453	95100646	2	2	1	530	2	31
chr8	95100453	95101408	2	2	0	77	0	46
chr8	95100674	95101408	2	2	1	530	2	42
chr8	95101447	95139983	2	2	0	0	1	15
chr8	123268550	123268744	2	2	1	126	0	47
chr9	43027296	43040539	2	2	1	93	1	38
chr9	43027296	43042590	2	2	1	75	0	46
chr9	43040593	43042590	2	2	0	2	0	43
chr9	43040597	43042590	2	2	1	91	1	45
chr9	47813946	47818733	1	1	1	1	0	38
chr9	80093642	80098885	1	1	1	5375	2	27
chr9	80093642	80098892	1	1	0	132	0	14
chr9	80093642	80103693	1	1	1	217	0	45
chr9	80098907	80101831	1	1	0	1	0	21
chr9	80098907	80103693	1	1	1	5498	2	24
chr9	80098907	80103698	1	1	0	4	0	21
chr9	80101891	80103693	1	1	0	1	0	37
chr9	114597607	114597794	2	2	1	341	0	38
chr9	114597607	114598704	2	2	0	20	0	42
chr9	114597825	114598704	2	2	0	2	0	30
chr9	114597831	114598704	2	2	1	339	0	39
chr11	79458907	79463232	1	1	1	11	0	42
chr11	79458907	79468716	1	1	1	99	0	42
chr11	79463296	79468716	1	1	1	11	0	39
chr11	94112147	94113262	1	1	1	78	0	23
chr11	94112147	94114172	1	1	1	273	0	32
chr11	94113302	94114172	1	1	1	80	0	39
chr11	102310577	102310925	2	2	1	32	0	42
chr11	102310577	102311379	2	2	1	406	0	46
chr11	102311037	102311379	2	2	1	32	0	45
chr12	71952560	71958746	1	1	1	24	0	27
chr12	71952560	71959805	1	1	1	48	0	43
chr12	71958774	71959805	1	1	1	24	0	27
chr12	83811361	83825258	2	2	1	43	0	33
chr12	83811361	83831921	2	2	1	275	0	41
chr12	83825287	83831921	2	2	0	1	0	28
chr12	83825292	83831921	2	2	1	42	0	33
chr12	113133338	113133495	1	1	0	53	5	45
chr12	113133338	113133540	1	1	1	972	35	42
chr12	113133338	113135796	1	1	1	10	0	29
chr12	113133577	113134761	1	1	0	1	0	21
chr12	113133577	113134800	1	1	0	4	0	12
chr12	113133577	113135796	1	1	1	973	40	29
chr12	113134813	113135796	1	1	0	5	0	29
chr13	46778994	46780545	2	2	0	2	0	40
chr13	46778994	46780625	2	2	1	546	0	43
chr13	46778994	46785245	2	2	1	1473	4	46
chr13	46780665	46785245	2	2	1	548	0	39
chr13	56084286	56089757	2	2	1	20	1	41
chr13	56084286	56096123	2	2	0	2	0	40
chr13	56089858	56096123	2	2	1	20	1	38
chr14	8171531	8172763	2	2	1	1	0	30
chr14	8172818	8172890	2	2	1	1	0	41
chr14	57643224	57643334	2	2	1	1	0	39
chr14	57643224	57648418	2	2	1	56	0	39
chr14	57643490	57648418	2	2	1	1	0	38
chr14	120389164	120395711	1	1	1	129	0	39
chr14	120389164	120396450	1	1	1	298	0	48
chr14	120395766	120396450	1	1	1	134	0	48
chr15	77102940	77105576	2	2	1	158	0	45
chr15	77102940	77113604	2	2	1	2	0	44
chr15	77105670	77113604	2	2	1	156	0	48
chr15	103242719	103243624	1	1	1	0	1	33
chr16	57178021	57181491	2	2	1	224	0	44
chr16	57178021	57182850	2	2	1	70	0	44
chr16	57181507	57182850	2	2	0	2	0	15
chr16	57181537	57182850	2	2	1	220	0	34
chr17	12979205	13846588	1	1	0	33	0	12
chr17	13846640	13848354	1	1	1	3381	5	22
chr17	13846640	13848361	1	1	0	2	0	14
chr17	13846640	13849107	1	1	1	2639	4	45
chr17	13846640	13849113	1	1	0	13	0	47
chr17	13846644	13848358	1	1	0	0	1	17
chr17	13848376	13849107	1	1	1	3385	5	41
chr17	13848376	13849113	1	1	0	3	0	21
chr17	45570567	45570665	2	2	1	444	1	42
chr17	45570800	45571017	2	2	1	480	1	21
chr18	53948155	53948644	1	1	1	12478	13	28
chr18	53948155	53953244	1	1	1	2150	6	45
chr18	53948155	53953268	1	1	0	1	0	40
chr18	53948666	53953244	1	1	0	8	0	21
chr18	53948669	53953244	1	1	1	12464	12	37
chr18	53948669	53953268	1	1	0	4	0	24
chr19	7281256	7281797	2	4	1	117	1	38
chr19	7281256	7282725	2	2	1	931	0	36
chr19	7281960	7282725	2	2	1	121	1	35
