chr1	34295537	34296741	1	1	1	82	0	18
chr1	34295537	34299720	1	1	1	29	0	38
chr1	34296760	34299720	1	1	1	82	0	18
chr1	40010678	40011649	1	1	1	73	0	21
chr1	40010678	40014105	1	1	1	35	1	32
chr1	40011842	40014105	1	1	1	70	0	37
chr1	82735508	82741817	1	1	1	2	0	40
chr1	82735508	82747082	1	1	1	5	0	40
chr1	82735508	82750519	1	1	1	52	0	41
chr1	82747143	82750519	1	1	1	6	0	38
chr2	32292216	32293314	1	1	1	10	0	43
chr2	32292216	32296625	1	1	1	84	0	43
chr2	32293396	32296625	1	1	1	11	0	38
chr2	59926161	59932104	2	2	1	1	0	20
chr2	59932171	59933405	2	2	0	57	0	37
chr2	59932171	59933411	2	2	1	333	0	32
chr2	59933439	59933670	2	2	1	377	0	28
chr2	71849507	71853533	1	1	1	587	3	40
chr2	71849507	71853820	1	1	0	1	0	37
chr2	71849507	71853927	1	1	0	2	0	20
chr2	71849507	71855853	1	1	1	3505	0	45
chr2	71849507	71855868	1	1	0	1	0	38
chr2	71853664	71853875	1	1	0	1	0	15
chr2	71853664	71855853	1	1	1	626	2	42
chr2	71853664	71855876	1	1	0	1	0	38
chr2	71853891	71855853	1	1	0	2	0	40
chr2	71853948	71855853	1	1	0	2	0	20
chr2	75662926	75663570	1	1	1	3	0	27
chr2	91001089	91001461	1	1	1	709	2	34
chr2	91001089	91003299	1	1	0	2	0	33
chr2	91001511	91003210	1	1	1	686	2	25
chr2	91001511	91003299	1	1	0	1	0	46
chr2	91003238	91003810	1	1	0	3	0	27
chr2	91003346	91003810	1	1	1	25	0	36
chr2	91159306	91160316	2	2	1	195	0	47
chr2	91159306	91162027	2	2	1	257	0	47
chr2	91160371	91162027	2	2	1	195	0	39
chr2	91681696	91682025	2	2	1	1	0	50
chr2	91681696	91684668	2	2	1	209	0	50
chr2	91682110	91684668	2	2	0	1	0	38
chr2	125109824	125110479	2	2	1	1	0	40
chr2	153670448	153672215	1	1	1	2	0	50
chr3	60613521	60614682	1	1	1	769	2	45
chr3	60613521	60615619	1	1	1	495	0	46
chr3	60614737	60615619	1	1	1	778	2	39
chr3	87733505	87734423	1	1	1	15	0	40
chr3	87733505	87735344	1	1	0	6	0	39
chr3	87734553	87735344	1	1	1	15	0	37
chr3	88483947	88484046	2	2	1	228	0	38
chr3	88484155	88484614	2	2	1	221	0	44
chr3	119724187	119724611	2	2	1	5972	1	34
chr3	119724187	119726065	2	2	1	9	0	29
chr3	119724646	119726065	2	2	1	6118	1	38
chr3	129825617	129826823	2	2	1	1	0	36
chr3	142948246	142963375	2	2	0	0	1	13
chr4	31992517	31994873	1	1	1	252	0	40
chr4	31992517	32002088	1	1	1	2185	2	50
chr4	31994955	32002088	1	1	1	250	0	49
chr4	107009769	107027216	1	1	1	13	1	40
chr4	107009769	107028192	1	1	1	67	0	41
chr4	107027298	107028192	1	1	1	18	1	41
chr5	23565266	23616326	2	2	1	546	1	49
chr5	72958287	72965803	1	1	1	2	0	37
chr5	72958287	72974530	1	1	1	52	0	42
chr5	72965882	72974530	1	1	1	2	0	41
chr5	116477146	116591333	2	2	0	3	0	43
chr5	116482537	116591333	2	2	1	728	2	50
chr5	149184807	149187707	1	1	1	17	0	43
chr5	149184807	149188344	1	1	1	644	4	45
chr5	149187835	149188344	1	1	1	2	0	39
chr5	149187877	149188344	1	1	1	15	0	39
chr5	149188474	149193839	1	1	1	1	0	25
chr6	47577668	47594893	2	2	1	1	0	29
chr6	98939789	98941535	2	2	1	126	0	46
chr6	98939789	98944618	2	2	0	6	0	45
chr6	98941658	98944618	2	2	1	123	0	36
chr6	125102611	125102792	1	1	1	1	0	18
chr6	125162102	125162211	2	2	1	289	11	41
chr6	128371086	128371967	1	1	1	2754	1	41
chr6	128371086	128372530	1	1	1	2	0	49
chr6	128371086	128372533	1	1	1	11	0	46
chr6	128372013	128372278	1	1	0	1	0	27
chr6	128372013	128372504	1	1	0	19	0	26
chr6	128372013	128372509	1	1	0	8	0	31
chr6	128372013	128372530	1	1	1	378	0	48
chr6	128372013	128372533	1	1	1	2314	1	46
chr6	128372013	128372536	1	1	0	1	0	43
chr6	128372018	128372530	1	1	0	4	0	49
chr6	128372018	128372533	1	1	0	27	0	46
chr6	128372306	128372533	1	1	0	1	0	27
chr7	67240441	67244520	2	2	1	182	0	24
chr7	67240441	67251656	2	2	1	1041	0	45
chr7	67244545	67251656	2	2	1	183	0	25
chr7	101405603	102001614	1	1	0	4	0	13
chr7	102001660	102002294	1	1	1	992	0	44
chr7	102001660	102007485	1	1	1	668	1	45
chr7	102002310	102007485	1	1	0	1	0	15
chr7	102002337	102007485	1	1	1	1001	0	42
chr7	112839481	112841887	1	1	1	5	0	41
chr7	112839481	112842039	1	1	1	125	0	42
chr7	112839481	112856052	1	1	1	1	0	12
chr7	112839481	112856797	1	1	1	5	0	41
chr7	112841951	112856052	1	1	1	3	0	12
chr7	112842103	112856052	1	1	1	120	0	12
chr7	112842103	112856797	1	1	1	6	0	37
chr7	112856065	112856797	1	1	1	125	0	14
chr7	127980247	127981190	1	1	1	8	0	5
chr7	127981292	127981410	1	1	1	8	0	6
chr8	25532429	25557730	1	1	1	1	0	44
chr8	25555775	25557730	1	1	1	1	0	38
chr8	95100453	95100646	2	2	1	551	1	31
chr8	95100453	95101408	2	2	0	119	0	46
chr8	95100674	95101408	2	2	1	551	1	42
chr8	123268550	123268744	2	2	1	139	0	47
chr9	43027296	43040539	2	2	1	113	2	38
chr9	43027296	43042590	2	2	1	123	0	45
chr9	43040593	43042590	2	2	0	1	0	43
chr9	43040597	43042590	2	2	1	112	2	45
chr9	80093642	80098885	1	1	1	6100	8	26
chr9	80093642	80098892	1	1	0	122	0	19
chr9	80093642	80103693	1	1	1	170	0	44
chr9	80098907	80101831	1	1	0	1	0	21
chr9	80098907	80103693	1	1	1	6228	8	29
chr9	80098907	80103698	1	1	0	1	0	21
chr9	80101891	80103693	1	1	0	1	0	37
chr9	114597607	114597794	2	2	1	392	0	38
chr9	114597607	114598704	2	2	0	21	0	42
chr9	114597825	114598704	2	2	0	4	0	30
chr9	114597831	114598704	2	2	1	387	0	38
chr11	79458907	79463232	1	1	1	12	0	42
chr11	79458907	79468716	1	1	1	134	0	43
chr11	79463296	79468716	1	1	1	12	0	38
chr11	83497297	83497893	1	1	1	1	0	22
chr11	83497927	83499072	1	1	1	1	0	33
chr11	94112147	94113262	1	1	1	70	0	21
chr11	94112147	94114172	1	1	1	273	0	32
chr11	94113302	94114172	1	1	1	71	0	39
chr11	102309729	102310925	2	2	0	1	0	19
chr11	102310577	102310925	2	2	1	62	0	42
chr11	102310577	102311379	2	2	1	621	1	45
chr11	102311037	102311379	2	2	1	63	0	45
chr12	71952560	71958746	1	1	1	51	0	27
chr12	71952560	71959805	1	1	1	44	0	44
chr12	71958774	71959805	1	1	1	51	0	27
chr12	83811361	83825258	2	2	1	58	0	37
chr12	83811361	83831921	2	2	1	289	0	41
chr12	83825292	83831921	2	2	1	57	0	34
chr12	83825334	83831921	2	2	0	1	0	38
chr12	112928622	113133308	1	1	0	0	4	13
chr12	113133338	113133495	1	1	0	111	17	44
chr12	113133338	113133540	1	1	1	1246	43	43
chr12	113133338	113135796	1	1	1	20	0	29
chr12	113133577	113134186	1	1	0	4	0	28
chr12	113133577	113134800	1	1	0	7	0	12
chr12	113133577	113135796	1	1	1	1303	60	29
chr12	113134231	113135796	1	1	0	4	0	29
chr12	113134813	113135796	1	1	0	7	0	12
chr13	46778994	46780625	2	2	1	319	1	43
chr13	46778994	46785245	2	2	1	2238	5	46
chr13	46780665	46785245	2	2	1	319	1	40
chr13	56084286	56089757	2	2	1	57	0	41
chr13	56089858	56096123	2	2	1	55	0	41
chr14	57643224	57643334	2	2	1	1	0	39
chr14	57643224	57648418	2	2	1	99	0	47
chr14	57643490	57648418	2	2	1	1	0	38
chr14	120389164	120395711	1	1	1	223	0	43
chr14	120389164	120395717	1	1	0	1	0	38
chr14	120389164	120396450	1	1	1	208	0	48
chr14	120395766	120396450	1	1	1	230	0	48
chr15	76194813	76229357	2	2	1	1	0	42
chr15	77102940	77105576	2	2	1	212	0	40
chr15	77102940	77113604	2	2	1	11	0	44
chr15	77105670	77113604	2	2	1	212	0	48
chr16	57178021	57181491	2	2	1	232	1	44
chr16	57178021	57182850	2	2	1	107	1	44
chr16	57181507	57182850	2	2	0	2	0	15
chr16	57181537	57182850	2	2	1	231	1	42
chr17	12979205	13846588	1	1	0	38	0	12
chr17	13846613	13848354	1	1	0	3	0	21
chr17	13846640	13848354	1	1	1	3167	3	22
chr17	13846640	13849107	1	1	1	4114	5	45
chr17	13846640	13849113	1	1	0	3	0	47
chr17	13848376	13849107	1	1	1	3165	3	29
chr17	13848376	13849113	1	1	0	5	0	21
chr17	45569827	45570257	2	2	1	1	0	30
chr17	45570567	45570665	2	2	1	487	1	42
chr17	45570800	45571017	2	2	1	541	1	21
chr17	47341180	47348649	1	1	1	1	0	17
chr18	10726534	10740982	1	1	1	2	0	15
chr18	53948155	53948644	1	1	1	10488	7	28
chr18	53948155	53953244	1	1	1	1959	6	43
chr18	53948666	53953244	1	1	0	6	0	21
chr18	53948669	53953244	1	1	1	10472	7	37
chr18	53948669	53953268	1	1	0	3	0	24
chr18	64511878	64511983	2	2	1	1	0	32
chr18	64515406	64516415	2	2	1	2	0	30
chr19	7281256	7281797	2	4	1	160	0	40
chr19	7281256	7282725	2	2	1	697	0	36
chr19	7281960	7282725	2	2	1	168	0	35
chrX	73952667	73952825	2	2	1	2	0	10
