chr1	34295537	34296741	1	1	1	53	0	18
chr1	34295537	34299720	1	1	1	13	0	38
chr1	34296760	34299720	1	1	1	53	0	19
chr1	40010678	40011649	1	1	1	59	0	21
chr1	40010678	40011783	1	1	0	2	0	21
chr1	40010678	40014105	1	1	1	21	2	32
chr1	40011842	40014105	1	1	1	61	0	38
chr1	82735508	82741817	1	1	1	1	0	40
chr1	82735508	82747082	1	1	1	1	0	40
chr1	82735508	82750519	1	1	1	28	0	40
chr1	82747143	82750519	1	1	1	2	0	38
chr2	32292216	32293314	1	1	1	7	0	43
chr2	32292216	32296625	1	1	1	73	0	47
chr2	32293396	32296625	1	1	1	7	0	38
chr2	59932171	59933405	2	2	0	56	0	37
chr2	59932171	59933411	2	2	1	295	0	32
chr2	59932171	59933670	2	2	1	1	0	36
chr2	59933439	59933670	2	2	1	345	0	28
chr2	71849507	71853533	1	1	1	421	1	40
chr2	71849507	71853820	1	1	0	2	0	37
chr2	71849507	71855853	1	1	1	4530	5	46
chr2	71853664	71855853	1	1	1	438	1	42
chr2	71853891	71855853	1	1	0	2	0	40
chr2	75662926	75663570	1	1	1	1	0	15
chr2	91001089	91001461	1	1	1	399	0	24
chr2	91001089	91001479	1	1	0	1	0	24
chr2	91001511	91003210	1	1	1	394	1	31
chr2	91003346	91003810	1	1	1	3	0	36
chr2	91159306	91160316	2	2	1	173	0	47
chr2	91159306	91162027	2	2	1	166	0	47
chr2	91160371	91162027	2	2	1	170	0	38
chr2	91681696	91682025	2	2	1	1	0	50
chr2	91681696	91684668	2	2	1	112	0	50
chr2	91681831	91684668	2	2	0	1	0	38
chr2	91682110	91684668	2	2	0	1	0	38
chr3	60613521	60614682	1	1	1	978	0	45
chr3	60613521	60615619	1	1	1	469	0	44
chr3	60614737	60615619	1	1	1	990	0	41
chr3	87733505	87734423	1	1	1	3	0	39
chr3	87733505	87735344	1	1	0	6	0	39
chr3	87734553	87735344	1	1	1	3	0	37
chr3	88483947	88484046	2	2	1	129	0	37
chr3	88484155	88484614	2	2	1	130	0	40
chr3	119724187	119724611	2	2	1	4661	0	34
chr3	119724187	119725581	2	2	0	2	0	29
chr3	119724187	119726065	2	2	1	8	0	29
chr3	119724646	119726065	2	2	1	4818	0	38
chr3	119725626	119726065	2	2	0	2	0	38
chr4	31992517	31994873	1	1	1	164	1	39
chr4	31992517	32002088	1	1	1	1680	4	49
chr4	31994955	32002088	1	1	1	162	1	49
chr4	107009769	107027216	1	1	1	18	0	38
chr4	107009769	107028192	1	1	1	84	1	42
chr4	107027298	107028192	1	1	1	19	0	41
chr5	23565266	23616326	2	2	1	643	0	49
chr5	72958287	72965803	1	1	1	2	0	40
chr5	72958287	72974530	1	1	1	67	0	43
chr5	72965882	72974530	1	1	1	2	0	41
chr5	116482537	116591333	2	2	1	519	2	50
chr5	149184807	149185349	1	1	0	1	0	43
chr5	149184807	149187707	1	1	1	8	0	44
chr5	149184807	149188344	1	1	1	483	0	45
chr5	149185405	149188344	1	1	0	1	0	39
chr5	149187835	149188344	1	1	1	2	0	39
chr5	149187877	149188344	1	1	1	7	0	39
chr6	47577668	47594893	2	2	1	2	0	32
chr6	72634233	72649119	2	2	1	2	0	40
chr6	98939789	98941535	2	2	1	71	1	45
chr6	98939789	98944618	2	2	0	9	0	45
chr6	98941658	98944618	2	2	1	71	1	36
chr6	125162102	125162211	2	2	1	147	5	38
chr6	128371086	128371967	1	1	1	2705	2	43
chr6	128371086	128372530	1	1	1	1	0	49
chr6	128371086	128372533	1	1	1	31	0	46
chr6	128372013	128372504	1	1	0	27	0	26
chr6	128372013	128372509	1	1	0	3	0	31
chr6	128372013	128372530	1	1	1	316	0	49
chr6	128372013	128372533	1	1	1	2318	2	46
chr6	128372013	128372536	1	1	0	1	0	43
chr6	128372018	128372533	1	1	0	37	0	46
chr6	128372208	128372533	1	1	0	1	0	46
chr7	67240441	67244520	2	2	1	201	0	24
chr7	67240441	67251656	2	2	1	1198	2	45
chr7	67244545	67251656	2	2	1	202	0	24
chr7	102001660	102002294	1	1	1	537	1	42
chr7	102001660	102007485	1	1	1	460	0	45
chr7	102002337	102007485	1	1	1	532	1	40
chr7	102003812	102007485	1	1	0	1	0	38
chr7	112839481	112841887	1	1	1	4	0	41
chr7	112839481	112842039	1	1	1	49	0	41
chr7	112839481	112856797	1	1	1	1	0	41
chr7	112842103	112856052	1	1	1	47	0	12
chr7	112842103	112856797	1	1	1	1	0	37
chr7	112856065	112856797	1	1	1	49	0	14
chr7	127980247	127981190	1	1	1	11	0	5
chr7	127981292	127981410	1	1	1	9	0	16
chr8	25532429	25557730	1	1	1	1	0	44
chr8	25555775	25557730	1	1	1	1	0	37
chr8	95100453	95100646	2	2	1	390	0	27
chr8	95100453	95101408	2	2	0	111	0	46
chr8	95100674	95101408	2	2	1	390	0	42
chr8	123268550	123268744	2	2	1	99	0	47
chr9	43027296	43040539	2	2	1	54	0	39
chr9	43027296	43042590	2	2	1	78	0	45
chr9	43040597	43042590	2	2	1	55	0	46
chr9	80093642	80098885	1	1	1	5010	3	26
chr9	80093642	80098892	1	1	0	134	0	19
chr9	80093642	80103693	1	1	1	145	0	45
chr9	80098907	80099016	1	1	0	2	0	21
chr9	80098907	80103693	1	1	1	5140	3	29
chr9	80098907	80103698	1	1	0	5	0	21
chr9	80099049	80103693	1	1	0	2	0	37
chr9	114597607	114597794	2	2	1	281	0	38
chr9	114597607	114598704	2	2	0	13	0	40
chr9	114597825	114598704	2	2	0	4	0	30
chr9	114597831	114598704	2	2	1	276	0	36
chr11	79458907	79463232	1	1	1	13	0	42
chr11	79458907	79468716	1	1	1	89	0	44
chr11	79463296	79468716	1	1	1	13	0	39
chr11	94112147	94113262	1	1	1	63	0	21
chr11	94112147	94114172	1	1	1	234	0	32
chr11	94113302	94114172	1	1	1	63	0	39
chr11	96828224	96829818	2	2	1	1	0	15
chr11	102310577	102310925	2	2	1	34	0	42
chr11	102310577	102311379	2	2	1	400	0	46
chr11	102311037	102311379	2	2	1	34	0	45
chr12	71952560	71958746	1	1	1	28	0	27
chr12	71952560	71959805	1	1	1	25	0	43
chr12	71958774	71959805	1	1	1	28	0	27
chr12	83811361	83825258	2	2	1	36	0	33
chr12	83811361	83831921	2	2	1	228	0	41
chr12	83825292	83831921	2	2	1	37	0	35
chr12	112928622	113133308	1	1	0	0	4	13
chr12	113133331	113133540	1	1	0	0	2	36
chr12	113133338	113133495	1	1	0	79	11	44
chr12	113133338	113133540	1	1	1	1286	37	43
chr12	113133338	113135796	1	1	1	26	0	29
chr12	113133577	113134186	1	1	0	2	0	28
chr12	113133577	113134761	1	1	0	1	0	21
chr12	113133577	113134800	1	1	0	6	0	14
chr12	113133577	113135796	1	1	1	1317	50	29
chr12	113134231	113135796	1	1	0	2	0	29
chr12	113134813	113135796	1	1	0	5	0	12
chr13	46778994	46780625	2	2	1	226	0	44
chr13	46778994	46785245	2	2	1	1647	3	45
chr13	46780665	46785245	2	2	1	228	0	39
chr13	56084286	56089757	2	2	1	31	0	41
chr13	56084286	56096123	2	2	0	1	0	40
chr13	56089858	56096123	2	2	1	32	0	41
chr14	31257768	31257880	1	1	1	2	0	45
chr14	57643224	57648418	2	2	1	54	0	47
chr14	120389164	120395711	1	1	1	174	2	42
chr14	120389164	120396450	1	1	1	193	1	48
chr14	120395766	120396450	1	1	1	178	2	48
chr15	77102940	77105576	2	2	1	118	0	41
chr15	77102940	77113604	2	2	1	9	0	48
chr15	77105670	77113604	2	2	1	118	0	48
chr15	103242719	103243624	1	1	1	0	1	33
chr16	57178021	57181491	2	2	1	149	0	44
chr16	57178021	57182850	2	2	1	106	0	43
chr16	57181537	57182850	2	2	1	149	0	33
chr17	12979205	13846588	1	1	0	41	0	12
chr17	13846640	13848354	1	1	1	2578	3	22
chr17	13846640	13849107	1	1	1	2968	2	44
chr17	13846640	13849113	1	1	0	35	0	47
chr17	13848376	13849107	1	1	1	2566	3	26
chr17	13848376	13849113	1	1	0	4	0	21
chr17	13848376	13849116	1	1	0	5	0	21
chr17	45570567	45570665	2	2	1	456	2	42
chr17	45570800	45571017	2	2	1	518	1	24
chr18	53948155	53948381	1	1	0	1	0	39
chr18	53948155	53948644	1	1	1	11232	4	33
chr18	53948155	53953244	1	1	1	2317	7	45
chr18	53948447	53953244	1	1	0	1	0	37
chr18	53948666	53953244	1	1	0	11	0	21
chr18	53948669	53953244	1	1	1	11217	4	37
chr18	53948669	53953268	1	1	0	1	0	24
chr18	53948673	53953244	1	1	0	1	0	28
chr19	7281256	7281797	2	4	1	171	0	40
chr19	7281256	7282725	2	2	1	665	0	36
chr19	7281960	7282725	2	2	1	176	0	35
