chr1	34295537	34296741	1	1	1	32	0	18
chr1	34295537	34299720	1	1	1	182	0	39
chr1	34296760	34299720	1	1	1	32	0	18
chr1	40010678	40011649	1	1	1	30	0	21
chr1	40010678	40011811	1	1	0	1	0	21
chr1	40010678	40014105	1	1	1	51	0	32
chr1	40011842	40014105	1	1	1	29	0	37
chr1	82735508	82747082	1	1	1	9	0	40
chr1	82735508	82750519	1	1	1	68	1	40
chr1	82747143	82750519	1	1	1	9	0	38
chr2	32292216	32296625	1	1	1	67	0	43
chr2	59932171	59933405	2	2	0	8	0	33
chr2	59932171	59933411	2	2	1	73	0	27
chr2	59932171	59933670	2	2	1	9	0	39
chr2	59933439	59933670	2	2	1	81	0	28
chr2	71849507	71853533	1	1	1	34	0	40
chr2	71849507	71855853	1	1	1	1981	1	42
chr2	71853664	71855853	1	1	1	34	0	42
chr2	75662926	75663570	1	1	1	2	0	36
chr2	91001089	91001461	1	1	1	645	0	34
chr2	91001511	91003210	1	1	1	637	0	23
chr2	91003346	91003810	1	1	1	23	0	37
chr2	91159306	91160316	2	2	1	8	0	47
chr2	91159306	91162027	2	2	1	160	0	47
chr2	91160371	91162027	2	2	1	7	0	38
chr2	91681696	91682025	2	2	1	1	0	50
chr2	91681696	91684668	2	2	1	753	0	50
chr2	91682110	91684668	2	2	0	1	0	38
chr2	153670448	153670848	1	1	1	97	0	42
chr2	153670909	153672215	1	1	1	96	0	50
chr2	168752731	168754433	2	2	0	1	0	47
chr2	168752741	168754433	2	2	1	15238	13	47
chr3	60613521	60614682	1	1	1	97	0	44
chr3	60613521	60615619	1	1	1	25	0	44
chr3	60614737	60615619	1	1	1	97	0	38
chr3	87733505	87734423	1	1	1	1	0	39
chr3	87733505	87735344	1	1	0	185	0	43
chr3	87734553	87735344	1	1	1	1	0	37
chr3	88483947	88484046	2	2	1	158	0	37
chr3	88484155	88484614	2	2	1	157	0	39
chr3	119724187	119724611	2	2	1	2414	1	34
chr3	119724187	119726065	2	2	1	10	0	29
chr3	119724646	119726065	2	2	1	2458	1	39
chr3	129825617	129826823	2	2	1	1	0	36
chr3	142948246	142963375	2	2	0	0	1	13
chr4	31992517	31994873	1	1	1	1694	3	41
chr4	31992517	32002088	1	1	1	693	0	49
chr4	31994955	32002088	1	1	1	1689	3	49
chr4	107009769	107027216	1	1	1	65	0	39
chr4	107009769	107028192	1	1	1	291	0	45
chr4	107009769	107028217	1	1	0	1	0	35
chr4	107027298	107028192	1	1	1	71	0	43
chr5	23565266	23616326	2	2	1	224	0	45
chr5	72958287	72965803	1	1	1	2	0	37
chr5	72958287	72974530	1	1	1	35	0	42
chr5	72965882	72974530	1	1	1	2	0	41
chr5	116482537	116591333	2	2	1	8	0	50
chr5	149184807	149185349	1	1	0	1	0	43
chr5	149184807	149185484	1	1	1	1	0	43
chr5	149184807	149187707	1	1	1	44	0	43
chr5	149184807	149188344	1	1	1	192	0	44
chr5	149187806	149188344	1	1	0	2	0	39
chr5	149187835	149188344	1	1	1	7	0	39
chr5	149187864	149188344	1	1	0	1	0	39
chr5	149187877	149188344	1	1	1	37	0	40
chr6	47577668	47594893	2	2	1	1	0	26
chr6	72633011	72633215	2	2	1	1	0	6
chr6	72634223	72649119	2	2	0	2	0	47
chr6	72634233	72648800	2	2	1	4402	4	42
chr6	72634233	72649119	2	2	1	7106	5	50
chr6	72648843	72649119	2	2	1	4378	4	42
chr6	98939789	98940994	2	2	1	4	0	45
chr6	98939789	98941535	2	2	1	78	0	45
chr6	98939789	98944618	2	2	0	18	0	45
chr6	98941165	98944618	2	2	0	3	0	36
chr6	98941658	98944618	2	2	1	78	0	36
chr6	125162102	125162211	2	2	1	649	18	36
chr6	128371086	128371967	1	1	1	1874	1	45
chr6	128371086	128372530	1	1	1	93	0	49
chr6	128371086	128372533	1	1	1	754	0	46
chr6	128372013	128372509	1	1	0	2	0	31
chr6	128372013	128372530	1	1	1	270	0	48
chr6	128372013	128372533	1	1	1	1574	1	46
chr6	128372013	128372539	1	1	0	1	0	40
chr6	128372018	128372530	1	1	0	1	0	49
chr6	128372018	128372533	1	1	0	24	0	46
chr6	128372208	128372533	1	1	0	1	0	46
chr7	25724845	25725923	2	2	1	1	0	41
chr7	67240441	67244520	2	2	1	19	0	24
chr7	67240441	67251656	2	2	1	548	1	45
chr7	67240443	67251659	1	1	0	1	0	41
chr7	67244545	67251656	2	2	1	19	0	24
chr7	101405603	102001614	1	1	0	4	1	13
chr7	101963861	102001614	1	1	0	0	1	14
chr7	102001660	102002294	1	1	1	242	0	42
chr7	102001660	102007485	1	1	1	3893	5	45
chr7	102002337	102007485	1	1	1	247	0	39
chr7	112839481	112841887	1	1	1	15	0	41
chr7	112839481	112842039	1	1	1	169	0	41
chr7	112839481	112856052	1	1	1	2	0	12
chr7	112839481	112856797	1	1	1	18	0	41
chr7	112841951	112856052	1	1	1	1	0	12
chr7	112841951	112856797	1	1	0	6	0	37
chr7	112842103	112856052	1	1	1	10	0	12
chr7	112842103	112856797	1	1	1	168	0	38
chr7	112856065	112856797	1	1	1	13	0	12
chr7	127972771	127974399	1	1	1	1	0	23
chr7	127974435	127975887	1	1	1	1	0	28
chr7	127980247	127981190	1	1	1	14	0	5
chr7	127981292	127981410	1	1	1	11	0	6
chr7	144861833	144862231	1	1	1	1402	4	39
chr7	144861837	144862231	1	1	0	1	0	32
chr7	144862267	144862764	1	1	0	4	1	35
chr7	144862336	144862764	1	1	1	1370	3	47
chr8	25532429	25555507	1	1	1	2	0	44
chr8	25532429	25557730	1	1	1	4	0	44
chr8	25555775	25557730	1	1	1	8	0	38
chr8	72219861	72219940	1	1	1	1	0	30
chr8	95100453	95100646	2	2	1	390	0	31
chr8	95100453	95101408	2	2	0	617	1	46
chr8	95100674	95101408	2	2	1	390	0	42
chr8	123268550	123268744	2	2	1	99	0	46
chr9	43027296	43040539	2	2	1	18	0	38
chr9	43027296	43042590	2	2	1	257	0	46
chr9	43040597	43042590	2	2	1	19	0	45
chr9	80093642	80097341	1	1	0	1	0	44
chr9	80093642	80098885	1	1	1	2590	0	26
chr9	80093642	80098892	1	1	0	41	0	14
chr9	80093642	80103693	1	1	1	6999	5	45
chr9	80093642	80103698	1	1	0	2	0	43
chr9	80098907	80103693	1	1	1	2632	0	24
chr9	114597607	114597794	2	2	1	366	0	39
chr9	114597607	114598704	2	2	0	300	0	42
chr9	114597831	114598704	2	2	1	364	0	36
chr11	79458907	79463232	1	1	1	26	0	42
chr11	79458907	79468716	1	1	1	30	0	42
chr11	79463296	79468716	1	1	1	27	0	39
chr11	83497297	83497893	1	1	1	1	0	33
chr11	83497927	83499072	1	1	1	1	0	34
chr11	94112147	94113262	1	1	1	34	0	21
chr11	94112147	94114172	1	1	1	324	0	32
chr11	94113302	94114172	1	1	1	34	0	39
chr11	102310577	102310925	2	2	1	135	0	42
chr11	102310577	102311379	2	2	1	327	0	45
chr11	102311037	102311379	2	2	1	134	0	45
chr12	71952560	71958746	1	1	1	1	0	27
chr12	71952560	71959805	1	1	1	271	1	44
chr12	71958774	71959805	1	1	1	1	0	27
chr12	83811361	83825258	2	2	1	192	0	37
chr12	83811361	83831921	2	2	1	197	1	42
chr12	83825292	83831921	2	2	1	191	0	33
chr12	83825319	83831921	2	2	0	3	0	38
chr12	113133338	113133495	1	1	0	10	0	43
chr12	113133338	113133540	1	1	1	344	0	42
chr12	113133338	113135796	1	1	1	825	0	29
chr12	113133577	113135796	1	1	1	332	0	29
chr13	46778994	46780625	2	2	1	818	1	41
chr13	46778994	46785245	2	2	1	2981	5	48
chr13	46780665	46785245	2	2	1	821	1	39
chr13	55282783	55290054	1	1	1	4	0	19
chr13	56084286	56089757	2	2	1	16	0	40
chr13	56084286	56096123	2	2	0	3	0	40
chr13	56089858	56096123	2	2	1	17	0	38
chr14	57643224	57643334	2	2	1	2	0	39
chr14	57643224	57648418	2	2	1	206	0	47
chr14	57643490	57648418	2	2	1	2	0	38
chr14	120389164	120395711	1	1	1	303	0	41
chr14	120389164	120396450	1	1	1	74	0	48
chr14	120395766	120396450	1	1	1	316	0	48
chr15	77102940	77105576	2	2	1	153	0	41
chr15	77102940	77113604	2	2	1	20	0	45
chr15	77105670	77113604	2	2	1	153	0	48
chr15	103242719	103242921	1	1	1	1	0	33
chr15	103242719	103243624	1	1	1	0	1	22
chr16	57178021	57181491	2	2	1	27	0	43
chr16	57178021	57182850	2	2	1	1213	0	44
chr16	57181537	57182850	2	2	1	27	0	33
chr16	94686604	94691580	1	1	1	1	0	45
chr17	12979205	13846588	1	1	0	13	0	12
chr17	13846613	13849107	1	1	0	1	0	37
chr17	13846640	13848354	1	1	1	934	1	22
chr17	13846640	13849107	1	1	1	11906	14	49
chr17	13846640	13849113	1	1	0	69	0	47
chr17	13848376	13849107	1	1	1	925	1	26
chr17	13848376	13849113	1	1	0	10	0	21
chr17	45570567	45570665	2	2	1	479	0	37
chr17	45570800	45571017	2	2	1	514	2	23
chr18	10726534	10740982	1	1	1	1	0	15
chr18	53948155	53948644	1	1	1	1546	0	28
chr18	53948155	53948651	1	1	0	1	0	17
chr18	53948155	53949213	1	1	0	1	0	39
chr18	53948155	53953244	1	1	1	12620	9	45
chr18	53948669	53953244	1	1	1	1547	0	37
chr18	53949263	53953244	1	1	0	1	0	37
chr19	7281256	7281797	2	4	1	164	1	39
chr19	7281256	7282725	2	2	1	500	0	36
chr19	7281960	7282725	2	2	1	167	1	26
