chr1	34295537	34296741	1	1	1	64	0	18
chr1	34295537	34299720	1	1	1	12	0	39
chr1	34296760	34299720	1	1	1	64	0	19
chr1	40010678	40011649	1	1	1	48	0	21
chr1	40010678	40011811	1	1	0	1	0	21
chr1	40010678	40014105	1	1	1	16	1	32
chr1	40011842	40014105	1	1	1	47	0	37
chr1	82735508	82747082	1	1	1	4	0	40
chr1	82735508	82750519	1	1	1	50	0	40
chr1	82747143	82750519	1	1	1	4	0	38
chr2	32292216	32293314	1	1	1	15	0	43
chr2	32292216	32296625	1	1	1	96	0	43
chr2	32293396	32296625	1	1	1	14	0	38
chr2	59932171	59933405	2	2	0	43	0	33
chr2	59932171	59933411	2	2	1	353	0	31
chr2	59932171	59933670	2	2	1	2	0	28
chr2	59933439	59933670	2	2	1	392	0	28
chr2	71849507	71853533	1	1	1	671	2	40
chr2	71849507	71853875	1	1	0	1	0	15
chr2	71849507	71853890	1	1	0	3	0	39
chr2	71849507	71855853	1	1	1	941	2	43
chr2	71853664	71855853	1	1	1	686	2	42
chr2	71853891	71855853	1	1	0	2	0	40
chr2	71853948	71855853	1	1	0	3	0	40
chr2	71854612	71855853	1	1	0	1	0	36
chr2	75662926	75663570	1	1	1	1	0	41
chr2	91001089	91001461	1	1	1	409	0	25
chr2	91001089	91003299	1	1	0	1	0	33
chr2	91001511	91003210	1	1	1	399	0	21
chr2	91003346	91003810	1	1	1	3	0	36
chr2	91159306	91160316	2	2	1	221	1	47
chr2	91159306	91162027	2	2	1	333	3	47
chr2	91160371	91162027	2	2	1	221	1	39
chr2	91681696	91684668	2	2	1	141	0	50
chr2	153670448	153672215	1	1	1	1	0	50
chr2	180582956	180583400	1	1	1	1	0	41
chr3	60613521	60614682	1	1	1	952	0	45
chr3	60613521	60615619	1	1	1	1009	1	45
chr3	60614737	60615619	1	1	1	958	0	44
chr3	87733505	87734423	1	1	1	11	0	39
chr3	87733505	87735344	1	1	0	5	0	39
chr3	87734553	87735344	1	1	1	11	0	37
chr3	88483947	88484046	2	2	1	239	0	38
chr3	88484155	88484614	2	2	1	234	0	39
chr3	119724187	119724611	2	2	1	9385	3	34
chr3	119724187	119726065	2	2	1	6	0	29
chr3	119724646	119726065	2	2	1	9599	3	39
chr3	119726116	120643502	2	2	0	7	0	13
chr4	31992517	31994873	1	1	1	177	0	39
chr4	31992517	32002088	1	1	1	2971	2	49
chr4	31994955	32002088	1	1	1	178	0	49
chr4	107009769	107027216	1	1	1	16	0	38
chr4	107009769	107028192	1	1	1	91	0	41
chr4	107027298	107028192	1	1	1	21	0	41
chr5	23565266	23616326	2	2	1	543	1	46
chr5	72958287	72965803	1	1	1	1	0	37
chr5	72958287	72974530	1	1	1	74	0	48
chr5	72965882	72974530	1	1	1	1	0	41
chr5	116477146	116482389	2	2	1	1	0	33
chr5	116482537	116591333	2	2	1	613	3	50
chr5	149184807	149187707	1	1	1	14	0	44
chr5	149184807	149188344	1	1	1	944	1	45
chr5	149187835	149188344	1	1	1	4	0	39
chr5	149187877	149188344	1	1	1	10	0	39
chr5	149188474	149193839	1	1	1	2	0	25
chr6	47577668	47594893	2	2	1	1	0	32
chr6	98939789	98941535	2	2	1	119	0	46
chr6	98939789	98944618	2	2	0	10	0	45
chr6	98941658	98944618	2	2	1	117	0	36
chr6	125162102	125162211	2	2	1	243	5	43
chr6	128371086	128371967	1	1	1	2374	3	45
chr6	128371086	128372533	1	1	1	10	0	46
chr6	128372013	128372504	1	1	0	8	0	31
chr6	128372013	128372530	1	1	1	300	1	47
chr6	128372013	128372533	1	1	1	2031	3	46
chr6	128372013	128372539	1	1	0	2	0	40
chr6	128372018	128372530	1	1	0	2	0	49
chr6	128372018	128372533	1	1	0	26	0	46
chr7	67240441	67244520	2	2	1	126	0	24
chr7	67240441	67251656	2	2	1	1165	0	45
chr7	67244545	67251656	2	2	1	126	0	24
chr7	102001660	102002294	1	1	1	1045	1	42
chr7	102001660	102007485	1	1	1	279	0	43
chr7	102002337	102007485	1	1	1	1046	1	41
chr7	112839481	112841887	1	1	1	3	2	41
chr7	112839481	112842039	1	1	1	96	2	41
chr7	112839481	112856052	1	1	1	2	0	12
chr7	112839481	112856797	1	1	1	4	0	41
chr7	112841906	112842057	1	1	0	0	2	18
chr7	112842103	112856052	1	1	1	93	2	12
chr7	112842103	112856797	1	1	1	4	0	37
chr7	112856065	112856797	1	1	1	96	2	15
chr7	127980247	127981190	1	1	1	8	0	2
chr7	127981292	127981410	1	1	1	8	0	6
chr8	25532429	25557730	1	1	1	1	0	43
chr8	95100453	95100646	2	2	1	611	0	31
chr8	95100453	95101408	2	2	0	58	0	46
chr8	95100674	95101408	2	2	1	611	0	44
chr8	123268550	123268744	2	2	1	180	0	49
chr9	43027296	43040539	2	2	1	82	0	39
chr9	43027296	43042590	2	2	1	55	0	45
chr9	43040593	43042590	2	2	0	1	0	43
chr9	43040597	43042590	2	2	1	79	0	45
chr9	80093642	80098885	1	1	1	5206	2	26
chr9	80093642	80098892	1	1	0	102	0	19
chr9	80093642	80103693	1	1	1	207	0	44
chr9	80098907	80101831	1	1	0	1	0	21
chr9	80098907	80103693	1	1	1	5306	2	24
chr9	80098907	80103698	1	1	0	3	0	21
chr9	80101891	80103693	1	1	0	1	0	37
chr9	114597607	114597794	2	2	1	351	0	38
chr9	114597607	114598704	2	2	0	17	0	42
chr9	114597825	114598704	2	2	0	2	0	30
chr9	114597831	114598704	2	2	1	349	0	38
chr11	26778879	26787397	2	2	0	0	1	13
chr11	78233684	78245547	2	2	1	2	0	28
chr11	79458907	79463232	1	1	1	9	0	42
chr11	79458907	79468716	1	1	1	194	0	44
chr11	79463296	79468716	1	1	1	9	0	39
chr11	80227333	80233381	1	1	1	1	0	7
chr11	94112147	94113262	1	1	1	59	0	21
chr11	94112147	94114172	1	1	1	374	0	32
chr11	94113302	94114172	1	1	1	63	0	39
chr11	102310577	102310925	2	2	1	48	0	42
chr11	102310577	102311379	2	2	1	710	1	45
chr11	102311037	102311379	2	2	1	48	0	45
chr12	71952560	71958746	1	1	1	55	0	27
chr12	71952560	71959805	1	1	1	25	0	43
chr12	71958774	71959805	1	1	1	55	0	29
chr12	83811361	83825258	2	2	1	52	0	33
chr12	83811361	83831921	2	2	1	351	0	41
chr12	83825292	83831921	2	2	1	52	0	33
chr12	113133338	113133495	1	1	0	110	19	44
chr12	113133338	113133540	1	1	1	1706	40	43
chr12	113133338	113135796	1	1	1	3	0	29
chr12	113133577	113134800	1	1	0	15	0	12
chr12	113133577	113135796	1	1	1	1759	58	29
chr12	113134813	113135796	1	1	0	15	0	12
chr13	46778994	46780625	2	2	1	703	2	41
chr13	46778994	46785245	2	2	1	2049	6	47
chr13	46780663	46785245	2	2	0	1	0	37
chr13	46780665	46785245	2	2	1	696	2	39
chr13	56084286	56089757	2	2	1	46	0	40
chr13	56089858	56096123	2	2	1	45	0	41
chr14	57643224	57643334	2	2	1	1	0	39
chr14	57643224	57648418	2	2	1	93	0	47
chr14	57643490	57648418	2	2	1	1	0	39
chr14	120389164	120395711	1	1	1	147	0	39
chr14	120389164	120396450	1	1	1	311	0	48
chr14	120395766	120396450	1	1	1	152	0	48
chr15	77102940	77105576	2	2	1	164	0	43
chr15	77102940	77113604	2	2	1	8	0	44
chr15	77105670	77113604	2	2	1	163	0	48
chr15	102488815	102489754	1	1	1	1	0	29
chr15	103242719	103243624	1	1	1	1	0	20
chr16	57178021	57181491	2	2	1	298	1	43
chr16	57178021	57182850	2	2	1	69	0	43
chr16	57181511	57182850	2	2	0	1	0	19
chr16	57181537	57182850	2	2	1	295	1	44
chr17	12979205	13846588	1	1	0	29	0	12
chr17	13846640	13848354	1	1	1	3569	8	22
chr17	13846640	13849107	1	1	1	3602	2	45
chr17	13846640	13849113	1	1	0	24	0	47
chr17	13848376	13849107	1	1	1	3561	8	29
chr17	13848376	13849113	1	1	0	15	0	21
chr17	45570567	45570665	2	2	1	257	2	37
chr17	45570800	45571017	2	2	1	274	1	21
chr18	53948155	53948644	1	1	1	11450	7	28
chr18	53948155	53948655	1	1	0	1	0	13
chr18	53948155	53953244	1	1	1	1484	2	44
chr18	53948666	53953244	1	1	0	7	0	21
chr18	53948669	53953244	1	1	1	11445	6	37
chr18	53948669	53953268	1	1	0	1	0	24
chr19	7281256	7281797	2	4	1	150	0	39
chr19	7281256	7282725	2	2	1	1565	1	35
chr19	7281960	7282725	2	2	1	152	0	36
