chr1	34295537	34296741	1	1	1	56	0	18
chr1	34295537	34299720	1	1	1	9	0	38
chr1	34296760	34299720	1	1	1	56	0	19
chr1	40010678	40011649	1	1	1	83	0	32
chr1	40010678	40011783	1	1	0	1	0	21
chr1	40010678	40011811	1	1	0	2	0	21
chr1	40010678	40014105	1	1	1	34	1	32
chr1	40011842	40014105	1	1	1	86	0	37
chr1	82735508	82741817	1	1	1	1	0	20
chr1	82735508	82741934	1	1	0	1	0	40
chr1	82735508	82747082	1	1	1	2	0	40
chr1	82735508	82750519	1	1	1	32	0	41
chr1	82747143	82750519	1	1	1	3	0	38
chr2	32292216	32293314	1	1	1	12	0	43
chr2	32292216	32296625	1	1	1	68	0	44
chr2	32293396	32296625	1	1	1	12	0	38
chr2	59932171	59933405	2	2	0	69	0	33
chr2	59932171	59933411	2	2	1	346	0	32
chr2	59932171	59933670	2	2	1	2	0	38
chr2	59933439	59933670	2	2	1	412	0	30
chr2	71849507	71853533	1	1	1	549	1	41
chr2	71849507	71853890	1	1	0	2	0	39
chr2	71849507	71855853	1	1	1	1685	2	44
chr2	71849507	71855868	1	1	0	5	0	46
chr2	71853664	71855853	1	1	1	560	1	41
chr2	71853948	71855853	1	1	0	2	0	40
chr2	75662926	75663570	1	1	1	1	0	39
chr2	91001089	91001461	1	1	1	381	0	25
chr2	91001089	91001479	1	1	0	1	0	24
chr2	91001089	91003210	1	1	0	0	1	24
chr2	91001089	91003299	1	1	0	2	0	33
chr2	91001511	91003210	1	1	1	382	0	31
chr2	91001511	91003299	1	1	0	2	0	46
chr2	91003346	91003810	1	1	1	13	0	36
chr2	91159306	91160316	2	2	1	136	0	47
chr2	91159306	91162027	2	2	1	395	0	47
chr2	91160371	91162027	2	2	1	135	0	38
chr2	91681696	91682025	2	2	1	2	0	50
chr2	91681696	91684668	2	2	1	130	1	50
chr2	91682110	91684668	2	2	0	2	0	38
chr2	153670448	153672215	1	1	1	1	0	50
chr3	60613521	60614682	1	1	1	895	0	45
chr3	60613521	60614688	1	1	0	1	0	44
chr3	60613521	60615619	1	1	1	1072	0	45
chr3	60614737	60615619	1	1	1	903	0	39
chr3	87733505	87734423	1	1	1	11	0	39
chr3	87733505	87735344	1	1	0	13	0	39
chr3	87734553	87735344	1	1	1	11	0	37
chr3	88483947	88484046	2	2	1	210	1	38
chr3	88484155	88484614	2	2	1	207	1	41
chr3	119724187	119724611	2	2	1	2474	0	34
chr3	119724187	119726065	2	2	1	14	0	29
chr3	119724629	119726065	2	2	0	1	0	17
chr3	119724646	119726065	2	2	1	2546	0	38
chr3	129825617	129826823	2	2	1	2	0	36
chr4	31992517	31994873	1	1	1	176	0	39
chr4	31992517	32002088	1	1	1	2653	2	49
chr4	31994955	32002088	1	1	1	174	0	49
chr4	107009769	107027216	1	1	1	7	0	38
chr4	107009769	107028192	1	1	1	82	0	41
chr4	107027298	107028192	1	1	1	10	0	41
chr5	23565266	23615740	2	2	0	2	0	37
chr5	23565266	23616326	2	2	1	522	1	46
chr5	23615795	23616326	2	2	0	2	0	45
chr5	72958287	72965803	1	1	1	4	0	42
chr5	72958287	72974530	1	1	1	67	0	42
chr5	72965882	72974530	1	1	1	4	0	41
chr5	116477146	116482389	2	2	1	1	0	33
chr5	116482537	116591333	2	2	1	504	1	50
chr5	116482565	116591333	2	2	0	3	0	43
chr5	149184807	149187707	1	1	1	6	1	43
chr5	149184807	149188344	1	1	1	444	1	45
chr5	149187877	149188344	1	1	1	6	1	39
chr6	47577668	47594893	2	2	1	1	0	28
chr6	98939789	98941535	2	2	1	122	0	46
chr6	98939789	98944618	2	2	0	11	0	45
chr6	98941658	98944618	2	2	1	124	1	37
chr6	125162102	125162211	2	2	1	216	7	36
chr6	128371086	128371967	1	1	1	2195	1	43
chr6	128371086	128371980	1	1	0	1	0	32
chr6	128371086	128372533	1	1	1	8	0	46
chr6	128372013	128372504	1	1	0	18	0	26
chr6	128372013	128372509	1	1	0	1	0	31
chr6	128372013	128372530	1	1	1	274	0	47
chr6	128372013	128372533	1	1	1	1866	1	46
chr6	128372018	128372530	1	1	0	3	0	49
chr6	128372018	128372533	1	1	0	30	0	46
chr7	67240441	67244520	2	2	1	84	0	24
chr7	67240441	67251656	2	2	1	743	0	45
chr7	67244545	67251656	2	2	1	84	0	24
chr7	102001660	102002294	1	1	1	928	0	43
chr7	102001660	102007485	1	1	1	314	0	43
chr7	102002337	102007485	1	1	1	918	0	41
chr7	112839481	112841887	1	1	1	5	0	41
chr7	112839481	112842039	1	1	1	99	0	41
chr7	112839481	112856052	1	1	1	5	0	12
chr7	112839481	112856797	1	1	1	5	0	41
chr7	112841951	112856052	1	1	1	1	0	12
chr7	112842103	112856052	1	1	1	97	0	12
chr7	112842103	112856797	1	1	1	3	0	37
chr7	112856065	112856797	1	1	1	103	0	14
chr7	112856065	112856803	1	1	0	1	0	12
chr7	127980247	127981190	1	1	1	2	0	2
chr7	127981292	127981410	1	1	1	3	0	6
chr8	25532429	25557730	1	1	1	7	0	44
chr8	95100453	95100646	2	2	1	768	0	31
chr8	95100453	95101408	2	2	0	63	0	46
chr8	95100674	95101408	2	2	1	768	0	44
chr8	123268550	123268744	2	2	1	149	0	48
chr9	43027296	43029555	2	2	0	1	0	38
chr9	43027296	43040539	2	2	1	90	0	40
chr9	43027296	43042590	2	2	1	116	0	46
chr9	43040593	43042590	2	2	0	1	0	45
chr9	43040597	43042590	2	2	1	89	0	45
chr9	80093642	80098885	1	1	1	4912	4	26
chr9	80093642	80098892	1	1	0	113	0	14
chr9	80093642	80103693	1	1	1	169	0	44
chr9	80098907	80103693	1	1	1	5030	4	24
chr9	114597607	114597794	2	2	1	319	0	38
chr9	114597607	114598704	2	2	0	11	0	40
chr9	114597825	114598704	2	2	0	3	0	30
chr9	114597831	114598704	2	2	1	316	0	36
chr11	79458907	79463232	1	1	1	10	0	42
chr11	79458907	79468716	1	1	1	140	0	43
chr11	79463296	79468716	1	1	1	10	0	39
chr11	94112147	94113262	1	1	1	71	0	21
chr11	94112147	94114172	1	1	1	195	0	32
chr11	94113302	94114172	1	1	1	71	0	39
chr11	102310577	102310925	2	2	1	23	0	42
chr11	102310577	102311379	2	2	1	537	0	46
chr11	102311037	102311379	2	2	1	24	0	45
chr12	71952560	71958746	1	1	1	34	0	27
chr12	71952560	71959805	1	1	1	55	0	44
chr12	71958774	71959805	1	1	1	34	0	27
chr12	83811361	83825258	2	2	1	37	0	33
chr12	83811361	83831921	2	2	1	320	0	41
chr12	83825292	83831921	2	2	1	37	0	33
chr12	113133338	113133495	1	1	0	71	7	44
chr12	113133338	113133540	1	1	1	1298	29	43
chr12	113133338	113135796	1	1	1	4	0	29
chr12	113133577	113134186	1	1	0	1	0	28
chr12	113133577	113134800	1	1	0	5	0	12
chr12	113133577	113135796	1	1	1	1313	36	29
chr12	113134231	113135796	1	1	0	2	0	29
chr12	113134813	113135796	1	1	0	6	0	29
chr13	46778994	46780625	2	2	1	650	3	43
chr13	46778994	46785245	2	2	1	1639	2	46
chr13	46780665	46785245	2	2	1	651	3	39
chr13	56084286	56089757	2	2	1	25	0	40
chr13	56089858	56096123	2	2	1	23	0	41
chr14	57643224	57648418	2	2	1	81	0	43
chr14	120389164	120395711	1	1	1	135	0	38
chr14	120389164	120396450	1	1	1	442	0	48
chr14	120395766	120396450	1	1	1	139	0	48
chr15	77102940	77105576	2	2	1	136	0	40
chr15	77102940	77113604	2	2	1	8	0	44
chr15	77105670	77113604	2	2	1	137	0	48
chr15	103242719	103243624	1	1	1	1	1	33
chr15	103243781	103243958	1	1	1	1	0	40
chr16	57178021	57181491	2	2	1	255	0	44
chr16	57178021	57182850	2	2	1	100	0	44
chr16	57181507	57182850	2	2	0	5	0	15
chr16	57181537	57182850	2	2	1	250	0	34
chr17	12979205	13846588	1	1	0	54	0	12
chr17	13846613	13848354	1	1	0	3	0	21
chr17	13846640	13848020	1	1	0	1	0	37
chr17	13846640	13848306	1	1	0	1	0	38
chr17	13846640	13848354	1	1	1	2610	2	24
chr17	13846640	13849107	1	1	1	2072	1	49
chr17	13846640	13849113	1	1	0	21	0	47
chr17	13848057	13848354	1	1	0	1	0	20
chr17	13848376	13849107	1	1	1	2603	2	41
chr17	13848376	13849113	1	1	0	8	0	21
chr17	45570567	45570665	2	2	1	329	0	42
chr17	45570800	45571017	2	2	1	364	0	24
chr18	53948155	53948644	1	1	1	6920	7	33
chr18	53948155	53948651	1	1	0	2	0	17
chr18	53948155	53953244	1	1	1	1021	1	43
chr18	53948666	53953244	1	1	0	6	0	21
chr18	53948669	53949681	1	1	0	1	0	15
chr18	53948669	53953244	1	1	1	6905	6	37
chr18	53948673	53953244	1	1	0	1	0	28
chr18	53949705	53953244	1	1	0	1	0	24
chr19	7281256	7281797	2	4	1	124	0	39
chr19	7281256	7282725	2	2	1	944	1	36
chr19	7281960	7282725	2	2	1	130	0	36
KV575235.1	147143	149264	1	1	0	0	1	24
