chr1	34295537	34296741	1	1	1	64	0	18
chr1	34295537	34299720	1	1	1	19	0	38
chr1	34296760	34299720	1	1	1	65	0	28
chr1	40010678	40011649	1	1	1	104	0	26
chr1	40010678	40011811	1	1	0	5	0	21
chr1	40010678	40014105	1	1	1	41	3	32
chr1	40011842	40014105	1	1	1	102	0	38
chr1	55088413	55089050	1	1	1	1	0	30
chr1	82735508	82741817	1	1	1	4	0	40
chr1	82735508	82747082	1	1	1	2	0	40
chr1	82735508	82750519	1	1	1	63	0	40
chr1	82741977	82750519	1	1	1	1	0	38
chr1	82747143	82750519	1	1	1	2	0	38
chr2	32292216	32293314	1	1	1	12	0	43
chr2	32292216	32296625	1	1	1	131	0	43
chr2	32293396	32296625	1	1	1	12	0	38
chr2	59932171	59933405	2	2	0	72	0	37
chr2	59932171	59933411	2	2	1	459	0	31
chr2	59932171	59933670	2	2	1	1	0	35
chr2	59933439	59933670	2	2	1	522	0	28
chr2	71849507	71853533	1	1	1	912	0	42
chr2	71849507	71853820	1	1	0	1	0	37
chr2	71849507	71853875	1	1	0	1	0	15
chr2	71849507	71853890	1	1	0	1	0	39
chr2	71849507	71855853	1	1	1	3207	4	44
chr2	71853664	71855853	1	1	1	946	0	42
chr2	71853891	71855853	1	1	0	2	0	40
chr2	71853948	71855853	1	1	0	1	0	40
chr2	75662926	75663570	1	1	1	15	1	41
chr2	91001089	91001461	1	1	1	680	1	25
chr2	91001511	91003210	1	1	1	673	1	25
chr2	91001511	91003299	1	1	0	1	0	46
chr2	91003238	91003810	1	1	0	4	0	27
chr2	91003346	91003810	1	1	1	26	0	36
chr2	91159300	91162027	2	2	0	2	0	41
chr2	91159306	91160316	2	2	1	189	0	47
chr2	91159306	91162027	2	2	1	466	2	47
chr2	91160371	91162027	2	2	1	186	0	40
chr2	91681696	91682025	2	2	1	1	0	50
chr2	91681696	91684668	2	2	1	253	0	50
chr2	91682137	91684668	2	2	1	1	0	38
chr2	153670448	153670848	1	1	1	1	0	42
chr2	153670448	153672215	1	1	1	4	0	50
chr2	153670909	153672215	1	1	1	1	0	50
chr3	60613521	60614682	1	1	1	1252	2	46
chr3	60613521	60614688	1	1	0	2	0	38
chr3	60613521	60615619	1	1	1	1251	0	45
chr3	60614737	60615619	1	1	1	1261	2	39
chr3	87733505	87734423	1	1	1	8	0	39
chr3	87733505	87735344	1	1	0	2	0	39
chr3	87734553	87735344	1	1	1	7	0	37
chr3	88483947	88484046	2	2	1	310	0	40
chr3	88483947	88484614	2	2	0	1	0	38
chr3	88484155	88484614	2	2	1	305	0	40
chr3	119724175	119724601	2	2	0	1	0	17
chr3	119724187	119724611	2	2	1	6543	3	34
chr3	119724187	119726065	2	2	1	22	0	29
chr3	119724646	119726065	2	2	1	6697	3	40
chr3	129825617	129826823	2	2	1	1	0	36
chr4	31992517	31994873	1	1	1	314	2	39
chr4	31992517	32002088	1	1	1	3736	4	49
chr4	31994955	32002088	1	1	1	312	1	49
chr4	31995011	32002088	1	1	1	1	0	48
chr4	46468788	46469882	1	1	1	1	0	10
chr4	107009769	107027216	1	1	1	7	0	38
chr4	107009769	107028192	1	1	1	114	0	42
chr4	107027298	107028192	1	1	1	11	0	43
chr4	139473637	139476130	1	1	1	2	0	13
chr4	149222365	149223229	2	2	1	1	0	30
chr5	13042670	13661475	1	1	0	4	0	13
chr5	23565266	23568151	2	2	0	1	0	37
chr5	23565266	23616326	2	2	1	686	0	46
chr5	72958287	72965803	1	1	1	2	0	40
chr5	72958287	72974530	1	1	1	93	0	42
chr5	72965882	72974530	1	1	1	2	0	41
chr5	116475248	116477058	2	2	1	1	0	17
chr5	116477146	116482389	2	2	1	1	0	33
chr5	116482537	116591333	2	2	1	1189	6	50
chr5	116566843	116591333	2	2	0	0	1	43
chr5	149184807	149187707	1	1	1	14	0	43
chr5	149184807	149188344	1	1	1	741	2	44
chr5	149187835	149188344	1	1	1	2	0	39
chr5	149187877	149188344	1	1	1	12	0	39
chr6	47577668	47594893	2	2	1	2	0	32
chr6	51463255	51463410	2	2	1	1	0	42
chr6	98939789	98941535	2	2	1	182	0	49
chr6	98939789	98944618	2	2	0	17	0	46
chr6	98941658	98944618	2	2	1	182	0	37
chr6	125162102	125162211	2	2	1	347	12	36
chr6	128371086	128371967	1	1	1	3209	1	44
chr6	128371086	128371980	1	1	0	1	0	32
chr6	128371086	128372530	1	1	1	3	0	49
chr6	128371086	128372533	1	1	1	15	0	46
chr6	128372013	128372504	1	1	0	15	0	26
chr6	128372013	128372509	1	1	0	6	0	31
chr6	128372013	128372530	1	1	1	411	0	47
chr6	128372013	128372533	1	1	1	2748	1	46
chr6	128372013	128372536	1	1	0	4	0	43
chr6	128372013	128372539	1	1	0	1	0	40
chr6	128372018	128372530	1	1	0	3	0	49
chr6	128372018	128372533	1	1	0	19	0	46
chr7	67240441	67244520	2	2	1	128	1	24
chr7	67240441	67251656	2	2	1	1138	0	45
chr7	67244545	67251656	2	2	1	128	1	24
chr7	102001660	102002294	1	1	1	1403	0	43
chr7	102001660	102007485	1	1	1	624	0	45
chr7	102002337	102007485	1	1	1	1405	0	42
chr7	112839481	112841887	1	1	1	3	0	41
chr7	112839481	112842039	1	1	1	112	0	41
chr7	112839481	112856052	1	1	1	1	0	12
chr7	112839481	112856797	1	1	1	11	0	41
chr7	112841951	112856052	1	1	1	1	0	12
chr7	112842103	112856052	1	1	1	107	0	12
chr7	112842103	112856797	1	1	1	3	0	37
chr7	112856065	112856797	1	1	1	109	0	12
chr7	127980247	127981190	1	1	1	17	0	22
chr7	127981292	127981410	1	1	1	18	1	33
chr8	25532429	25557730	1	1	1	2	0	44
chr8	25555775	25557730	1	1	1	2	0	37
chr8	70585236	70585553	1	1	1	1	0	34
chr8	91688606	91932332	1	1	0	6	2	13
chr8	95100443	95100636	2	2	0	1	0	36
chr8	95100453	95100646	2	2	1	1211	2	31
chr8	95100453	95101408	2	2	0	183	0	46
chr8	95100674	95101408	2	2	1	1212	2	42
chr8	95101447	95139983	2	2	0	0	1	15
chr8	123268550	123268744	2	2	1	230	0	49
chr9	43027296	43040539	2	2	1	120	0	38
chr9	43027296	43042590	2	2	1	139	0	45
chr9	43040597	43042590	2	2	1	118	0	45
chr9	80093642	80098885	1	1	1	7612	11	30
chr9	80093642	80098892	1	1	0	170	0	14
chr9	80093642	80103693	1	1	1	258	1	45
chr9	80098907	80099016	1	1	0	3	0	21
chr9	80098907	80103693	1	1	1	7780	11	24
chr9	80098907	80103698	1	1	0	2	0	21
chr9	80099049	80103693	1	1	0	3	0	37
chr9	80101891	80103693	1	1	0	1	0	37
chr9	107779649	107782609	2	2	1	1	0	10
chr9	114597607	114597794	2	2	1	416	0	38
chr9	114597607	114598704	2	2	0	10	0	41
chr9	114597825	114598704	2	2	0	4	0	33
chr9	114597831	114598704	2	2	1	411	0	36
chr9	123011638	123013939	1	1	1	1	0	14
chr9	123014013	123014468	1	1	1	1	0	14
chr9	123014507	123017244	1	1	1	1	0	38
chr11	26778879	26787397	2	2	0	0	1	13
chr11	78233684	78245547	2	2	1	1	0	41
chr11	79458907	79463232	1	1	1	11	0	43
chr11	79458907	79468113	1	1	1	1	0	41
chr11	79458907	79468716	1	1	1	203	0	42
chr11	79463296	79468716	1	1	1	10	0	38
chr11	79468155	79468716	1	1	1	1	0	38
chr11	83497297	83497893	1	1	1	1	0	33
chr11	83497927	83499072	1	1	1	1	0	33
chr11	94112147	94113262	1	1	1	117	0	21
chr11	94112147	94114172	1	1	1	323	0	32
chr11	94113302	94114172	1	1	1	120	0	39
chr11	102310577	102310925	2	2	1	48	0	42
chr11	102310577	102311379	2	2	1	1013	0	46
chr11	102311037	102311379	2	2	1	48	0	45
chr12	71952560	71958746	1	1	1	68	0	27
chr12	71952560	71959805	1	1	1	61	0	44
chr12	71958774	71959805	1	1	1	68	0	29
chr12	83811361	83825258	2	2	1	53	0	33
chr12	83811361	83831921	2	2	1	407	0	41
chr12	83825292	83831921	2	2	1	53	0	33
chr12	113133338	113133495	1	1	0	94	14	45
chr12	113133338	113133540	1	1	1	1909	59	43
chr12	113133338	113135796	1	1	1	15	0	29
chr12	113133577	113134800	1	1	0	12	1	12
chr12	113133577	113135796	1	1	1	1940	72	29
chr12	113134813	113135796	1	1	0	12	1	12
chr13	46778990	46785245	2	2	0	1	0	44
chr13	46778994	46780625	2	2	1	507	1	44
chr13	46778994	46785245	2	2	1	3085	9	46
chr13	46780665	46785245	2	2	1	509	1	39
chr13	56084286	56089757	2	2	1	43	0	40
chr13	56084286	56096123	2	2	0	4	0	40
chr13	56089858	56096123	2	2	1	42	0	39
chr13	119381864	119386578	2	2	1	1	0	23
chr14	8171531	8172763	2	2	1	1	0	30
chr14	8172818	8172890	2	2	1	1	0	41
chr14	57643224	57648418	2	2	1	118	0	41
chr14	120389164	120395711	1	1	1	193	0	39
chr14	120389164	120396450	1	1	1	561	0	48
chr14	120395766	120396450	1	1	1	194	0	48
chr15	77102940	77105576	2	2	1	159	1	43
chr15	77102940	77113604	2	2	1	14	0	48
chr15	77105670	77113604	2	2	1	156	1	48
chr16	57178021	57181491	2	2	1	311	0	46
chr16	57178021	57182850	2	2	1	229	0	43
chr16	57181507	57182850	2	2	0	1	0	15
chr16	57181537	57182850	2	2	1	308	0	33
chr16	84831508	84834808	2	2	1	1	0	44
chr17	12979205	13846588	1	1	0	61	2	12
chr17	13846640	13848354	1	1	1	5134	12	25
chr17	13846640	13849107	1	1	1	4947	9	47
chr17	13846640	13849113	1	1	0	28	0	47
chr17	13846644	13849113	1	1	0	1	0	47
chr17	13848376	13849107	1	1	1	5125	12	29
chr17	13848376	13849113	1	1	0	9	0	21
chr17	45570567	45570665	2	2	1	789	3	41
chr17	45570800	45571017	2	2	1	878	5	24
chr17	56578845	56578920	2	2	1	2	0	18
chr17	56578986	56582983	2	2	1	2	0	42
chr18	10726534	10740982	1	1	1	5	0	15
chr18	53948155	53948644	1	1	1	13207	9	28
chr18	53948155	53948651	1	1	0	1	0	17
chr18	53948155	53953244	1	1	1	2804	5	45
chr18	53948162	53948644	1	1	0	1	0	24
chr18	53948666	53953244	1	1	0	8	0	21
chr18	53948669	53953244	1	1	1	13194	6	37
chr18	53948669	53953268	1	1	0	3	0	24
chr18	53948673	53953244	1	1	0	1	0	26
chr19	7281251	7281793	2	2	0	1	0	43
chr19	7281256	7281797	2	4	1	182	0	39
chr19	7281256	7282725	2	2	1	1472	0	36
chr19	7281960	7282725	2	2	1	192	0	35
chrX	159414893	159443922	1	1	1	1	0	10
