chr1	34295537	34296741	1	1	1	24	0	18
chr1	34295537	34299720	1	1	1	183	0	40
chr1	34296760	34299720	1	1	1	24	0	18
chr1	40010678	40011649	1	1	1	19	0	21
chr1	40010678	40014105	1	1	1	52	1	32
chr1	40011842	40014105	1	1	1	19	0	38
chr1	82735508	82747082	1	1	1	2	0	40
chr1	82735508	82750519	1	1	1	44	0	40
chr1	82747143	82750519	1	1	1	2	0	38
chr2	32292216	32296625	1	1	1	58	0	43
chr2	59932171	59933405	2	2	0	6	0	33
chr2	59932171	59933411	2	2	1	82	0	31
chr2	59932171	59933670	2	2	1	12	0	38
chr2	59933439	59933670	2	2	1	87	0	28
chr2	71849507	71853533	1	1	1	47	0	39
chr2	71849507	71855853	1	1	1	1682	0	45
chr2	71853664	71855853	1	1	1	48	0	41
chr2	75662926	75663570	1	1	1	10	0	39
chr2	91001089	91001461	1	1	1	433	0	34
chr2	91001511	91003210	1	1	1	423	0	25
chr2	91003238	91003810	1	1	0	3	0	27
chr2	91003346	91003810	1	1	1	14	0	36
chr2	91159306	91160316	2	2	1	7	0	47
chr2	91159306	91162027	2	2	1	184	0	47
chr2	91160371	91162027	2	2	1	7	0	38
chr2	91681696	91682025	2	2	1	1	0	50
chr2	91681696	91684668	2	2	1	623	1	50
chr2	91682110	91684668	2	2	0	1	0	38
chr2	153670448	153670848	1	1	1	38	0	42
chr2	153670909	153672215	1	1	1	38	0	50
chr2	168752741	168754433	2	2	1	12220	12	46
chr3	60613521	60614682	1	1	1	69	0	44
chr3	60613521	60615619	1	1	1	14	0	44
chr3	60614737	60615619	1	1	1	70	0	37
chr3	87733505	87735344	1	1	0	154	1	39
chr3	88483947	88484046	2	2	1	102	0	40
chr3	88484155	88484614	2	2	1	99	0	40
chr3	119724187	119724611	2	2	1	1359	0	34
chr3	119724187	119726065	2	2	1	3	0	29
chr3	119724646	119726065	2	2	1	1381	0	38
chr3	129825617	129826823	2	2	1	1	0	27
chr4	31992517	31994873	1	1	1	1160	1	42
chr4	31992517	32002088	1	1	1	844	1	49
chr4	31994955	32002088	1	1	1	1155	1	49
chr4	46468788	46469882	1	1	1	1	0	11
chr4	107009769	107027216	1	1	1	38	0	38
chr4	107009769	107028192	1	1	1	191	0	43
chr4	107027298	107028192	1	1	1	46	0	41
chr5	23565266	23616326	2	2	1	154	0	45
chr5	72958287	72965803	1	1	1	1	0	40
chr5	72958287	72974530	1	1	1	37	0	41
chr5	72965882	72974530	1	1	1	1	0	41
chr5	116482537	116591333	2	2	1	2	0	50
chr5	149184807	149185484	1	1	1	1	0	43
chr5	149184807	149187707	1	1	1	36	0	43
chr5	149184807	149188344	1	1	1	270	0	44
chr5	149187806	149188344	1	1	0	1	0	40
chr5	149187835	149188344	1	1	1	3	0	39
chr5	149187864	149188344	1	1	0	1	0	39
chr5	149187877	149188344	1	1	1	32	0	39
chr6	51464548	51465178	2	2	1	1	0	21
chr6	51465242	51466141	2	2	1	2	0	42
chr6	72634233	72634303	2	2	0	1	0	37
chr6	72634233	72648800	2	2	1	2805	4	42
chr6	72634233	72649119	2	2	1	6464	5	50
chr6	72648843	72649119	2	2	1	2793	4	42
chr6	98939789	98940994	2	2	1	2	0	45
chr6	98939789	98941535	2	2	1	40	0	45
chr6	98939789	98944618	2	2	0	4	0	45
chr6	98941165	98944618	2	2	0	2	0	36
chr6	98941658	98944618	2	2	1	40	0	36
chr6	125162102	125162211	2	2	1	371	7	36
chr6	128371086	128371967	1	1	1	1653	3	44
chr6	128371086	128372441	1	1	0	1	0	39
chr6	128371086	128372530	1	1	1	105	0	49
chr6	128371086	128372533	1	1	1	821	0	46
chr6	128371086	128372536	1	1	0	1	0	43
chr6	128372013	128372504	1	1	0	1	0	26
chr6	128372013	128372509	1	1	0	3	0	31
chr6	128372013	128372530	1	1	1	220	2	47
chr6	128372013	128372533	1	1	1	1402	1	46
chr6	128372018	128372530	1	1	0	3	0	49
chr6	128372018	128372533	1	1	0	23	0	46
chr7	25724845	25725923	2	2	1	1	0	39
chr7	67240441	67244520	2	2	1	5	0	24
chr7	67240441	67251656	2	2	1	517	2	44
chr7	67244545	67251656	2	2	1	5	0	24
chr7	101405603	102001614	1	1	0	3	1	13
chr7	101448787	102001614	1	1	0	4	0	14
chr7	102001660	102002294	1	1	1	255	0	42
chr7	102001660	102007485	1	1	1	3616	2	45
chr7	102002337	102007485	1	1	1	256	0	40
chr7	112839481	112841887	1	1	1	9	0	41
chr7	112839481	112842039	1	1	1	166	1	41
chr7	112839481	112856052	1	1	1	6	0	12
chr7	112839481	112856797	1	1	1	15	0	41
chr7	112841951	112856052	1	1	1	1	0	12
chr7	112841951	112856797	1	1	0	4	0	37
chr7	112842103	112856052	1	1	1	13	0	12
chr7	112842103	112856797	1	1	1	152	1	38
chr7	112856065	112856797	1	1	1	21	0	17
chr7	114060420	114117395	2	2	1	2	0	46
chr7	127980247	127981190	1	1	1	13	0	5
chr7	127981292	127981410	1	1	1	12	0	45
chr7	144861833	144862231	1	1	1	443	0	28
chr7	144861837	144862231	1	1	0	1	0	32
chr7	144862267	144862764	1	1	0	1	0	35
chr7	144862336	144862764	1	1	1	445	0	43
chr8	25532429	25555507	1	1	1	2	0	44
chr8	25532429	25557730	1	1	1	2	0	41
chr8	25555775	25557730	1	1	1	3	0	38
chr8	95100443	95100636	2	2	0	1	0	36
chr8	95100453	95100646	2	2	1	380	0	31
chr8	95100453	95101408	2	2	0	986	0	46
chr8	95100674	95101408	2	2	1	382	0	44
chr8	123268550	123268744	2	2	1	123	1	46
chr9	43027296	43040539	2	2	1	25	0	38
chr9	43027296	43042590	2	2	1	264	0	48
chr9	43040597	43042590	2	2	1	25	0	45
chr9	80093642	80098885	1	1	1	1552	0	26
chr9	80093642	80098892	1	1	0	26	0	14
chr9	80093642	80103693	1	1	1	6759	2	45
chr9	80093642	80103698	1	1	0	10	0	44
chr9	80098907	80103693	1	1	1	1580	0	29
chr9	114597607	114597794	2	2	1	216	0	38
chr9	114597607	114598704	2	2	0	188	0	43
chr9	114597831	114598704	2	2	1	215	0	36
chr11	79458907	79463232	1	1	1	23	0	42
chr11	79458907	79468716	1	1	1	43	0	42
chr11	79463296	79468716	1	1	1	23	0	39
chr11	94112147	94113262	1	1	1	14	0	21
chr11	94112147	94114172	1	1	1	289	0	32
chr11	94113302	94114172	1	1	1	15	0	39
chr11	102310577	102310925	2	2	1	61	0	42
chr11	102310577	102311379	2	2	1	298	0	45
chr11	102311037	102311379	2	2	1	61	0	45
chr12	71952560	71959805	1	1	1	226	0	43
chr12	83811361	83825258	2	2	1	189	1	33
chr12	83811361	83831921	2	2	1	177	0	41
chr12	83825292	83831921	2	2	1	189	1	34
chr12	113133338	113133495	1	1	0	8	0	42
chr12	113133338	113133540	1	1	1	325	0	43
chr12	113133338	113135796	1	1	1	805	1	29
chr12	113133577	113135796	1	1	1	315	0	29
chr13	46778987	46785245	2	2	0	1	0	47
chr13	46778990	46780625	2	2	0	1	0	31
chr13	46778994	46780625	2	2	1	498	0	42
chr13	46778994	46785245	2	2	1	2751	5	46
chr13	46780665	46785245	2	2	1	502	0	39
chr13	56084286	56089757	2	2	1	22	0	40
chr13	56084286	56096123	2	2	0	1	0	40
chr13	56089858	56096123	2	2	1	22	0	41
chr14	57643224	57648418	2	2	1	115	0	42
chr14	120389164	120395711	1	1	1	198	1	39
chr14	120389164	120396450	1	1	1	31	0	48
chr14	120395766	120396450	1	1	1	202	1	48
chr15	77102940	77105576	2	2	1	93	0	41
chr15	77102940	77113604	2	2	1	17	0	44
chr15	77105670	77113604	2	2	1	94	0	48
chr15	103242719	103243624	1	1	1	0	1	33
chr16	57178009	57182850	2	2	0	1	0	44
chr16	57178021	57181491	2	2	1	24	0	43
chr16	57178021	57182850	2	2	1	1030	2	44
chr16	57181537	57182850	2	2	1	24	0	33
chr16	94686604	94691580	1	1	1	1	0	45
chr17	12979205	13846588	1	1	0	50	1	12
chr17	13846640	13848354	1	1	1	465	2	21
chr17	13846640	13849107	1	1	1	12320	14	50
chr17	13846640	13849113	1	1	0	96	0	47
chr17	13848376	13849107	1	1	1	466	2	26
chr17	45570567	45570665	2	2	1	491	1	40
chr17	45570800	45571017	2	2	1	534	0	23
chr17	56578845	56578920	2	2	1	1	0	18
chr17	56578986	56582983	2	2	1	1	0	42
chr18	53948155	53948644	1	1	1	1583	1	28
chr18	53948155	53953244	1	1	1	11085	14	45
chr18	53948666	53953244	1	1	0	2	0	21
chr18	53948669	53953244	1	1	1	1577	1	26
chr19	7281256	7281797	2	4	1	90	0	39
chr19	7281256	7282725	2	2	1	365	0	36
chr19	7281960	7282725	2	2	1	89	0	26
chr19	23687546	23694320	1	1	1	1	0	37
