chr1	34295537	34296741	1	1	1	109	1	18
chr1	34295537	34299720	1	1	1	22	0	38
chr1	34296760	34299720	1	1	1	109	1	19
chr1	40010678	40011649	1	1	1	156	0	28
chr1	40010678	40011787	1	1	0	1	0	21
chr1	40010678	40011811	1	1	0	5	0	21
chr1	40010678	40014105	1	1	1	64	2	32
chr1	40011842	40014105	1	1	1	162	0	38
chr1	82735508	82741817	1	1	1	2	0	40
chr1	82735508	82747082	1	1	1	2	0	40
chr1	82735508	82750519	1	1	1	76	1	43
chr1	82747143	82750519	1	1	1	2	0	38
chr1	91500911	91501004	1	1	1	1	0	29
chr2	32292216	32293314	1	1	1	31	0	43
chr2	32292216	32296625	1	1	1	134	0	44
chr2	32293396	32296625	1	1	1	32	0	39
chr2	59926161	59932104	2	2	1	1	0	12
chr2	59932171	59933405	2	2	0	98	0	37
chr2	59932171	59933411	2	2	1	549	2	31
chr2	59932171	59933670	2	2	1	1	0	26
chr2	59933439	59933670	2	2	1	629	2	28
chr2	71849507	71853533	1	1	1	1366	2	41
chr2	71849507	71855853	1	1	1	2913	4	44
chr2	71849507	71855868	1	1	0	11	0	46
chr2	71853664	71855853	1	1	1	1391	2	42
chr2	75662926	75663570	1	1	1	2	0	18
chr2	91001089	91001461	1	1	1	881	2	34
chr2	91001089	91003299	1	1	0	5	0	33
chr2	91001511	91003210	1	1	1	885	2	25
chr2	91001511	91003299	1	1	0	2	0	46
chr2	91003238	91003810	1	1	0	2	0	27
chr2	91003346	91003810	1	1	1	22	0	36
chr2	91159300	91160316	2	2	0	1	0	41
chr2	91159300	91162027	2	2	0	1	0	41
chr2	91159306	91160316	2	2	1	323	0	47
chr2	91159306	91162027	2	2	1	774	2	47
chr2	91160371	91162027	2	2	1	326	0	39
chr2	91681696	91682025	2	2	1	1	0	50
chr2	91681696	91684668	2	2	1	268	0	50
chr2	91682137	91684668	2	2	1	1	0	38
chr2	153670448	153672215	1	1	1	2	0	50
chr3	52174058	52613599	2	2	0	0	4	13
chr3	60422418	60613472	1	1	0	0	4	15
chr3	60613521	60614682	1	1	1	1665	2	45
chr3	60613521	60614688	1	1	0	2	0	44
chr3	60613521	60615619	1	1	1	1996	3	46
chr3	60613521	60615632	1	1	0	1	0	50
chr3	60614737	60615619	1	1	1	1678	2	40
chr3	87733505	87734423	1	1	1	16	0	39
chr3	87733505	87735344	1	1	0	9	0	39
chr3	87734553	87735344	1	1	1	17	0	37
chr3	88483947	88484046	2	2	1	475	2	38
chr3	88483947	88484614	2	2	0	1	0	38
chr3	88484077	88484614	2	2	0	1	0	30
chr3	88484155	88484614	2	2	1	475	2	45
chr3	88484666	88537145	2	2	0	0	2	12
chr3	119724187	119724611	2	2	1	5412	2	34
chr3	119724187	119726065	2	2	1	19	0	29
chr3	119724646	119726065	2	2	1	5555	3	38
chr3	119726206	119740314	2	2	1	1	0	40
chr4	31992517	31994873	1	1	1	341	0	39
chr4	31992517	32002088	1	1	1	5146	8	50
chr4	31994955	32002088	1	1	1	337	0	49
chr4	107009769	107027216	1	1	1	19	0	39
chr4	107009769	107028192	1	1	1	188	0	42
chr4	107009769	107028217	1	1	0	1	0	35
chr4	107027298	107028192	1	1	1	21	0	41
chr4	107027298	107028217	1	1	0	1	0	35
chr4	139473637	139476130	1	1	1	1	0	8
chr5	23565266	23576311	2	2	0	1	0	37
chr5	23565266	23616326	2	2	1	1178	0	49
chr5	23576386	23616326	2	2	0	1	0	45
chr5	72958287	72965803	1	1	1	5	0	40
chr5	72958287	72974530	1	1	1	128	0	42
chr5	72965882	72974530	1	1	1	5	0	42
chr5	74540990	74542008	1	1	1	1	0	15
chr5	116475248	116477058	2	2	1	2	0	14
chr5	116482537	116591333	2	2	1	980	3	50
chr5	149184807	149187707	1	1	1	22	0	43
chr5	149184807	149188344	1	1	1	638	2	44
chr5	149187835	149188344	1	1	1	1	0	33
chr5	149187877	149188344	1	1	1	21	0	39
chr6	47577668	47594893	2	2	1	1	0	24
chr6	98939789	98941535	2	2	1	186	0	46
chr6	98939789	98944618	2	2	0	23	0	45
chr6	98941658	98944618	2	2	1	183	0	36
chr6	125162102	125162211	2	2	1	505	16	38
chr6	128371086	128371967	1	1	1	4030	3	45
chr6	128371086	128372533	1	1	1	10	0	46
chr6	128372013	128372278	1	1	0	1	0	25
chr6	128372013	128372504	1	1	0	18	0	26
chr6	128372013	128372509	1	1	0	10	0	31
chr6	128372013	128372530	1	1	1	500	0	49
chr6	128372013	128372533	1	1	1	3461	3	46
chr6	128372013	128372536	1	1	0	1	0	43
chr6	128372018	128372530	1	1	0	2	0	49
chr6	128372018	128372533	1	1	0	39	0	46
chr6	128372306	128372530	1	1	0	1	0	27
chr7	25724845	25725923	2	2	1	1	0	39
chr7	67240441	67244520	2	2	1	272	0	24
chr7	67240441	67251656	2	2	1	2222	1	45
chr7	67244545	67251656	2	2	1	273	0	24
chr7	101405603	102001614	1	1	0	4	1	13
chr7	102001660	102002294	1	1	1	1802	2	43
chr7	102001660	102007485	1	1	1	473	0	49
chr7	102001665	102002300	1	1	0	0	1	36
chr7	102002337	102007485	1	1	1	1804	2	42
chr7	112839481	112841887	1	1	1	11	0	41
chr7	112839481	112842039	1	1	1	187	0	42
chr7	112839481	112856052	1	1	1	6	0	12
chr7	112839481	112856797	1	1	1	12	0	41
chr7	112841951	112856052	1	1	1	7	0	12
chr7	112842103	112856052	1	1	1	183	0	12
chr7	112842103	112856797	1	1	1	4	0	37
chr7	112856065	112856797	1	1	1	197	0	14
chr7	112856065	112856803	1	1	0	2	0	12
chr7	127972771	127974399	1	1	1	1	0	7
chr7	127980247	127981190	1	1	1	14	0	5
chr7	127981292	127981410	1	1	1	13	0	6
chr8	11423625	11423716	1	1	1	1	0	39
chr8	25532429	25555507	1	1	1	1	0	44
chr8	25532429	25557730	1	1	1	7	0	44
chr8	25555775	25557730	1	1	1	3	0	38
chr8	33386064	33386329	1	1	0	3	0	46
chr8	91688606	91932332	1	1	0	9	0	13
chr8	95100443	95100636	2	2	0	0	1	36
chr8	95100453	95100646	2	2	1	1278	1	31
chr8	95100453	95101408	2	2	0	191	0	46
chr8	95100674	95101408	2	2	1	1278	1	42
chr8	123268550	123268744	2	2	1	268	1	46
chr9	43027296	43040539	2	2	1	195	0	39
chr9	43027296	43042590	2	2	1	237	0	46
chr9	43040593	43042590	2	2	0	1	0	43
chr9	43040597	43042590	2	2	1	193	0	45
chr9	80093642	80098885	1	1	1	8892	4	31
chr9	80093642	80098892	1	1	0	261	0	19
chr9	80093642	80103693	1	1	1	399	0	45
chr9	80098907	80101831	1	1	0	1	0	21
chr9	80098907	80103693	1	1	1	9157	4	24
chr9	80098907	80103698	1	1	0	4	0	21
chr9	80101891	80103693	1	1	0	1	0	37
chr9	114597607	114597794	2	2	1	597	1	39
chr9	114597607	114598704	2	2	0	17	0	42
chr9	114597825	114598704	2	2	0	4	0	30
chr9	114597831	114598704	2	2	1	592	1	38
chr10	88767593	88768634	2	2	1	1	0	20
chr11	26778879	26787397	2	2	0	0	1	13
chr11	35833307	35834436	2	2	1	1	0	34
chr11	79458907	79463232	1	1	1	22	0	42
chr11	79458907	79468716	1	1	1	240	0	44
chr11	79463296	79468716	1	1	1	23	0	39
chr11	94112147	94113262	1	1	1	158	0	23
chr11	94112147	94114172	1	1	1	435	0	32
chr11	94113302	94114172	1	1	1	162	0	39
chr11	102310574	102311379	2	2	0	2	0	45
chr11	102310577	102310925	2	2	1	70	0	43
chr11	102310577	102311379	2	2	1	1048	0	49
chr11	102311037	102311379	2	2	1	71	0	45
chr12	71952560	71958746	1	1	1	71	0	27
chr12	71952560	71959805	1	1	1	67	0	43
chr12	71958774	71959805	1	1	1	71	0	31
chr12	83811361	83825258	2	2	1	85	0	33
chr12	83811361	83831921	2	2	1	540	0	45
chr12	83825292	83831921	2	2	1	85	0	33
chr12	113133338	113133495	1	1	0	163	18	45
chr12	113133338	113133540	1	1	1	2492	67	43
chr12	113133338	113135796	1	1	1	14	0	29
chr12	113133577	113134186	1	1	0	3	0	28
chr12	113133577	113134761	1	1	0	3	0	21
chr12	113133577	113134800	1	1	0	11	0	14
chr12	113133577	113135796	1	1	1	2561	85	29
chr12	113134231	113135796	1	1	0	3	0	29
chr12	113134813	113135796	1	1	0	13	0	29
chr13	46778990	46785245	2	2	0	1	0	44
chr13	46778994	46780545	2	2	0	1	0	40
chr13	46778994	46780625	2	2	1	1044	0	43
chr13	46778994	46785245	2	2	1	3191	10	48
chr13	46779023	46785245	2	2	0	1	0	39
chr13	46780665	46785245	2	2	1	1047	0	40
chr13	56084286	56089757	2	2	1	57	0	40
chr13	56089858	56096123	2	2	1	58	0	38
chr14	57643224	57643334	2	2	1	1	0	39
chr14	57643224	57648418	2	2	1	119	0	47
chr14	57643490	57648418	2	2	1	1	0	38
chr14	120389164	120395711	1	1	1	233	0	39
chr14	120389164	120396450	1	1	1	698	1	48
chr14	120395766	120396450	1	1	1	244	0	48
chr15	77102940	77105576	2	2	1	323	0	46
chr15	77102940	77110164	2	2	0	1	0	40
chr15	77102940	77113604	2	2	1	27	0	48
chr15	77105670	77113604	2	2	1	322	0	48
chr15	77110206	77113604	2	2	0	1	0	44
chr15	103242719	103243624	1	1	1	0	2	33
chr16	57178021	57181491	2	2	1	579	3	44
chr16	57178021	57182850	2	2	1	134	1	43
chr16	57181537	57182850	2	2	1	577	3	42
chr16	84831508	84834808	2	2	1	1	0	21
chr17	12979205	13846588	1	1	0	72	4	12
chr17	13846613	13848354	1	1	0	1	0	21
chr17	13846640	13848354	1	1	1	4618	10	24
chr17	13846640	13848358	1	1	0	1	0	17
chr17	13846640	13849107	1	1	1	4549	10	43
chr17	13846640	13849113	1	1	0	14	0	47
chr17	13848376	13849107	1	1	1	4617	11	28
chr17	13848376	13849113	1	1	0	4	0	21
chr17	45570567	45570665	2	2	1	709	0	42
chr17	45570800	45571017	2	2	1	811	0	24
chr17	51783067	51785528	2	2	1	4	0	40
chr17	51785641	51803430	2	2	1	4	0	14
chr18	53948155	53948644	1	1	1	12995	10	28
chr18	53948155	53948651	1	1	0	2	0	17
chr18	53948155	53953244	1	1	1	2163	0	44
chr18	53948155	53953268	1	1	0	3	0	40
chr18	53948666	53953244	1	1	0	9	0	21
chr18	53948669	53949686	1	1	0	1	0	18
chr18	53948669	53953244	1	1	1	12963	10	38
chr18	53948669	53953268	1	1	0	2	0	24
chr18	53949705	53953244	1	1	0	1	0	18
chr19	3375210	3376410	1	1	1	1	0	35
chr19	7281251	7282725	2	2	0	1	0	26
chr19	7281256	7281797	2	4	1	257	0	41
chr19	7281256	7282725	2	2	1	1807	2	36
chr19	7281960	7282725	2	2	1	267	0	35
chr19	23687546	23694320	1	1	1	1	0	32
