chr1	34295537	34296741	1	1	1	73	0	18
chr1	34295537	34299720	1	1	1	14	0	38
chr1	34296760	34299720	1	1	1	73	0	18
chr1	40010678	40011649	1	1	1	88	0	32
chr1	40010678	40011811	1	1	0	7	1	23
chr1	40010678	40014105	1	1	1	49	1	32
chr1	40011842	40014105	1	1	1	89	1	39
chr1	82735508	82741817	1	1	1	3	0	40
chr1	82735508	82747082	1	1	1	3	0	40
chr1	82735508	82750519	1	1	1	59	0	41
chr1	82741977	82750519	1	1	1	2	0	38
chr1	82747143	82750519	1	1	1	3	0	38
chr1	92856073	92856986	1	1	1	1	0	42
chr2	32292216	32293314	1	1	1	14	0	43
chr2	32292216	32296625	1	1	1	101	0	43
chr2	32293396	32296625	1	1	1	15	0	39
chr2	59926161	59932104	2	2	1	1	0	20
chr2	59932171	59933405	2	2	0	66	0	33
chr2	59932171	59933411	2	2	1	369	0	31
chr2	59932171	59933670	2	2	1	2	0	38
chr2	59933439	59933670	2	2	1	431	0	28
chr2	71849507	71853533	1	1	1	570	0	42
chr2	71849507	71853820	1	1	0	1	0	37
chr2	71849507	71855853	1	1	1	2660	3	44
chr2	71849507	71855868	1	1	0	3	0	46
chr2	71853664	71855853	1	1	1	591	0	41
chr2	71853891	71855853	1	1	0	1	0	40
chr2	75662926	75663570	1	1	1	9	0	40
chr2	91001089	91001461	1	1	1	612	0	25
chr2	91001089	91003299	1	1	0	1	0	33
chr2	91001511	91003210	1	1	1	611	0	35
chr2	91001511	91003299	1	1	0	1	0	46
chr2	91003346	91003810	1	1	1	28	0	36
chr2	91159300	91162027	2	2	0	1	0	41
chr2	91159306	91160316	2	2	1	186	0	47
chr2	91159306	91162027	2	2	1	466	0	47
chr2	91160371	91162027	2	2	1	183	0	40
chr2	91681696	91684668	2	2	1	245	0	50
chr2	119692227	119701117	1	1	1	1	0	30
chr2	153670448	153672215	1	1	1	2	0	50
chr3	60422418	60613472	1	1	0	0	6	15
chr3	60613521	60614682	1	1	1	1313	7	45
chr3	60613521	60614688	1	1	0	1	0	38
chr3	60613521	60615619	1	1	1	1090	1	45
chr3	60614737	60615619	1	1	1	1328	7	39
chr3	78904652	78918022	2	2	0	1	0	12
chr3	87733505	87734423	1	1	1	11	0	39
chr3	87733505	87735344	1	1	0	8	0	39
chr3	87734553	87735344	1	1	1	11	0	37
chr3	88483947	88484046	2	2	1	323	1	43
chr3	88484155	88484614	2	2	1	321	1	41
chr3	119724187	119724611	2	2	1	6284	5	34
chr3	119724187	119726065	2	2	1	17	0	29
chr3	119724646	119726065	2	2	1	6417	5	38
chr4	31992517	31994873	1	1	1	177	0	40
chr4	31992517	32002088	1	1	1	3211	6	49
chr4	31994955	32002088	1	1	1	177	0	49
chr4	46468788	46469882	1	1	1	1	0	10
chr4	107009769	107027216	1	1	1	13	0	41
chr4	107009769	107028192	1	1	1	129	0	42
chr4	107027298	107028192	1	1	1	14	0	41
chr5	13042670	13661475	1	1	0	5	0	13
chr5	23565266	23616326	2	2	1	670	1	46
chr5	72958287	72965803	1	1	1	1	0	37
chr5	72958287	72974530	1	1	1	76	0	42
chr5	72965882	72974530	1	1	1	1	0	41
chr5	116477146	116482389	2	2	1	1	0	33
chr5	116482537	116591333	2	2	1	1046	1	50
chr5	121134147	121134735	2	2	1	2	0	35
chr5	122284910	122308130	1	1	1	1	0	46
chr5	149184807	149185536	1	1	0	1	0	42
chr5	149184807	149187707	1	1	1	8	0	43
chr5	149184807	149188344	1	1	1	680	0	45
chr5	149185662	149188344	1	1	0	1	0	39
chr5	149187864	149188344	1	1	0	1	0	39
chr5	149187877	149188344	1	1	1	7	0	39
chr6	47577668	47594893	2	2	1	1	0	26
chr6	51464548	51465178	2	2	1	1	0	27
chr6	51465242	51466141	2	2	1	1	0	24
chr6	98939789	98941535	2	2	1	114	1	45
chr6	98939789	98944618	2	2	0	7	0	45
chr6	98941658	98944618	2	2	1	116	1	36
chr6	125162102	125162211	2	2	1	309	7	38
chr6	128371086	128371967	1	1	1	3033	3	45
chr6	128371086	128371980	1	1	0	1	0	32
chr6	128371086	128372533	1	1	1	8	0	46
chr6	128372013	128372504	1	1	0	12	0	26
chr6	128372013	128372509	1	1	0	4	0	31
chr6	128372013	128372530	1	1	1	337	1	49
chr6	128372013	128372533	1	1	1	2667	2	47
chr6	128372018	128372530	1	1	0	2	0	49
chr6	128372018	128372533	1	1	0	25	0	46
chr7	67240441	67244520	2	2	1	134	0	24
chr7	67240441	67251656	2	2	1	1286	2	48
chr7	67244545	67251656	2	2	1	134	0	24
chr7	102001660	102002294	1	1	1	1326	0	44
chr7	102001660	102007485	1	1	1	530	1	43
chr7	102002337	102007485	1	1	1	1327	1	42
chr7	112839481	112841887	1	1	1	2	0	41
chr7	112839481	112842039	1	1	1	106	0	41
chr7	112839481	112856052	1	1	1	2	0	12
chr7	112839481	112856797	1	1	1	12	0	41
chr7	112841951	112856052	1	1	1	1	0	12
chr7	112842103	112856052	1	1	1	103	0	12
chr7	112842103	112856797	1	1	1	4	0	37
chr7	112856065	112856797	1	1	1	106	0	12
chr7	127972771	127975887	1	1	1	0	1	1
chr7	127977322	127978140	1	1	1	1	0	24
chr7	127980247	127981190	1	1	1	15	0	22
chr7	127981292	127981410	1	1	1	15	0	7
chr8	25532429	25555507	1	1	1	1	0	19
chr8	25532429	25557730	1	1	1	2	0	44
chr8	47669337	47674505	2	2	1	1	0	18
chr8	95100453	95100646	2	2	1	942	0	31
chr8	95100453	95101408	2	2	0	134	0	46
chr8	95100674	95101408	2	2	1	942	0	44
chr8	123268550	123268744	2	2	1	282	0	48
chr9	43027296	43040539	2	2	1	91	0	39
chr9	43027296	43042590	2	2	1	119	0	45
chr9	43040597	43042590	2	2	1	91	0	46
chr9	80093642	80098885	1	1	1	7429	5	26
chr9	80093642	80098892	1	1	0	171	1	14
chr9	80093642	80103693	1	1	1	242	1	45
chr9	80098907	80103693	1	1	1	7604	6	24
chr9	80098907	80103698	1	1	0	4	0	21
chr9	114597607	114597794	2	2	1	328	1	38
chr9	114597607	114598704	2	2	0	16	0	42
chr9	114597825	114598704	2	2	0	4	0	30
chr9	114597831	114598704	2	2	1	324	1	38
chr10	88767593	88768634	2	2	1	1	0	20
chr11	79458907	79463232	1	1	1	8	0	42
chr11	79458907	79468716	1	1	1	141	0	44
chr11	79463296	79468716	1	1	1	9	0	38
chr11	83497297	83497893	1	1	1	1	0	33
chr11	83497927	83499072	1	1	1	1	0	33
chr11	94112147	94113262	1	1	1	74	0	21
chr11	94112147	94114172	1	1	1	260	0	32
chr11	94113302	94114172	1	1	1	76	0	39
chr11	97778379	97781333	2	2	1	6	0	36
chr11	102310577	102310925	2	2	1	58	0	43
chr11	102310577	102311379	2	2	1	946	0	45
chr11	102311037	102311379	2	2	1	58	0	45
chr12	71952560	71958746	1	1	1	52	0	27
chr12	71952560	71959805	1	1	1	49	0	44
chr12	71958774	71959805	1	1	1	52	0	27
chr12	83811361	83825258	2	2	1	48	0	33
chr12	83811361	83831921	2	2	1	376	1	41
chr12	83825292	83831921	2	2	1	48	0	33
chr12	113133338	113133495	1	1	0	106	7	45
chr12	113133338	113133540	1	1	1	1819	38	43
chr12	113133338	113135796	1	1	1	12	0	29
chr12	113133577	113134800	1	1	0	9	0	14
chr12	113133577	113135796	1	1	1	1852	45	29
chr12	113134813	113135796	1	1	0	7	0	12
chr13	46778990	46785245	2	2	0	1	0	44
chr13	46778994	46780625	2	2	1	533	0	44
chr13	46778994	46785245	2	2	1	2505	3	46
chr13	46780665	46785245	2	2	1	530	0	40
chr13	56084286	56089757	2	2	1	43	0	40
chr13	56089858	56096123	2	2	1	45	0	41
chr14	57643224	57643334	2	2	1	3	0	39
chr14	57643224	57648418	2	2	1	103	0	47
chr14	57643490	57648418	2	2	1	3	0	38
chr14	120389164	120395711	1	1	1	131	0	39
chr14	120389164	120395717	1	1	0	1	0	38
chr14	120389164	120396450	1	1	1	356	0	48
chr14	120395766	120396450	1	1	1	138	0	48
chr15	77102940	77105576	2	2	1	159	0	40
chr15	77102940	77113604	2	2	1	15	0	45
chr15	77105670	77113604	2	2	1	161	0	48
chr15	103242719	103243624	1	1	1	0	3	33
chr16	57178021	57181491	2	2	1	273	0	45
chr16	57178021	57182850	2	2	1	104	0	43
chr16	57181537	57182850	2	2	1	269	0	42
chr17	12979205	13846588	1	1	0	61	0	12
chr17	13846613	13848354	1	1	0	4	0	21
chr17	13846640	13848354	1	1	1	5028	5	22
chr17	13846640	13849107	1	1	1	5018	7	46
chr17	13846640	13849113	1	1	0	30	0	47
chr17	13848376	13849107	1	1	1	5016	5	29
chr17	13848376	13849113	1	1	0	9	0	21
chr17	45570567	45570665	2	2	1	686	2	44
chr17	45570800	45571017	2	2	1	757	2	21
chr18	53948155	53948644	1	1	1	12540	14	28
chr18	53948155	53953244	1	1	1	2178	5	45
chr18	53948666	53953244	1	1	0	6	0	21
chr18	53948669	53949213	1	1	0	1	0	15
chr18	53948669	53953244	1	1	1	12510	11	37
chr18	53948669	53953268	1	1	0	4	0	24
chr18	53949263	53953244	1	1	0	1	0	37
chr19	7281256	7281797	2	4	1	165	1	41
chr19	7281256	7282725	2	2	1	1369	2	36
chr19	7281960	7282725	2	2	1	176	1	35
chrX	159414893	159443922	1	1	1	1	0	35
