chr1	34295537	34296741	1	1	1	62	0	18
chr1	34295537	34299720	1	1	1	16	0	39
chr1	34296760	34299720	1	1	1	62	0	18
chr1	40010678	40011649	1	1	1	44	0	21
chr1	40010678	40011787	1	1	0	2	0	21
chr1	40010678	40011811	1	1	0	3	0	21
chr1	40010678	40014105	1	1	1	28	1	32
chr1	40011842	40014105	1	1	1	49	0	37
chr1	82735508	82741817	1	1	1	2	0	40
chr1	82735508	82741934	1	1	0	1	0	40
chr1	82735508	82747082	1	1	1	1	0	40
chr1	82735508	82750519	1	1	1	40	0	40
chr1	82741977	82750519	1	1	1	1	0	38
chr1	82747143	82750519	1	1	1	2	0	38
chr2	32292216	32293314	1	1	1	9	0	43
chr2	32292216	32296625	1	1	1	67	0	43
chr2	32293396	32296625	1	1	1	8	0	38
chr2	59932171	59933405	2	2	0	31	0	33
chr2	59932171	59933411	2	2	1	201	0	31
chr2	59933439	59933670	2	2	1	231	0	28
chr2	71849507	71853533	1	1	1	459	0	43
chr2	71849507	71853890	1	1	0	1	0	39
chr2	71849507	71855853	1	1	1	2953	2	43
chr2	71853664	71855853	1	1	1	467	0	42
chr2	71853948	71855853	1	1	0	1	0	40
chr2	75662926	75663570	1	1	1	2	1	34
chr2	91001089	91001461	1	1	1	399	1	34
chr2	91001511	91003210	1	1	1	396	1	25
chr2	91003238	91003810	1	1	0	1	0	27
chr2	91003346	91003810	1	1	1	7	0	36
chr2	91159300	91162027	2	2	0	4	0	41
chr2	91159306	91160316	2	2	1	140	0	47
chr2	91159306	91162027	2	2	1	358	1	47
chr2	91160371	91162027	2	2	1	138	0	38
chr2	91681696	91684668	2	2	1	163	0	50
chr2	153670448	153672215	1	1	1	7	0	50
chr3	60613521	60614682	1	1	1	1060	1	45
chr3	60613521	60615619	1	1	1	760	1	45
chr3	60614737	60615619	1	1	1	1069	1	39
chr3	87733505	87734423	1	1	1	8	0	39
chr3	87733505	87735344	1	1	0	13	0	39
chr3	87734553	87735344	1	1	1	8	0	37
chr3	88483947	88484046	2	2	1	209	1	39
chr3	88484155	88484614	2	2	1	206	1	41
chr3	119724187	119724611	2	2	1	4525	4	34
chr3	119724187	119726065	2	2	1	15	0	29
chr3	119724646	119726065	2	2	1	4627	4	39
chr4	31992517	31994873	1	1	1	157	0	39
chr4	31992517	32002088	1	1	1	2300	5	49
chr4	31994955	32002088	1	1	1	159	0	49
chr4	102927586	102928785	1	1	1	2	0	40
chr4	107009769	107027216	1	1	1	12	0	38
chr4	107009769	107028192	1	1	1	119	0	44
chr4	107027298	107028192	1	1	1	13	0	41
chr4	107027298	107028217	1	1	0	1	0	35
chr5	23565266	23616326	2	2	1	753	2	46
chr5	65388442	65388561	2	2	1	2	0	29
chr5	72958287	72965803	1	1	1	1	0	37
chr5	72958287	72974530	1	1	1	117	0	41
chr5	72965882	72974530	1	1	1	1	0	41
chr5	116482537	116591333	2	2	1	423	1	50
chr5	149184807	149185484	1	1	1	1	0	42
chr5	149184807	149187707	1	1	1	18	0	44
chr5	149184807	149188344	1	1	1	496	2	45
chr5	149185662	149188344	1	1	0	1	0	39
chr5	149187835	149188344	1	1	1	3	0	39
chr5	149187877	149188344	1	1	1	16	0	39
chr6	47577668	47594893	2	2	1	1	0	39
chr6	98939789	98941535	2	2	1	124	0	46
chr6	98939789	98944618	2	2	0	3	0	45
chr6	98941658	98944618	2	2	1	125	0	36
chr6	125162102	125162211	2	2	1	185	9	37
chr6	128371086	128371967	1	1	1	3033	2	45
chr6	128371086	128372530	1	1	1	1	0	49
chr6	128371086	128372533	1	1	1	11	0	46
chr6	128372013	128372504	1	1	0	15	0	26
chr6	128372013	128372509	1	1	0	7	0	31
chr6	128372013	128372530	1	1	1	376	1	49
chr6	128372013	128372533	1	1	1	2603	1	46
chr6	128372013	128372536	1	1	0	1	0	43
chr6	128372018	128372530	1	1	0	4	0	49
chr6	128372018	128372533	1	1	0	32	0	46
chr6	128372208	128372533	1	1	0	1	0	46
chr7	25724845	25725923	2	2	1	1	0	41
chr7	67240441	67244520	2	2	1	133	0	24
chr7	67240441	67251656	2	2	1	934	2	44
chr7	67244545	67251656	2	2	1	134	0	24
chr7	102001660	102002294	1	1	1	893	0	43
chr7	102001660	102007485	1	1	1	441	0	45
chr7	102002337	102007485	1	1	1	907	0	42
chr7	112839481	112841887	1	1	1	4	0	41
chr7	112839481	112842039	1	1	1	98	0	41
chr7	112839481	112856052	1	1	1	4	0	12
chr7	112839481	112856797	1	1	1	5	0	41
chr7	112841951	112856052	1	1	1	1	0	12
chr7	112842103	112856052	1	1	1	94	0	12
chr7	112842103	112856797	1	1	1	5	0	37
chr7	112856065	112856797	1	1	1	99	0	12
chr7	127980247	127981190	1	1	1	6	0	2
chr7	127981292	127981410	1	1	1	5	0	28
chr8	25532429	25555507	1	1	1	1	0	44
chr8	25532429	25557730	1	1	1	4	0	44
chr8	25555775	25557730	1	1	1	3	0	37
chr8	47528031	47529328	2	2	1	1	0	4
chr8	95100453	95100646	2	2	1	624	1	31
chr8	95100453	95101408	2	2	0	100	0	46
chr8	95100674	95101408	2	2	1	625	1	44
chr8	95101447	95139983	2	2	0	0	1	15
chr8	123268550	123268744	2	2	1	112	0	48
chr9	43027296	43040539	2	2	1	123	0	39
chr9	43027296	43042590	2	2	1	137	0	46
chr9	43040597	43042590	2	2	1	123	0	45
chr9	80093642	80098885	1	1	1	5464	11	31
chr9	80093642	80098892	1	1	0	128	0	19
chr9	80093642	80103693	1	1	1	136	1	45
chr9	80098907	80103693	1	1	1	5596	11	29
chr9	80098907	80103698	1	1	0	3	0	21
chr9	114597607	114597794	2	2	1	386	1	39
chr9	114597607	114598704	2	2	0	15	0	42
chr9	114597825	114598704	2	2	0	3	0	30
chr9	114597831	114598704	2	2	1	382	1	38
chr11	79458907	79463232	1	1	1	4	0	42
chr11	79458907	79468716	1	1	1	103	0	42
chr11	79463296	79468716	1	1	1	4	0	38
chr11	94112147	94113262	1	1	1	74	0	21
chr11	94112147	94114172	1	1	1	299	0	32
chr11	94113302	94114172	1	1	1	79	0	39
chr11	102310577	102310925	2	2	1	40	0	42
chr11	102310577	102311379	2	2	1	530	0	45
chr11	102311037	102311379	2	2	1	40	0	45
chr12	65036469	65042460	1	1	1	1	0	28
chr12	71952560	71958746	1	1	1	33	0	27
chr12	71952560	71959805	1	1	1	39	0	43
chr12	71958774	71959805	1	1	1	33	0	27
chr12	83811361	83825258	2	2	1	47	0	33
chr12	83811361	83831921	2	2	1	324	1	41
chr12	83825292	83831921	2	2	1	47	0	33
chr12	113133338	113133495	1	1	0	103	22	45
chr12	113133338	113133540	1	1	1	1474	48	42
chr12	113133338	113135796	1	1	1	16	0	29
chr12	113133577	113134761	1	1	0	3	0	21
chr12	113133577	113134800	1	1	0	6	0	12
chr12	113133577	113135796	1	1	1	1532	70	29
chr12	113134813	113135796	1	1	0	9	0	29
chr13	46778994	46780545	2	2	0	1	0	40
chr13	46778994	46780625	2	2	1	416	1	43
chr13	46778994	46785245	2	2	1	1790	3	46
chr13	46780665	46785245	2	2	1	416	1	39
chr13	56084286	56089757	2	2	1	32	0	40
chr13	56084286	56096123	2	2	0	1	0	40
chr13	56089858	56096123	2	2	1	34	0	41
chr14	57643224	57643334	2	2	1	2	0	39
chr14	57643224	57648418	2	2	1	62	0	47
chr14	57643490	57648418	2	2	1	2	0	38
chr14	120389164	120395711	1	1	1	205	1	40
chr14	120389164	120395717	1	1	0	1	0	38
chr14	120389164	120396450	1	1	1	317	0	48
chr14	120395766	120396450	1	1	1	213	1	48
chr15	77102940	77105576	2	2	1	156	0	43
chr15	77102940	77113604	2	2	1	8	0	44
chr15	77105670	77113604	2	2	1	155	0	48
chr16	57178021	57181491	2	2	1	228	0	45
chr16	57178021	57182850	2	2	1	152	0	43
chr16	57181537	57182850	2	2	1	226	0	33
chr17	12979205	13846588	1	1	0	28	1	12
chr17	13846613	13848354	1	1	0	1	0	21
chr17	13846613	13849107	1	1	0	1	0	36
chr17	13846640	13848354	1	1	1	3019	2	24
chr17	13846640	13849107	1	1	1	3286	7	47
chr17	13846640	13849113	1	1	0	22	0	48
chr17	13848376	13849107	1	1	1	3009	2	27
chr17	13848376	13849113	1	1	0	9	0	21
chr17	45570567	45570665	2	2	1	244	2	42
chr17	45570800	45571017	2	2	1	265	1	23
chr18	53948155	53948644	1	1	1	10789	11	39
chr18	53948155	53948651	1	1	0	2	0	17
chr18	53948155	53953244	1	1	1	1932	5	42
chr18	53948666	53953244	1	1	0	16	0	21
chr18	53948669	53953244	1	1	1	10761	9	39
chr18	53948681	53953244	1	1	0	1	0	36
chr19	7281256	7281797	2	4	1	170	0	39
chr19	7281256	7282725	2	2	1	1264	0	36
chr19	7281960	7282725	2	2	1	170	0	33
chr19	23687546	23694320	1	1	1	1	0	31
