chr1	34295537	34296741	1	1	1	116	0	18
chr1	34295537	34299720	1	1	1	32	0	38
chr1	34296760	34299720	1	1	1	116	0	19
chr1	40010678	40011649	1	1	1	75	0	21
chr1	40010678	40011783	1	1	0	1	0	21
chr1	40010678	40014105	1	1	1	114	7	32
chr1	40011842	40014105	1	1	1	75	0	38
chr1	82735508	82741817	1	1	1	2	0	40
chr1	82735508	82747082	1	1	1	4	0	40
chr1	82735508	82750519	1	1	1	73	0	40
chr1	82741977	82750519	1	1	1	1	0	38
chr1	82747143	82750519	1	1	1	4	0	38
chr1	86350697	86350811	2	2	1	1	0	28
chr2	32292216	32293314	1	1	1	19	0	43
chr2	32292216	32296625	1	1	1	103	0	43
chr2	32293396	32296625	1	1	1	19	0	39
chr2	59926161	59932104	2	2	1	1	0	20
chr2	59932171	59933405	2	2	0	123	0	37
chr2	59932171	59933411	2	2	1	691	2	31
chr2	59932171	59933670	2	2	1	5	0	39
chr2	59933436	59933670	2	2	0	1	0	28
chr2	59933439	59933670	2	2	1	797	2	33
chr2	71849507	71853533	1	1	1	693	0	41
chr2	71849507	71853820	1	1	0	1	1	37
chr2	71849507	71855853	1	1	1	3972	8	46
chr2	71853664	71855853	1	1	1	719	0	44
chr2	71853891	71855853	1	1	0	1	1	40
chr2	75662926	75663570	1	1	1	5	0	39
chr2	91001089	91001461	1	1	1	725	0	34
chr2	91001089	91003299	1	1	0	1	0	33
chr2	91001511	91003210	1	1	1	723	0	25
chr2	91003238	91003810	1	1	0	1	0	27
chr2	91003346	91003810	1	1	1	20	0	38
chr2	91159300	91162027	2	2	0	2	0	41
chr2	91159306	91160316	2	2	1	234	0	47
chr2	91159306	91162027	2	2	1	492	0	47
chr2	91160371	91162027	2	2	1	237	0	38
chr2	91681696	91682025	2	2	1	1	0	50
chr2	91681696	91684668	2	2	1	281	0	50
chr2	91682137	91684668	2	2	1	1	0	38
chr2	153670448	153670848	1	1	1	1	0	42
chr2	153670909	153672215	1	1	1	1	0	50
chr3	60422418	60613472	1	1	0	0	3	15
chr3	60613521	60614682	1	1	1	1925	4	45
chr3	60613521	60614688	1	1	0	3	0	44
chr3	60613521	60615619	1	1	1	1635	2	45
chr3	60614737	60615619	1	1	1	1935	3	38
chr3	87733505	87734423	1	1	1	11	0	39
chr3	87733505	87735344	1	1	0	7	0	44
chr3	87734553	87735344	1	1	1	12	0	37
chr3	88483947	88484046	2	2	1	328	0	37
chr3	88484155	88484614	2	2	1	325	0	41
chr3	119724187	119724611	2	2	1	5128	2	34
chr3	119724187	119726065	2	2	1	26	0	29
chr3	119724646	119726065	2	2	1	5274	2	38
chr4	31992517	31994873	1	1	1	312	0	39
chr4	31992517	32002088	1	1	1	4779	7	49
chr4	31994955	32002088	1	1	1	308	0	49
chr4	46468788	46469882	1	1	1	1	0	11
chr4	107009769	107027216	1	1	1	7	0	38
chr4	107009769	107028192	1	1	1	257	0	42
chr4	107027298	107028192	1	1	1	9	0	42
chr5	23565266	23616326	2	2	1	1160	1	49
chr5	23565266	23675719	2	2	1	1	0	39
chr5	72958287	72965803	1	1	1	1	0	40
chr5	72958287	72974530	1	1	1	106	0	42
chr5	72965882	72974530	1	1	1	1	0	42
chr5	116482532	116591333	2	2	0	4	0	45
chr5	116482537	116591333	2	2	1	1176	5	50
chr5	149184807	149185349	1	1	0	1	0	43
chr5	149184807	149187707	1	1	1	21	0	43
chr5	149184807	149188344	1	1	1	790	2	46
chr5	149185405	149188344	1	1	0	1	0	39
chr5	149187835	149188344	1	1	1	1	0	39
chr5	149187864	149188344	1	1	0	1	0	39
chr5	149187877	149188344	1	1	1	19	0	39
chr6	47577668	47594893	2	2	1	1	0	24
chr6	72634233	72649119	2	2	1	4	0	40
chr6	98939789	98941535	2	2	1	181	0	46
chr6	98939789	98944618	2	2	0	21	0	45
chr6	98941658	98944618	2	2	1	175	0	37
chr6	125162102	125162211	2	2	1	463	11	37
chr6	128371086	128371967	1	1	1	4676	4	45
chr6	128371086	128371980	1	1	0	1	0	32
chr6	128371086	128372533	1	1	1	18	0	46
chr6	128372013	128372504	1	1	0	22	0	26
chr6	128372013	128372509	1	1	0	8	0	31
chr6	128372013	128372530	1	1	1	572	1	49
chr6	128372013	128372533	1	1	1	4022	3	46
chr6	128372013	128372536	1	1	0	3	0	43
chr6	128372013	128372539	1	1	0	6	0	40
chr6	128372018	128372530	1	1	0	2	0	49
chr6	128372018	128372533	1	1	0	40	0	46
chr7	67240441	67244520	2	2	1	153	0	24
chr7	67240441	67251656	2	2	1	1739	2	45
chr7	67240443	67251659	1	1	0	1	0	41
chr7	67244545	67251656	2	2	1	153	0	24
chr7	99849060	99858763	2	2	1	1	0	44
chr7	101288340	102001612	1	3	0	5	0	12
chr7	102001660	102002294	1	1	1	1971	2	43
chr7	102001660	102007485	1	1	1	600	0	47
chr7	102001665	102002300	1	1	0	1	0	36
chr7	102002337	102007485	1	1	1	1975	2	42
chr7	102003812	102007485	1	1	0	1	0	38
chr7	112839481	112841887	1	1	1	6	0	41
chr7	112839481	112842039	1	1	1	171	0	41
chr7	112839481	112856052	1	1	1	6	0	12
chr7	112839481	112856797	1	1	1	18	0	41
chr7	112842103	112856052	1	1	1	168	0	12
chr7	112842103	112856797	1	1	1	9	0	37
chr7	112856065	112856797	1	1	1	175	0	14
chr7	127980247	127981190	1	1	1	15	0	5
chr7	127981292	127981410	1	1	1	17	0	6
chr8	25532429	25557730	1	1	1	6	0	44
chr8	25555775	25557730	1	1	1	1	0	37
chr8	33386064	33386329	1	1	0	1	0	46
chr8	72219861	72219940	1	1	1	2	0	30
chr8	91688606	91932332	1	1	0	7	0	13
chr8	95100453	95100646	2	2	1	936	1	31
chr8	95100453	95101408	2	2	0	257	0	46
chr8	95100674	95101408	2	2	1	936	1	44
chr8	95101447	95139983	2	2	0	0	1	15
chr8	123268550	123268744	2	2	1	319	0	47
chr9	43027296	43040539	2	2	1	125	0	39
chr9	43027296	43042590	2	2	1	157	0	46
chr9	43040593	43042590	2	2	0	1	0	43
chr9	43040597	43042590	2	2	1	124	0	45
chr9	80093642	80098885	1	1	1	8980	5	30
chr9	80093642	80098892	1	1	0	213	1	14
chr9	80093642	80103693	1	1	1	314	0	45
chr9	80098907	80103648	1	1	0	2	0	21
chr9	80098907	80103693	1	1	1	9192	6	29
chr9	80098907	80103698	1	1	0	6	0	21
chr9	114597607	114597794	2	2	1	610	2	39
chr9	114597607	114598704	2	2	0	21	0	42
chr9	114597825	114598704	2	2	0	1	0	30
chr9	114597831	114598704	2	2	1	607	2	36
chr11	79458907	79463232	1	1	1	14	0	42
chr11	79458907	79468113	1	1	1	1	0	41
chr11	79458907	79468716	1	1	1	281	0	43
chr11	79463296	79468716	1	1	1	14	0	38
chr11	79468155	79468716	1	1	1	1	0	38
chr11	94112147	94113262	1	1	1	116	0	21
chr11	94112147	94113279	1	1	0	1	0	21
chr11	94112147	94114172	1	1	1	693	0	32
chr11	94113302	94114172	1	1	1	124	0	39
chr11	102310577	102310925	2	2	1	66	0	42
chr11	102310577	102311379	2	2	1	1220	0	46
chr11	102311037	102311379	2	2	1	66	0	45
chr12	71952560	71958746	1	1	1	85	0	27
chr12	71952560	71959805	1	1	1	75	0	43
chr12	71958774	71959805	1	1	1	85	0	29
chr12	83811361	83825258	2	2	1	25	0	37
chr12	83811361	83831921	2	2	1	630	0	41
chr12	83825292	83831921	2	2	1	24	0	33
chr12	83825319	83831921	2	2	0	1	0	36
chr12	113133338	113133495	1	1	0	94	13	45
chr12	113133338	113133540	1	1	1	2265	59	43
chr12	113133338	113135796	1	1	1	3	0	29
chr12	113133571	113135796	1	1	0	1	0	29
chr12	113133577	113134800	1	1	0	13	1	14
chr12	113133577	113135796	1	1	1	2277	70	29
chr12	113134813	113135796	1	1	0	12	1	12
chr13	46778994	46780545	2	2	0	2	0	40
chr13	46778994	46780625	2	2	1	1073	1	41
chr13	46778994	46785245	2	2	1	3483	8	48
chr13	46780665	46785245	2	2	1	1078	1	39
chr13	56084286	56088251	2	2	1	1	0	40
chr13	56084286	56089757	2	2	1	56	0	40
chr13	56084286	56096123	2	2	0	2	0	40
chr13	56088343	56096123	2	2	1	1	0	38
chr13	56089858	56096123	2	2	1	61	0	41
chr14	57643224	57643334	2	2	1	1	0	39
chr14	57643224	57648418	2	2	1	158	0	40
chr14	57643490	57648418	2	2	1	1	0	38
chr14	120389164	120395711	1	1	1	322	0	41
chr14	120389164	120395717	1	1	0	1	0	38
chr14	120389164	120396450	1	1	1	595	0	48
chr14	120395766	120396450	1	1	1	336	0	48
chr15	77102940	77105576	2	2	1	231	0	41
chr15	77102940	77113604	2	2	1	31	0	48
chr15	77105670	77113604	2	2	1	235	0	48
chr15	103242719	103242921	1	1	1	0	1	4
chr15	103242719	103243624	1	1	1	0	1	31
chr15	103242719	103243958	1	1	1	0	1	4
chr16	57178021	57181491	2	2	1	456	0	43
chr16	57178021	57182850	2	2	1	143	0	43
chr16	57181507	57182850	2	2	0	1	0	15
chr16	57181537	57182850	2	2	1	456	0	37
chr16	84831508	84834808	2	2	1	1	0	44
chr17	12979205	13846588	1	1	0	91	1	12
chr17	13846640	13848354	1	1	1	5430	8	22
chr17	13846640	13849107	1	1	1	5862	2	46
chr17	13846640	13849113	1	1	0	32	0	47
chr17	13848376	13849107	1	1	1	5410	8	29
chr17	13848376	13849113	1	1	0	12	0	21
chr17	45570567	45570665	2	2	1	665	0	42
chr17	45570800	45571017	2	2	1	712	2	23
chr17	56578845	56578920	2	2	1	1	0	18
chr17	56578986	56582983	2	2	1	1	0	42
chr18	10726534	10740982	1	1	1	2	0	15
chr18	53948155	53948644	1	1	1	13580	13	30
chr18	53948155	53953244	1	1	1	2367	2	44
chr18	53948167	53948644	1	1	0	1	0	27
chr18	53948666	53953244	1	1	0	14	0	21
chr18	53948669	53949681	1	1	0	1	0	14
chr18	53948669	53953244	1	1	1	13555	11	37
chr18	53948669	53953268	1	1	0	1	0	24
chr18	53949705	53953244	1	1	0	1	0	23
chr18	64512050	64515325	2	2	1	1	0	15
chr18	64515409	64516415	2	2	1	1	0	30
chr19	7281251	7281793	2	2	0	1	0	43
chr19	7281251	7282725	2	2	0	2	0	26
chr19	7281256	7281797	2	4	1	144	0	39
chr19	7281256	7282725	2	2	1	2633	4	36
chr19	7281960	7282725	2	2	1	154	0	29
chr19	23687546	23694320	1	1	1	1	0	37
chrX	159444001	159445934	1	1	1	1	0	43
