chr1	34295537	34296741	1	1	1	144	0	18
chr1	34295537	34299720	1	1	1	31	0	39
chr1	34296760	34299720	1	1	1	144	0	18
chr1	40010678	40011649	1	1	1	171	0	21
chr1	40010678	40011783	1	1	0	3	0	21
chr1	40010678	40014105	1	1	1	73	2	32
chr1	40011842	40014105	1	1	1	170	0	40
chr1	82735508	82741817	1	1	1	3	0	40
chr1	82735508	82747082	1	1	1	2	0	40
chr1	82735508	82750519	1	1	1	72	0	42
chr1	82747143	82750519	1	1	1	3	0	38
chr2	32292216	32293314	1	1	1	16	0	43
chr2	32292216	32296625	1	1	1	151	0	43
chr2	32293396	32296625	1	1	1	16	0	38
chr2	59926161	59932104	2	2	1	1	0	25
chr2	59932171	59933405	2	2	0	97	0	33
chr2	59932171	59933411	2	2	1	603	0	31
chr2	59933439	59933670	2	2	1	694	0	28
chr2	71849507	71853533	1	1	1	898	2	43
chr2	71849507	71853548	1	1	0	1	0	39
chr2	71849507	71855853	1	1	1	6186	7	46
chr2	71849507	71855868	1	1	0	11	0	46
chr2	71853664	71855853	1	1	1	927	3	42
chr2	75662926	75663570	1	1	1	3	0	27
chr2	91001089	91001461	1	1	1	631	0	24
chr2	91001089	91003299	1	1	0	2	0	33
chr2	91001511	91003210	1	1	1	630	0	26
chr2	91001511	91003299	1	1	0	2	0	46
chr2	91003238	91003810	1	1	0	3	0	27
chr2	91003346	91003810	1	1	1	17	0	36
chr2	91159306	91160316	2	2	1	249	0	47
chr2	91159306	91162027	2	2	1	775	0	47
chr2	91160371	91162027	2	2	1	252	0	39
chr2	91681696	91682025	2	2	1	1	0	50
chr2	91681696	91684668	2	2	1	297	1	50
chr2	91682110	91684668	2	2	0	1	0	38
chr2	153670448	153672215	1	1	1	2	0	50
chr3	60422418	60613472	1	1	0	0	3	15
chr3	60613521	60614682	1	1	1	1684	3	45
chr3	60613521	60614688	1	1	0	1	0	38
chr3	60613521	60615619	1	1	1	1786	1	46
chr3	60614737	60615619	1	1	1	1685	3	38
chr3	87733505	87734423	1	1	1	12	0	39
chr3	87733505	87734456	1	1	0	1	0	39
chr3	87733505	87735344	1	1	0	7	0	39
chr3	87734553	87735344	1	1	1	13	0	37
chr3	88483947	88484046	2	2	1	404	1	38
chr3	88484077	88484614	2	2	0	1	0	30
chr3	88484155	88484614	2	2	1	396	1	42
chr3	119724187	119724611	2	2	1	4956	5	34
chr3	119724187	119726065	2	2	1	13	0	29
chr3	119724646	119726065	2	2	1	5102	7	38
chr4	31992517	31994873	1	1	1	331	0	40
chr4	31992517	32002055	1	1	0	2	0	38
chr4	31992517	32002088	1	1	1	4359	7	49
chr4	31994955	32002088	1	1	1	336	0	49
chr4	107009769	107027216	1	1	1	13	0	38
chr4	107009769	107028192	1	1	1	174	1	42
chr4	107027298	107028192	1	1	1	19	0	41
chr4	139473637	139476130	1	1	1	1	0	7
chr5	13042670	13661475	1	1	0	4	0	13
chr5	23565266	23616326	2	2	1	1124	1	49
chr5	72958287	72965803	1	1	1	4	0	40
chr5	72958287	72974530	1	1	1	112	0	41
chr5	72965882	72974530	1	1	1	4	0	41
chr5	116482532	116591333	2	2	0	3	0	37
chr5	116482537	116591333	2	2	1	1077	2	50
chr5	149184807	149187707	1	1	1	13	0	43
chr5	149184807	149188344	1	1	1	610	1	44
chr5	149187835	149188344	1	1	1	2	0	39
chr5	149187864	149188344	1	1	0	1	0	39
chr5	149187877	149188344	1	1	1	11	0	39
chr6	47577668	47594893	2	2	1	1	0	26
chr6	98939789	98941535	2	2	1	248	1	47
chr6	98939789	98941539	2	2	0	1	0	45
chr6	98939789	98944618	2	2	0	17	0	45
chr6	98941658	98944618	2	2	1	247	1	37
chr6	125162102	125162211	2	2	1	414	16	36
chr6	128371086	128371967	1	1	1	4204	3	45
chr6	128371086	128372530	1	1	1	6	0	49
chr6	128371086	128372533	1	1	1	30	0	46
chr6	128372013	128372278	1	1	0	2	0	27
chr6	128372013	128372504	1	1	0	24	0	26
chr6	128372013	128372509	1	1	0	8	0	31
chr6	128372013	128372530	1	1	1	528	0	49
chr6	128372013	128372533	1	1	1	3583	3	46
chr6	128372013	128372536	1	1	0	1	0	43
chr6	128372018	128372530	1	1	0	4	0	49
chr6	128372018	128372533	1	1	0	51	0	46
chr6	128372208	128372533	1	1	0	1	0	46
chr6	128372306	128372533	1	1	0	2	0	27
chr7	67240441	67244520	2	2	1	251	1	24
chr7	67240441	67251656	2	2	1	1883	2	44
chr7	67240443	67251659	1	1	0	1	0	41
chr7	67244545	67251656	2	2	1	251	1	24
chr7	101405603	102001614	1	1	0	5	0	13
chr7	102001660	102002294	1	1	1	1851	0	42
chr7	102001660	102007485	1	1	1	723	2	45
chr7	102001665	102002300	1	1	0	1	0	36
chr7	102002337	102007485	1	1	1	1852	0	42
chr7	112839481	112841887	1	1	1	9	0	41
chr7	112839481	112842039	1	1	1	152	0	41
chr7	112839481	112856052	1	1	1	2	0	12
chr7	112839481	112856797	1	1	1	1	0	41
chr7	112841951	112856052	1	1	1	1	0	12
chr7	112842103	112856052	1	1	1	154	0	12
chr7	112842103	112856797	1	1	1	7	0	45
chr7	112856065	112856797	1	1	1	160	0	14
chr7	127980247	127981190	1	1	1	13	0	35
chr7	127981292	127981410	1	1	1	15	0	6
chr8	25532429	25555507	1	1	1	1	0	37
chr8	25532429	25557730	1	1	1	4	0	44
chr8	25555775	25557730	1	1	1	1	0	37
chr8	91688606	91932332	1	1	0	7	0	13
chr8	95100453	95100646	2	2	1	1292	3	46
chr8	95100453	95101408	2	2	0	210	0	46
chr8	95100674	95101408	2	2	1	1290	3	44
chr8	95100700	95101408	2	2	0	3	0	44
chr8	95101447	95139983	2	2	0	0	1	15
chr8	123268550	123268744	2	2	1	281	0	49
chr9	43027296	43029555	2	2	0	1	0	38
chr9	43027296	43040539	2	2	1	141	0	39
chr9	43027296	43042590	2	2	1	170	0	45
chr9	43040597	43042590	2	2	1	141	0	45
chr9	80093642	80098885	1	1	1	9533	7	31
chr9	80093642	80098892	1	1	0	228	0	19
chr9	80093642	80103693	1	1	1	266	0	45
chr9	80098907	80101831	1	1	0	1	0	21
chr9	80098907	80103693	1	1	1	9765	7	29
chr9	80098907	80103698	1	1	0	2	0	21
chr9	80101891	80103693	1	1	0	1	0	37
chr9	114597607	114597794	2	2	1	511	0	39
chr9	114597607	114598704	2	2	0	21	0	42
chr9	114597825	114598704	2	2	0	9	0	30
chr9	114597831	114598704	2	2	1	501	0	38
chr11	79458907	79463232	1	1	1	24	0	43
chr11	79458907	79468716	1	1	1	228	1	45
chr11	79463296	79468716	1	1	1	24	0	39
chr11	94112147	94113262	1	1	1	147	0	21
chr11	94112147	94114172	1	1	1	375	1	32
chr11	94113302	94114172	1	1	1	152	0	39
chr11	102310577	102310925	2	2	1	75	0	43
chr11	102310577	102311379	2	2	1	1058	1	46
chr11	102311037	102311379	2	2	1	74	0	45
chr12	71952560	71958746	1	1	1	61	0	27
chr12	71952560	71959805	1	1	1	60	0	44
chr12	71958774	71959805	1	1	1	61	0	27
chr12	83811361	83811669	2	2	0	1	0	37
chr12	83811361	83825258	2	2	1	62	0	37
chr12	83811361	83831921	2	2	1	488	1	41
chr12	83811744	83831921	2	2	0	1	0	38
chr12	83825292	83831921	2	2	1	61	0	34
chr12	83825334	83831921	2	2	0	1	0	38
chr12	113133338	113133495	1	1	0	150	16	46
chr12	113133338	113133540	1	1	1	2450	71	43
chr12	113133338	113135796	1	1	1	27	0	29
chr12	113133577	113134761	1	1	0	3	0	21
chr12	113133577	113134800	1	1	0	11	0	12
chr12	113133577	113135796	1	1	1	2484	87	29
chr12	113134813	113135796	1	1	0	14	0	29
chr13	46778990	46785245	2	2	0	2	0	44
chr13	46778994	46780625	2	2	1	919	3	43
chr13	46778994	46785245	2	2	1	3512	6	47
chr13	46780665	46785245	2	2	1	923	3	40
chr13	56084286	56089757	2	2	1	65	0	43
chr13	56089858	56096123	2	2	1	65	0	41
chr14	57643224	57643334	2	2	1	1	0	31
chr14	57643224	57648418	2	2	1	200	0	47
chr14	57643365	57648418	2	2	0	1	0	30
chr14	120389164	120395711	1	1	1	287	0	39
chr14	120389164	120396450	1	1	1	836	1	48
chr14	120395766	120396450	1	1	1	302	0	48
chr15	58126715	58128208	2	2	1	1	0	35
chr15	77102940	77105576	2	2	1	229	1	46
chr15	77102940	77113604	2	2	1	17	0	48
chr15	77105670	77113604	2	2	1	229	1	48
chr15	93254553	93259064	2	2	1	1	0	11
chr16	57178021	57181491	2	2	1	398	2	44
chr16	57178021	57182850	2	2	1	263	0	44
chr16	57181537	57182850	2	2	1	396	2	37
chr16	90960460	90960559	2	2	1	1	0	39
chr17	12979205	13846588	1	1	0	54	3	12
chr17	13846640	13848354	1	1	1	6206	13	24
chr17	13846640	13849107	1	1	1	4082	6	45
chr17	13846640	13849113	1	1	0	37	0	47
chr17	13848376	13849107	1	1	1	6202	13	41
chr17	13848376	13849113	1	1	0	12	0	21
chr17	45570567	45570665	2	2	1	698	1	42
chr17	45570800	45571017	2	2	1	765	0	24
chr18	53948155	53948644	1	1	1	13183	14	33
chr18	53948155	53953244	1	1	1	2514	3	45
chr18	53948666	53953244	1	1	0	7	0	21
chr18	53948669	53953244	1	1	1	13163	13	37
chr18	53948673	53953244	1	1	0	2	0	28
chr19	7278087	7280997	2	2	1	1	0	5
chr19	7281251	7281791	2	2	0	1	0	43
chr19	7281251	7282725	2	2	0	1	0	26
chr19	7281256	7281797	2	4	1	234	0	39
chr19	7281256	7282725	2	2	1	1590	0	36
chr19	7281960	7282725	2	2	1	244	0	36
