chr1	34295537	34296741	1	1	1	38	0	18
chr1	34295537	34299720	1	1	1	8	0	38
chr1	34296760	34299720	1	1	1	38	0	18
chr1	37885317	37890159	2	2	1	1	0	37
chr1	40010678	40011649	1	1	1	49	0	21
chr1	40010678	40014105	1	1	1	32	1	32
chr1	40011842	40014105	1	1	1	49	0	37
chr1	82735508	82741817	1	1	1	1	0	20
chr1	82735508	82747082	1	1	1	1	0	40
chr1	82735508	82750519	1	1	1	39	0	40
chr1	82747143	82750519	1	1	1	1	0	38
chr2	25272678	25272914	1	1	1	1	0	24
chr2	32292216	32293314	1	1	1	9	0	43
chr2	32292216	32296625	1	1	1	91	0	44
chr2	32293396	32296625	1	1	1	9	0	38
chr2	59926161	59932104	2	2	1	1	0	20
chr2	59932171	59933405	2	2	0	46	0	33
chr2	59932171	59933411	2	2	1	303	0	31
chr2	59932171	59933670	2	2	1	4	0	38
chr2	59933439	59933670	2	2	1	345	0	28
chr2	71849507	71853533	1	1	1	295	0	40
chr2	71849507	71855853	1	1	1	3259	6	43
chr2	71853664	71855853	1	1	1	310	0	41
chr2	75662926	75663570	1	1	1	8	0	39
chr2	91001089	91001461	1	1	1	195	0	24
chr2	91001511	91003210	1	1	1	189	0	19
chr2	91003346	91003810	1	1	1	5	0	36
chr2	91159300	91162027	2	2	0	1	0	41
chr2	91159306	91160316	2	2	1	114	0	47
chr2	91159306	91162027	2	2	1	316	0	47
chr2	91160371	91162027	2	2	1	114	0	38
chr2	91681696	91684668	2	2	1	212	0	50
chr2	153670448	153672215	1	1	1	3	0	50
chr3	60613521	60614682	1	1	1	983	1	45
chr3	60613521	60614688	1	1	0	2	0	44
chr3	60613521	60615619	1	1	1	923	2	45
chr3	60614737	60615619	1	1	1	978	1	38
chr3	87733505	87734423	1	1	1	6	0	39
chr3	87733505	87735344	1	1	0	11	0	39
chr3	87734553	87735344	1	1	1	7	0	37
chr3	88483947	88484046	2	2	1	131	0	37
chr3	88483947	88484614	2	2	0	2	0	38
chr3	88484155	88484614	2	2	1	128	0	39
chr3	119724187	119724611	2	2	1	3835	3	34
chr3	119724187	119726065	2	2	1	6	0	29
chr3	119724646	119726065	2	2	1	3954	4	38
chr3	129825617	129826823	2	2	1	1	0	11
chr4	31992517	31994873	1	1	1	143	1	39
chr4	31992517	32002088	1	1	1	1926	2	49
chr4	31994955	32002088	1	1	1	143	1	49
chr4	107009769	107027216	1	1	1	10	0	40
chr4	107009769	107028192	1	1	1	90	0	41
chr4	107027298	107028192	1	1	1	13	0	41
chr5	23565266	23616326	2	2	1	653	0	46
chr5	72958287	72974530	1	1	1	62	0	41
chr5	116482537	116591333	2	2	1	747	0	50
chr5	149184807	149187707	1	1	1	6	0	43
chr5	149184807	149188344	1	1	1	323	0	44
chr5	149187806	149188344	1	1	0	1	0	39
chr5	149187877	149188344	1	1	1	5	0	39
chr6	47577668	47594893	2	2	1	2	0	26
chr6	98939789	98941535	2	2	1	93	0	46
chr6	98939789	98944618	2	2	0	22	0	45
chr6	98941658	98944618	2	2	1	93	0	36
chr6	125162102	125162211	2	2	1	189	6	36
chr6	128371086	128371967	1	1	1	2605	1	44
chr6	128371086	128372530	1	1	1	1	0	49
chr6	128371086	128372533	1	1	1	11	0	46
chr6	128372013	128372504	1	1	0	12	0	26
chr6	128372013	128372509	1	1	0	6	0	31
chr6	128372013	128372530	1	1	1	338	0	47
chr6	128372013	128372533	1	1	1	2221	1	46
chr6	128372018	128372530	1	1	0	2	0	49
chr6	128372018	128372533	1	1	0	28	0	46
chr7	25724845	25725923	2	2	1	1	0	39
chr7	67240441	67244520	2	2	1	102	0	24
chr7	67240441	67251656	2	2	1	1053	0	44
chr7	67240443	67251659	1	1	0	1	0	41
chr7	67244545	67251656	2	2	1	102	0	24
chr7	102001660	102002294	1	1	1	951	0	43
chr7	102001660	102007485	1	1	1	332	1	45
chr7	102002337	102007485	1	1	1	958	0	41
chr7	112839481	112841887	1	1	1	2	0	41
chr7	112839481	112842039	1	1	1	66	0	41
chr7	112839481	112856052	1	1	1	1	0	12
chr7	112839481	112856797	1	1	1	6	0	41
chr7	112841951	112856052	1	1	1	1	0	12
chr7	112842103	112856052	1	1	1	65	0	12
chr7	112842103	112856797	1	1	1	1	0	37
chr7	112856065	112856797	1	1	1	67	0	14
chr7	112856065	112856803	1	1	0	1	0	12
chr7	127972771	127974399	1	1	1	1	0	7
chr7	127980247	127981190	1	1	1	8	0	30
chr7	127981292	127981410	1	1	1	7	0	6
chr8	25532429	25557730	1	1	1	4	0	44
chr8	25555775	25557730	1	1	1	2	0	37
chr8	33386064	33386329	1	1	0	4	0	46
chr8	47669337	47674505	2	2	1	1	0	33
chr8	95100453	95100646	2	2	1	579	0	31
chr8	95100453	95101408	2	2	0	130	0	46
chr8	95100674	95101408	2	2	1	579	0	38
chr8	123268550	123268744	2	2	1	115	0	48
chr9	43027296	43040539	2	2	1	46	0	39
chr9	43027296	43042590	2	2	1	79	0	45
chr9	43040597	43042590	2	2	1	45	0	45
chr9	55500165	55512030	2	2	1	0	1	2
chr9	80067573	80087429	1	1	1	2	0	35
chr9	80093642	80098885	1	1	1	5627	0	30
chr9	80093642	80098892	1	1	0	95	1	14
chr9	80093642	80103693	1	1	1	193	0	45
chr9	80098907	80099016	1	1	0	2	0	21
chr9	80098907	80101831	1	1	0	3	0	21
chr9	80098907	80103693	1	1	1	5717	1	24
chr9	80098907	80103698	1	1	0	1	0	21
chr9	80099049	80103693	1	1	0	2	0	37
chr9	80101891	80103693	1	1	0	3	0	37
chr9	114597607	114597794	2	2	1	276	0	38
chr9	114597607	114598704	2	2	0	16	0	41
chr9	114597825	114598704	2	2	0	2	0	30
chr9	114597831	114598704	2	2	1	274	0	36
chr11	26725015	26787397	2	2	0	2	0	13
chr11	79458907	79463232	1	1	1	10	1	42
chr11	79458907	79468716	1	1	1	126	0	45
chr11	79463296	79468716	1	1	1	11	1	39
chr11	94112147	94113262	1	1	1	64	0	21
chr11	94112147	94114172	1	1	1	214	0	32
chr11	94113302	94114172	1	1	1	65	0	39
chr11	102310577	102310925	2	2	1	38	0	42
chr11	102310577	102311379	2	2	1	684	0	46
chr11	102311037	102311379	2	2	1	37	0	45
chr12	71952560	71958746	1	1	1	42	0	27
chr12	71952560	71959805	1	1	1	35	0	43
chr12	71958774	71959805	1	1	1	42	0	27
chr12	83811361	83825258	2	2	1	31	0	34
chr12	83811361	83831921	2	2	1	312	0	41
chr12	83825292	83831921	2	2	1	31	0	33
chr12	113133338	113133495	1	1	0	66	6	42
chr12	113133338	113133540	1	1	1	1571	47	43
chr12	113133338	113135796	1	1	1	9	0	29
chr12	113133577	113134800	1	1	0	9	0	14
chr12	113133577	113135796	1	1	1	1561	53	29
chr12	113134813	113135796	1	1	0	7	0	12
chr13	46778994	46780625	2	2	1	470	0	43
chr13	46778994	46785245	2	2	1	2126	4	47
chr13	46780663	46785245	2	2	0	1	0	37
chr13	46780665	46785245	2	2	1	469	0	39
chr13	56084286	56089757	2	2	1	35	0	40
chr13	56089858	56096123	2	2	1	35	0	41
chr14	57643224	57643334	2	2	1	1	0	39
chr14	57643224	57648418	2	2	1	64	0	40
chr14	57643490	57648418	2	2	1	1	0	38
chr14	120389164	120395711	1	1	1	91	0	39
chr14	120389164	120396450	1	1	1	262	2	48
chr14	120395766	120396450	1	1	1	96	0	48
chr15	77102940	77105576	2	2	1	105	0	43
chr15	77102940	77113604	2	2	1	17	0	48
chr15	77105670	77113604	2	2	1	104	0	48
chr16	57178021	57181491	2	2	1	181	0	45
chr16	57178021	57182850	2	2	1	101	0	43
chr16	57181537	57182850	2	2	1	181	0	33
chr17	12979205	13846588	1	1	0	28	0	12
chr17	13846640	13848354	1	1	1	3399	6	24
chr17	13846640	13848358	1	1	0	1	0	17
chr17	13846640	13849107	1	1	1	3086	3	46
chr17	13846640	13849113	1	1	0	1	0	46
chr17	13848376	13849107	1	1	1	3391	6	29
chr17	13848376	13849113	1	1	0	1	0	21
chr17	45570567	45570665	2	2	1	447	4	39
chr17	45570800	45571017	2	2	1	499	2	21
chr18	53948155	53948644	1	1	1	11362	7	28
chr18	53948155	53948651	1	1	0	1	0	17
chr18	53948155	53953244	1	1	1	1503	0	48
chr18	53948666	53953244	1	1	0	9	0	21
chr18	53948669	53949213	1	1	0	1	0	15
chr18	53948669	53953244	1	1	1	11336	7	37
chr18	53948669	53953268	1	1	0	3	0	24
chr18	53949263	53953244	1	1	0	1	0	37
chr19	7281251	7282725	2	2	0	1	0	26
chr19	7281256	7281797	2	4	1	137	0	39
chr19	7281256	7282725	2	2	1	1244	1	36
chr19	7281960	7282725	2	2	1	141	0	35
chrX	73952393	73952561	2	2	1	1	0	38
chrX	73952667	73952825	2	2	1	1	0	10
