chr1	34295537	34296741	1	1	1	40	0	18
chr1	34295537	34299720	1	1	1	220	2	43
chr1	34296760	34299720	1	1	1	40	0	18
chr1	40010678	40011649	1	1	1	22	0	21
chr1	40010678	40014105	1	1	1	83	0	32
chr1	40011842	40014105	1	1	1	22	0	37
chr1	74350704	74351536	1	1	1	1	0	14
chr1	82735508	82741817	1	1	1	3	0	40
chr1	82735508	82747082	1	1	1	7	0	40
chr1	82735508	82750519	1	1	1	62	0	42
chr1	82747143	82750519	1	1	1	7	0	38
chr2	32292216	32296625	1	1	1	70	0	43
chr2	59932171	59933405	2	2	0	3	0	33
chr2	59932171	59933411	2	2	1	71	0	31
chr2	59932171	59933670	2	2	1	13	0	38
chr2	59933439	59933670	2	2	1	73	0	28
chr2	71849507	71853533	1	1	1	21	0	39
chr2	71849507	71855853	1	1	1	1584	0	43
chr2	71853664	71855853	1	1	1	21	0	40
chr2	75662926	75663570	1	1	1	6	1	27
chr2	91001089	91001461	1	1	1	415	0	24
chr2	91001089	91003299	1	1	0	4	1	33
chr2	91001511	91003210	1	1	1	416	0	25
chr2	91003238	91003810	1	1	0	1	0	27
chr2	91003346	91003810	1	1	1	10	0	36
chr2	91159306	91160316	2	2	1	7	0	47
chr2	91159306	91162027	2	2	1	173	0	47
chr2	91160371	91162027	2	2	1	7	0	38
chr2	91681696	91684668	2	2	1	652	0	50
chr2	153670448	153670848	1	1	1	63	0	45
chr2	153670909	153672215	1	1	1	64	0	50
chr2	168752741	168754433	2	2	1	11552	13	46
chr3	60613521	60614682	1	1	1	87	0	44
chr3	60613521	60614688	1	1	0	1	0	44
chr3	60613521	60615619	1	1	1	18	0	44
chr3	60614737	60615619	1	1	1	86	0	38
chr3	87733505	87735344	1	1	0	156	0	40
chr3	88483947	88484046	2	2	1	113	0	37
chr3	88484155	88484614	2	2	1	114	0	40
chr3	119724187	119724611	2	2	1	1292	1	34
chr3	119724187	119726065	2	2	1	3	0	29
chr3	119724646	119726065	2	2	1	1319	1	38
chr4	31992517	31994873	1	1	1	1320	3	41
chr4	31992517	32002088	1	1	1	681	1	50
chr4	31994955	32002088	1	1	1	1320	2	49
chr4	46468788	46469882	1	1	1	1	0	11
chr4	107009769	107027216	1	1	1	51	0	39
chr4	107009769	107028192	1	1	1	242	1	44
chr4	107027298	107028192	1	1	1	57	0	46
chr4	149222365	149223229	2	2	1	1	0	30
chr5	23565266	23616326	2	2	1	170	0	46
chr5	72958287	72965803	1	1	1	1	0	37
chr5	72958287	72974530	1	1	1	23	0	42
chr5	72965882	72974530	1	1	1	1	0	39
chr5	139455547	139460468	2	2	1	2	0	34
chr5	149184807	149187707	1	1	1	13	0	43
chr5	149184807	149188344	1	1	1	230	0	45
chr5	149187835	149188344	1	1	1	1	0	39
chr5	149187864	149188344	1	1	0	1	0	39
chr5	149187877	149188344	1	1	1	11	0	39
chr6	72634233	72634303	2	2	0	2	0	37
chr6	72634233	72648800	2	2	1	2958	0	42
chr6	72634233	72649119	2	2	1	6468	5	50
chr6	72634256	72649119	2	2	0	1	0	40
chr6	72648843	72649119	2	2	1	2946	0	42
chr6	98939789	98940994	2	2	1	3	0	45
chr6	98939789	98941535	2	2	1	48	0	46
chr6	98939789	98944618	2	2	0	1	0	45
chr6	98941165	98944618	2	2	0	3	0	36
chr6	98941658	98944618	2	2	1	48	0	36
chr6	125162102	125162211	2	2	1	515	13	36
chr6	128371086	128371967	1	1	1	1452	1	42
chr6	128371086	128371980	1	1	0	1	0	32
chr6	128371086	128372278	1	1	0	1	0	27
chr6	128371086	128372530	1	1	1	69	0	49
chr6	128371086	128372533	1	1	1	722	1	46
chr6	128372013	128372509	1	1	0	2	0	31
chr6	128372013	128372530	1	1	1	203	0	47
chr6	128372013	128372533	1	1	1	1228	1	46
chr6	128372013	128372539	1	1	0	1	0	40
chr6	128372018	128372530	1	1	0	4	0	49
chr6	128372018	128372533	1	1	0	21	0	46
chr6	128372306	128372533	1	1	0	1	0	27
chr7	28174687	28174784	1	1	1	1	0	40
chr7	67240441	67244520	2	2	1	5	0	24
chr7	67240441	67251656	2	2	1	563	0	45
chr7	67244545	67251656	2	2	1	5	0	24
chr7	101405603	102001614	1	1	0	7	0	13
chr7	101448787	102001614	1	1	0	6	0	14
chr7	102001660	102002294	1	1	1	275	0	43
chr7	102001660	102007485	1	1	1	3910	4	45
chr7	102002337	102007485	1	1	1	278	0	40
chr7	112839481	112841887	1	1	1	12	0	41
chr7	112839481	112842039	1	1	1	160	0	41
chr7	112839481	112856052	1	1	1	1	0	12
chr7	112839481	112856797	1	1	1	30	0	41
chr7	112841951	112856052	1	1	1	1	0	12
chr7	112841951	112856797	1	1	0	5	0	37
chr7	112842103	112856052	1	1	1	16	0	13
chr7	112842103	112856797	1	1	1	152	0	45
chr7	112856065	112856797	1	1	1	17	0	12
chr7	127980247	127981190	1	1	1	7	0	8
chr7	127981292	127981410	1	1	1	7	0	6
chr7	144847532	144862231	1	1	1	1	0	3
chr7	144861833	144862231	1	1	1	904	0	39
chr7	144862267	144862764	1	1	0	1	0	35
chr7	144862336	144862764	1	1	1	902	0	44
chr8	25532429	25557730	1	1	1	2	0	44
chr8	25555775	25557730	1	1	1	2	0	38
chr8	72219861	72219940	1	1	1	1	0	30
chr8	95100453	95100646	2	2	1	476	0	31
chr8	95100453	95101408	2	2	0	691	0	46
chr8	95100674	95101408	2	2	1	476	0	42
chr8	95101447	95139983	2	2	0	1	0	15
chr8	123268550	123268744	2	2	1	122	0	47
chr9	40803943	40804164	1	1	1	1	0	21
chr9	43027296	43040539	2	2	1	22	0	38
chr9	43027296	43042590	2	2	1	273	0	46
chr9	43040597	43042590	2	2	1	22	0	45
chr9	80093642	80098885	1	1	1	1576	0	26
chr9	80093642	80098892	1	1	0	32	0	14
chr9	80093642	80103693	1	1	1	6523	4	46
chr9	80098907	80099016	1	1	0	1	0	21
chr9	80098907	80101831	1	1	0	1	0	21
chr9	80098907	80103693	1	1	1	1606	0	24
chr9	80099049	80103693	1	1	0	1	0	37
chr9	80101891	80103693	1	1	0	1	0	37
chr9	80103765	80111310	1	1	1	1	0	15
chr9	114597607	114597794	2	2	1	208	1	38
chr9	114597607	114598704	2	2	0	245	0	43
chr9	114597825	114598704	2	2	0	7	0	30
chr9	114597831	114598704	2	2	1	201	1	38
chr10	25489094	25501823	1	1	1	1	0	17
chr11	20201653	20215629	1	1	1	1	0	32
chr11	20218909	20223083	1	1	1	1	0	7
chr11	79458907	79463232	1	1	1	38	0	42
chr11	79458907	79468716	1	1	1	54	0	42
chr11	79463296	79468716	1	1	1	38	0	39
chr11	94112147	94113262	1	1	1	26	0	21
chr11	94112147	94114172	1	1	1	225	0	32
chr11	94113302	94114172	1	1	1	25	0	39
chr11	102310577	102310925	2	2	1	67	2	42
chr11	102310577	102311379	2	2	1	251	0	46
chr11	102311037	102311379	2	2	1	64	2	45
chr11	102311037	102311403	2	2	0	1	0	21
chr12	71952560	71959805	1	1	1	214	0	44
chr12	83811361	83819180	2	2	0	1	0	37
chr12	83811361	83825258	2	2	1	182	0	37
chr12	83811361	83831921	2	2	1	192	0	41
chr12	83819382	83831921	2	2	0	1	0	38
chr12	83825292	83831921	2	2	1	181	0	34
chr12	83825334	83831921	2	2	0	1	0	37
chr12	113133338	113133495	1	1	0	15	0	42
chr12	113133338	113133540	1	1	1	421	2	38
chr12	113133338	113135796	1	1	1	1118	0	29
chr12	113133577	113135796	1	1	1	419	2	29
chr13	46778990	46785245	2	2	0	1	0	44
chr13	46778994	46780625	2	2	1	541	0	40
chr13	46778994	46785245	2	2	1	2754	8	45
chr13	46780665	46785245	2	2	1	541	0	39
chr13	56084286	56089757	2	2	1	16	0	40
chr13	56089858	56096123	2	2	1	16	0	38
chr14	57643224	57648418	2	2	1	135	0	47
chr14	120389164	120395711	1	1	1	285	0	39
chr14	120389164	120395717	1	1	0	2	0	38
chr14	120389164	120396450	1	1	1	54	0	48
chr14	120395766	120396450	1	1	1	298	0	48
chr15	77102940	77105576	2	2	1	106	0	43
chr15	77102940	77113604	2	2	1	11	0	44
chr15	77105670	77113604	2	2	1	105	0	48
chr16	20674315	20675343	1	1	1	1	0	34
chr16	57178021	57181491	2	2	1	15	0	43
chr16	57178021	57182850	2	2	1	1213	0	44
chr16	57181537	57182850	2	2	1	15	0	33
chr16	94686604	94691580	1	1	1	1	0	45
chr17	12979205	13846588	1	1	0	33	0	12
chr17	13846640	13848354	1	1	1	457	0	22
chr17	13846640	13848358	1	1	0	2	0	17
chr17	13846640	13849107	1	1	1	12760	16	47
chr17	13846640	13849113	1	1	0	64	0	47
chr17	13848376	13849107	1	1	1	459	0	26
chr17	45570567	45570665	2	2	1	535	0	42
chr17	45570800	45571017	2	2	1	560	0	21
chr17	46590452	46590758	2	2	1	2	0	11
chr17	80053642	80061656	2	2	1	2	0	42
chr18	10726534	10740982	1	1	1	1	0	15
chr18	53948155	53948644	1	1	1	1399	3	28
chr18	53948155	53953244	1	1	1	10269	9	45
chr18	53948669	53953244	1	1	1	1394	3	24
chr19	7281256	7281797	2	4	1	136	0	41
chr19	7281256	7282725	2	2	1	387	0	35
chr19	7281960	7282725	2	2	1	145	0	26
KV575235.1	147143	149353	1	1	0	0	1	33
