chr1	34295537	34296741	1	1	1	93	0	18
chr1	34295537	34299720	1	1	1	23	0	38
chr1	34296760	34299720	1	1	1	93	0	18
chr1	40010678	40011649	1	1	1	120	0	21
chr1	40010678	40011787	1	1	0	1	0	21
chr1	40010678	40011811	1	1	0	4	0	21
chr1	40010678	40014105	1	1	1	58	2	32
chr1	40011842	40014105	1	1	1	125	0	41
chr1	82735508	82741817	1	1	1	5	0	40
chr1	82735508	82747082	1	1	1	1	0	40
chr1	82735508	82750519	1	1	1	77	0	41
chr1	82747143	82750519	1	1	1	1	0	38
chr2	32292216	32293314	1	1	1	11	0	43
chr2	32292216	32296625	1	1	1	102	1	43
chr2	32293396	32296625	1	1	1	11	0	38
chr2	59926161	59932104	2	2	1	1	0	31
chr2	59932171	59933405	2	2	0	78	0	33
chr2	59932171	59933411	2	2	1	471	0	31
chr2	59932171	59933670	2	2	1	2	0	38
chr2	59933436	59933670	2	2	0	1	0	24
chr2	59933439	59933670	2	2	1	537	0	28
chr2	71849507	71853533	1	1	1	573	1	41
chr2	71849507	71855853	1	1	1	4646	8	43
chr2	71849507	71855868	1	1	0	4	0	46
chr2	71853664	71855853	1	1	1	603	1	41
chr2	75662926	75663570	1	1	1	2	0	38
chr2	91001089	91001461	1	1	1	782	0	34
chr2	91001089	91003299	1	1	0	3	0	33
chr2	91001511	91003210	1	1	1	776	0	23
chr2	91003346	91003810	1	1	1	21	0	36
chr2	91159300	91162027	2	2	0	2	0	41
chr2	91159306	91160316	2	2	1	208	0	47
chr2	91159306	91162027	2	2	1	634	1	47
chr2	91160371	91162027	2	2	1	207	0	38
chr2	91681696	91684668	2	2	1	291	0	50
chr2	91681831	91684668	2	2	0	1	0	38
chr3	60613521	60614682	1	1	1	1507	1	46
chr3	60613521	60614688	1	1	0	1	0	38
chr3	60613521	60615619	1	1	1	1346	1	45
chr3	60614737	60615619	1	1	1	1504	1	43
chr3	87733505	87734423	1	1	1	18	0	39
chr3	87733505	87735344	1	1	0	8	0	39
chr3	87734553	87735344	1	1	1	18	0	38
chr3	88483947	88484046	2	2	1	250	1	38
chr3	88483947	88484614	2	2	0	2	0	38
chr3	88484155	88484614	2	2	1	241	1	40
chr3	119724187	119724611	2	2	1	5404	5	34
chr3	119724187	119726065	2	2	1	21	0	29
chr3	119724646	119726065	2	2	1	5575	6	38
chr3	119726116	120643502	2	2	0	4	0	13
chr3	129825617	129826823	2	2	1	1	0	36
chr4	31992517	31994873	1	1	1	265	1	39
chr4	31992517	32002088	1	1	1	4291	9	50
chr4	31994955	32002088	1	1	1	266	1	49
chr4	107009769	107027216	1	1	1	17	0	39
chr4	107009769	107028192	1	1	1	145	0	42
chr4	107027298	107028192	1	1	1	19	0	41
chr5	13042670	13661475	1	1	0	4	0	13
chr5	23565266	23616326	2	2	1	1003	1	46
chr5	72958287	72965803	1	1	1	1	0	37
chr5	72958287	72974530	1	1	1	107	0	42
chr5	72965882	72974530	1	1	1	1	0	41
chr5	116477146	116482389	2	2	1	1	0	33
chr5	116482537	116591333	2	2	1	867	5	50
chr5	149184807	149187707	1	1	1	19	0	43
chr5	149184807	149188344	1	1	1	878	1	45
chr5	149187835	149188344	1	1	1	2	0	39
chr5	149187877	149188344	1	1	1	16	0	39
chr5	149188474	149193839	1	1	1	1	0	25
chr6	51464548	51465178	2	2	1	1	0	16
chr6	98939789	98940994	2	2	1	1	0	45
chr6	98939789	98941535	2	2	1	170	1	45
chr6	98939789	98944618	2	2	0	12	0	45
chr6	98941165	98944618	2	2	0	1	0	36
chr6	98941658	98944618	2	2	1	169	1	36
chr6	125162102	125162211	2	2	1	314	8	36
chr6	128371086	128371709	1	1	0	1	0	39
chr6	128371086	128371967	1	1	1	4966	3	45
chr6	128371086	128372530	1	1	1	4	0	49
chr6	128371086	128372533	1	1	1	22	0	46
chr6	128372013	128372278	1	1	0	1	0	27
chr6	128372013	128372504	1	1	0	29	0	27
chr6	128372013	128372509	1	1	0	9	0	34
chr6	128372013	128372530	1	1	1	619	0	49
chr6	128372013	128372533	1	1	1	4247	3	46
chr6	128372013	128372536	1	1	0	3	0	43
chr6	128372013	128372539	1	1	0	1	0	40
chr6	128372018	128372530	1	1	0	4	0	49
chr6	128372018	128372533	1	1	0	49	0	46
chr6	128372018	128372539	1	1	0	1	0	40
chr6	128372306	128372533	1	1	0	1	0	27
chr7	67240441	67244520	2	2	1	136	0	24
chr7	67240441	67251656	2	2	1	1557	3	45
chr7	67244545	67251656	2	2	1	136	0	24
chr7	102001660	102002294	1	1	1	1466	2	43
chr7	102001660	102007485	1	1	1	836	1	43
chr7	102002337	102007485	1	1	1	1462	2	44
chr7	102003812	102007485	1	1	0	1	0	38
chr7	112839481	112841887	1	1	1	1	0	41
chr7	112839481	112842039	1	1	1	139	0	41
chr7	112839481	112856052	1	1	1	3	0	12
chr7	112839481	112856797	1	1	1	6	0	41
chr7	112841951	112856052	1	1	1	1	0	12
chr7	112842103	112856052	1	1	1	136	0	12
chr7	112842103	112856797	1	1	1	2	0	37
chr7	112856065	112856797	1	1	1	143	0	17
chr7	127972284	127980194	1	1	1	1	0	4
chr7	127980247	127981190	1	1	1	10	0	35
chr7	127981292	127981410	1	1	1	11	0	6
chr8	25532429	25555507	1	1	1	1	0	44
chr8	25555775	25557730	1	1	1	2	0	37
chr8	33386064	33386329	1	1	0	1	0	46
chr8	47528031	47529328	2	2	1	1	0	4
chr8	71484882	71484999	2	2	1	1	0	4
chr8	91688606	91932332	1	1	0	5	0	13
chr8	95100453	95100646	2	2	1	964	2	31
chr8	95100453	95101408	2	2	0	185	0	46
chr8	95100674	95101408	2	2	1	965	2	42
chr8	95101447	95139983	2	2	0	0	1	15
chr8	123268550	123268744	2	2	1	144	0	49
chr9	43027285	43042590	2	2	0	1	0	49
chr9	43027296	43040539	2	2	1	123	1	39
chr9	43027296	43042590	2	2	1	206	0	45
chr9	43040593	43042590	2	2	0	2	0	43
chr9	43040597	43042590	2	2	1	122	1	45
chr9	55500165	55512030	2	2	1	1	0	28
chr9	80093642	80098847	1	1	0	1	0	44
chr9	80093642	80098885	1	1	1	8344	7	31
chr9	80093642	80098892	1	1	0	231	0	19
chr9	80093642	80103693	1	1	1	385	0	45
chr9	80098907	80099016	1	1	0	1	0	21
chr9	80098907	80101831	1	1	0	2	0	21
chr9	80098907	80103693	1	1	1	8575	7	37
chr9	80098907	80103698	1	1	0	2	0	21
chr9	80099049	80103693	1	1	0	1	0	37
chr9	80101891	80103693	1	1	0	2	0	37
chr9	114597607	114597790	2	2	0	1	0	40
chr9	114597607	114597794	2	2	1	467	0	38
chr9	114597607	114598704	2	2	0	23	0	42
chr9	114597825	114598704	2	2	0	5	0	30
chr9	114597831	114598704	2	2	1	464	0	38
chr9	123011638	123013939	1	1	1	1	0	14
chr9	123014013	123014468	1	1	1	1	0	14
chr9	123014507	123017244	1	1	1	1	0	38
chr11	79458907	79463232	1	1	1	25	0	42
chr11	79458907	79468716	1	1	1	220	0	43
chr11	79463296	79468716	1	1	1	25	0	38
chr11	94112147	94113262	1	1	1	113	0	21
chr11	94112147	94113279	1	1	0	1	0	21
chr11	94112147	94114172	1	1	1	437	0	32
chr11	94113302	94114172	1	1	1	117	0	39
chr11	102310577	102310925	2	2	1	72	0	49
chr11	102310577	102311379	2	2	1	816	1	46
chr11	102311037	102311379	2	2	1	70	0	45
chr12	71952560	71958746	1	1	1	61	0	27
chr12	71952560	71959805	1	1	1	91	0	43
chr12	71958774	71959805	1	1	1	61	0	29
chr12	83811361	83825258	2	2	1	86	0	37
chr12	83811361	83831921	2	2	1	537	0	41
chr12	83825292	83831921	2	2	1	85	0	33
chr12	83825334	83831921	2	2	0	1	0	38
chr12	112928622	113133308	1	1	0	0	4	13
chr12	113133338	113133495	1	1	0	107	13	45
chr12	113133338	113133540	1	1	1	2398	56	43
chr12	113133338	113134186	1	1	0	1	0	42
chr12	113133338	113135796	1	1	1	27	0	29
chr12	113133577	113134800	1	1	0	13	0	12
chr12	113133577	113135796	1	1	1	2372	69	29
chr12	113134813	113135796	1	1	0	13	0	12
chr13	46778994	46780545	2	2	0	2	0	40
chr13	46778994	46780625	2	2	1	511	1	42
chr13	46778994	46785245	2	2	1	2763	7	46
chr13	46780665	46785245	2	2	1	515	1	40
chr13	56084286	56089757	2	2	1	50	0	40
chr13	56089858	56096123	2	2	1	51	0	41
chr14	57643224	57648418	2	2	1	131	0	47
chr14	120389164	120395711	1	1	1	207	0	39
chr14	120389164	120396450	1	1	1	593	3	48
chr14	120395766	120396450	1	1	1	210	0	48
chr15	77102940	77105576	2	2	1	188	0	41
chr15	77102940	77113604	2	2	1	16	0	48
chr15	77105670	77113604	2	2	1	189	0	48
chr15	102484241	102487087	1	1	1	3	0	27
chr15	102487130	102488204	1	1	1	3	0	25
chr15	103242719	103243624	1	1	1	1	0	43
chr16	57178021	57181491	2	2	1	365	0	45
chr16	57178021	57182850	2	2	1	223	0	44
chr16	57178054	57182850	2	2	0	1	0	33
chr16	57181507	57182850	2	2	0	1	0	15
chr16	57181537	57182850	2	2	1	364	0	37
chr17	12979205	13846588	1	1	0	67	2	12
chr17	13846613	13848354	1	1	0	3	0	21
chr17	13846640	13848354	1	1	1	4301	9	22
chr17	13846640	13849107	1	1	1	5483	4	47
chr17	13846640	13849113	1	1	0	28	0	47
chr17	13848376	13849107	1	1	1	4302	9	29
chr17	13848376	13849113	1	1	0	1	0	21
chr17	45570567	45570665	2	2	1	527	2	42
chr17	45570800	45571017	2	2	1	542	1	21
chr18	10726534	10740982	1	1	1	1	0	15
chr18	53948155	53948644	1	1	1	14642	14	28
chr18	53948155	53948651	1	1	0	3	0	17
chr18	53948155	53953244	1	1	1	2785	10	44
chr18	53948162	53948644	1	1	0	1	0	24
chr18	53948167	53948644	1	1	0	3	0	26
chr18	53948666	53953244	1	1	0	4	0	21
chr18	53948669	53953244	1	1	1	14625	10	37
chr18	53948669	53953268	1	1	0	4	0	24
chr18	64511701	64511784	2	2	1	1	0	39
chr18	64515406	64516415	2	2	1	1	0	30
chr18	64515409	64516415	2	2	1	2	0	39
chr19	7281256	7281797	2	4	1	176	0	41
chr19	7281256	7282725	2	2	1	1483	0	36
chr19	7281960	7282725	2	2	1	185	0	35
