chr1	34295537	34296741	1	1	1	84	0	18
chr1	34295537	34299720	1	1	1	14	0	38
chr1	34296760	34299720	1	1	1	84	0	19
chr1	40010678	40011649	1	1	1	111	0	21
chr1	40010678	40011783	1	1	0	2	0	21
chr1	40010678	40011811	1	1	0	2	0	21
chr1	40010678	40014105	1	1	1	47	3	32
chr1	40011842	40014105	1	1	1	110	0	38
chr1	58558058	58565856	2	2	1	1	0	2
chr1	58565955	58586211	2	2	1	1	0	45
chr1	82735508	82741817	1	1	1	1	0	40
chr1	82735508	82747082	1	1	1	3	0	40
chr1	82735508	82750519	1	1	1	55	0	40
chr1	82747143	82750519	1	1	1	4	0	38
chr1	180855921	180858122	1	1	1	1	0	6
chr2	32292216	32293314	1	1	1	12	0	43
chr2	32292216	32296625	1	1	1	82	0	43
chr2	32293396	32296625	1	1	1	12	0	38
chr2	59926161	59932104	2	2	1	1	0	20
chr2	59932171	59933405	2	2	0	54	0	33
chr2	59932171	59933411	2	2	1	405	0	32
chr2	59932171	59933670	2	2	1	1	0	37
chr2	59933439	59933670	2	2	1	458	0	28
chr2	71849507	71853533	1	1	1	960	1	44
chr2	71849507	71855853	1	1	1	4937	3	45
chr2	71849507	71855868	1	1	0	1	0	46
chr2	71853664	71855853	1	1	1	976	1	42
chr2	75662926	75663570	1	1	1	1	1	27
chr2	91001089	91001461	1	1	1	726	0	34
chr2	91001511	91003210	1	1	1	727	0	25
chr2	91003238	91003810	1	1	0	2	0	27
chr2	91003346	91003810	1	1	1	20	0	36
chr2	91159306	91160316	2	2	1	255	0	47
chr2	91159306	91162027	2	2	1	563	1	47
chr2	91160371	91162027	2	2	1	267	0	43
chr2	91681696	91684668	2	2	1	231	0	50
chr2	91681831	91684668	2	2	0	1	0	37
chr2	153670448	153672215	1	1	1	1	0	50
chr2	168752741	168754433	2	2	1	1	0	44
chr3	60613521	60614682	1	1	1	1596	0	45
chr3	60613521	60614688	1	1	0	5	0	44
chr3	60613521	60615619	1	1	1	1014	1	45
chr3	60614737	60615619	1	1	1	1577	0	39
chr3	87733505	87734423	1	1	1	11	0	39
chr3	87733505	87735344	1	1	0	11	0	39
chr3	87734553	87735344	1	1	1	11	0	37
chr3	88483947	88484046	2	2	1	293	0	40
chr3	88483947	88484614	2	2	0	1	0	38
chr3	88484155	88484614	2	2	1	294	0	40
chr3	119724187	119724611	2	2	1	4152	2	34
chr3	119724187	119726065	2	2	1	28	0	29
chr3	119724646	119726065	2	2	1	4306	2	38
chr3	129825617	129826823	2	2	1	1	0	36
chr4	31992517	31994873	1	1	1	229	0	39
chr4	31992517	32002088	1	1	1	2483	6	49
chr4	31994955	32002088	1	1	1	224	0	49
chr4	107009769	107027216	1	1	1	23	0	38
chr4	107009769	107028192	1	1	1	145	0	44
chr4	107027298	107028192	1	1	1	24	0	41
chr4	149222365	149223229	2	2	1	2	0	30
chr5	13042670	13661475	1	1	0	4	0	13
chr5	23565266	23616326	2	2	1	767	4	46
chr5	72958287	72965803	1	1	1	3	0	40
chr5	72958287	72974530	1	1	1	61	0	42
chr5	72965882	72974530	1	1	1	3	0	41
chr5	116475248	116477058	2	2	1	1	0	1
chr5	116482537	116591333	2	2	1	776	5	50
chr5	149184807	149185349	1	1	0	1	0	43
chr5	149184807	149185484	1	1	1	1	0	43
chr5	149184807	149187707	1	1	1	32	0	43
chr5	149184807	149188344	1	1	1	523	1	45
chr5	149185405	149188344	1	1	0	1	0	39
chr5	149185662	149188344	1	1	0	1	0	39
chr5	149187835	149188344	1	1	1	4	0	39
chr5	149187864	149188344	1	1	0	1	0	39
chr5	149187877	149188344	1	1	1	27	0	39
chr6	98939789	98941535	2	2	1	207	0	46
chr6	98939789	98944618	2	2	0	15	0	45
chr6	98941658	98944618	2	2	1	210	0	39
chr6	125162102	125162211	2	2	1	306	9	37
chr6	128371086	128371967	1	1	1	4312	1	45
chr6	128371086	128372530	1	1	1	2	0	49
chr6	128371086	128372533	1	1	1	17	0	46
chr6	128372013	128372504	1	1	0	21	0	26
chr6	128372013	128372509	1	1	0	8	0	31
chr6	128372013	128372530	1	1	1	546	0	49
chr6	128372013	128372533	1	1	1	3675	1	46
chr6	128372013	128372536	1	1	0	1	0	43
chr6	128372013	128372539	1	1	0	1	0	40
chr6	128372018	128372530	1	1	0	3	0	49
chr6	128372018	128372533	1	1	0	38	0	46
chr7	67240441	67244520	2	2	1	145	0	24
chr7	67240441	67250479	2	2	0	1	0	40
chr7	67240441	67251656	2	2	1	2135	1	45
chr7	67244545	67251656	2	2	1	146	0	24
chr7	67250582	67251656	2	2	0	1	0	38
chr7	99849060	99858763	2	2	1	1	0	44
chr7	102001660	102002294	1	1	1	1551	1	43
chr7	102001660	102007485	1	1	1	704	0	45
chr7	102002337	102007485	1	1	1	1544	0	42
chr7	112839481	112841887	1	1	1	3	0	41
chr7	112839481	112842039	1	1	1	93	0	41
chr7	112839481	112856052	1	1	1	2	0	12
chr7	112839481	112856797	1	1	1	10	0	41
chr7	112841951	112856052	1	1	1	1	0	12
chr7	112842103	112856052	1	1	1	90	0	12
chr7	112842103	112856797	1	1	1	4	0	37
chr7	112856065	112856797	1	1	1	93	0	12
chr7	127980247	127981190	1	1	1	9	0	5
chr7	127981292	127981410	1	1	1	14	0	42
chr8	25532429	25555507	1	1	1	2	0	44
chr8	25532429	25557730	1	1	1	3	0	44
chr8	25555775	25557730	1	1	1	3	0	37
chr8	91688606	91932332	1	1	0	8	0	13
chr8	95100453	95100646	2	2	1	817	1	31
chr8	95100453	95101408	2	2	0	156	0	46
chr8	95100674	95101408	2	2	1	817	1	42
chr8	123268550	123268744	2	2	1	153	0	46
chr9	43027296	43040539	2	2	1	95	0	39
chr9	43027296	43042590	2	2	1	177	0	45
chr9	43040593	43042590	2	2	0	1	0	43
chr9	43040597	43042590	2	2	1	96	0	45
chr9	80093642	80098885	1	1	1	8087	7	30
chr9	80093642	80098892	1	1	0	205	0	18
chr9	80093642	80103693	1	1	1	589	1	45
chr9	80093642	80103698	1	1	0	2	0	44
chr9	80098907	80103693	1	1	1	8293	7	24
chr9	80098907	80103698	1	1	0	8	0	21
chr9	114597607	114597794	2	2	1	446	0	38
chr9	114597607	114598704	2	2	0	21	0	42
chr9	114597825	114598704	2	2	0	7	0	30
chr9	114597831	114598704	2	2	1	437	0	36
chr11	79458907	79463232	1	1	1	7	0	42
chr11	79458907	79468716	1	1	1	89	0	42
chr11	79463296	79468716	1	1	1	7	0	38
chr11	83497297	83497893	1	1	1	1	0	16
chr11	83497927	83499072	1	1	1	1	0	33
chr11	94112147	94113262	1	1	1	126	0	24
chr11	94112147	94114172	1	1	1	298	0	32
chr11	94113302	94114172	1	1	1	132	0	39
chr11	102310577	102310925	2	2	1	50	0	44
chr11	102310577	102311379	2	2	1	682	0	46
chr11	102311037	102311379	2	2	1	50	0	45
chr12	71952560	71958746	1	1	1	38	0	27
chr12	71952560	71959805	1	1	1	70	0	44
chr12	71958774	71959805	1	1	1	38	0	31
chr12	83811361	83811669	2	2	0	1	0	37
chr12	83811361	83825258	2	2	1	106	0	34
chr12	83811361	83831921	2	2	1	431	1	44
chr12	83811744	83831921	2	2	0	1	0	38
chr12	83825292	83831921	2	2	1	106	0	34
chr12	104697145	104700364	2	2	1	1	0	39
chr12	113133338	113133495	1	1	0	96	8	42
chr12	113133338	113133540	1	1	1	1837	41	43
chr12	113133338	113135796	1	1	1	26	0	29
chr12	113133577	113134800	1	1	0	7	0	12
chr12	113133577	113135796	1	1	1	1821	49	29
chr12	113134813	113135796	1	1	0	7	0	12
chr13	3888523	3888870	2	2	1	1	0	6
chr13	46778990	46785245	2	2	0	2	0	44
chr13	46778994	46780545	2	2	0	1	0	24
chr13	46778994	46780625	2	2	1	730	0	40
chr13	46778994	46785245	2	2	1	2429	3	50
chr13	46780665	46785245	2	2	1	733	0	39
chr13	56084286	56088251	2	2	1	1	0	40
chr13	56084286	56089757	2	2	1	49	0	41
chr13	56084286	56096123	2	2	0	1	0	38
chr13	56088343	56096123	2	2	1	1	0	38
chr13	56089858	56096123	2	2	1	51	0	41
chr13	59816388	59816657	2	2	1	1	0	36
chr14	57643224	57643334	2	2	1	1	0	39
chr14	57643224	57648418	2	2	1	64	0	39
chr14	57643490	57648418	2	2	1	1	0	38
chr14	120389164	120395711	1	1	1	219	1	39
chr14	120389164	120396450	1	1	1	368	0	48
chr14	120395766	120396450	1	1	1	226	1	48
chr15	77102940	77105576	2	2	1	212	0	42
chr15	77102940	77113604	2	2	1	20	0	48
chr15	77105670	77113604	2	2	1	218	0	48
chr15	103242719	103243624	1	1	1	1	0	33
chr15	103244029	103244255	1	1	1	1	0	25
chr16	57178021	57181491	2	2	1	271	0	43
chr16	57178021	57182850	2	2	1	145	0	44
chr16	57181537	57182850	2	2	1	270	0	33
chr17	12979205	13846588	1	1	0	46	1	12
chr17	13846640	13848354	1	1	1	4842	8	24
chr17	13846640	13849107	1	1	1	3561	2	45
chr17	13846640	13849113	1	1	0	12	0	47
chr17	13848376	13849107	1	1	1	4832	9	41
chr17	13848376	13849113	1	1	0	2	0	21
chr17	45570567	45570665	2	2	1	633	1	42
chr17	45570800	45571017	2	2	1	660	0	21
chr17	51783067	51785528	2	2	1	2	0	40
chr17	51785641	51803430	2	2	1	2	0	14
chr18	53948155	53948381	1	1	0	1	0	39
chr18	53948155	53948644	1	1	1	15232	11	33
chr18	53948155	53953244	1	1	1	2990	3	44
chr18	53948447	53948644	1	1	0	1	0	13
chr18	53948666	53953244	1	1	0	20	0	21
chr18	53948669	53953244	1	1	1	15180	9	37
chr18	53948669	53953268	1	1	0	1	0	24
chr18	53948673	53953244	1	1	0	2	0	28
chr18	64515406	64516415	2	2	1	1	0	42
chr19	7281256	7281797	2	4	1	213	0	39
chr19	7281256	7282725	2	2	1	1271	0	36
chr19	7281960	7282725	2	2	1	238	0	35
