chr1	34295537	34296741	1	1	1	35	0	18
chr1	34295537	34299720	1	1	1	161	0	40
chr1	34296760	34299720	1	1	1	35	0	19
chr1	40010678	40011649	1	1	1	29	0	21
chr1	40010678	40014105	1	1	1	63	0	32
chr1	40011842	40014105	1	1	1	29	0	40
chr1	82735508	82747082	1	1	1	4	0	40
chr1	82735508	82750519	1	1	1	60	0	40
chr1	82747143	82750519	1	1	1	4	0	38
chr2	32292216	32296625	1	1	1	49	0	43
chr2	59926161	59932104	2	2	1	1	0	10
chr2	59932171	59933405	2	2	0	7	0	33
chr2	59932171	59933411	2	2	1	42	0	31
chr2	59932171	59933670	2	2	1	12	0	38
chr2	59933439	59933670	2	2	1	48	0	28
chr2	71849507	71853533	1	1	1	37	0	39
chr2	71849507	71855853	1	1	1	1910	2	43
chr2	71853664	71855853	1	1	1	38	0	41
chr2	75662926	75663570	1	1	1	5	0	36
chr2	91001089	91001461	1	1	1	484	0	25
chr2	91001511	91003210	1	1	1	474	0	23
chr2	91001511	91003299	1	1	0	1	0	46
chr2	91003238	91003810	1	1	0	1	0	27
chr2	91003346	91003810	1	1	1	15	0	36
chr2	91159306	91160316	2	2	1	4	0	47
chr2	91159306	91162027	2	2	1	181	0	47
chr2	91160371	91162027	2	2	1	4	0	38
chr2	91681696	91682025	2	2	1	3	0	50
chr2	91681696	91684668	2	2	1	663	0	50
chr2	91682137	91684668	2	2	1	3	0	38
chr2	153670448	153670848	1	1	1	54	0	43
chr2	153670448	153672215	1	1	1	3	1	50
chr2	153670909	153672215	1	1	1	55	0	50
chr2	153713625	153714954	1	1	1	0	1	48
chr2	168752731	168754433	2	2	0	1	0	47
chr2	168752741	168754433	2	2	1	13806	12	46
chr2	168754480	168788998	2	2	0	1	0	12
chr3	60613521	60614682	1	1	1	110	0	45
chr3	60613521	60615619	1	1	1	28	0	44
chr3	60614737	60615619	1	1	1	111	0	40
chr3	87733505	87734423	1	1	1	3	0	39
chr3	87733505	87735344	1	1	0	136	0	44
chr3	87734553	87735344	1	1	1	3	0	37
chr3	88483947	88484046	2	2	1	112	1	37
chr3	88484155	88484614	2	2	1	113	1	39
chr3	119724187	119724611	2	2	1	1612	0	34
chr3	119724187	119726065	2	2	1	4	0	29
chr3	119724646	119726065	2	2	1	1650	0	38
chr3	129825617	129826823	2	2	1	1	0	36
chr4	31992517	31994873	1	1	1	1209	1	40
chr4	31992517	32002088	1	1	1	649	1	49
chr4	31994955	32002088	1	1	1	1208	1	49
chr4	107009769	107027216	1	1	1	60	0	40
chr4	107009769	107028192	1	1	1	303	0	43
chr4	107027298	107028192	1	1	1	67	0	42
chr4	107031092	107036935	1	1	1	1	0	29
chr5	23565266	23616326	2	2	1	190	0	45
chr5	23568264	23616326	2	2	0	1	0	45
chr5	72958287	72965803	1	1	1	2	0	37
chr5	72958287	72974530	1	1	1	25	0	41
chr5	72965882	72974530	1	1	1	2	0	41
chr5	116482537	116591333	2	2	1	8	0	50
chr5	149184807	149185349	1	1	0	1	0	43
chr5	149184807	149185484	1	1	1	2	0	43
chr5	149184807	149187707	1	1	1	51	1	44
chr5	149184807	149188344	1	1	1	182	0	43
chr5	149185662	149188344	1	1	0	1	0	39
chr5	149187835	149188344	1	1	1	7	0	39
chr5	149187864	149188344	1	1	0	2	0	39
chr5	149187877	149188344	1	1	1	44	1	41
chr6	72633011	72633215	2	2	1	0	1	6
chr6	72634209	72649119	2	2	0	1	0	40
chr6	72634233	72648800	2	2	1	3629	4	42
chr6	72634233	72649119	2	2	1	6605	8	50
chr6	72648843	72649119	2	2	1	3603	4	42
chr6	98939789	98940994	2	2	1	7	0	45
chr6	98939789	98941535	2	2	1	65	0	46
chr6	98939789	98944618	2	2	0	16	0	45
chr6	98941165	98944618	2	2	0	7	0	36
chr6	98941658	98944618	2	2	1	66	0	36
chr6	125162102	125162211	2	2	1	497	20	36
chr6	128371086	128371967	1	1	1	1404	1	42
chr6	128371086	128372504	1	1	0	1	0	39
chr6	128371086	128372530	1	1	1	104	0	49
chr6	128371086	128372533	1	1	1	859	1	46
chr6	128371086	128372536	1	1	0	1	0	43
chr6	128372013	128372504	1	1	0	3	0	26
chr6	128372013	128372509	1	1	0	2	0	31
chr6	128372013	128372530	1	1	1	200	0	47
chr6	128372013	128372533	1	1	1	1172	1	46
chr6	128372013	128372536	1	1	0	1	0	43
chr6	128372018	128372530	1	1	0	3	0	49
chr6	128372018	128372533	1	1	0	18	0	46
chr7	67240441	67244520	2	2	1	9	0	24
chr7	67240441	67251656	2	2	1	537	0	50
chr7	67244545	67251656	2	2	1	9	0	24
chr7	101405603	102001614	1	1	0	6	0	13
chr7	102001660	102002294	1	1	1	190	0	44
chr7	102001660	102007485	1	1	1	2973	2	47
chr7	102002337	102007485	1	1	1	189	0	38
chr7	112839481	112841887	1	1	1	9	0	41
chr7	112839481	112842039	1	1	1	116	0	41
chr7	112839481	112856052	1	1	1	2	0	12
chr7	112839481	112856797	1	1	1	12	0	41
chr7	112841951	112856052	1	1	1	2	0	12
chr7	112841951	112856797	1	1	0	5	0	37
chr7	112842103	112856052	1	1	1	10	0	12
chr7	112842103	112856797	1	1	1	109	0	38
chr7	112856065	112856797	1	1	1	14	0	12
chr7	127980247	127981190	1	1	1	12	0	6
chr7	127981292	127981410	1	1	1	12	0	6
chr7	144861833	144862231	1	1	1	1752	2	39
chr7	144861837	144862231	1	1	0	8	0	32
chr7	144862267	144862764	1	1	0	5	0	35
chr7	144862336	144862764	1	1	1	1735	2	45
chr7	144862377	144862764	1	1	0	2	0	37
chr8	25532429	25555507	1	1	1	1	0	44
chr8	25532429	25557730	1	1	1	2	0	44
chr8	25555775	25557730	1	1	1	1	0	38
chr8	72219861	72219940	1	1	1	1	0	30
chr8	95100448	95100646	2	2	0	5	0	27
chr8	95100453	95100646	2	2	1	309	2	31
chr8	95100453	95101408	2	2	0	704	0	46
chr8	95100674	95101408	2	2	1	314	2	42
chr8	95101447	95139983	2	2	0	0	1	15
chr8	123268550	123268744	2	2	1	86	1	48
chr9	43027296	43040539	2	2	1	19	0	38
chr9	43027296	43042590	2	2	1	210	0	45
chr9	43040597	43042590	2	2	1	19	0	45
chr9	80093642	80098885	1	1	1	1205	1	30
chr9	80093642	80098892	1	1	0	10	0	14
chr9	80093642	80103693	1	1	1	7567	3	46
chr9	80093642	80103698	1	1	0	7	0	44
chr9	80098907	80103693	1	1	1	1216	1	29
chr9	114597607	114597794	2	2	1	228	0	39
chr9	114597607	114598704	2	2	0	369	0	45
chr9	114597825	114598704	2	2	0	2	0	30
chr9	114597831	114598704	2	2	1	222	0	39
chr11	20335249	20831974	1	1	0	0	4	13
chr11	60804409	60806945	2	2	1	1	0	30
chr11	60807043	60810903	2	2	1	1	0	35
chr11	79458907	79463232	1	1	1	25	0	42
chr11	79458907	79468716	1	1	1	27	1	42
chr11	79463296	79468716	1	1	1	26	0	38
chr11	94112147	94113262	1	1	1	14	0	21
chr11	94112147	94114172	1	1	1	204	0	32
chr11	94113302	94114172	1	1	1	15	0	39
chr11	102310577	102310925	2	2	1	84	0	43
chr11	102310577	102311379	2	2	1	191	0	45
chr11	102311037	102311379	2	2	1	83	0	45
chr12	71952560	71959805	1	1	1	168	0	43
chr12	83811361	83825258	2	2	1	165	0	33
chr12	83811361	83831921	2	2	1	182	0	41
chr12	83825292	83831921	2	2	1	164	0	38
chr12	113133338	113133495	1	1	0	11	0	42
chr12	113133338	113133540	1	1	1	216	0	39
chr12	113133338	113134186	1	1	0	3	0	42
chr12	113133338	113135796	1	1	1	667	0	29
chr12	113133577	113135796	1	1	1	217	0	29
chr12	113134231	113135796	1	1	0	3	0	29
chr13	46778994	46780545	2	2	0	1	0	40
chr13	46778994	46780625	2	2	1	608	0	41
chr13	46778994	46785245	2	2	1	2326	5	46
chr13	46780665	46785245	2	2	1	618	0	39
chr13	56084286	56089757	2	2	1	17	0	40
chr13	56084286	56096123	2	2	0	1	0	38
chr13	56089858	56096123	2	2	1	15	0	42
chr14	57643224	57643334	2	2	1	4	0	39
chr14	57643224	57648418	2	2	1	118	0	41
chr14	57643490	57648418	2	2	1	4	0	38
chr14	120389164	120395711	1	1	1	257	0	38
chr14	120389164	120395717	1	1	0	1	0	38
chr14	120389164	120396450	1	1	1	80	0	48
chr14	120395766	120396450	1	1	1	267	0	48
chr15	77102940	77105576	2	2	1	129	1	40
chr15	77102940	77113604	2	2	1	15	0	44
chr15	77105670	77113604	2	2	1	129	1	48
chr15	103242719	103243624	1	1	1	1	2	33
chr16	57178021	57181491	2	2	1	13	0	43
chr16	57178021	57182850	2	2	1	991	0	44
chr16	57181537	57182850	2	2	1	13	0	33
chr16	84831508	84834808	2	2	1	1	0	44
chr16	94686604	94691580	1	1	1	2	0	45
chr17	12979205	13846588	1	1	0	26	1	12
chr17	13846613	13849107	1	1	0	2	0	37
chr17	13846640	13848354	1	1	1	450	0	21
chr17	13846640	13849107	1	1	1	10609	9	45
chr17	13846640	13849113	1	1	0	75	1	47
chr17	13848376	13849107	1	1	1	445	0	29
chr17	13848376	13849113	1	1	0	5	0	21
chr17	45570567	45570665	2	2	1	431	1	42
chr17	45570800	45571017	2	2	1	500	1	21
chr18	53948138	53953244	1	1	0	4	0	37
chr18	53948155	53948644	1	1	1	1542	1	28
chr18	53948155	53953244	1	1	1	12090	17	47
chr18	53948669	53953244	1	1	1	1535	1	26
chr18	53948669	53953268	1	1	0	1	0	24
chr18	53949588	53953244	1	1	0	2	0	34
chr19	7281256	7281797	2	4	1	191	0	40
chr19	7281256	7282725	2	2	1	444	0	35
chr19	7281960	7282725	2	2	1	196	0	35
