chr1	34295537	34296741	1	1	1	30	0	18
chr1	34295537	34299720	1	1	1	15	0	38
chr1	34296760	34299720	1	1	1	30	0	18
chr1	40010678	40011649	1	1	1	79	1	28
chr1	40010678	40011783	1	1	0	1	0	21
chr1	40010678	40011787	1	1	0	2	0	21
chr1	40010678	40011811	1	1	0	3	0	21
chr1	40010678	40014105	1	1	1	23	0	32
chr1	40011842	40014105	1	1	1	84	1	37
chr1	58558058	58565856	2	2	1	1	0	25
chr1	58565955	58586211	2	2	1	1	0	46
chr1	82735508	82747082	1	1	1	2	0	40
chr1	82735508	82750519	1	1	1	35	0	40
chr1	82747143	82750519	1	1	1	2	0	38
chr2	32292216	32293314	1	1	1	3	0	43
chr2	32292216	32296625	1	1	1	46	0	44
chr2	32293396	32296625	1	1	1	3	0	38
chr2	59926161	59932104	2	2	1	1	0	31
chr2	59932171	59933405	2	2	0	34	0	37
chr2	59932171	59933411	2	2	1	222	0	31
chr2	59932171	59933670	2	2	1	5	0	38
chr2	59933439	59933670	2	2	1	248	0	28
chr2	71849507	71853533	1	1	1	353	1	40
chr2	71849507	71855853	1	1	1	2839	1	43
chr2	71853664	71855853	1	1	1	363	1	41
chr2	71853664	71855868	1	1	0	1	0	46
chr2	75662926	75663570	1	1	1	1	0	27
chr2	91001089	91001461	1	1	1	351	1	24
chr2	91001511	91003210	1	1	1	342	0	25
chr2	91001511	91003299	1	1	0	2	0	46
chr2	91003238	91003810	1	1	0	1	0	27
chr2	91003346	91003810	1	1	1	10	0	36
chr2	91159306	91160316	2	2	1	113	0	47
chr2	91159306	91162027	2	2	1	230	1	47
chr2	91160371	91162027	2	2	1	115	0	40
chr2	91681696	91684668	2	2	1	106	0	50
chr2	153670448	153672215	1	1	1	2	0	50
chr2	168752741	168754433	2	2	1	2	0	44
chr3	60613521	60614682	1	1	1	643	1	45
chr3	60613521	60615619	1	1	1	396	0	44
chr3	60614737	60615619	1	1	1	644	2	42
chr3	87733505	87734423	1	1	1	1	0	39
chr3	87733505	87735344	1	1	0	7	0	39
chr3	87734553	87735344	1	1	1	1	0	37
chr3	88483947	88484046	2	2	1	140	0	39
chr3	88484155	88484614	2	2	1	140	0	41
chr3	119724187	119724611	2	2	1	3007	2	34
chr3	119724187	119726065	2	2	1	13	0	29
chr3	119724646	119726065	2	2	1	3073	2	38
chr4	31992517	31994873	1	1	1	118	0	39
chr4	31992517	32002088	1	1	1	1942	5	49
chr4	31994955	32002088	1	1	1	116	0	49
chr4	107009769	107027216	1	1	1	7	0	38
chr4	107009769	107028192	1	1	1	55	0	41
chr4	107027298	107028192	1	1	1	8	0	41
chr5	23565266	23616326	2	2	1	385	0	45
chr5	72958287	72965803	1	1	1	1	0	37
chr5	72958287	72974530	1	1	1	62	0	43
chr5	72965882	72974530	1	1	1	1	0	41
chr5	116477146	116482389	2	2	1	1	0	33
chr5	116482537	116591333	2	2	1	444	2	50
chr5	149184807	149187707	1	1	1	14	1	44
chr5	149184807	149188344	1	1	1	261	1	44
chr5	149187835	149188344	1	1	1	1	0	39
chr5	149187864	149188344	1	1	0	1	0	39
chr5	149187877	149188344	1	1	1	12	1	39
chr6	98939789	98940994	2	2	1	1	0	45
chr6	98939789	98941535	2	2	1	67	0	47
chr6	98939789	98944618	2	2	0	9	0	45
chr6	98941165	98944618	2	2	0	1	0	36
chr6	98941658	98944618	2	2	1	65	0	36
chr6	125162102	125162211	2	2	1	123	3	36
chr6	128371086	128371967	1	1	1	1824	0	41
chr6	128371086	128372533	1	1	1	6	0	46
chr6	128372013	128372504	1	1	0	12	0	27
chr6	128372013	128372509	1	1	0	3	0	31
chr6	128372013	128372530	1	1	1	225	0	49
chr6	128372013	128372533	1	1	1	1569	0	46
chr6	128372018	128372530	1	1	0	1	0	49
chr6	128372018	128372533	1	1	0	19	0	46
chr6	128372208	128372533	1	1	0	1	0	46
chr7	67240441	67244520	2	2	1	94	0	24
chr7	67240441	67251656	2	2	1	826	0	44
chr7	67244545	67251656	2	2	1	93	0	24
chr7	102001660	102002294	1	1	1	393	0	43
chr7	102001660	102007485	1	1	1	347	0	43
chr7	102002337	102007485	1	1	1	394	0	40
chr7	112839481	112841887	1	1	1	5	0	41
chr7	112839481	112842039	1	1	1	81	0	42
chr7	112839481	112856052	1	1	1	1	0	12
chr7	112839481	112856797	1	1	1	5	0	41
chr7	112841951	112856052	1	1	1	2	0	12
chr7	112842103	112856052	1	1	1	80	0	12
chr7	112842103	112856797	1	1	1	1	0	37
chr7	112856065	112856797	1	1	1	83	0	12
chr7	127980247	127981190	1	1	1	6	0	22
chr7	127981292	127981410	1	1	1	6	0	6
chr8	25532429	25557730	1	1	1	1	0	43
chr8	95100448	95100646	2	2	0	1	0	27
chr8	95100453	95100646	2	2	1	395	0	31
chr8	95100453	95101408	2	2	0	129	0	46
chr8	95100674	95101408	2	2	1	396	0	42
chr8	123268550	123268744	2	2	1	60	0	47
chr9	43027296	43040539	2	2	1	46	0	38
chr9	43027296	43042590	2	2	1	82	0	45
chr9	43040597	43042590	2	2	1	46	0	46
chr9	80093642	80098885	1	1	1	3871	2	26
chr9	80093642	80098892	1	1	0	108	0	18
chr9	80093642	80103693	1	1	1	142	0	45
chr9	80098907	80103693	1	1	1	3975	2	24
chr9	80098907	80103698	1	1	0	3	0	21
chr9	80101891	80103693	1	1	0	1	0	37
chr9	114597607	114597794	2	2	1	233	0	38
chr9	114597607	114598704	2	2	0	5	0	40
chr9	114597825	114598704	2	2	0	3	0	30
chr9	114597831	114598704	2	2	1	230	0	36
chr11	79458907	79463232	1	1	1	5	0	43
chr11	79458907	79468716	1	1	1	87	0	44
chr11	79463296	79468716	1	1	1	5	0	39
chr11	94112147	94113262	1	1	1	46	0	29
chr11	94112147	94114172	1	1	1	215	0	32
chr11	94113302	94114172	1	1	1	47	0	39
chr11	102310577	102310925	2	2	1	19	0	42
chr11	102310577	102311379	2	2	1	331	0	46
chr11	102311037	102311379	2	2	1	19	0	45
chr12	71952560	71958746	1	1	1	30	0	27
chr12	71952560	71959805	1	1	1	40	0	43
chr12	71958774	71959805	1	1	1	30	0	27
chr12	83811361	83825258	2	2	1	17	0	37
chr12	83811361	83831921	2	2	1	199	1	43
chr12	83825292	83831921	2	2	1	16	0	33
chr12	83825334	83831921	2	2	0	1	0	38
chr12	113133338	113133447	1	1	0	1	0	42
chr12	113133338	113133495	1	1	0	40	7	46
chr12	113133338	113133540	1	1	1	795	23	43
chr12	113133338	113135796	1	1	1	12	0	29
chr12	113133577	113134761	1	1	0	1	0	21
chr12	113133577	113134800	1	1	0	1	0	12
chr12	113133577	113135796	1	1	1	803	30	29
chr12	113134813	113135796	1	1	0	2	0	29
chr13	46778990	46785245	2	2	0	1	0	44
chr13	46778994	46780625	2	2	1	222	0	40
chr13	46778994	46785245	2	2	1	1316	0	46
chr13	46780665	46785245	2	2	1	223	0	39
chr13	56084286	56089757	2	2	1	25	0	41
chr13	56089858	56096123	2	2	1	26	0	39
chr14	57643224	57643334	2	2	1	1	0	39
chr14	57643224	57648418	2	2	1	47	0	40
chr14	57643490	57648418	2	2	1	1	0	38
chr14	120389164	120395711	1	1	1	163	2	39
chr14	120389164	120395717	1	1	0	2	0	38
chr14	120389164	120396450	1	1	1	214	0	48
chr14	120395766	120396450	1	1	1	172	2	48
chr15	77102940	77105576	2	2	1	110	0	43
chr15	77102940	77113604	2	2	1	9	0	48
chr15	77105670	77113604	2	2	1	109	0	48
chr16	57178021	57181491	2	2	1	135	0	44
chr16	57178021	57182850	2	2	1	54	0	43
chr16	57181537	57182850	2	2	1	135	0	37
chr17	12979205	13846588	1	1	0	43	0	12
chr17	13846640	13848354	1	1	1	1477	1	21
chr17	13846640	13849107	1	1	1	3051	2	46
chr17	13846640	13849113	1	1	0	8	0	47
chr17	13848376	13849107	1	1	1	1474	1	41
chr17	13848376	13849113	1	1	0	5	0	21
chr17	45570567	45570665	2	2	1	223	1	42
chr17	45570800	45571017	2	2	1	245	1	21
chr17	64313119	64331795	2	2	1	1	0	14
chr18	10726534	10740982	1	1	1	1	0	15
chr18	53948155	53948644	1	1	1	7603	3	28
chr18	53948155	53953244	1	1	1	1882	1	43
chr18	53948666	53953244	1	1	0	1	0	21
chr18	53948669	53952264	1	1	0	1	0	15
chr18	53948669	53953244	1	1	1	7594	3	37
chr18	53948669	53953268	1	1	0	1	0	24
chr18	53952324	53953244	1	1	0	1	0	37
chr19	7281251	7282725	2	2	0	1	0	26
chr19	7281256	7281797	2	4	1	87	0	39
chr19	7281256	7282725	2	2	1	553	0	35
chr19	7281960	7282725	2	2	1	92	0	26
chrX	73952667	73952825	2	2	1	2	0	10
