chr1	34295537	34296741	1	1	1	104	0	18
chr1	34295537	34299720	1	1	1	54	0	38
chr1	34296760	34299720	1	1	1	104	0	19
chr1	40010678	40011649	1	1	1	87	0	21
chr1	40010678	40014105	1	1	1	42	2	32
chr1	40011842	40014105	1	1	1	82	0	38
chr1	82735508	82741817	1	1	1	2	0	40
chr1	82735508	82747082	1	1	1	2	0	40
chr1	82735508	82750519	1	1	1	99	0	40
chr1	82741977	82750519	1	1	1	1	0	38
chr1	82747143	82750519	1	1	1	2	0	38
chr2	32292216	32293314	1	1	1	11	0	43
chr2	32292216	32296625	1	1	1	115	0	43
chr2	32293396	32296625	1	1	1	11	0	38
chr2	59932171	59933405	2	2	0	72	0	33
chr2	59932171	59933411	2	2	1	509	0	32
chr2	59932171	59933670	2	2	1	3	0	37
chr2	59933439	59933670	2	2	1	576	0	28
chr2	71849507	71853533	1	1	1	515	1	43
chr2	71849507	71853875	1	1	0	1	0	15
chr2	71849507	71855853	1	1	1	4954	5	44
chr2	71853664	71855853	1	1	1	537	1	43
chr2	71853891	71855853	1	1	0	1	0	15
chr2	75662926	75663570	1	1	1	3	1	39
chr2	75663715	75665027	1	1	1	0	1	13
chr2	91001089	91001461	1	1	1	638	1	34
chr2	91001089	91003299	1	1	0	2	0	33
chr2	91001511	91003210	1	1	1	627	1	20
chr2	91003346	91003810	1	1	1	9	0	36
chr2	91159306	91160316	2	2	1	194	1	47
chr2	91159306	91162027	2	2	1	360	0	47
chr2	91160371	91162027	2	2	1	193	1	41
chr2	91681696	91682025	2	2	1	1	0	50
chr2	91681696	91684668	2	2	1	279	0	50
chr2	91682137	91684668	2	2	1	1	0	38
chr2	153670448	153670848	1	1	1	1	0	42
chr2	153670448	153672215	1	1	1	4	0	50
chr2	153670909	153672215	1	1	1	1	0	50
chr3	60613521	60614682	1	1	1	1225	1	45
chr3	60613521	60614688	1	1	0	1	0	38
chr3	60613521	60615619	1	1	1	729	1	45
chr3	60614737	60615619	1	1	1	1228	1	42
chr3	87733505	87734423	1	1	1	16	0	43
chr3	87733505	87735344	1	1	0	18	0	40
chr3	87734553	87735344	1	1	1	17	0	37
chr3	88483947	88484046	2	2	1	398	3	41
chr3	88484155	88484614	2	2	1	393	3	42
chr3	119724187	119724611	2	2	1	7916	1	34
chr3	119724187	119726065	2	2	1	15	0	29
chr3	119724646	119726065	2	2	1	8080	2	39
chr4	31992517	31994873	1	1	1	283	1	39
chr4	31992517	32002088	1	1	1	3816	6	49
chr4	31994955	32002088	1	1	1	283	1	49
chr4	32002154	32010315	1	1	1	1	0	2
chr4	107009769	107027216	1	1	1	19	0	39
chr4	107009769	107028192	1	1	1	106	0	43
chr4	107027298	107028192	1	1	1	21	0	41
chr5	13042670	13661475	1	1	0	4	0	13
chr5	23565266	23616326	2	2	1	830	1	46
chr5	72958287	72965803	1	1	1	2	0	40
chr5	72958287	72974530	1	1	1	120	0	41
chr5	72965882	72974530	1	1	1	3	0	41
chr5	116477146	116482389	2	2	1	1	0	33
chr5	116482537	116591333	2	2	1	801	2	50
chr5	149184807	149185484	1	1	1	1	0	43
chr5	149184807	149187707	1	1	1	20	0	43
chr5	149184807	149188344	1	1	1	760	3	45
chr5	149187835	149188344	1	1	1	2	0	39
chr5	149187864	149188344	1	1	0	1	0	39
chr5	149187877	149188344	1	1	1	17	0	39
chr6	98939789	98941535	2	2	1	164	0	46
chr6	98939789	98944618	2	2	0	12	0	45
chr6	98941658	98944618	2	2	1	163	0	36
chr6	125162102	125162211	2	2	1	369	7	39
chr6	128371086	128371967	1	1	1	4051	4	42
chr6	128371086	128372530	1	1	1	5	0	49
chr6	128371086	128372533	1	1	1	11	0	46
chr6	128372013	128372504	1	1	0	28	0	27
chr6	128372013	128372509	1	1	0	9	0	31
chr6	128372013	128372530	1	1	1	534	1	49
chr6	128372013	128372533	1	1	1	3433	4	46
chr6	128372018	128372533	1	1	0	46	0	46
chr7	67240441	67244520	2	2	1	130	0	24
chr7	67240441	67251656	2	2	1	1462	1	45
chr7	67244545	67251656	2	2	1	130	0	24
chr7	101474369	102001612	1	1	0	4	1	12
chr7	102001660	102002294	1	1	1	1258	1	42
chr7	102001660	102007485	1	1	1	832	2	44
chr7	102002337	102007485	1	1	1	1258	1	42
chr7	102003812	102007485	1	1	0	1	0	38
chr7	112839481	112841887	1	1	1	2	0	41
chr7	112839481	112842039	1	1	1	116	0	41
chr7	112839481	112856052	1	1	1	6	0	12
chr7	112839481	112856797	1	1	1	8	0	41
chr7	112841951	112856052	1	1	1	1	0	12
chr7	112842103	112856052	1	1	1	105	0	12
chr7	112842103	112856797	1	1	1	5	0	37
chr7	112856065	112856797	1	1	1	113	0	14
chr7	127977322	127978140	1	1	1	1	0	9
chr7	127980247	127981190	1	1	1	5	0	6
chr7	127981292	127981410	1	1	1	5	0	6
chr8	25532429	25557730	1	1	1	3	0	44
chr8	25555775	25557730	1	1	1	2	0	37
chr8	91688606	91932332	1	1	0	4	0	13
chr8	95100453	95100646	2	2	1	605	1	31
chr8	95100453	95101408	2	2	0	243	0	46
chr8	95100674	95101408	2	2	1	605	1	43
chr8	123268550	123268744	2	2	1	194	0	46
chr9	43027296	43040539	2	2	1	132	0	38
chr9	43027296	43042590	2	2	1	119	0	45
chr9	43040593	43042590	2	2	0	1	0	45
chr9	43040597	43042590	2	2	1	131	0	46
chr9	80093642	80098885	1	1	1	7900	8	27
chr9	80093642	80098892	1	1	0	193	0	19
chr9	80093642	80103693	1	1	1	225	0	45
chr9	80098907	80101831	1	1	0	2	0	21
chr9	80098907	80103693	1	1	1	8091	8	29
chr9	80101891	80103693	1	1	0	2	0	37
chr9	80103765	80111310	1	1	1	1	0	23
chr9	114597607	114597794	2	2	1	432	0	38
chr9	114597607	114598704	2	2	0	16	0	40
chr9	114597825	114598704	2	2	0	8	0	30
chr9	114597831	114598704	2	2	1	423	0	36
chr11	79458907	79463232	1	1	1	13	0	42
chr11	79458907	79468716	1	1	1	169	0	43
chr11	79463296	79468716	1	1	1	15	0	39
chr11	94112147	94113262	1	1	1	78	1	21
chr11	94112147	94114172	1	1	1	453	1	32
chr11	94113302	94114172	1	1	1	82	1	39
chr11	102310577	102310925	2	2	1	49	0	42
chr11	102310577	102311379	2	2	1	769	2	46
chr11	102311037	102311379	2	2	1	49	0	45
chr12	71952560	71958746	1	1	1	66	0	27
chr12	71952560	71959805	1	1	1	70	0	44
chr12	71958774	71959805	1	1	1	66	0	29
chr12	83811361	83825258	2	2	1	60	0	33
chr12	83811361	83831921	2	2	1	375	2	41
chr12	83825292	83831921	2	2	1	60	0	33
chr12	113133338	113133495	1	1	0	124	17	45
chr12	113133338	113133540	1	1	1	2092	64	42
chr12	113133338	113135796	1	1	1	33	0	29
chr12	113133577	113134186	1	1	0	1	0	28
chr12	113133577	113134761	1	1	0	2	0	21
chr12	113133577	113134800	1	1	0	16	0	14
chr12	113133577	113135796	1	1	1	2139	81	29
chr12	113134231	113135796	1	1	0	2	0	29
chr12	113134813	113135796	1	1	0	18	0	29
chr13	46778990	46785245	2	2	0	1	0	44
chr13	46778994	46780625	2	2	1	581	1	41
chr13	46778994	46785245	2	2	1	2756	5	50
chr13	46780665	46785245	2	2	1	578	1	39
chr13	56084286	56089757	2	2	1	60	0	41
chr13	56089858	56096123	2	2	1	60	0	42
chr14	57643224	57643334	2	2	1	1	0	39
chr14	57643224	57648418	2	2	1	115	0	39
chr14	57643490	57648418	2	2	1	1	0	38
chr14	101654106	101654207	1	1	1	1	0	4
chr14	120389164	120395711	1	1	1	242	1	39
chr14	120389164	120395717	1	1	0	1	0	38
chr14	120389164	120396450	1	1	1	361	1	48
chr14	120395766	120396450	1	1	1	249	1	48
chr15	77102940	77105576	2	2	1	231	0	41
chr15	77102940	77113604	2	2	1	18	0	48
chr15	77105670	77113604	2	2	1	232	0	48
chr15	77112788	77113604	2	2	0	1	0	44
chr16	57178021	57181491	2	2	1	332	1	43
chr16	57178021	57182850	2	2	1	225	0	44
chr16	57181507	57182850	2	2	0	1	0	15
chr16	57181537	57182850	2	2	1	329	1	33
chr16	77076522	77077003	1	1	1	2	0	29
chr17	12979205	13846588	1	1	0	33	4	12
chr17	13846640	13848354	1	1	1	3464	5	25
chr17	13846640	13849107	1	1	1	6317	13	49
chr17	13846640	13849113	1	1	0	46	0	47
chr17	13848376	13849107	1	1	1	3455	5	29
chr17	13848376	13849113	1	1	0	5	0	21
chr17	45570567	45570665	2	2	1	353	1	42
chr17	45570800	45571017	2	2	1	423	1	21
chr18	10726534	10740982	1	1	1	1	0	15
chr18	53948155	53948644	1	1	1	12983	11	33
chr18	53948155	53953244	1	1	1	2666	4	43
chr18	53948155	53953268	1	1	0	1	0	40
chr18	53948666	53953244	1	1	0	5	0	21
chr18	53948669	53953244	1	1	1	12964	10	38
chr18	53948669	53953268	1	1	0	2	0	24
chr18	53948673	53953244	1	1	0	1	0	28
chr19	7281256	7281797	2	4	1	232	2	42
chr19	7281256	7282725	2	2	1	1259	0	36
chr19	7281960	7282725	2	2	1	241	2	29
