chr1	34295537	34296741	1	1	1	92	0	18
chr1	34295537	34299720	1	1	1	29	0	38
chr1	34296760	34299720	1	1	1	92	0	18
chr1	40010678	40011649	1	1	1	96	0	22
chr1	40010678	40011783	1	1	0	1	0	21
chr1	40010678	40014105	1	1	1	34	1	32
chr1	40011842	40014105	1	1	1	88	0	37
chr1	82735508	82741817	1	1	1	4	0	40
chr1	82735508	82747082	1	1	1	2	0	40
chr1	82735508	82750519	1	1	1	44	0	40
chr1	82747143	82750519	1	1	1	4	0	38
chr2	32194997	32199000	1	1	1	1	0	39
chr2	32292216	32293314	1	1	1	12	0	43
chr2	32292216	32296625	1	1	1	77	0	43
chr2	32293396	32296625	1	1	1	12	0	38
chr2	59926161	59932104	2	2	1	3	0	20
chr2	59932171	59933405	2	2	0	75	0	36
chr2	59932171	59933411	2	2	1	345	2	32
chr2	59932171	59933670	2	2	1	5	0	32
chr2	59933439	59933670	2	2	1	417	2	28
chr2	71849507	71853533	1	1	1	716	0	41
chr2	71849507	71853820	1	1	0	1	0	37
chr2	71849507	71855853	1	1	1	4362	3	44
chr2	71849507	71855868	1	1	0	7	0	46
chr2	71853664	71855853	1	1	1	720	0	42
chr2	71853891	71855853	1	1	0	2	0	40
chr2	75662926	75663570	1	1	1	3	2	36
chr2	91001089	91001461	1	1	1	788	0	27
chr2	91001089	91003299	1	1	0	3	0	33
chr2	91001511	91003210	1	1	1	777	0	25
chr2	91003238	91003810	1	1	0	1	0	27
chr2	91003346	91003810	1	1	1	20	0	36
chr2	91159306	91160316	2	2	1	225	0	47
chr2	91159306	91162027	2	2	1	364	0	47
chr2	91160371	91162027	2	2	1	233	0	39
chr2	91681696	91684668	2	2	1	149	0	50
chr3	60613521	60614682	1	1	1	1545	1	45
chr3	60613521	60614688	1	1	0	1	0	38
chr3	60613521	60615619	1	1	1	925	1	45
chr3	60614737	60615619	1	1	1	1510	1	43
chr3	87733505	87734423	1	1	1	14	0	39
chr3	87733505	87735344	1	1	0	6	0	39
chr3	87734553	87735344	1	1	1	13	0	37
chr3	88483947	88484046	2	2	1	180	1	38
chr3	88484155	88484614	2	2	1	185	1	39
chr3	119724187	119724611	2	2	1	4452	4	34
chr3	119724187	119726065	2	2	1	13	0	29
chr3	119724646	119726065	2	2	1	4633	4	38
chr3	129825617	129826823	2	2	1	1	0	36
chr4	31992517	31994873	1	1	1	243	1	39
chr4	31992517	32002088	1	1	1	2717	5	49
chr4	31994955	32002088	1	1	1	236	1	49
chr4	107009769	107027216	1	1	1	16	0	38
chr4	107009769	107028192	1	1	1	146	0	47
chr4	107027298	107028192	1	1	1	22	0	42
chr5	23565266	23616326	2	2	1	801	2	45
chr5	72958287	72965803	1	1	1	2	0	40
chr5	72958287	72974530	1	1	1	66	0	44
chr5	72965882	72974530	1	1	1	2	0	41
chr5	116482537	116591333	2	2	1	893	5	50
chr5	149184807	149185484	1	1	1	1	0	43
chr5	149184807	149187707	1	1	1	21	0	43
chr5	149184807	149188344	1	1	1	548	1	45
chr5	149185662	149188344	1	1	0	1	0	39
chr5	149187835	149188344	1	1	1	2	0	39
chr5	149187877	149188344	1	1	1	18	0	39
chr6	47577668	47594893	2	2	1	2	0	39
chr6	98939789	98941535	2	2	1	201	0	46
chr6	98939789	98944618	2	2	0	23	0	45
chr6	98941658	98944618	2	2	1	200	0	37
chr6	125162102	125162211	2	2	1	273	6	38
chr6	128371086	128371967	1	1	1	3533	2	44
chr6	128371086	128372533	1	1	1	15	0	46
chr6	128372013	128372278	1	1	0	1	0	27
chr6	128372013	128372504	1	1	0	9	0	26
chr6	128372013	128372509	1	1	0	10	0	31
chr6	128372013	128372530	1	1	1	480	0	47
chr6	128372013	128372533	1	1	1	2959	2	46
chr6	128372013	128372536	1	1	0	1	0	43
chr6	128372018	128372530	1	1	0	9	0	49
chr6	128372018	128372533	1	1	0	35	0	46
chr6	128372306	128372533	1	1	0	1	0	27
chr7	67240441	67244520	2	2	1	162	0	24
chr7	67240441	67251656	2	2	1	1347	0	47
chr7	67240443	67251659	1	1	0	1	0	41
chr7	67244545	67251656	2	2	1	162	0	25
chr7	102001660	102002294	1	1	1	1165	0	43
chr7	102001660	102007485	1	1	1	637	0	45
chr7	102002337	102007485	1	1	1	1159	0	42
chr7	102002538	102007485	1	1	0	1	0	38
chr7	112839481	112841887	1	1	1	3	0	41
chr7	112839481	112842039	1	1	1	93	0	41
chr7	112839481	112856797	1	1	1	5	0	41
chr7	112841951	112856052	1	1	1	1	0	12
chr7	112842103	112856052	1	1	1	92	0	12
chr7	112842103	112856797	1	1	1	2	0	37
chr7	112856065	112856797	1	1	1	94	0	13
chr7	127972305	127972553	1	1	1	2	0	22
chr7	127980247	127981190	1	1	1	9	0	5
chr7	127981292	127981410	1	1	1	12	0	28
chr8	25532429	25557730	1	1	1	1	0	37
chr8	33386064	33386329	1	1	0	2	0	46
chr8	72219861	72219940	1	1	1	1	0	30
chr8	95100453	95100646	2	2	1	767	0	31
chr8	95100453	95101408	2	2	0	148	0	46
chr8	95100674	95101408	2	2	1	767	0	42
chr8	123268550	123268744	2	2	1	164	0	47
chr9	43027296	43040539	2	2	1	105	0	39
chr9	43027296	43042590	2	2	1	130	0	45
chr9	43040593	43042590	2	2	0	3	0	43
chr9	43040597	43042590	2	2	1	100	0	45
chr9	43042036	43042590	2	2	0	1	0	43
chr9	80093642	80098847	1	1	0	1	0	44
chr9	80093642	80098885	1	1	1	7042	3	32
chr9	80093642	80098892	1	1	0	214	0	14
chr9	80093642	80103693	1	1	1	301	0	44
chr9	80098907	80101831	1	1	0	2	0	21
chr9	80098907	80103693	1	1	1	7251	3	37
chr9	80098907	80103698	1	1	0	6	0	21
chr9	80101891	80103693	1	1	0	3	0	37
chr9	114597607	114597794	2	2	1	427	0	38
chr9	114597607	114598704	2	2	0	13	0	42
chr9	114597825	114598704	2	2	0	2	0	30
chr9	114597831	114598704	2	2	1	425	0	36
chr10	79863056	79863144	1	1	1	12	0	32
chr10	88767593	88768634	2	2	1	1	0	27
chr11	79458907	79463232	1	1	1	13	0	42
chr11	79458907	79468716	1	1	1	124	0	43
chr11	79463296	79468716	1	1	1	13	0	39
chr11	85005929	85006992	2	2	1	1	0	12
chr11	94112147	94113262	1	1	1	87	0	21
chr11	94112147	94114172	1	1	1	302	0	32
chr11	94113302	94114172	1	1	1	89	0	39
chr11	102310577	102310925	2	2	1	33	0	42
chr11	102310577	102311360	2	2	0	1	0	42
chr11	102310577	102311379	2	2	1	592	2	46
chr11	102311037	102311379	2	2	1	33	0	45
chr12	71952560	71958746	1	1	1	48	1	27
chr12	71952560	71959805	1	1	1	38	0	44
chr12	71958774	71959805	1	1	1	48	1	29
chr12	83811361	83825258	2	2	1	47	0	33
chr12	83811361	83831921	2	2	1	315	1	41
chr12	83825292	83831921	2	2	1	47	0	34
chr12	112928622	113133308	1	1	0	0	4	13
chr12	113133338	113133495	1	1	0	104	14	46
chr12	113133338	113133540	1	1	1	1491	42	43
chr12	113133338	113135796	1	1	1	28	0	29
chr12	113133577	113134186	1	1	0	1	0	28
chr12	113133577	113134800	1	1	0	2	0	12
chr12	113133577	113135796	1	1	1	1506	56	29
chr12	113134231	113135796	1	1	0	1	0	29
chr12	113134813	113135796	1	1	0	2	0	12
chr13	46778994	46780625	2	2	1	360	0	41
chr13	46778994	46785245	2	2	1	2267	1	46
chr13	46780665	46785245	2	2	1	362	0	40
chr13	56084244	56096123	2	2	0	1	0	19
chr13	56084286	56089757	2	2	1	46	0	40
chr13	56084286	56096123	2	2	0	1	0	40
chr13	56089858	56096123	2	2	1	47	0	41
chr14	57643224	57643334	2	2	1	1	0	39
chr14	57643224	57648418	2	2	1	94	0	41
chr14	57643490	57648418	2	2	1	1	0	38
chr14	120389164	120395711	1	1	1	209	2	38
chr14	120389164	120395717	1	1	0	1	0	38
chr14	120389164	120396450	1	1	1	347	1	48
chr14	120395766	120396450	1	1	1	210	1	48
chr15	77102940	77105576	2	2	1	172	0	41
chr15	77102940	77113604	2	2	1	16	0	48
chr15	77105670	77113604	2	2	1	171	0	48
chr16	57178021	57181491	2	2	1	215	0	44
chr16	57178021	57182850	2	2	1	167	0	44
chr16	57181537	57182850	2	2	1	214	0	33
chr16	84831508	84834808	2	2	1	1	0	22
chr17	12979205	13846588	1	1	0	40	0	12
chr17	13846640	13848354	1	1	1	3293	3	22
chr17	13846640	13849107	1	1	1	4845	4	44
chr17	13846640	13849113	1	1	0	31	0	48
chr17	13848376	13849107	1	1	1	3268	3	29
chr17	13848376	13849113	1	1	0	8	0	21
chr17	45570567	45570665	2	2	1	644	1	42
chr17	45570800	45571017	2	2	1	699	1	23
chr18	10726534	10740982	1	1	1	1	0	15
chr18	53948155	53948644	1	1	1	15927	11	28
chr18	53948155	53948651	1	1	0	2	0	17
chr18	53948155	53953244	1	1	1	3819	4	45
chr18	53948155	53953268	1	1	0	4	0	40
chr18	53948162	53953244	1	1	0	1	0	37
chr18	53948666	53953244	1	1	0	14	0	21
chr18	53948669	53952820	1	1	0	1	0	15
chr18	53948669	53953244	1	1	1	15894	11	37
chr18	53952864	53953244	1	1	0	1	0	37
chr19	7281256	7281797	2	4	1	146	0	39
chr19	7281256	7282725	2	2	1	915	0	35
chr19	7281960	7282725	2	2	1	156	0	35
