chr1	34295537	34296741	1	1	1	173	0	18
chr1	34295537	34299720	1	1	1	35	0	42
chr1	34296760	34299720	1	1	1	173	0	19
chr1	37885317	37890159	2	2	1	2	0	37
chr1	40010678	40011649	1	1	1	157	0	32
chr1	40010678	40011783	1	1	0	1	0	21
chr1	40010678	40011811	1	1	0	4	0	21
chr1	40010678	40014105	1	1	1	63	1	32
chr1	40011842	40014105	1	1	1	158	0	38
chr1	58558058	58565856	2	2	1	1	0	3
chr1	58565955	58586211	2	2	1	1	0	49
chr1	82735508	82741817	1	1	1	2	0	40
chr1	82735508	82741934	1	1	0	1	0	40
chr1	82735508	82750519	1	1	1	65	0	42
chr1	82741977	82750519	1	1	1	1	0	38
chr1	82747143	82750519	1	1	1	1	0	38
chr2	32292216	32293314	1	1	1	14	0	43
chr2	32292216	32296625	1	1	1	105	0	44
chr2	32293396	32296625	1	1	1	13	0	39
chr2	59932171	59933405	2	2	0	102	0	37
chr2	59932171	59933411	2	2	1	607	0	31
chr2	59932171	59933670	2	2	1	2	0	38
chr2	59933439	59933670	2	2	1	700	0	28
chr2	71849507	71853533	1	1	1	1342	3	41
chr2	71849507	71853890	1	1	0	5	0	39
chr2	71849507	71855800	1	1	0	1	0	39
chr2	71849507	71855853	1	1	1	4359	6	43
chr2	71853664	71855853	1	1	1	1384	3	45
chr2	71853891	71855853	1	1	0	2	0	40
chr2	71853948	71855853	1	1	0	5	0	40
chr2	75662926	75663570	1	1	1	7	0	40
chr2	91001089	91001461	1	1	1	1058	0	29
chr2	91001089	91003299	1	1	0	0	1	33
chr2	91001511	91003210	1	1	1	1050	1	35
chr2	91003238	91003810	1	1	0	5	0	27
chr2	91003346	91003810	1	1	1	40	0	36
chr2	91159300	91162027	2	2	0	2	0	41
chr2	91159306	91160316	2	2	1	264	1	47
chr2	91159306	91162027	2	2	1	754	1	47
chr2	91160371	91162027	2	2	1	262	1	39
chr2	91681696	91682025	2	2	1	1	0	50
chr2	91681696	91684668	2	2	1	232	0	50
chr2	91682110	91684668	2	2	0	1	0	38
chr2	153670448	153672215	1	1	1	2	1	50
chr2	153713625	153714954	1	1	1	0	1	50
chr3	60201323	60613472	1	1	0	0	4	14
chr3	60613521	60614682	1	1	1	1806	4	45
chr3	60613521	60614688	1	1	0	6	0	44
chr3	60613521	60615619	1	1	1	2568	9	45
chr3	60614737	60615619	1	1	1	1819	4	42
chr3	87733505	87734423	1	1	1	19	0	40
chr3	87733505	87735344	1	1	0	13	1	39
chr3	87734553	87735344	1	1	1	19	0	37
chr3	88483947	88484046	2	2	1	245	0	41
chr3	88484155	88484614	2	2	1	246	0	43
chr3	119724187	119724611	2	2	1	4548	3	34
chr3	119724187	119726065	2	2	1	25	1	29
chr3	119724646	119726065	2	2	1	4688	3	38
chr3	119726116	120643502	2	2	0	4	0	13
chr4	31992517	31994873	1	1	1	235	2	39
chr4	31992517	32002088	1	1	1	3923	9	50
chr4	31994955	32002088	1	1	1	235	1	49
chr4	107009769	107027216	1	1	1	13	0	38
chr4	107009769	107028192	1	1	1	186	0	42
chr4	107027298	107028192	1	1	1	15	0	41
chr5	23565266	23616326	2	2	1	1170	0	46
chr5	72958287	72965803	1	1	1	5	0	40
chr5	72958287	72974530	1	1	1	108	0	42
chr5	72965882	72974530	1	1	1	6	0	43
chr5	74540990	74542008	1	1	1	4	0	15
chr5	116475248	116477058	2	2	1	1	0	25
chr5	116477146	116482389	2	2	1	2	0	32
chr5	116482532	116591333	2	2	0	4	0	45
chr5	116482537	116513708	2	2	0	1	0	32
chr5	116482537	116591333	2	2	1	967	3	50
chr5	149184807	149187707	1	1	1	47	0	45
chr5	149184807	149188344	1	1	1	468	2	45
chr5	149187806	149188344	1	1	0	1	0	39
chr5	149187835	149188344	1	1	1	2	0	39
chr5	149187877	149188344	1	1	1	44	0	39
chr6	47577668	47594893	2	2	1	2	0	24
chr6	98939789	98941535	2	2	1	237	0	45
chr6	98939789	98944618	2	2	0	13	0	45
chr6	98941658	98944618	2	2	1	236	0	36
chr6	125162102	125162211	2	2	1	360	13	39
chr6	128371086	128371967	1	1	1	4177	0	44
chr6	128371086	128372530	1	1	1	6	0	49
chr6	128371086	128372533	1	1	1	9	0	46
chr6	128372013	128372278	1	1	0	1	0	27
chr6	128372013	128372504	1	1	0	18	0	26
chr6	128372013	128372509	1	1	0	8	0	31
chr6	128372013	128372530	1	1	1	521	0	49
chr6	128372013	128372533	1	1	1	3578	0	46
chr6	128372013	128372536	1	1	0	3	0	43
chr6	128372013	128372539	1	1	0	1	0	40
chr6	128372018	128372530	1	1	0	2	0	49
chr6	128372018	128372533	1	1	0	48	0	46
chr6	128372208	128372533	1	1	0	2	0	46
chr6	128372306	128372533	1	1	0	1	0	27
chr7	25724845	25725923	2	2	1	1	0	41
chr7	67240441	67244520	2	2	1	343	1	24
chr7	67240441	67251656	2	2	1	2128	3	49
chr7	67240443	67251659	1	1	0	3	0	41
chr7	67244545	67251656	2	2	1	343	1	24
chr7	99849060	99858763	2	2	1	1	0	44
chr7	101288340	102001612	1	3	0	6	0	12
chr7	102001660	102002294	1	1	1	1732	1	43
chr7	102001660	102007485	1	1	1	624	0	45
chr7	102002337	102007485	1	1	1	1751	1	42
chr7	112839481	112841887	1	1	1	7	1	41
chr7	112839481	112842039	1	1	1	141	1	41
chr7	112839481	112856052	1	1	1	10	0	12
chr7	112839481	112856797	1	1	1	4	0	41
chr7	112839481	112856803	1	1	0	1	0	43
chr7	112841906	112842057	1	1	0	0	1	18
chr7	112841951	112856052	1	1	1	3	0	12
chr7	112842103	112856052	1	1	1	142	1	12
chr7	112842103	112856797	1	1	1	3	0	37
chr7	112856065	112856797	1	1	1	158	1	14
chr7	127972284	127980194	1	1	1	1	0	1
chr7	127980247	127981190	1	1	1	21	0	47
chr7	127981292	127981410	1	1	1	20	0	6
chr8	25532429	25555507	1	1	1	2	0	44
chr8	25532429	25557730	1	1	1	8	0	44
chr8	25555775	25557730	1	1	1	6	0	38
chr8	46207621	46208397	2	2	1	1	0	31
chr8	91688606	91932332	1	1	0	4	0	13
chr8	95100443	95100636	2	2	0	1	0	36
chr8	95100453	95100646	2	2	1	1271	1	32
chr8	95100453	95101408	2	2	0	203	0	46
chr8	95100674	95101408	2	2	1	1273	1	44
chr8	95101447	95139983	2	2	0	0	1	15
chr8	123268550	123268744	2	2	1	184	0	48
chr9	43027296	43040539	2	2	1	182	0	39
chr9	43027296	43042590	2	2	1	186	0	45
chr9	43040593	43042590	2	2	0	2	0	45
chr9	43040597	43042590	2	2	1	179	0	45
chr9	80093642	80098885	1	1	1	8987	4	31
chr9	80093642	80098892	1	1	0	195	0	14
chr9	80093642	80103693	1	1	1	266	0	44
chr9	80098907	80103693	1	1	1	9182	4	24
chr9	80098907	80103698	1	1	0	3	0	21
chr9	114597607	114597794	2	2	1	486	0	38
chr9	114597607	114598704	2	2	0	11	0	40
chr9	114597825	114598704	2	2	0	9	0	30
chr9	114597831	114598704	2	2	1	475	0	38
chr9	123011638	123013939	1	1	1	1	0	14
chr9	123014013	123014468	1	1	1	1	0	14
chr9	123014507	123017244	1	1	1	1	0	38
chr11	77847439	77847924	1	1	1	1	0	34
chr11	78233684	78245547	2	2	1	2	0	36
chr11	79006898	79458862	1	1	0	0	4	15
chr11	79458907	79463232	1	1	1	26	1	42
chr11	79458907	79468113	1	1	1	2	0	40
chr11	79458907	79468716	1	1	1	280	3	42
chr11	79463296	79468716	1	1	1	26	1	39
chr11	79468155	79468716	1	1	1	2	0	38
chr11	86301556	86303533	2	2	1	3	0	5
chr11	94112147	94113262	1	1	1	157	0	21
chr11	94112147	94114172	1	1	1	305	0	32
chr11	94113302	94114172	1	1	1	163	0	39
chr11	100481848	100482144	2	2	1	5	0	39
chr11	102309910	102310190	2	2	1	1	0	7
chr11	102310577	102310925	2	2	1	63	0	42
chr11	102310577	102311379	2	2	1	825	0	46
chr11	102311037	102311379	2	2	1	63	0	45
chr12	71952560	71958746	1	1	1	67	0	27
chr12	71952560	71959805	1	1	1	103	0	44
chr12	71958774	71959805	1	1	1	67	0	27
chr12	72656540	72659343	2	2	1	2	0	29
chr12	72657435	72659343	2	2	1	1	0	18
chr12	83811361	83825258	2	2	1	92	1	33
chr12	83811361	83831921	2	2	1	515	1	43
chr12	83825292	83831921	2	2	1	92	1	33
chr12	113133338	113133495	1	1	0	154	23	44
chr12	113133338	113133540	1	1	1	2352	65	43
chr12	113133338	113134800	1	1	0	1	0	14
chr12	113133338	113135796	1	1	1	25	0	29
chr12	113133577	113134761	1	1	0	2	0	21
chr12	113133577	113134800	1	1	0	7	0	12
chr12	113133577	113135796	1	1	1	2393	87	29
chr12	113134813	113135796	1	1	0	10	0	29
chr13	46778990	46785245	2	2	0	1	0	44
chr13	46778994	46780625	2	2	1	853	2	43
chr13	46778994	46785245	2	2	1	2284	8	47
chr13	46780665	46785245	2	2	1	847	2	40
chr13	56084286	56089757	2	2	1	49	0	40
chr13	56084286	56096123	2	2	0	1	0	40
chr13	56089858	56096123	2	2	1	47	0	38
chr14	31257768	31257880	1	1	1	1	0	46
chr14	57643224	57643334	2	2	1	1	0	39
chr14	57643224	57648418	2	2	1	124	0	47
chr14	57643490	57648418	2	2	1	1	0	38
chr14	120389164	120395711	1	1	1	265	1	39
chr14	120389164	120396450	1	1	1	952	1	48
chr14	120395766	120396450	1	1	1	271	1	48
chr15	77102940	77105576	2	2	1	348	0	42
chr15	77102940	77113604	2	2	1	24	0	48
chr15	77105670	77113604	2	2	1	349	0	48
chr15	103242719	103242921	1	1	1	0	2	36
chr15	103242719	103243624	1	1	1	1	2	33
chr16	57178021	57181491	2	2	1	442	0	44
chr16	57178021	57182850	2	2	1	178	1	44
chr16	57181537	57182850	2	2	1	443	0	37
chr17	12979205	13846588	1	1	0	61	0	12
chr17	13846640	13848354	1	1	1	4674	5	22
chr17	13846640	13849107	1	1	1	5240	5	49
chr17	13846640	13849113	1	1	0	19	0	47
chr17	13848376	13849107	1	1	1	4650	5	26
chr17	13848376	13849113	1	1	0	13	0	21
chr17	45570567	45570665	2	2	1	845	3	42
chr17	45570800	45571017	2	2	1	912	2	24
chr18	10726534	10740982	1	1	1	4	0	15
chr18	53948155	53948381	1	1	0	1	0	39
chr18	53948155	53948644	1	1	1	16345	13	39
chr18	53948155	53953244	1	1	1	2402	4	41
chr18	53948447	53948644	1	1	0	1	0	13
chr18	53948666	53953244	1	1	0	6	0	21
chr18	53948669	53953244	1	1	1	16321	13	37
chr18	53948669	53953268	1	1	0	1	0	24
chr18	53948778	53953244	1	1	0	1	0	36
chr18	53949705	53953244	1	1	0	1	0	19
chr18	64515409	64516415	2	2	1	1	0	37
chr19	7281251	7282725	2	2	0	1	0	26
chr19	7281256	7281797	2	4	1	202	0	39
chr19	7281256	7282725	2	2	1	1895	2	36
chr19	7281960	7282725	2	2	1	213	0	36
KV575235.1	147143	149353	1	1	0	0	1	33
