chr1	34295537	34296741	1	1	1	80	0	18
chr1	34295537	34299720	1	1	1	22	0	38
chr1	34296760	34299720	1	1	1	80	0	21
chr1	40010678	40011649	1	1	1	85	0	28
chr1	40010678	40011811	1	1	0	2	0	21
chr1	40010678	40014105	1	1	1	69	1	32
chr1	40011842	40014105	1	1	1	84	0	38
chr1	82735508	82741817	1	1	1	2	0	40
chr1	82735508	82747082	1	1	1	5	0	40
chr1	82735508	82750519	1	1	1	53	0	40
chr1	82747143	82750519	1	1	1	5	0	38
chr2	32292216	32293314	1	1	1	13	0	43
chr2	32292216	32296625	1	1	1	118	0	43
chr2	32293396	32296625	1	1	1	13	0	38
chr2	59926161	59932104	2	2	1	4	0	31
chr2	59932171	59933405	2	2	0	88	0	37
chr2	59932171	59933411	2	2	1	561	0	32
chr2	59932171	59933670	2	2	1	1	0	32
chr2	59933439	59933670	2	2	1	638	0	32
chr2	71849507	71853533	1	1	1	615	0	41
chr2	71849507	71853875	1	1	0	1	0	15
chr2	71849507	71855853	1	1	1	2232	4	44
chr2	71849507	71855868	1	1	0	8	0	46
chr2	71849511	71855853	1	1	0	3	0	40
chr2	71853664	71855853	1	1	1	638	0	43
chr2	71853891	71855853	1	1	0	1	0	15
chr2	75662926	75663570	1	1	1	2	0	36
chr2	91001089	91001461	1	1	1	505	1	34
chr2	91001511	91003210	1	1	1	499	1	20
chr2	91003346	91003810	1	1	1	10	0	36
chr2	91159300	91160316	2	2	0	1	0	41
chr2	91159306	91160316	2	2	1	141	0	47
chr2	91159306	91162027	2	2	1	796	2	47
chr2	91160371	91162027	2	2	1	145	0	40
chr2	91681696	91682025	2	2	1	1	0	50
chr2	91681696	91684668	2	2	1	287	1	50
chr2	91681831	91684668	2	2	0	1	0	38
chr2	91682110	91684668	2	2	0	1	0	38
chr2	153670448	153672215	1	1	1	5	0	50
chr3	60613521	60614682	1	1	1	1288	0	45
chr3	60613521	60614688	1	1	0	2	0	38
chr3	60613521	60615619	1	1	1	1538	5	45
chr3	60614737	60615619	1	1	1	1294	0	41
chr3	87733505	87734423	1	1	1	5	0	39
chr3	87733505	87735344	1	1	0	2	0	39
chr3	87734553	87735344	1	1	1	4	0	37
chr3	88483947	88484046	2	2	1	153	0	40
chr3	88483947	88484614	2	2	0	1	0	38
chr3	88484155	88484614	2	2	1	152	0	41
chr3	119724187	119724611	2	2	1	5596	3	34
chr3	119724187	119726065	2	2	1	27	0	29
chr3	119724646	119726065	2	2	1	5753	3	38
chr3	129825617	129826823	2	2	1	2	0	36
chr4	31992517	31994873	1	1	1	158	0	39
chr4	31992517	32002088	1	1	1	5786	12	49
chr4	31994955	32002088	1	1	1	155	0	49
chr4	107009769	107027216	1	1	1	11	0	39
chr4	107009769	107028192	1	1	1	167	0	42
chr4	107027298	107028192	1	1	1	14	0	42
chr5	23565266	23616326	2	2	1	790	1	46
chr5	72958287	72965803	1	1	1	2	0	37
chr5	72958287	72974530	1	1	1	125	0	42
chr5	72965882	72974530	1	1	1	2	0	41
chr5	116477146	116482389	2	2	1	1	0	33
chr5	116482537	116591333	2	2	1	1101	5	50
chr5	121134147	121134735	2	2	1	1	0	35
chr5	149184807	149187707	1	1	1	5	0	43
chr5	149184807	149188344	1	1	1	815	0	46
chr5	149187835	149188344	1	1	1	1	0	39
chr5	149187877	149188344	1	1	1	4	0	39
chr6	47577668	47594893	2	2	1	1	0	24
chr6	72634233	72649119	2	2	1	2	0	40
chr6	98939789	98941535	2	2	1	97	0	46
chr6	98939789	98944618	2	2	0	33	0	46
chr6	98941658	98944618	2	2	1	96	0	39
chr6	125162102	125162211	2	2	1	320	14	38
chr6	128371086	128371967	1	1	1	4440	5	44
chr6	128371086	128372530	1	1	1	3	0	49
chr6	128371086	128372533	1	1	1	17	0	46
chr6	128372013	128372504	1	1	0	17	0	27
chr6	128372013	128372509	1	1	0	4	0	31
chr6	128372013	128372530	1	1	1	538	0	49
chr6	128372013	128372533	1	1	1	3830	4	46
chr6	128372013	128372536	1	1	0	2	0	43
chr6	128372013	128372539	1	1	0	1	0	40
chr6	128372018	128372530	1	1	0	5	0	49
chr6	128372018	128372533	1	1	0	43	1	46
chr6	128372208	128372533	1	1	0	1	0	46
chr7	30192593	30192866	2	2	1	1	0	20
chr7	30192901	30193877	2	2	1	1	0	26
chr7	67240441	67244520	2	2	1	126	0	38
chr7	67240441	67251656	2	2	1	1431	1	44
chr7	67244545	67251656	2	2	1	125	0	24
chr7	101288340	102001612	1	3	0	4	0	12
chr7	102001660	102002294	1	1	1	1251	0	43
chr7	102001660	102007485	1	1	1	477	0	45
chr7	102002337	102007485	1	1	1	1253	0	42
chr7	112839481	112841887	1	1	1	1	0	41
chr7	112839481	112842039	1	1	1	100	0	41
chr7	112839481	112856052	1	1	1	3	0	12
chr7	112839481	112856797	1	1	1	6	0	41
chr7	112842103	112856052	1	1	1	94	0	12
chr7	112842103	112856797	1	1	1	4	0	37
chr7	112856065	112856797	1	1	1	99	0	14
chr7	127980247	127981190	1	1	1	8	0	47
chr7	127981292	127981410	1	1	1	10	0	6
chr8	25555775	25557730	1	1	1	2	0	37
chr8	33386064	33386329	1	1	0	1	0	25
chr8	47528031	47529328	2	2	1	1	0	18
chr8	91688606	91932332	1	1	0	5	2	13
chr8	95100453	95100646	2	2	1	1215	0	31
chr8	95100453	95101408	2	2	0	114	0	46
chr8	95100674	95101408	2	2	1	1215	0	42
chr8	123268550	123268744	2	2	1	223	0	47
chr9	43027296	43040539	2	2	1	119	0	38
chr9	43027296	43042590	2	2	1	165	0	45
chr9	43040597	43042590	2	2	1	119	0	45
chr9	80093642	80098885	1	1	1	8112	3	30
chr9	80093642	80098892	1	1	0	244	0	19
chr9	80093642	80103693	1	1	1	335	0	45
chr9	80098907	80099016	1	1	0	2	0	21
chr9	80098907	80103693	1	1	1	8359	3	24
chr9	80098907	80103698	1	1	0	2	0	21
chr9	80099049	80103693	1	1	0	2	0	37
chr9	114597607	114597794	2	2	1	369	0	38
chr9	114597607	114598704	2	2	0	26	0	42
chr9	114597825	114598704	2	2	0	8	0	30
chr9	114597831	114598704	2	2	1	360	0	36
chr11	79458907	79463232	1	1	1	7	0	42
chr11	79458907	79468716	1	1	1	135	1	43
chr11	79463296	79468716	1	1	1	6	0	39
chr11	79468155	79468716	1	1	1	1	0	38
chr11	94112147	94113262	1	1	1	120	0	21
chr11	94112147	94114172	1	1	1	391	0	32
chr11	94113302	94114172	1	1	1	123	0	39
chr11	100481848	100482144	2	2	1	4	0	39
chr11	102310577	102310925	2	2	1	37	0	43
chr11	102310577	102311379	2	2	1	1073	0	46
chr11	102311037	102311379	2	2	1	36	0	45
chr12	71952560	71958746	1	1	1	44	0	27
chr12	71952560	71959805	1	1	1	96	0	44
chr12	71958774	71959805	1	1	1	44	0	27
chr12	83811361	83825258	2	2	1	44	0	34
chr12	83811361	83831921	2	2	1	491	1	41
chr12	83825292	83831921	2	2	1	44	0	33
chr12	104697145	104700364	2	2	1	1	0	29
chr12	113133331	113133540	1	1	0	1	0	36
chr12	113133338	113133495	1	1	0	122	14	45
chr12	113133338	113133540	1	1	1	2825	57	43
chr12	113133338	113135796	1	1	1	20	0	29
chr12	113133577	113134186	1	1	0	1	0	28
chr12	113133577	113134800	1	1	0	17	0	14
chr12	113133577	113135796	1	1	1	2829	71	29
chr12	113134231	113135796	1	1	0	2	0	29
chr12	113134813	113135796	1	1	0	16	0	12
chr13	46778994	46780625	2	2	1	977	3	40
chr13	46778994	46785245	2	2	1	2919	5	46
chr13	46780663	46785245	2	2	0	1	0	37
chr13	46780665	46785245	2	2	1	980	3	40
chr13	56084286	56089757	2	2	1	36	0	40
chr13	56084286	56096123	2	2	0	1	0	40
chr13	56089858	56096123	2	2	1	37	0	38
chr14	57643224	57648418	2	2	1	123	0	47
chr14	120389164	120395711	1	1	1	213	1	40
chr14	120389164	120396450	1	1	1	611	1	48
chr14	120395766	120396450	1	1	1	225	1	48
chr15	77102940	77105576	2	2	1	146	0	41
chr15	77102940	77113604	2	2	1	10	0	44
chr15	77105670	77113604	2	2	1	147	0	48
chr15	103242719	103243624	1	1	1	0	1	33
chr16	57178021	57181491	2	2	1	392	1	45
chr16	57178021	57182850	2	2	1	181	0	44
chr16	57181507	57182850	2	2	0	1	0	15
chr16	57181537	57182850	2	2	1	388	1	37
chr17	12979205	13846588	1	1	0	63	2	12
chr17	13846613	13848354	1	1	0	2	0	21
chr17	13846640	13848354	1	1	1	6166	6	24
chr17	13846640	13848361	1	1	0	11	0	14
chr17	13846640	13849107	1	1	1	4579	6	49
chr17	13846640	13849113	1	1	0	12	0	47
chr17	13848376	13849107	1	1	1	6168	6	29
chr17	13848376	13849113	1	1	0	5	0	21
chr17	45570567	45570665	2	2	1	654	2	42
chr17	45570800	45571017	2	2	1	703	2	23
chr18	53948155	53948644	1	1	1	14493	13	33
chr18	53948155	53948651	1	1	0	3	0	17
chr18	53948155	53949213	1	1	0	1	0	39
chr18	53948155	53953244	1	1	1	2216	6	44
chr18	53948666	53953244	1	1	0	9	0	21
chr18	53948669	53949681	1	1	0	1	0	15
chr18	53948669	53953244	1	1	1	14468	8	37
chr18	53948673	53953244	1	1	0	1	0	28
chr18	53949263	53953244	1	1	0	1	0	37
chr18	53949705	53953244	1	1	0	1	0	23
chr19	7281251	7281791	2	2	0	1	0	43
chr19	7281256	7281797	2	4	1	196	0	39
chr19	7281256	7282725	2	2	1	1946	2	36
chr19	7281960	7282725	2	2	1	208	0	35
