chr1	34295537	34296741	1	1	1	132	0	18
chr1	34295537	34299720	1	1	1	38	0	38
chr1	34296760	34299720	1	1	1	132	0	19
chr1	40010678	40011629	1	1	0	1	0	21
chr1	40010678	40011649	1	1	1	169	0	21
chr1	40010678	40011811	1	1	0	2	0	21
chr1	40010678	40014105	1	1	1	64	4	32
chr1	40011842	40014105	1	1	1	166	0	39
chr1	58558058	58565856	2	2	1	1	0	38
chr1	58565955	58586211	2	2	1	1	0	30
chr1	82735508	82750519	1	1	1	71	0	40
chr2	32292216	32293314	1	1	1	22	0	43
chr2	32292216	32296625	1	1	1	93	0	46
chr2	32293396	32296625	1	1	1	22	0	39
chr2	59932171	59933405	2	2	0	82	0	33
chr2	59932171	59933411	2	2	1	508	0	31
chr2	59932171	59933670	2	2	1	6	0	38
chr2	59932219	59933405	2	2	0	1	0	30
chr2	59933439	59933670	2	2	1	586	0	32
chr2	71849507	71853533	1	1	1	1729	5	42
chr2	71849507	71853820	1	1	0	3	0	37
chr2	71849507	71855853	1	1	1	3937	7	44
chr2	71849507	71855868	1	1	0	1	0	46
chr2	71853664	71855853	1	1	1	1768	6	41
chr2	71853891	71855853	1	1	0	3	0	40
chr2	75662926	75663570	1	1	1	2	1	33
chr2	91001089	91001461	1	1	1	956	0	34
chr2	91001511	91003210	1	1	1	947	0	25
chr2	91001511	91003299	1	1	0	3	0	46
chr2	91003238	91003810	1	1	0	2	0	27
chr2	91003346	91003810	1	1	1	22	0	36
chr2	91159306	91160316	2	2	1	340	0	47
chr2	91159306	91162027	2	2	1	649	0	47
chr2	91160371	91162027	2	2	1	342	0	41
chr2	91681696	91684668	2	2	1	288	1	50
chr2	153670448	153672215	1	1	1	2	0	50
chr3	60422418	60613472	1	1	0	0	4	15
chr3	60613521	60614682	1	1	1	2272	3	46
chr3	60613521	60614688	1	1	0	2	0	38
chr3	60613521	60615619	1	1	1	1661	3	46
chr3	60613521	60615655	1	1	0	1	0	28
chr3	60614737	60615619	1	1	1	2271	4	40
chr3	87733505	87734423	1	1	1	26	0	39
chr3	87733505	87735344	1	1	0	11	0	39
chr3	87734553	87735344	1	1	1	24	0	37
chr3	88483947	88484046	2	2	1	370	0	38
chr3	88484155	88484614	2	2	1	365	0	40
chr3	119724187	119724611	2	2	1	9880	0	34
chr3	119724187	119726065	2	2	1	22	0	29
chr3	119724646	119726065	2	2	1	10175	0	40
chr3	119726116	119820407	2	2	0	3	0	13
chr3	129825617	129826823	2	2	1	2	0	36
chr4	31992517	31994873	1	1	1	577	0	40
chr4	31992517	32002088	1	1	1	3973	7	49
chr4	31994955	32002088	1	1	1	577	0	49
chr4	102927586	102928785	1	1	1	1	0	20
chr4	107009769	107027216	1	1	1	30	0	38
chr4	107009769	107028192	1	1	1	200	0	43
chr4	107027298	107028192	1	1	1	36	0	42
chr5	23565266	23616326	2	2	1	1197	0	46
chr5	72958287	72965803	1	1	1	1	0	37
chr5	72958287	72974530	1	1	1	133	0	42
chr5	72965882	72974530	1	1	1	1	0	41
chr5	116477146	116482389	2	2	1	1	0	44
chr5	116482537	116591333	2	2	1	1176	4	50
chr5	122284910	122308130	1	1	1	1	0	46
chr5	149184807	149185484	1	1	1	1	0	42
chr5	149184807	149187707	1	1	1	31	0	44
chr5	149184807	149188344	1	1	1	875	1	45
chr5	149185662	149188344	1	1	0	1	0	39
chr5	149187864	149188344	1	1	0	1	0	39
chr5	149187877	149188344	1	1	1	29	0	39
chr5	149188474	149193839	1	1	1	1	0	25
chr6	39688346	39725106	2	2	1	1	0	17
chr6	47577668	47594893	2	2	1	1	0	32
chr6	72634233	72648800	2	2	1	3	0	37
chr6	72648843	72649119	2	2	1	3	0	40
chr6	98939789	98940994	2	2	1	2	0	45
chr6	98939789	98941535	2	2	1	173	0	46
chr6	98939789	98944618	2	2	0	14	0	45
chr6	98941165	98944618	2	2	0	2	0	36
chr6	98941658	98944618	2	2	1	171	0	36
chr6	125162102	125162211	2	2	1	491	14	36
chr6	128371086	128371967	1	1	1	5126	3	45
chr6	128371086	128372530	1	1	1	5	0	49
chr6	128371086	128372533	1	1	1	16	0	46
chr6	128372013	128372278	1	1	0	1	0	27
chr6	128372013	128372504	1	1	0	19	0	26
chr6	128372013	128372509	1	1	0	10	0	31
chr6	128372013	128372530	1	1	1	647	0	49
chr6	128372013	128372533	1	1	1	4400	3	46
chr6	128372013	128372536	1	1	0	3	0	43
chr6	128372013	128372539	1	1	0	1	0	40
chr6	128372018	128372530	1	1	0	6	0	49
chr6	128372018	128372533	1	1	0	48	0	46
chr6	128372306	128372533	1	1	0	1	0	27
chr7	67240441	67244520	2	2	1	239	0	24
chr7	67240441	67251656	2	2	1	1935	0	46
chr7	67244545	67251656	2	2	1	239	0	24
chr7	102001660	102002294	1	1	1	1511	0	44
chr7	102001660	102007485	1	1	1	648	0	43
chr7	102002337	102007485	1	1	1	1509	0	42
chr7	112839481	112841887	1	1	1	7	1	41
chr7	112839481	112842039	1	1	1	173	1	42
chr7	112839481	112856052	1	1	1	3	0	12
chr7	112839481	112856797	1	1	1	4	0	41
chr7	112841906	112842057	1	1	0	0	1	18
chr7	112841951	112856052	1	1	1	1	0	12
chr7	112842103	112856052	1	1	1	176	1	12
chr7	112842103	112856797	1	1	1	3	0	37
chr7	112856065	112856797	1	1	1	180	1	14
chr7	112856065	112856803	1	1	0	1	0	12
chr7	127972771	127974399	1	1	1	1	0	10
chr7	127980247	127981190	1	1	1	23	0	38
chr7	127981292	127981410	1	1	1	21	0	7
chr8	25532429	25555507	1	1	1	1	0	44
chr8	25532429	25557730	1	1	1	11	0	44
chr8	25555775	25557730	1	1	1	2	0	37
chr8	33386064	33386329	1	1	0	1	0	46
chr8	91688606	91932332	1	1	0	5	0	13
chr8	95100453	95100646	2	2	1	1360	4	32
chr8	95100453	95101408	2	2	0	273	0	46
chr8	95100674	95101408	2	2	1	1360	4	43
chr8	95101447	95139983	2	2	0	1	0	15
chr8	111094827	111101860	1	1	1	1	0	49
chr8	123268550	123268744	2	2	1	293	0	49
chr9	43027296	43040539	2	2	1	160	0	38
chr9	43027296	43042590	2	2	1	167	1	45
chr9	43040597	43042590	2	2	1	161	0	45
chr9	80093642	80098885	1	1	1	10329	5	27
chr9	80093642	80098892	1	1	0	264	1	18
chr9	80093642	80103693	1	1	1	472	1	45
chr9	80098907	80099016	1	1	0	1	0	21
chr9	80098907	80101831	1	1	0	1	0	14
chr9	80098907	80103693	1	1	1	10593	6	24
chr9	80098907	80103698	1	1	0	4	0	21
chr9	80099049	80103693	1	1	0	1	0	37
chr9	80101891	80103693	1	1	0	1	0	37
chr9	114597607	114597790	2	2	0	2	0	40
chr9	114597607	114597794	2	2	1	651	0	39
chr9	114597607	114598704	2	2	0	43	0	43
chr9	114597825	114598704	2	2	0	8	0	30
chr9	114597831	114598704	2	2	1	644	0	38
chr11	79458907	79463232	1	1	1	21	0	42
chr11	79458907	79468716	1	1	1	270	0	44
chr11	79463296	79468716	1	1	1	21	0	38
chr11	94112147	94113262	1	1	1	104	0	21
chr11	94112147	94114172	1	1	1	579	0	32
chr11	94113302	94114172	1	1	1	106	0	39
chr11	102310577	102310925	2	2	1	64	0	44
chr11	102310577	102311379	2	2	1	1073	1	46
chr11	102311037	102311379	2	2	1	63	0	46
chr12	71952560	71958746	1	1	1	75	0	27
chr12	71952560	71959805	1	1	1	63	0	43
chr12	71958774	71959805	1	1	1	75	0	27
chr12	83811361	83825258	2	2	1	45	0	37
chr12	83811361	83831921	2	2	1	555	0	41
chr12	83825292	83831921	2	2	1	44	0	33
chr12	83825334	83831921	2	2	0	1	0	38
chr12	104697145	104700364	2	2	1	1	0	13
chr12	113133338	113133495	1	1	0	168	12	44
chr12	113133338	113133540	1	1	1	2799	86	43
chr12	113133338	113135796	1	1	1	23	0	29
chr12	113133577	113134186	1	1	0	4	0	28
chr12	113133577	113134800	1	1	0	8	0	12
chr12	113133577	113135796	1	1	1	2872	97	29
chr12	113134231	113135796	1	1	0	3	0	29
chr12	113134813	113135796	1	1	0	8	0	12
chr13	46778994	46780625	2	2	1	582	2	40
chr13	46778994	46785245	2	2	1	3717	5	45
chr13	46780665	46785245	2	2	1	582	2	40
chr13	56084286	56089757	2	2	1	95	0	43
chr13	56089858	56096123	2	2	1	95	0	41
chr14	57643217	57648418	2	2	0	1	0	46
chr14	57643224	57643334	2	2	1	1	0	39
chr14	57643224	57648418	2	2	1	142	0	47
chr14	57643490	57648418	2	2	1	1	0	38
chr14	120389164	120395711	1	1	1	356	1	40
chr14	120389164	120396450	1	1	1	593	2	48
chr14	120395766	120396450	1	1	1	368	1	48
chr15	77102940	77105576	2	2	1	242	0	42
chr15	77102940	77113604	2	2	1	8	0	44
chr15	77105670	77113604	2	2	1	242	0	48
chr15	103242719	103243624	1	1	1	0	2	33
chr16	57178021	57181491	2	2	1	375	0	44
chr16	57178021	57182850	2	2	1	161	0	44
chr16	57181507	57182850	2	2	0	3	0	15
chr16	57181537	57182850	2	2	1	372	0	34
chr17	12979205	13846588	1	1	0	104	1	12
chr17	13846613	13848354	1	1	0	4	0	21
chr17	13846640	13848354	1	1	1	5303	10	22
chr17	13846640	13849107	1	1	1	5681	6	44
chr17	13846640	13849113	1	1	0	23	0	47
chr17	13848376	13849107	1	1	1	5288	10	29
chr17	13848376	13849113	1	1	0	24	0	21
chr17	45570567	45570665	2	2	1	650	2	41
chr17	45570800	45571017	2	2	1	732	2	24
chr18	10726534	10740982	1	1	1	1	0	15
chr18	53948155	53948644	1	1	1	17708	15	28
chr18	53948155	53948651	1	1	0	3	0	17
chr18	53948155	53953244	1	1	1	4199	7	44
chr18	53948666	53953244	1	1	0	14	0	21
chr18	53948669	53949681	1	1	0	1	0	16
chr18	53948669	53953244	1	1	1	17686	13	37
chr18	53949705	53953244	1	1	0	1	0	23
chr18	64511701	64511784	2	2	1	1	0	45
chr18	64515409	64516415	2	2	1	1	0	30
chr19	7281256	7281797	2	4	1	276	0	39
chr19	7281256	7282725	2	2	1	2045	0	36
chr19	7281960	7282725	2	2	1	287	0	35
chr19	23687546	23694320	1	1	1	1	0	31
chr19	23694491	23703077	1	1	1	1	0	23
