chr1	34295537	34296741	1	1	1	91	0	18
chr1	34295537	34299720	1	1	1	21	0	39
chr1	34296760	34299720	1	1	1	91	0	18
chr1	40010678	40011649	1	1	1	111	0	21
chr1	40010678	40011787	1	1	0	1	0	21
chr1	40010678	40011811	1	1	0	3	0	21
chr1	40010678	40014105	1	1	1	53	3	32
chr1	40011842	40014105	1	1	1	111	0	38
chr1	82735508	82747082	1	1	1	1	0	40
chr1	82735508	82750519	1	1	1	88	0	44
chr1	82747143	82750519	1	1	1	1	0	38
chr2	32292216	32293314	1	1	1	9	0	43
chr2	32292216	32296625	1	1	1	133	0	43
chr2	32293396	32296625	1	1	1	9	0	38
chr2	59926161	59932104	2	2	1	2	0	23
chr2	59932171	59933405	2	2	0	91	0	37
chr2	59932171	59933411	2	2	1	542	0	32
chr2	59932171	59933670	2	2	1	4	0	38
chr2	59933439	59933670	2	2	1	623	0	30
chr2	71849507	71853533	1	1	1	814	0	44
chr2	71849507	71853820	1	1	0	1	0	37
chr2	71849507	71855853	1	1	1	3571	4	43
chr2	71849507	71855868	1	1	0	2	0	46
chr2	71853664	71855853	1	1	1	847	0	41
chr2	71853677	71855868	1	1	0	1	0	45
chr2	71853891	71855853	1	1	0	1	0	40
chr2	75662926	75663570	1	1	1	10	1	41
chr2	91001089	91001461	1	1	1	799	0	34
chr2	91001511	91003210	1	1	1	788	0	21
chr2	91001511	91003299	1	1	0	2	0	46
chr2	91003346	91003810	1	1	1	18	0	36
chr2	91159306	91160316	2	2	1	237	0	47
chr2	91159306	91162027	2	2	1	583	0	47
chr2	91160371	91162027	2	2	1	239	0	39
chr2	91681696	91682025	2	2	1	1	0	50
chr2	91681696	91684668	2	2	1	247	0	50
chr2	91681831	91684668	2	2	0	1	0	38
chr2	91682110	91684668	2	2	0	1	0	38
chr2	153670448	153672215	1	1	1	4	0	50
chr3	60422418	60613472	1	1	0	0	11	15
chr3	60613521	60614682	1	1	1	1448	5	46
chr3	60613521	60615619	1	1	1	1626	10	45
chr3	60614737	60615619	1	1	1	1449	5	38
chr3	87733505	87734423	1	1	1	13	0	39
chr3	87733505	87735344	1	1	0	12	0	39
chr3	87734553	87735344	1	1	1	13	0	37
chr3	88483947	88484046	2	2	1	375	4	41
chr3	88483947	88484614	2	2	0	5	0	38
chr3	88484155	88484614	2	2	1	373	4	41
chr3	119724187	119724611	2	2	1	6528	3	34
chr3	119724187	119726065	2	2	1	34	0	29
chr3	119724629	119726065	2	2	0	1	0	17
chr3	119724646	119726065	2	2	1	6681	3	38
chr3	119726116	119820407	2	2	0	2	0	13
chr3	119726206	119740314	2	2	1	1	0	40
chr3	129825617	129826823	2	2	1	2	0	36
chr4	31992517	31994873	1	1	1	287	0	39
chr4	31992517	32002088	1	1	1	4772	7	49
chr4	31994955	32002088	1	1	1	288	0	49
chr4	46468788	46469882	1	1	1	1	0	11
chr4	107009769	107027216	1	1	1	8	0	38
chr4	107009769	107028192	1	1	1	111	0	45
chr4	107027298	107028192	1	1	1	16	0	41
chr5	23565266	23616326	2	2	1	753	2	46
chr5	28493655	28539334	2	2	0	0	1	13
chr5	72958287	72974530	1	1	1	88	0	42
chr5	108433338	108433730	2	2	1	2	0	14
chr5	116482537	116591333	2	2	1	1454	7	50
chr5	149184807	149185484	1	1	1	1	0	42
chr5	149184807	149187707	1	1	1	17	0	44
chr5	149184807	149188344	1	1	1	673	2	45
chr5	149185662	149188344	1	1	0	1	0	39
chr5	149187806	149188344	1	1	0	1	0	39
chr5	149187835	149188344	1	1	1	1	0	39
chr5	149187877	149188344	1	1	1	15	0	39
chr6	98939789	98941535	2	2	1	166	0	45
chr6	98939789	98944618	2	2	0	24	0	45
chr6	98941658	98944618	2	2	1	163	0	36
chr6	125162102	125162211	2	2	1	420	13	38
chr6	128371086	128371967	1	1	1	3816	2	44
chr6	128371086	128372530	1	1	1	1	0	49
chr6	128371086	128372533	1	1	1	9	0	46
chr6	128372013	128372278	1	1	0	1	0	25
chr6	128372013	128372504	1	1	0	15	0	26
chr6	128372013	128372509	1	1	0	9	0	31
chr6	128372013	128372530	1	1	1	436	0	48
chr6	128372013	128372533	1	1	1	3315	2	46
chr6	128372013	128372536	1	1	0	1	0	43
chr6	128372018	128372530	1	1	0	3	0	49
chr6	128372018	128372533	1	1	0	41	0	46
chr6	128372306	128372530	1	1	0	1	0	27
chr7	67240441	67244520	2	2	1	145	0	24
chr7	67240441	67251656	2	2	1	1610	0	47
chr7	67244545	67251656	2	2	1	145	0	24
chr7	101445671	102001612	1	1	0	5	0	12
chr7	102001660	102002294	1	1	1	2110	2	43
chr7	102001660	102007485	1	1	1	628	1	45
chr7	102002337	102007485	1	1	1	2117	2	42
chr7	112839481	112841887	1	1	1	5	0	41
chr7	112839481	112842039	1	1	1	188	0	41
chr7	112839481	112856052	1	1	1	6	0	12
chr7	112839481	112856797	1	1	1	12	0	41
chr7	112841951	112856052	1	1	1	2	0	12
chr7	112842103	112856052	1	1	1	174	0	12
chr7	112842103	112856797	1	1	1	16	0	41
chr7	112856065	112856797	1	1	1	184	0	14
chr7	127980247	127981190	1	1	1	11	1	30
chr7	127981292	127981410	1	1	1	10	1	16
chr8	25532429	25555507	1	1	1	1	0	44
chr8	25532429	25557730	1	1	1	4	0	44
chr8	91688606	91932332	1	1	0	5	0	13
chr8	95100453	95100646	2	2	1	1091	1	31
chr8	95100453	95101408	2	2	0	158	0	46
chr8	95100666	95101408	2	2	0	2	0	19
chr8	95100674	95101408	2	2	1	1089	1	42
chr8	95101447	95139983	2	2	0	1	0	15
chr8	123268550	123268744	2	2	1	354	0	48
chr9	43027296	43040539	2	2	1	128	0	38
chr9	43027296	43042590	2	2	1	144	1	46
chr9	43040593	43042590	2	2	0	3	0	45
chr9	43040597	43042590	2	2	1	125	0	45
chr9	80093642	80098885	1	1	1	9389	4	26
chr9	80093642	80098892	1	1	0	223	0	19
chr9	80093642	80103693	1	1	1	376	0	45
chr9	80098907	80101831	1	1	0	1	0	14
chr9	80098907	80103693	1	1	1	9611	4	29
chr9	80098907	80103698	1	1	0	9	0	21
chr9	80099049	80103693	1	1	0	1	0	37
chr9	80101891	80103693	1	1	0	1	0	37
chr9	114597607	114597794	2	2	1	446	2	38
chr9	114597607	114598704	2	2	0	21	0	42
chr9	114597825	114598704	2	2	0	7	0	30
chr9	114597831	114598704	2	2	1	438	2	36
chr11	26778879	26787397	2	2	0	0	1	13
chr11	79458907	79463232	1	1	1	10	0	42
chr11	79458907	79468113	1	1	1	1	0	41
chr11	79458907	79468716	1	1	1	230	0	43
chr11	79463296	79468716	1	1	1	8	0	39
chr11	79468155	79468716	1	1	1	1	0	38
chr11	94112147	94113262	1	1	1	102	0	23
chr11	94112147	94114172	1	1	1	361	0	32
chr11	94113302	94114172	1	1	1	111	0	39
chr11	102310577	102310925	2	2	1	54	0	42
chr11	102310577	102311379	2	2	1	1077	2	46
chr11	102310577	102311403	2	2	0	1	0	21
chr11	102311037	102311379	2	2	1	54	0	45
chr12	71952560	71958746	1	1	1	66	0	27
chr12	71952560	71959805	1	1	1	74	0	44
chr12	71958774	71959805	1	1	1	66	0	27
chr12	83811361	83811669	2	2	0	1	0	37
chr12	83811361	83825258	2	2	1	44	0	33
chr12	83811361	83831921	2	2	1	528	0	41
chr12	83811744	83831921	2	2	0	1	0	38
chr12	83825292	83831921	2	2	1	44	0	33
chr12	113133338	113133495	1	1	0	133	12	44
chr12	113133338	113133540	1	1	1	2224	76	43
chr12	113133338	113135796	1	1	1	9	0	29
chr12	113133577	113134186	1	1	0	3	0	28
chr12	113133577	113134800	1	1	0	18	0	12
chr12	113133577	113135796	1	1	1	2280	88	29
chr12	113134231	113135796	1	1	0	2	0	29
chr12	113134813	113135796	1	1	0	18	0	12
chr13	46778994	46780625	2	2	1	815	2	44
chr13	46778994	46785245	2	2	1	3144	6	48
chr13	46780663	46785245	2	2	0	1	0	37
chr13	46780665	46785245	2	2	1	817	2	40
chr13	56084286	56089757	2	2	1	40	0	40
chr13	56089858	56096123	2	2	1	40	0	41
chr14	57643224	57648418	2	2	1	160	0	47
chr14	62353638	62360462	1	1	1	2	0	13
chr14	120389164	120395711	1	1	1	203	1	39
chr14	120389164	120396450	1	1	1	574	1	48
chr14	120395766	120396450	1	1	1	210	1	48
chr15	77102940	77105576	2	2	1	253	0	45
chr15	77102940	77113604	2	2	1	21	0	48
chr15	77105670	77113604	2	2	1	253	0	48
chr15	103242719	103243624	1	1	1	2	1	34
chr16	57178021	57181491	2	2	1	342	0	45
chr16	57178021	57182850	2	2	1	141	0	44
chr16	57181537	57182850	2	2	1	341	0	42
chr17	12979205	13846588	1	1	0	71	3	12
chr17	13846640	13848354	1	1	1	5941	9	24
chr17	13846640	13849107	1	1	1	5992	3	49
chr17	13846640	13849113	1	1	0	22	0	47
chr17	13848367	13849107	1	1	0	4	0	12
chr17	13848376	13849107	1	1	1	5907	9	41
chr17	13848376	13849113	1	1	0	15	0	21
chr17	45570567	45570665	2	2	1	745	1	42
chr17	45570800	45571017	2	2	1	854	1	24
chr17	51783067	51785528	2	2	1	1	0	40
chr17	51785641	51803430	2	2	1	1	0	14
chr17	56099388	56099858	1	1	1	6	0	23
chr18	10726534	10740982	1	1	1	2	0	15
chr18	53948155	53948644	1	1	1	15152	9	28
chr18	53948155	53953244	1	1	1	2457	2	45
chr18	53948666	53953244	1	1	0	12	0	21
chr18	53948669	53953244	1	1	1	15128	8	37
chr18	64511878	64511983	2	2	1	1	0	10
chr18	64512050	64515325	2	2	1	1	0	11
chr18	64515406	64516415	2	2	1	1	0	30
chr18	64515409	64516415	2	2	1	1	0	38
chr19	7281251	7282725	2	2	0	1	0	26
chr19	7281256	7281797	2	4	1	187	0	39
chr19	7281256	7282725	2	2	1	1927	0	36
chr19	7281960	7282725	2	2	1	195	0	35
chrX	159414893	159443922	1	1	1	1	0	11
