chr1	34295537	34296741	1	1	1	153	0	18
chr1	34295537	34299720	1	1	1	25	0	38
chr1	34296760	34299720	1	1	1	153	0	19
chr1	40010678	40011649	1	1	1	159	0	32
chr1	40010678	40011783	1	1	0	1	0	21
chr1	40010678	40011811	1	1	0	1	0	21
chr1	40010678	40014105	1	1	1	61	3	32
chr1	40011842	40014105	1	1	1	156	0	38
chr1	58565955	58586211	2	2	1	1	0	49
chr1	82735508	82741817	1	1	1	1	0	40
chr1	82735508	82747082	1	1	1	6	0	40
chr1	82735508	82750519	1	1	1	103	0	45
chr1	82747143	82750519	1	1	1	7	0	40
chr2	25272678	25272914	1	1	1	1	0	26
chr2	32292216	32293314	1	1	1	21	0	43
chr2	32292216	32296625	1	1	1	148	0	44
chr2	32293396	32296625	1	1	1	21	0	38
chr2	59926161	59932104	2	2	1	2	0	23
chr2	59932171	59933405	2	2	0	91	0	37
chr2	59932171	59933411	2	2	1	676	1	32
chr2	59932171	59933670	2	2	1	6	0	39
chr2	59933439	59933670	2	2	1	750	1	28
chr2	71849507	71853533	1	1	1	967	1	43
chr2	71849507	71853890	1	1	0	1	0	39
chr2	71849507	71855853	1	1	1	2160	2	44
chr2	71849507	71855868	1	1	0	4	0	46
chr2	71853664	71855853	1	1	1	1008	1	42
chr2	71853948	71855853	1	1	0	1	0	40
chr2	75662926	75663570	1	1	1	10	1	40
chr2	91001089	91001461	1	1	1	1413	0	27
chr2	91001511	91003210	1	1	1	1392	0	25
chr2	91001511	91003299	1	1	0	3	0	46
chr2	91003238	91003810	1	1	0	4	0	27
chr2	91003346	91003810	1	1	1	49	0	36
chr2	91003891	91004700	1	1	1	1	0	40
chr2	91159300	91162027	2	2	0	6	0	41
chr2	91159306	91160316	2	2	1	336	0	47
chr2	91159306	91162027	2	2	1	781	1	47
chr2	91160371	91162027	2	2	1	336	0	39
chr2	91681696	91682025	2	2	1	1	0	50
chr2	91681696	91682802	2	2	0	1	0	50
chr2	91681696	91684668	2	2	1	277	0	50
chr2	91682137	91684668	2	2	1	1	0	38
chr2	91682902	91684668	2	2	1	1	0	38
chr2	119691541	119692115	1	1	1	1	0	3
chr2	125844936	125848206	2	2	1	1	0	36
chr2	125848285	125849739	2	2	1	2	0	39
chr2	153670448	153672215	1	1	1	1	0	50
chr3	60613521	60614682	1	1	1	1661	4	46
chr3	60613521	60614688	1	1	0	1	0	38
chr3	60613521	60615619	1	1	1	1545	3	45
chr3	60614737	60615619	1	1	1	1669	4	43
chr3	87733505	87734423	1	1	1	30	0	43
chr3	87733505	87735344	1	1	0	10	0	39
chr3	87734553	87735344	1	1	1	30	0	37
chr3	88483947	88484046	2	2	1	536	1	43
chr3	88484155	88484614	2	2	1	518	1	42
chr3	119724187	119724611	2	2	1	7496	6	34
chr3	119724187	119726065	2	2	1	13	0	29
chr3	119724646	119726065	2	2	1	7653	6	38
chr3	119726116	120643502	2	2	0	5	0	13
chr3	119726206	119740314	2	2	1	1	0	40
chr3	129825617	129826823	2	2	1	1	0	36
chr4	31992517	31994873	1	1	1	458	0	39
chr4	31992517	32002088	1	1	1	4979	5	49
chr4	31994955	32002088	1	1	1	459	0	49
chr4	46468788	46469882	1	1	1	3	0	11
chr4	107009769	107027216	1	1	1	16	0	38
chr4	107009769	107028192	1	1	1	117	1	42
chr4	107027298	107028192	1	1	1	21	0	41
chr5	23565266	23616326	2	2	1	829	2	46
chr5	72958287	72965803	1	1	1	6	0	40
chr5	72958287	72974530	1	1	1	111	0	48
chr5	72965882	72974530	1	1	1	6	0	41
chr5	116477146	116482389	2	2	1	1	0	33
chr5	116482537	116591333	2	2	1	1081	9	50
chr5	116566843	116591333	2	2	0	1	0	43
chr5	149184807	149185484	1	1	1	1	0	42
chr5	149184807	149187707	1	1	1	42	0	43
chr5	149184807	149188344	1	1	1	969	0	45
chr5	149187835	149188344	1	1	1	4	0	39
chr5	149187877	149188344	1	1	1	37	0	39
chr6	51463255	51463410	2	2	1	1	0	23
chr6	98939789	98940994	2	2	1	1	0	45
chr6	98939789	98941535	2	2	1	266	0	46
chr6	98939789	98944618	2	2	0	17	0	45
chr6	98941165	98944618	2	2	0	1	0	36
chr6	98941658	98944618	2	2	1	264	0	37
chr6	125162102	125162211	2	2	1	660	28	36
chr6	128371086	128371967	1	1	1	4104	0	45
chr6	128371086	128371980	1	1	0	1	0	32
chr6	128371086	128372530	1	1	1	3	0	49
chr6	128371086	128372533	1	1	1	18	0	46
chr6	128372013	128372504	1	1	0	17	0	27
chr6	128372013	128372509	1	1	0	12	0	31
chr6	128372013	128372530	1	1	1	493	0	48
chr6	128372013	128372533	1	1	1	3543	0	46
chr6	128372013	128372539	1	1	0	2	0	40
chr6	128372018	128372530	1	1	0	4	0	49
chr6	128372018	128372533	1	1	0	33	0	46
chr7	25724845	25725923	2	2	1	3	0	41
chr7	67240441	67244520	2	2	1	73	0	40
chr7	67240441	67251656	2	2	1	842	0	47
chr7	67244545	67251656	2	2	1	72	0	24
chr7	67244580	67251656	2	2	0	1	0	38
chr7	101958298	102001614	1	1	0	0	1	14
chr7	102001660	102002294	1	1	1	2328	3	44
chr7	102001660	102007485	1	1	1	624	0	43
chr7	102001665	102002300	1	1	0	0	1	36
chr7	102002337	102007485	1	1	1	2350	3	41
chr7	112839481	112841887	1	1	1	5	1	41
chr7	112839481	112842039	1	1	1	182	1	49
chr7	112839481	112856052	1	1	1	1	0	12
chr7	112839481	112856797	1	1	1	18	0	41
chr7	112841906	112842057	1	1	0	0	1	18
chr7	112841951	112856052	1	1	1	1	0	12
chr7	112842103	112856052	1	1	1	176	1	12
chr7	112842103	112856797	1	1	1	7	0	37
chr7	112856065	112856797	1	1	1	180	1	14
chr7	112856065	112856803	1	1	0	1	0	12
chr7	127980247	127981190	1	1	1	15	0	22
chr7	127981292	127981410	1	1	1	16	0	6
chr8	25532429	25557730	1	1	1	5	0	44
chr8	25555775	25557730	1	1	1	1	0	37
chr8	47528031	47529328	2	2	1	1	0	4
chr8	91688606	91932332	1	1	0	5	1	13
chr8	95100453	95100646	2	2	1	1200	0	31
chr8	95100453	95101408	2	2	0	183	0	46
chr8	95100674	95101408	2	2	1	1200	0	42
chr8	123268550	123268744	2	2	1	259	0	47
chr9	43027296	43040539	2	2	1	233	0	38
chr9	43027296	43042590	2	2	1	266	0	46
chr9	43040593	43042590	2	2	0	3	0	45
chr9	43040597	43042590	2	2	1	226	0	45
chr9	59454470	59485978	2	2	1	1	0	38
chr9	80093642	80098847	1	1	0	2	0	44
chr9	80093642	80098885	1	1	1	9078	11	30
chr9	80093642	80098892	1	1	0	211	0	19
chr9	80093642	80103693	1	1	1	420	0	45
chr9	80093642	80103698	1	1	0	4	0	44
chr9	80098907	80099016	1	1	0	3	0	21
chr9	80098907	80101831	1	1	0	1	0	21
chr9	80098907	80103693	1	1	1	9280	11	37
chr9	80098907	80103698	1	1	0	4	0	21
chr9	80099049	80103693	1	1	0	3	0	37
chr9	80101891	80103693	1	1	0	1	0	37
chr9	80103765	80111310	1	1	1	2	0	14
chr9	114597607	114597790	2	2	0	2	0	40
chr9	114597607	114597794	2	2	1	621	0	38
chr9	114597607	114598704	2	2	0	22	0	42
chr9	114597825	114598704	2	2	0	8	0	30
chr9	114597831	114598704	2	2	1	614	0	38
chr11	26778879	26787397	2	2	0	0	1	13
chr11	79458907	79463232	1	1	1	35	0	42
chr11	79458907	79468113	1	1	1	1	0	41
chr11	79458907	79468716	1	1	1	308	0	43
chr11	79463296	79468716	1	1	1	38	0	39
chr11	79468155	79468716	1	1	1	2	0	38
chr11	85005929	85006992	2	2	1	1	0	14
chr11	94112147	94113262	1	1	1	163	1	23
chr11	94112147	94114172	1	1	1	366	1	32
chr11	94113302	94114172	1	1	1	166	1	39
chr11	102306767	102306855	2	2	1	1	0	13
chr11	102310577	102310925	2	2	1	115	0	42
chr11	102310577	102311379	2	2	1	1210	2	46
chr11	102311037	102311379	2	2	1	113	0	45
chr11	102877719	102880894	2	2	1	2	0	17
chr12	71952560	71958746	1	1	1	93	0	27
chr12	71952560	71959805	1	1	1	73	0	43
chr12	71958774	71959805	1	1	1	93	0	29
chr12	83811361	83811669	2	2	0	1	0	37
chr12	83811361	83825258	2	2	1	98	0	36
chr12	83811361	83831921	2	2	1	630	1	45
chr12	83811744	83831921	2	2	0	1	0	38
chr12	83825292	83831921	2	2	1	97	0	38
chr12	104697145	104700364	2	2	1	1	0	39
chr12	113133338	113133495	1	1	0	108	16	45
chr12	113133338	113133540	1	1	1	1713	50	40
chr12	113133338	113135796	1	1	1	18	0	29
chr12	113133577	113134761	1	1	0	1	0	21
chr12	113133577	113134800	1	1	0	7	0	12
chr12	113133577	113135796	1	1	1	1774	66	29
chr12	113134813	113135796	1	1	0	8	0	29
chr13	46778994	46780625	2	2	1	1049	1	43
chr13	46778994	46785245	2	2	1	3164	4	45
chr13	46780665	46785245	2	2	1	1047	1	40
chr13	56084286	56089757	2	2	1	111	0	41
chr13	56089858	56096123	2	2	1	113	0	41
chr14	31257768	31257880	1	1	1	1	0	46
chr14	57643224	57643334	2	2	1	6	0	39
chr14	57643224	57648418	2	2	1	223	0	43
chr14	57643490	57648418	2	2	1	5	0	38
chr14	120389164	120395711	1	1	1	233	1	40
chr14	120389164	120395717	1	1	0	1	0	38
chr14	120389164	120396450	1	1	1	591	1	48
chr14	120395766	120396450	1	1	1	239	1	48
chr15	77102940	77105576	2	2	1	485	0	42
chr15	77102940	77113604	2	2	1	32	0	48
chr15	77105670	77113604	2	2	1	484	0	48
chr15	77112788	77113604	2	2	0	2	0	44
chr15	103242719	103243624	1	1	1	1	0	19
chr16	57178021	57181491	2	2	1	496	2	45
chr16	57178021	57182850	2	2	1	226	0	44
chr16	57181537	57182850	2	2	1	492	2	37
chr17	12979205	13846588	1	1	0	50	1	12
chr17	13846613	13848354	1	1	0	3	0	21
chr17	13846640	13848354	1	1	1	5489	8	25
chr17	13846640	13849107	1	1	1	4751	6	44
chr17	13846640	13849113	1	1	0	26	0	47
chr17	13848376	13849107	1	1	1	5463	8	29
chr17	13848376	13849113	1	1	0	12	0	21
chr17	45570567	45570665	2	2	1	846	2	42
chr17	45570800	45571017	2	2	1	977	1	22
chr17	56578845	56578920	2	2	1	1	0	22
chr17	56578986	56582983	2	2	1	1	0	42
chr18	10726534	10740982	1	1	1	1	0	15
chr18	53948155	53948644	1	1	1	12720	10	33
chr18	53948155	53948655	1	1	0	1	0	13
chr18	53948155	53953244	1	1	1	2005	2	44
chr18	53948666	53953244	1	1	0	7	0	21
chr18	53948669	53953244	1	1	1	12696	10	37
chr18	53948669	53953268	1	1	0	4	0	24
chr18	53948673	53953244	1	1	0	1	0	28
chr18	64511878	64511983	2	2	1	1	0	21
chr18	64515409	64516415	2	2	1	2	0	37
chr19	7281256	7281797	2	4	1	206	0	41
chr19	7281256	7282725	2	2	1	1415	0	36
chr19	7281960	7282725	2	2	1	211	0	36
chrX	73952667	73952825	2	2	1	1	0	10
