chr1	34295537	34296741	1	1	1	181	0	18
chr1	34295537	34299720	1	1	1	35	0	38
chr1	34296760	34299720	1	1	1	181	0	20
chr1	40010678	40011649	1	1	1	115	0	32
chr1	40010678	40011811	1	1	0	2	0	21
chr1	40010678	40014105	1	1	1	35	1	32
chr1	40011842	40014105	1	1	1	111	0	38
chr1	55088413	55089050	1	1	1	1	0	14
chr1	82735508	82741817	1	1	1	2	0	40
chr1	82735508	82747082	1	1	1	3	0	40
chr1	82735508	82750519	1	1	1	91	0	42
chr1	82741977	82750519	1	1	1	2	0	38
chr1	82747143	82750519	1	1	1	3	0	42
chr2	32292216	32293314	1	1	1	20	0	43
chr2	32292216	32296625	1	1	1	76	1	43
chr2	32293396	32296625	1	1	1	20	0	38
chr2	59926161	59932104	2	2	1	1	0	20
chr2	59932171	59933405	2	2	0	100	0	37
chr2	59932171	59933411	2	2	1	647	0	31
chr2	59932171	59933670	2	2	1	3	0	38
chr2	59933439	59933670	2	2	1	739	0	28
chr2	71849507	71853533	1	1	1	984	1	41
chr2	71849507	71853820	1	1	0	1	0	37
chr2	71849507	71853890	1	1	0	5	0	39
chr2	71849507	71855853	1	1	1	3386	2	43
chr2	71849507	71855868	1	1	0	2	0	46
chr2	71853664	71855853	1	1	1	988	2	41
chr2	71853891	71855853	1	1	0	1	0	40
chr2	71853948	71855853	1	1	0	6	0	40
chr2	75662926	75663570	1	1	1	5	1	37
chr2	91001089	91001461	1	1	1	908	0	34
chr2	91001089	91003299	1	1	0	7	1	33
chr2	91001511	91003210	1	1	1	900	0	25
chr2	91003238	91003810	1	1	0	2	0	27
chr2	91003346	91003810	1	1	1	28	0	36
chr2	91159306	91160316	2	2	1	263	0	47
chr2	91159306	91162027	2	2	1	402	2	47
chr2	91160371	91162027	2	2	1	267	0	39
chr2	91681696	91684668	2	2	1	222	1	50
chr2	153670448	153672215	1	1	1	1	0	50
chr2	168752741	168754433	2	2	1	3	0	45
chr3	60422418	60613472	1	1	0	0	4	15
chr3	60613521	60614682	1	1	1	1517	5	45
chr3	60613521	60614688	1	1	0	1	0	42
chr3	60613521	60615619	1	1	1	1370	1	45
chr3	60614737	60615619	1	1	1	1481	5	39
chr3	87733505	87734423	1	1	1	17	0	39
chr3	87733505	87735344	1	1	0	14	0	39
chr3	87734553	87735344	1	1	1	18	0	37
chr3	88483947	88484046	2	2	1	308	0	46
chr3	88484155	88484614	2	2	1	308	0	40
chr3	100945951	100947397	2	2	1	1	0	39
chr3	119724187	119724611	2	2	1	8573	4	34
chr3	119724187	119726065	2	2	1	32	0	29
chr3	119724646	119726065	2	2	1	8811	4	38
chr4	31992517	31994873	1	1	1	263	0	38
chr4	31992517	32002088	1	1	1	3673	10	49
chr4	31994955	32002088	1	1	1	253	0	49
chr4	107009769	107027216	1	1	1	17	0	38
chr4	107009769	107028192	1	1	1	164	0	43
chr4	107027298	107028192	1	1	1	22	0	42
chr4	129214756	129215225	1	1	1	1	0	29
chr5	23565266	23616326	2	2	1	869	3	45
chr5	72958287	72965803	1	1	1	4	0	37
chr5	72958287	72974530	1	1	1	67	0	42
chr5	72965882	72974530	1	1	1	4	0	41
chr5	116477146	116482389	2	2	1	1	0	20
chr5	116482537	116591333	2	2	1	1284	5	50
chr5	122284910	122308130	1	1	1	1	0	37
chr5	149184807	149187707	1	1	1	22	0	43
chr5	149184807	149188344	1	1	1	746	1	45
chr5	149187806	149188344	1	1	0	1	0	37
chr5	149187835	149188344	1	1	1	3	0	39
chr5	149187864	149188344	1	1	0	1	0	39
chr5	149187877	149188344	1	1	1	17	0	39
chr5	149188474	149193839	1	1	1	1	0	25
chr6	98939789	98940994	2	2	1	2	0	45
chr6	98939789	98941535	2	2	1	255	1	46
chr6	98939789	98944618	2	2	0	29	0	45
chr6	98941165	98944618	2	2	0	2	0	36
chr6	98941658	98944618	2	2	1	258	1	36
chr6	125162102	125162211	2	2	1	323	6	36
chr6	128371086	128371967	1	1	1	4727	4	45
chr6	128371086	128371980	1	1	0	1	0	32
chr6	128371086	128372530	1	1	1	2	0	49
chr6	128371086	128372533	1	1	1	20	0	46
chr6	128372013	128372278	1	1	0	1	0	25
chr6	128372013	128372504	1	1	0	22	0	26
chr6	128372013	128372509	1	1	0	10	0	31
chr6	128372013	128372530	1	1	1	574	1	47
chr6	128372013	128372533	1	1	1	4045	4	46
chr6	128372013	128372536	1	1	0	2	0	43
chr6	128372018	128372530	1	1	0	3	0	49
chr6	128372018	128372533	1	1	0	43	0	46
chr6	128372306	128372530	1	1	0	1	0	27
chr7	25724845	25725923	2	2	1	1	0	39
chr7	67240441	67244520	2	2	1	243	1	40
chr7	67240441	67251656	2	2	1	1598	0	47
chr7	67244545	67251656	2	2	1	241	1	24
chr7	67244580	67251656	2	2	0	1	0	38
chr7	102001660	102002294	1	1	1	1982	0	42
chr7	102001660	102007485	1	1	1	725	0	45
chr7	102002337	102007485	1	1	1	1955	0	42
chr7	112839481	112841887	1	1	1	5	0	41
chr7	112839481	112842039	1	1	1	174	0	49
chr7	112839481	112856052	1	1	1	5	0	12
chr7	112839481	112856797	1	1	1	15	0	41
chr7	112841951	112856797	1	1	0	1	0	37
chr7	112842103	112856052	1	1	1	171	0	12
chr7	112842103	112856797	1	1	1	1	0	36
chr7	112856065	112856797	1	1	1	179	0	14
chr7	127980247	127981190	1	1	1	9	0	22
chr7	127981292	127981410	1	1	1	9	0	6
chr8	25532429	25557730	1	1	1	4	0	44
chr8	25555775	25557730	1	1	1	1	0	37
chr8	33386064	33386329	1	1	0	1	0	50
chr8	72219861	72219940	1	1	1	1	0	30
chr8	95100453	95100646	2	2	1	909	0	46
chr8	95100453	95101408	2	2	0	130	0	46
chr8	95100674	95101408	2	2	1	906	0	38
chr8	95100700	95101408	2	2	0	3	0	49
chr8	121628690	121651724	2	2	1	2	0	20
chr8	123268550	123268744	2	2	1	245	0	46
chr9	43027296	43040539	2	2	1	117	0	38
chr9	43027296	43042590	2	2	1	137	1	48
chr9	43040597	43042590	2	2	1	116	0	46
chr9	80093642	80098885	1	1	1	10055	12	31
chr9	80093642	80098892	1	1	0	239	0	14
chr9	80093642	80103693	1	1	1	340	0	45
chr9	80098907	80103693	1	1	1	10286	12	24
chr9	80098907	80103698	1	1	0	9	0	21
chr9	114597607	114597794	2	2	1	559	0	38
chr9	114597607	114598704	2	2	0	27	0	42
chr9	114597825	114598704	2	2	0	6	0	30
chr9	114597831	114598704	2	2	1	553	0	36
chr10	79859272	79859351	1	1	1	1	0	11
chr10	79859713	79859780	1	1	1	1	0	38
chr11	26778879	26787397	2	2	0	0	1	13
chr11	79458907	79463232	1	1	1	16	0	43
chr11	79458907	79468716	1	1	1	195	1	43
chr11	79463296	79468716	1	1	1	16	0	39
chr11	94112147	94113262	1	1	1	132	0	21
chr11	94112147	94114172	1	1	1	490	0	32
chr11	94113302	94114172	1	1	1	137	0	39
chr11	102310577	102310925	2	2	1	78	0	42
chr11	102310577	102311379	2	2	1	927	0	45
chr11	102310577	102311403	2	2	0	1	0	21
chr11	102311037	102311379	2	2	1	78	0	45
chr12	71952560	71958746	1	1	1	60	0	27
chr12	71952560	71959805	1	1	1	56	0	43
chr12	71958774	71959805	1	1	1	60	0	29
chr12	83811361	83825258	2	2	1	61	0	33
chr12	83811361	83831921	2	2	1	465	0	41
chr12	83825292	83831921	2	2	1	61	0	33
chr12	113133338	113133495	1	1	0	112	20	45
chr12	113133338	113133540	1	1	1	1972	68	42
chr12	113133338	113135796	1	1	1	14	0	29
chr12	113133577	113134761	1	1	0	1	0	21
chr12	113133577	113134800	1	1	0	9	0	12
chr12	113133577	113135796	1	1	1	1974	87	29
chr12	113134813	113135796	1	1	0	10	0	29
chr13	46778994	46780545	2	2	0	1	0	40
chr13	46778994	46780625	2	2	1	726	0	43
chr13	46778994	46785245	2	2	1	3333	4	46
chr13	46780665	46785245	2	2	1	732	0	39
chr13	56084286	56089757	2	2	1	59	0	41
chr13	56084286	56096123	2	2	0	3	0	40
chr13	56089858	56096123	2	2	1	61	0	41
chr14	57643224	57643334	2	2	1	1	0	31
chr14	57643224	57648418	2	2	1	137	0	40
chr14	57643490	57648418	2	2	1	1	0	38
chr14	120389164	120395711	1	1	1	340	0	39
chr14	120389164	120395717	1	1	0	1	0	38
chr14	120389164	120396450	1	1	1	544	1	48
chr14	120395766	120396450	1	1	1	343	0	48
chr15	77102940	77105576	2	2	1	345	0	42
chr15	77102940	77113604	2	2	1	23	0	48
chr15	77105670	77113604	2	2	1	348	0	48
chr16	57178021	57181491	2	2	1	271	0	44
chr16	57178021	57182850	2	2	1	106	0	43
chr16	57181537	57182850	2	2	1	271	0	37
chr16	84831508	84834808	2	2	1	1	0	30
chr17	12979205	13846588	1	1	0	36	2	12
chr17	13846640	13848306	1	1	0	2	0	38
chr17	13846640	13848354	1	1	1	4991	8	22
chr17	13846640	13849107	1	1	1	6386	8	45
chr17	13846640	13849113	1	1	0	30	0	47
chr17	13848376	13849107	1	1	1	4977	8	41
chr17	13848376	13849113	1	1	0	5	0	21
chr17	45570558	45570665	2	2	0	1	0	36
chr17	45570567	45570665	2	2	1	699	2	42
chr17	45570800	45571017	2	2	1	729	2	23
chr18	10726534	10740982	1	1	1	2	0	15
chr18	53948155	53948644	1	1	1	18336	18	28
chr18	53948155	53948651	1	1	0	2	0	17
chr18	53948155	53953244	1	1	1	3047	3	45
chr18	53948666	53953244	1	1	0	8	0	21
chr18	53948669	53953244	1	1	1	18308	18	37
chr18	53948669	53953268	1	1	0	5	0	24
chr19	7281256	7281797	2	4	1	196	0	39
chr19	7281256	7282725	2	2	1	1390	0	35
chr19	7281960	7282725	2	2	1	209	0	35
chr19	23687546	23694320	1	1	1	1	0	37
KV575235.1	147143	149353	1	1	0	0	1	30
