chr1	34295537	34296741	1	1	1	7	0	18
chr1	34295537	34299720	1	1	1	61	0	39
chr1	34296760	34299720	1	1	1	7	0	18
chr1	40010678	40011649	1	1	1	9	0	21
chr1	40010678	40014105	1	1	1	31	0	32
chr1	40011842	40014105	1	1	1	10	0	37
chr1	58562788	58565856	2	2	1	0	1	2
chr1	82735508	82747082	1	1	1	4	0	40
chr1	82735508	82750519	1	1	1	52	0	41
chr1	82747143	82750519	1	1	1	4	0	38
chr2	32292216	32296625	1	1	1	45	0	43
chr2	59926161	59932104	2	2	1	1	0	20
chr2	59932171	59933405	2	2	0	1	0	33
chr2	59932171	59933411	2	2	1	51	0	27
chr2	59932171	59933670	2	2	1	8	0	38
chr2	59933439	59933670	2	2	1	52	0	28
chr2	71849507	71853533	1	1	1	17	0	39
chr2	71849507	71855853	1	1	1	1534	2	43
chr2	71853664	71855853	1	1	1	18	0	40
chr2	75662926	75663570	1	1	1	2	0	19
chr2	91001089	91001461	1	1	1	401	0	25
chr2	91001511	91003210	1	1	1	400	0	25
chr2	91003238	91003810	1	1	0	1	0	27
chr2	91003346	91003810	1	1	1	11	0	36
chr2	91159306	91160316	2	2	1	2	0	47
chr2	91159306	91162027	2	2	1	115	0	47
chr2	91160371	91162027	2	2	1	2	0	38
chr2	91681696	91682025	2	2	1	2	0	50
chr2	91681696	91684668	2	2	1	471	0	50
chr2	91681744	91684668	2	2	0	1	0	38
chr2	91682110	91684668	2	2	0	2	0	38
chr2	153670448	153670848	1	1	1	33	0	42
chr2	153670909	153672215	1	1	1	31	0	50
chr2	168752741	168754433	2	2	1	8396	6	46
chr3	60613521	60614682	1	1	1	44	0	44
chr3	60613521	60615619	1	1	1	19	0	44
chr3	60614737	60615619	1	1	1	42	0	37
chr3	87733505	87734423	1	1	1	1	0	39
chr3	87733505	87735344	1	1	0	129	0	42
chr3	87734553	87735344	1	1	1	1	0	37
chr3	88483947	88484046	2	2	1	93	0	38
chr3	88484155	88484614	2	2	1	93	0	38
chr3	119724187	119724611	2	2	1	1555	1	34
chr3	119724187	119726065	2	2	1	4	0	29
chr3	119724646	119726065	2	2	1	1585	1	38
chr3	129825617	129826823	2	2	1	3	0	36
chr4	31992517	31993403	1	1	0	1	0	21
chr4	31992517	31994873	1	1	1	1082	1	40
chr4	31992517	32002088	1	1	1	658	1	49
chr4	31993425	31994873	1	1	0	1	0	17
chr4	31994955	32002088	1	1	1	1077	1	49
chr4	107009769	107027216	1	1	1	25	0	39
chr4	107009769	107028192	1	1	1	151	1	43
chr4	107027298	107028192	1	1	1	26	0	42
chr5	23565266	23616326	2	2	1	120	0	45
chr5	72958287	72974530	1	1	1	21	0	41
chr5	149184807	149187707	1	1	1	19	0	43
chr5	149184807	149188344	1	1	1	192	1	44
chr5	149187835	149188344	1	1	1	5	0	39
chr5	149187877	149188344	1	1	1	14	0	39
chr6	51465242	51466141	2	2	1	1	0	42
chr6	72634233	72648800	2	2	1	2163	2	42
chr6	72634233	72649119	2	2	1	4864	2	50
chr6	72634351	72649119	2	2	0	1	0	40
chr6	72648843	72649119	2	2	1	2154	2	41
chr6	98939789	98940994	2	2	1	3	0	45
chr6	98939789	98941535	2	2	1	58	0	45
chr6	98939789	98944618	2	2	0	1	0	45
chr6	98941165	98944618	2	2	0	3	0	36
chr6	98941658	98944618	2	2	1	56	0	37
chr6	125162102	125162211	2	2	1	363	5	38
chr6	128371086	128371967	1	1	1	1169	1	44
chr6	128371086	128372530	1	1	1	67	0	49
chr6	128371086	128372533	1	1	1	584	0	46
chr6	128372013	128372504	1	1	0	2	0	26
chr6	128372013	128372530	1	1	1	151	1	47
chr6	128372013	128372533	1	1	1	997	0	46
chr6	128372018	128372530	1	1	0	1	0	49
chr6	128372018	128372533	1	1	0	18	0	46
chr7	67240441	67244520	2	2	1	8	0	24
chr7	67240441	67251656	2	2	1	396	0	46
chr7	67244545	67251656	2	2	1	8	0	24
chr7	101288340	102001612	1	3	0	4	0	12
chr7	102001660	102002294	1	1	1	152	0	42
chr7	102001660	102007485	1	1	1	2205	4	45
chr7	102002337	102007485	1	1	1	151	0	39
chr7	112839481	112841887	1	1	1	2	0	41
chr7	112839481	112842039	1	1	1	101	0	42
chr7	112839481	112856797	1	1	1	26	0	41
chr7	112841951	112856052	1	1	1	1	0	12
chr7	112841951	112856797	1	1	0	1	0	37
chr7	112842103	112856052	1	1	1	11	0	12
chr7	112842103	112856797	1	1	1	91	0	43
chr7	112856065	112856797	1	1	1	12	0	12
chr7	127980247	127981190	1	1	1	4	0	2
chr7	127981292	127981410	1	1	1	4	0	6
chr7	144861833	144862231	1	1	1	641	2	28
chr7	144861837	144862231	1	1	0	1	0	32
chr7	144862336	144862764	1	1	1	638	2	45
chr7	144862377	144862764	1	1	0	1	0	38
chr8	25555775	25557730	1	1	1	2	0	37
chr8	72219861	72219940	1	1	1	1	0	30
chr8	95100453	95100646	2	2	1	351	0	27
chr8	95100453	95101408	2	2	0	501	0	46
chr8	95100674	95101408	2	2	1	351	0	42
chr8	123268550	123268744	2	2	1	120	0	46
chr9	43027296	43040539	2	2	1	20	0	39
chr9	43027296	43042590	2	2	1	244	0	46
chr9	43040597	43042590	2	2	1	20	0	45
chr9	80093642	80098885	1	1	1	1414	1	26
chr9	80093642	80098892	1	1	0	39	0	14
chr9	80093642	80103693	1	1	1	5021	3	48
chr9	80093642	80103698	1	1	0	1	0	44
chr9	80098907	80103693	1	1	1	1452	1	23
chr9	80100067	80103693	1	1	0	1	0	37
chr9	114597607	114597794	2	2	1	177	0	38
chr9	114597607	114598704	2	2	0	168	0	42
chr9	114597825	114598704	2	2	0	3	0	30
chr9	114597831	114598704	2	2	1	174	0	36
chr10	88767593	88768634	2	2	1	1	0	10
chr11	79458907	79463232	1	1	1	19	0	42
chr11	79458907	79468716	1	1	1	43	0	42
chr11	79463296	79468716	1	1	1	19	0	39
chr11	80428756	80431704	1	1	1	1	0	14
chr11	94112147	94113262	1	1	1	8	0	21
chr11	94112147	94114172	1	1	1	211	0	32
chr11	94113302	94114172	1	1	1	8	0	39
chr11	100481848	100482144	2	2	1	1	0	39
chr11	102310577	102310925	2	2	1	48	0	43
chr11	102310577	102311379	2	2	1	193	1	46
chr11	102311037	102311379	2	2	1	48	0	45
chr12	71952560	71959805	1	1	1	217	0	46
chr12	83811361	83825258	2	2	1	134	0	34
chr12	83811361	83831921	2	2	1	137	0	41
chr12	83825292	83831921	2	2	1	133	0	33
chr12	110694705	110695051	2	2	1	1	0	15
chr12	113133338	113133495	1	1	0	11	0	44
chr12	113133338	113133540	1	1	1	234	0	38
chr12	113133338	113135796	1	1	1	730	0	29
chr12	113133577	113135796	1	1	1	235	0	29
chr13	46778994	46780625	2	2	1	318	0	40
chr13	46778994	46785245	2	2	1	1583	1	45
chr13	46780665	46785245	2	2	1	318	0	39
chr13	56084286	56089757	2	2	1	15	0	40
chr13	56089858	56096123	2	2	1	17	0	38
chr14	57643224	57643334	2	2	1	1	0	39
chr14	57643224	57648418	2	2	1	97	0	40
chr14	57643490	57648418	2	2	1	1	0	38
chr14	120389164	120395711	1	1	1	200	0	38
chr14	120389164	120396450	1	1	1	53	0	48
chr14	120395766	120396450	1	1	1	214	0	48
chr15	77102940	77105576	2	2	1	74	0	41
chr15	77102940	77113604	2	2	1	17	0	48
chr15	77105670	77113604	2	2	1	72	0	48
chr16	57178021	57181491	2	2	1	19	0	43
chr16	57178021	57182850	2	2	1	1190	2	44
chr16	57181537	57182850	2	2	1	19	0	33
chr16	94686604	94691580	1	1	1	1	0	45
chr17	12979205	13846588	1	1	0	25	1	12
chr17	13846640	13848354	1	1	1	300	0	21
chr17	13846640	13849107	1	1	1	9294	9	45
chr17	13846640	13849113	1	1	0	60	0	47
chr17	13848376	13849107	1	1	1	300	0	26
chr17	45570567	45570665	2	2	1	363	0	42
chr17	45570800	45571017	2	2	1	396	0	21
chr18	53948155	53948644	1	1	1	1289	1	28
chr18	53948155	53948651	1	1	0	1	0	17
chr18	53948155	53953244	1	1	1	8203	4	45
chr18	53948155	53953268	1	1	0	2	0	40
chr18	53948669	53953244	1	1	1	1288	1	24
chr18	84670914	84672073	2	2	1	1	0	46
chr19	7281251	7282725	2	2	0	1	0	26
chr19	7281256	7281797	2	4	1	57	0	38
chr19	7281256	7282725	2	2	1	259	1	35
chr19	7281960	7282725	2	2	1	58	0	26
