chr1	34295537	34296741	1	1	1	115	0	18
chr1	34295537	34299720	1	1	1	14	0	38
chr1	34296760	34299720	1	1	1	115	0	18
chr1	40010678	40011649	1	1	1	157	0	23
chr1	40010678	40011783	1	1	0	1	0	21
chr1	40010678	40011787	1	1	0	1	0	21
chr1	40010678	40011811	1	1	0	2	0	21
chr1	40010678	40014105	1	1	1	67	3	32
chr1	40011842	40014105	1	1	1	158	0	38
chr1	82735508	82741817	1	1	1	2	0	40
chr1	82735508	82747082	1	1	1	3	0	40
chr1	82735508	82750519	1	1	1	56	0	40
chr1	82747143	82750519	1	1	1	4	0	38
chr2	32194997	32199000	1	1	1	1	0	39
chr2	32292216	32293314	1	1	1	12	0	43
chr2	32292216	32296625	1	1	1	100	0	44
chr2	32293396	32296625	1	1	1	13	0	38
chr2	59932171	59933405	2	2	0	68	0	33
chr2	59932171	59933411	2	2	1	396	0	31
chr2	59932171	59933670	2	2	1	2	0	30
chr2	59933439	59933670	2	2	1	456	0	30
chr2	71849507	71853533	1	1	1	1180	2	40
chr2	71849507	71853820	1	1	0	2	0	37
chr2	71849507	71853890	1	1	0	1	0	39
chr2	71849507	71855853	1	1	1	3649	8	45
chr2	71849507	71855868	1	1	0	10	0	46
chr2	71853664	71855853	1	1	1	1212	1	41
chr2	71853891	71855853	1	1	0	3	0	40
chr2	71853948	71855853	1	1	0	1	0	39
chr2	75662926	75663570	1	1	1	5	1	39
chr2	91001089	91001461	1	1	1	774	1	27
chr2	91001089	91003299	1	1	0	4	1	33
chr2	91001511	91003210	1	1	1	784	1	22
chr2	91003346	91003810	1	1	1	18	0	36
chr2	91003349	91003810	1	1	0	1	0	36
chr2	91159306	91160316	2	2	1	312	0	47
chr2	91159306	91162027	2	2	1	543	2	47
chr2	91160371	91162027	2	2	1	308	0	40
chr2	91681696	91682025	2	2	1	1	0	50
chr2	91681696	91684668	2	2	1	261	0	50
chr2	91682110	91684668	2	2	0	1	0	38
chr2	153670448	153670848	1	1	1	1	0	42
chr2	153670448	153672215	1	1	1	2	0	50
chr2	153670909	153672215	1	1	1	1	0	50
chr3	60422418	60613472	1	1	0	0	8	15
chr3	60613521	60614682	1	1	1	1717	8	45
chr3	60613521	60614688	1	1	0	5	0	44
chr3	60613521	60615619	1	1	1	1415	3	45
chr3	60614737	60615619	1	1	1	1717	8	39
chr3	87733505	87734423	1	1	1	24	0	39
chr3	87733505	87735344	1	1	0	7	0	39
chr3	87734553	87735344	1	1	1	24	0	37
chr3	88483947	88484046	2	2	1	422	4	39
chr3	88484155	88484614	2	2	1	420	4	44
chr3	88484666	88537145	2	2	0	0	4	12
chr3	119724187	119724611	2	2	1	6676	4	34
chr3	119724187	119726065	2	2	1	16	0	29
chr3	119724646	119726065	2	2	1	6886	4	38
chr3	119726116	119820407	2	2	0	4	0	13
chr3	119726116	120643502	2	2	0	4	0	13
chr4	31992517	31994873	1	1	1	330	0	40
chr4	31992517	32002088	1	1	1	3780	3	49
chr4	31994955	32002088	1	1	1	329	0	49
chr4	107009769	107027216	1	1	1	38	0	39
chr4	107009769	107028192	1	1	1	181	1	42
chr4	107027298	107028192	1	1	1	41	0	41
chr5	23565266	23616326	2	2	1	913	0	49
chr5	72958287	72974530	1	1	1	91	1	48
chr5	116477146	116482389	2	2	1	1	0	33
chr5	116482532	116591333	2	2	0	3	0	45
chr5	116482537	116591333	2	2	1	814	5	50
chr5	149184807	149185484	1	1	1	1	0	43
chr5	149184807	149187707	1	1	1	19	0	43
chr5	149184807	149188344	1	1	1	946	1	45
chr5	149185662	149188344	1	1	0	1	0	39
chr5	149187835	149188344	1	1	1	2	0	39
chr5	149187877	149188344	1	1	1	17	0	39
chr6	47577668	47594893	2	2	1	3	0	32
chr6	98939789	98941535	2	2	1	163	0	47
chr6	98939789	98944618	2	2	0	4	0	45
chr6	98941658	98944618	2	2	1	162	0	36
chr6	125162102	125162211	2	2	1	433	13	36
chr6	125162102	125162309	2	2	0	2	0	35
chr6	128371086	128371967	1	1	1	4364	6	43
chr6	128371086	128372530	1	1	1	3	0	49
chr6	128371086	128372533	1	1	1	15	0	46
chr6	128372013	128372504	1	1	0	34	0	26
chr6	128372013	128372509	1	1	0	8	0	31
chr6	128372013	128372530	1	1	1	582	0	49
chr6	128372013	128372533	1	1	1	3682	6	46
chr6	128372013	128372536	1	1	0	3	0	43
chr6	128372018	128372530	1	1	0	6	0	49
chr6	128372018	128372533	1	1	0	46	0	46
chr6	128372208	128372533	1	1	0	1	0	46
chr7	67240441	67244520	2	2	1	274	2	24
chr7	67240441	67251656	2	2	1	1590	2	47
chr7	67240443	67251659	1	1	0	1	0	41
chr7	67244545	67251656	2	2	1	274	2	24
chr7	99849060	99858763	2	2	1	1	0	44
chr7	102001660	102002294	1	1	1	1332	2	42
chr7	102001660	102007485	1	1	1	508	0	43
chr7	102001665	102002300	1	1	0	1	0	36
chr7	102002337	102007485	1	1	1	1340	2	41
chr7	112839481	112841887	1	1	1	5	1	41
chr7	112839481	112842039	1	1	1	143	1	41
chr7	112839481	112856052	1	1	1	5	0	12
chr7	112839481	112856797	1	1	1	10	0	42
chr7	112841906	112842057	1	1	0	0	1	18
chr7	112841951	112856052	1	1	1	2	0	12
chr7	112842103	112856052	1	1	1	142	0	12
chr7	112842103	112856797	1	1	1	3	0	37
chr7	112856065	112856797	1	1	1	149	1	14
chr7	112856065	112856803	1	1	0	1	0	12
chr7	127980247	127981190	1	1	1	12	0	8
chr7	127981292	127981410	1	1	1	14	0	6
chr8	25532429	25555507	1	1	1	1	0	44
chr8	25532429	25557730	1	1	1	5	0	44
chr8	25555775	25557730	1	1	1	2	0	37
chr8	91688606	91932332	1	1	0	6	0	13
chr8	95100453	95100646	2	2	1	1194	0	31
chr8	95100453	95101408	2	2	0	133	0	46
chr8	95100674	95101408	2	2	1	1194	0	42
chr8	123268550	123268744	2	2	1	181	0	47
chr9	43027296	43040539	2	2	1	119	0	38
chr9	43027296	43042590	2	2	1	139	0	46
chr9	43040597	43042590	2	2	1	116	0	46
chr9	80093642	80098885	1	1	1	7991	2	26
chr9	80093642	80098892	1	1	0	252	0	14
chr9	80093642	80103693	1	1	1	230	0	44
chr9	80098907	80101831	1	1	0	2	0	21
chr9	80098907	80103693	1	1	1	8245	2	24
chr9	80098907	80103698	1	1	0	1	0	21
chr9	80101891	80103693	1	1	0	2	0	37
chr9	114597607	114597794	2	2	1	570	0	38
chr9	114597607	114598704	2	2	0	10	0	40
chr9	114597825	114598704	2	2	0	12	0	30
chr9	114597831	114598704	2	2	1	558	0	36
chr11	79458907	79463232	1	1	1	15	0	42
chr11	79458907	79468716	1	1	1	177	0	43
chr11	79463296	79468716	1	1	1	15	0	39
chr11	94112147	94113262	1	1	1	134	0	23
chr11	94112147	94114172	1	1	1	434	0	32
chr11	94113302	94114172	1	1	1	136	0	39
chr11	102310577	102310925	2	2	1	59	0	42
chr11	102310577	102311379	2	2	1	985	0	46
chr11	102311037	102311379	2	2	1	59	0	45
chr12	71952560	71958746	1	1	1	76	0	27
chr12	71952560	71959805	1	1	1	47	0	44
chr12	71958774	71959805	1	1	1	76	0	27
chr12	83811361	83811669	2	2	0	1	0	37
chr12	83811361	83825258	2	2	1	66	0	33
chr12	83811361	83831921	2	2	1	426	0	41
chr12	83811744	83831921	2	2	0	1	0	38
chr12	83825292	83831921	2	2	1	66	0	34
chr12	112928622	113133308	1	1	0	0	5	13
chr12	113133331	113133540	1	1	0	1	0	36
chr12	113133338	113133495	1	1	0	158	23	46
chr12	113133338	113133540	1	1	1	2292	79	42
chr12	113133338	113135796	1	1	1	14	0	29
chr12	113133577	113134761	1	1	0	1	0	21
chr12	113133577	113134800	1	1	0	5	0	14
chr12	113133577	113135796	1	1	1	2371	102	29
chr12	113134813	113135796	1	1	0	4	0	29
chr13	46778994	46780625	2	2	1	771	0	43
chr13	46778994	46785245	2	2	1	2712	5	45
chr13	46780663	46785245	2	2	0	2	0	37
chr13	46780665	46785245	2	2	1	773	0	39
chr13	56084286	56089757	2	2	1	61	0	40
chr13	56084286	56096123	2	2	0	4	0	40
chr13	56089858	56096123	2	2	1	60	0	41
chr14	57643224	57643334	2	2	1	3	0	40
chr14	57643224	57648418	2	2	1	112	0	39
chr14	57643490	57648418	2	2	1	3	0	38
chr14	101665890	101666511	1	1	1	1	0	7
chr14	120389158	120395711	1	1	0	0	1	44
chr14	120389164	120395711	1	1	1	285	2	39
chr14	120389164	120396450	1	1	1	687	1	48
chr14	120395766	120396450	1	1	1	302	2	48
chr15	51966732	51967787	2	2	1	3	0	8
chr15	77102940	77105576	2	2	1	284	0	42
chr15	77102940	77113604	2	2	1	11	0	48
chr15	77105670	77113604	2	2	1	283	0	48
chr15	79833959	79834142	2	2	1	3	0	20
chr16	57178021	57181491	2	2	1	405	0	45
chr16	57178021	57182850	2	2	1	166	0	43
chr16	57181507	57182850	2	2	0	1	0	15
chr16	57181537	57182850	2	2	1	402	0	42
chr17	12979205	13846588	1	1	0	40	2	12
chr17	13846640	13847291	1	1	0	1	0	19
chr17	13846640	13848354	1	1	1	2385	4	21
chr17	13846640	13849107	1	1	1	2017	0	43
chr17	13846640	13849113	1	1	0	11	1	47
chr17	13847311	13848354	1	1	0	1	0	20
chr17	13848376	13849107	1	1	1	2386	4	26
chr17	45570567	45570665	2	2	1	621	0	42
chr17	45570800	45571017	2	2	1	672	0	21
chr17	51783067	51785528	2	2	1	3	0	40
chr17	51785641	51803430	2	2	1	3	0	14
chr18	10726534	10740982	1	1	1	2	0	15
chr18	53948155	53948381	1	1	0	1	0	39
chr18	53948155	53948644	1	1	1	13063	11	28
chr18	53948155	53948655	1	1	0	1	0	13
chr18	53948155	53953244	1	1	1	2462	2	44
chr18	53948155	53953268	1	1	0	2	0	40
chr18	53948447	53953244	1	1	0	1	0	37
chr18	53948666	53953244	1	1	0	6	0	21
chr18	53948669	53953244	1	1	1	13056	9	37
chr18	64515409	64516415	2	2	1	2	0	25
chr19	7281256	7281797	2	4	1	176	0	40
chr19	7281256	7282331	2	2	0	1	0	38
chr19	7281256	7282725	2	2	1	1143	1	36
chr19	7281960	7282725	2	2	1	181	0	35
chr19	7282449	7282725	2	2	0	1	0	26
chrX	74238228	74239098	2	2	1	1	0	32
KV575235.1	147143	149353	1	1	0	0	1	32
