chr1	34295537	34295665	0	0	1	1	0	3
chr1	34295537	34296741	1	1	1	71	0	18
chr1	34295537	34299720	1	1	1	25	0	39
chr1	34296760	34299720	1	1	1	72	0	28
chr1	40010678	40011649	1	1	1	119	0	22
chr1	40010678	40011783	1	1	0	3	0	21
chr1	40010678	40014105	1	1	1	55	3	32
chr1	40011842	40014105	1	1	1	116	0	39
chr1	82735508	82741817	1	1	1	1	0	20
chr1	82735508	82747082	1	1	1	2	0	40
chr1	82735508	82750519	1	1	1	84	0	40
chr1	82747143	82750519	1	1	1	2	0	38
chr2	32292216	32293314	1	1	1	13	0	43
chr2	32292216	32296625	1	1	1	116	0	44
chr2	32293396	32296625	1	1	1	13	0	38
chr2	59926161	59932104	2	2	1	3	0	33
chr2	59932171	59933405	2	2	0	58	0	33
chr2	59932171	59933411	2	2	1	417	0	31
chr2	59932171	59933670	2	2	1	1	0	37
chr2	59933439	59933670	2	2	1	468	0	30
chr2	71849507	71853533	1	1	1	693	0	40
chr2	71849507	71853890	1	1	0	3	0	39
chr2	71849507	71855853	1	1	1	3477	2	43
chr2	71853664	71855853	1	1	1	709	0	42
chr2	71853948	71855853	1	1	0	3	0	40
chr2	75662926	75663570	1	1	1	1	0	27
chr2	91001089	91001461	1	1	1	859	1	24
chr2	91001089	91003299	1	1	0	4	1	33
chr2	91001511	91003210	1	1	1	858	2	25
chr2	91001511	91003299	1	1	0	2	0	46
chr2	91003238	91003810	1	1	0	2	0	27
chr2	91003346	91003810	1	1	1	19	0	36
chr2	91159306	91160316	2	2	1	259	0	47
chr2	91159306	91162027	2	2	1	584	0	47
chr2	91160371	91162027	2	2	1	263	0	39
chr2	91681696	91682025	2	2	1	1	0	50
chr2	91681696	91684668	2	2	1	237	0	50
chr2	91682110	91684668	2	2	0	1	0	38
chr2	153670448	153672215	1	1	1	1	0	50
chr3	60201323	60613472	1	1	0	0	5	14
chr3	60613521	60614682	1	1	1	1594	1	46
chr3	60613521	60614688	1	1	0	4	0	44
chr3	60613521	60615619	1	1	1	1268	4	45
chr3	60614737	60615619	1	1	1	1599	1	46
chr3	87733505	87734423	1	1	1	18	0	39
chr3	87733505	87735344	1	1	0	7	0	39
chr3	87734553	87735344	1	1	1	18	0	37
chr3	88483947	88484046	2	2	1	213	0	40
chr3	88483947	88484614	2	2	0	2	0	38
chr3	88484155	88484614	2	2	1	214	0	42
chr3	88484666	88510262	2	2	0	1	0	12
chr3	119724187	119724611	2	2	1	5807	2	34
chr3	119724187	119726065	2	2	1	13	0	29
chr3	119724646	119726065	2	2	1	5968	2	38
chr3	119726116	119820407	2	2	0	2	0	13
chr4	31992517	31994873	1	1	1	398	1	40
chr4	31992517	32002088	1	1	1	4060	3	49
chr4	31994955	32002088	1	1	1	397	1	49
chr4	107009769	107027216	1	1	1	21	0	38
chr4	107009769	107028192	1	1	1	143	0	42
chr4	107027298	107028192	1	1	1	25	0	41
chr5	23565266	23567263	2	2	0	1	0	37
chr5	23565266	23616326	2	2	1	1198	3	46
chr5	23567340	23616326	2	2	0	1	0	45
chr5	72958287	72965803	1	1	1	3	0	40
chr5	72958287	72974530	1	1	1	84	0	42
chr5	72965882	72974530	1	1	1	3	0	41
chr5	116477146	116482389	2	2	1	1	0	33
chr5	116482537	116591333	2	2	1	769	4	50
chr5	149184807	149187707	1	1	1	27	0	44
chr5	149184807	149188344	1	1	1	608	0	45
chr5	149187806	149188344	1	1	0	1	0	39
chr5	149187835	149188344	1	1	1	3	0	39
chr5	149187877	149188344	1	1	1	23	0	39
chr5	149188474	149193839	1	1	1	1	0	25
chr6	98939789	98940994	2	2	1	1	0	45
chr6	98939789	98941535	2	2	1	192	0	45
chr6	98939789	98944618	2	2	0	16	0	45
chr6	98941165	98944618	2	2	0	1	0	36
chr6	98941658	98944618	2	2	1	192	0	36
chr6	125162102	125162211	2	2	1	349	11	36
chr6	128371086	128371967	1	1	1	3780	1	44
chr6	128371086	128372533	1	1	1	22	0	46
chr6	128372013	128372504	1	1	0	20	0	26
chr6	128372013	128372509	1	1	0	7	0	31
chr6	128372013	128372530	1	1	1	469	0	49
chr6	128372013	128372533	1	1	1	3249	1	46
chr6	128372018	128372530	1	1	0	2	0	49
chr6	128372018	128372533	1	1	0	37	0	46
chr7	67240441	67244520	2	2	1	219	0	24
chr7	67240441	67251656	2	2	1	1475	0	44
chr7	67244545	67251656	2	2	1	218	0	24
chr7	99849060	99858763	2	2	1	1	0	43
chr7	102001660	102002294	1	1	1	1068	0	42
chr7	102001660	102007485	1	1	1	671	0	45
chr7	102002310	102007485	1	1	0	3	0	15
chr7	102002337	102007485	1	1	1	1066	0	42
chr7	112839481	112841887	1	1	1	3	0	41
chr7	112839481	112842039	1	1	1	98	0	41
chr7	112839481	112856052	1	1	1	1	0	12
chr7	112839481	112856797	1	1	1	6	0	41
chr7	112841951	112856052	1	1	1	1	0	12
chr7	112842103	112856052	1	1	1	91	0	12
chr7	112842103	112856776	1	1	0	1	0	16
chr7	112842103	112856797	1	1	1	2	0	37
chr7	112856065	112856797	1	1	1	96	0	14
chr7	127972771	127974399	1	1	1	1	0	33
chr7	127980247	127981190	1	1	1	7	0	5
chr7	127981292	127981410	1	1	1	7	0	6
chr8	25532429	25557730	1	1	1	4	0	44
chr8	72219861	72219940	1	1	1	1	0	30
chr8	85548963	85553186	2	2	1	1	0	38
chr8	91688606	91932332	1	1	0	3	1	13
chr8	95100453	95100646	2	2	1	851	0	33
chr8	95100453	95101408	2	2	0	192	0	46
chr8	95100674	95101408	2	2	1	851	0	42
chr8	123268550	123268744	2	2	1	226	0	48
chr9	43027296	43040539	2	2	1	140	0	40
chr9	43027296	43042590	2	2	1	219	0	46
chr9	43040593	43042590	2	2	0	3	0	43
chr9	43040597	43042590	2	2	1	132	0	45
chr9	80093642	80098885	1	1	1	8353	8	26
chr9	80093642	80098892	1	1	0	202	0	14
chr9	80093642	80103693	1	1	1	285	0	45
chr9	80098907	80103693	1	1	1	8559	8	27
chr9	80098907	80103698	1	1	0	4	0	21
chr9	114597607	114597794	2	2	1	493	0	38
chr9	114597607	114598704	2	2	0	28	0	42
chr9	114597825	114598704	2	2	0	6	0	30
chr9	114597831	114598704	2	2	1	485	0	36
chr11	26778879	26787397	2	2	0	0	1	13
chr11	79458907	79463232	1	1	1	12	0	42
chr11	79458907	79468716	1	1	1	100	0	43
chr11	79463296	79468716	1	1	1	12	0	39
chr11	94112147	94113262	1	1	1	124	0	21
chr11	94112147	94114172	1	1	1	375	0	32
chr11	94113302	94114172	1	1	1	130	0	39
chr11	100481848	100482144	2	2	1	1	0	39
chr11	102310577	102310925	2	2	1	50	0	42
chr11	102310577	102311379	2	2	1	772	0	46
chr11	102310577	102311403	2	2	0	1	0	21
chr11	102311037	102311379	2	2	1	50	0	45
chr12	65036469	65042460	1	1	1	1	0	32
chr12	71952560	71958746	1	1	1	72	0	27
chr12	71952560	71959805	1	1	1	77	0	46
chr12	71958774	71959805	1	1	1	72	0	27
chr12	83811361	83825258	2	2	1	84	0	33
chr12	83811361	83831921	2	2	1	376	0	43
chr12	83825292	83831921	2	2	1	83	0	33
chr12	112928622	113133308	1	1	0	0	4	13
chr12	113133338	113133495	1	1	0	138	18	46
chr12	113133338	113133540	1	1	1	2129	55	43
chr12	113133338	113135796	1	1	1	31	0	29
chr12	113133577	113134800	1	1	0	5	0	12
chr12	113133577	113135796	1	1	1	2178	72	29
chr12	113134813	113135796	1	1	0	5	0	12
chr13	46778994	46780625	2	2	1	666	1	43
chr13	46778994	46785245	2	2	1	3163	6	48
chr13	46780665	46785245	2	2	1	664	1	39
chr13	56084286	56088435	2	2	0	1	0	40
chr13	56084286	56089757	2	2	1	65	0	41
chr13	56089858	56096123	2	2	1	64	0	41
chr14	8171531	8172763	2	2	1	2	0	20
chr14	8172818	8172890	2	2	1	2	0	41
chr14	57643224	57643334	2	2	1	4	0	39
chr14	57643224	57648418	2	2	1	155	0	48
chr14	57643490	57648418	2	2	1	4	0	38
chr14	120389164	120395711	1	1	1	185	0	38
chr14	120389164	120396450	1	1	1	420	0	48
chr14	120395766	120396450	1	1	1	196	0	48
chr15	77102940	77105576	2	2	1	199	0	40
chr15	77102940	77113604	2	2	1	7	0	44
chr15	77105670	77113604	2	2	1	199	0	48
chr15	103242719	103243624	1	1	1	1	4	33
chr15	103244029	103244255	1	1	1	1	0	17
chr16	57178021	57181491	2	2	1	476	1	43
chr16	57178021	57182850	2	2	1	301	1	44
chr16	57181507	57182850	2	2	0	1	0	15
chr16	57181537	57182850	2	2	1	472	1	34
chr17	12979205	13846588	1	1	0	64	1	12
chr17	13846640	13848354	1	1	1	3904	4	22
chr17	13846640	13849107	1	1	1	3986	4	46
chr17	13846640	13849113	1	1	0	17	0	47
chr17	13848376	13849107	1	1	1	3903	4	28
chr17	13848376	13849113	1	1	0	1	0	21
chr17	45570567	45570665	2	2	1	539	3	42
chr17	45570800	45571017	2	2	1	571	3	21
chr18	53948155	53948644	1	1	1	12766	10	33
chr18	53948155	53953244	1	1	1	2982	6	44
chr18	53948155	53953268	1	1	0	1	0	40
chr18	53948162	53948644	1	1	0	1	0	24
chr18	53948666	53953244	1	1	0	7	0	21
chr18	53948669	53952820	1	1	0	1	0	15
chr18	53948669	53953244	1	1	1	12729	7	37
chr18	53948669	53953268	1	1	0	4	0	24
chr18	53948673	53953244	1	1	0	4	0	28
chr18	53952864	53953244	1	1	0	1	0	37
chr18	64515409	64516415	2	2	1	1	0	39
chr19	7281251	7282725	2	2	0	1	0	26
chr19	7281256	7281797	2	4	1	212	0	42
chr19	7281256	7282725	2	2	1	1521	0	36
chr19	7281960	7282725	2	2	1	218	0	26
chrX	73952667	73952825	2	2	1	1	0	10
chrX	159414893	159443922	1	1	1	1	0	35
KV575235.1	147143	149353	1	1	0	0	1	29
