chr1	34295537	34296741	1	1	1	68	0	18
chr1	34295537	34299720	1	1	1	15	0	39
chr1	34296760	34299720	1	1	1	68	0	19
chr1	40010678	40011649	1	1	1	88	0	28
chr1	40010678	40011811	1	1	0	2	0	21
chr1	40010678	40014105	1	1	1	63	3	32
chr1	40011842	40014105	1	1	1	86	0	40
chr1	55088413	55089050	1	1	1	1	0	30
chr1	82735508	82741817	1	1	1	4	0	40
chr1	82735508	82747082	1	1	1	1	0	40
chr1	82735508	82750519	1	1	1	58	0	40
chr1	82747143	82750519	1	1	1	1	0	38
chr2	30066894	30068268	1	1	1	1	0	20
chr2	32292216	32293314	1	1	1	9	0	43
chr2	32292216	32296625	1	1	1	146	1	43
chr2	32293396	32296625	1	1	1	9	0	38
chr2	59932171	59933405	2	2	0	80	0	37
chr2	59932171	59933411	2	2	1	491	0	32
chr2	59932171	59933670	2	2	1	4	0	37
chr2	59933439	59933670	2	2	1	563	0	28
chr2	71849507	71853533	1	1	1	718	0	42
chr2	71849507	71855853	1	1	1	2815	2	45
chr2	71849507	71855868	1	1	0	9	0	46
chr2	71853664	71855853	1	1	1	747	0	42
chr2	71853677	71855868	1	1	0	1	0	46
chr2	71853891	71855853	1	1	0	2	0	40
chr2	75662926	75663570	1	1	1	9	0	41
chr2	80519970	80520371	2	2	1	1	0	37
chr2	91001089	91001461	1	1	1	823	0	27
chr2	91001089	91003299	1	1	0	5	1	33
chr2	91001511	91003210	1	1	1	820	0	26
chr2	91003238	91003810	1	1	0	1	0	27
chr2	91003346	91003810	1	1	1	36	0	36
chr2	91159300	91162027	2	2	0	1	0	41
chr2	91159306	91160316	2	2	1	197	0	47
chr2	91159306	91162027	2	2	1	541	1	47
chr2	91160371	91162027	2	2	1	195	0	39
chr2	91681696	91682025	2	2	1	3	0	50
chr2	91681696	91684668	2	2	1	207	1	50
chr2	91682110	91684668	2	2	0	3	0	38
chr2	153670448	153670848	1	1	1	1	0	42
chr2	153670909	153672215	1	1	1	1	0	50
chr3	60613521	60614682	1	1	1	1553	2	45
chr3	60613521	60614688	1	1	0	2	0	44
chr3	60613521	60615619	1	1	1	1213	3	45
chr3	60614737	60615619	1	1	1	1556	3	38
chr3	78904652	78918022	2	2	0	1	0	12
chr3	87733505	87734423	1	1	1	8	0	39
chr3	87733505	87735344	1	1	0	19	0	39
chr3	87734553	87735344	1	1	1	9	0	37
chr3	88483947	88484046	2	2	1	204	1	38
chr3	88483947	88484055	2	2	0	1	0	37
chr3	88483947	88484614	2	2	0	1	0	37
chr3	88484155	88484614	2	2	1	204	1	40
chr3	119724187	119724611	2	2	1	8022	8	34
chr3	119724187	119726065	2	2	1	23	0	29
chr3	119724646	119726065	2	2	1	8295	8	38
chr3	119726116	120643502	2	2	0	5	0	13
chr3	119726206	119740314	2	2	1	1	0	40
chr3	129825617	129826823	2	2	1	2	0	36
chr4	31992517	31994873	1	1	1	245	2	39
chr4	31992517	32002088	1	1	1	4408	7	49
chr4	31994955	32002088	1	1	1	246	1	49
chr4	107009769	107027216	1	1	1	11	0	44
chr4	107009769	107028192	1	1	1	128	0	41
chr4	107009769	107028217	1	1	0	1	0	35
chr4	107027298	107028192	1	1	1	15	0	41
chr5	23565266	23610849	2	2	0	1	0	37
chr5	23565266	23616326	2	2	1	899	2	49
chr5	23610909	23616326	2	2	0	1	0	45
chr5	23615795	23616326	2	2	0	1	0	45
chr5	72958287	72965803	1	1	1	1	0	37
chr5	72958287	72974530	1	1	1	142	0	43
chr5	72965882	72974530	1	1	1	1	0	41
chr5	116482532	116591333	2	2	0	7	0	45
chr5	116482537	116591333	2	2	1	1001	2	50
chr5	149184807	149185349	1	1	0	1	0	31
chr5	149184807	149185484	1	1	1	1	0	42
chr5	149184807	149187707	1	1	1	11	0	43
chr5	149184807	149188344	1	1	1	833	1	45
chr5	149185381	149187707	1	1	0	1	0	12
chr5	149185662	149188344	1	1	0	1	0	39
chr5	149187835	149188344	1	1	1	2	0	39
chr5	149187877	149188344	1	1	1	11	0	39
chr6	98939789	98941535	2	2	1	141	1	46
chr6	98939789	98944618	2	2	0	15	0	45
chr6	98941658	98944618	2	2	1	139	1	37
chr6	125121682	125121931	1	1	1	1	0	42
chr6	125162102	125162211	2	2	1	278	9	36
chr6	128371086	128371967	1	1	1	4453	0	45
chr6	128371086	128372533	1	1	1	17	0	46
chr6	128372013	128372504	1	1	0	33	0	27
chr6	128372013	128372509	1	1	0	6	0	31
chr6	128372013	128372530	1	1	1	604	0	49
chr6	128372013	128372533	1	1	1	3749	0	46
chr6	128372018	128372504	1	1	0	1	0	26
chr6	128372018	128372530	1	1	0	6	0	49
chr6	128372018	128372533	1	1	0	60	0	46
chr7	28174687	28174784	1	1	1	1	0	1
chr7	67240441	67244520	2	2	1	264	1	24
chr7	67240441	67251656	2	2	1	2019	3	45
chr7	67244545	67251656	2	2	1	264	1	24
chr7	102001660	102002294	1	1	1	1369	1	43
chr7	102001660	102007485	1	1	1	686	0	43
chr7	102002337	102007485	1	1	1	1367	1	42
chr7	112839481	112841887	1	1	1	7	0	41
chr7	112839481	112842039	1	1	1	97	0	41
chr7	112839481	112856052	1	1	1	5	0	12
chr7	112839481	112856797	1	1	1	5	0	41
chr7	112841951	112856052	1	1	1	2	0	12
chr7	112842103	112856052	1	1	1	101	0	12
chr7	112842103	112856797	1	1	1	2	0	37
chr7	112856065	112856797	1	1	1	108	0	12
chr7	127980247	127981190	1	1	1	19	0	5
chr7	127981292	127981410	1	1	1	19	0	6
chr8	25532429	25555507	1	1	1	1	0	44
chr8	25532429	25557730	1	1	1	3	0	44
chr8	25555775	25557730	1	1	1	1	0	37
chr8	91688606	91932332	1	1	0	7	0	13
chr8	95100453	95100646	2	2	1	1026	2	31
chr8	95100453	95101408	2	2	0	145	0	46
chr8	95100674	95101408	2	2	1	1026	2	42
chr8	123268550	123268744	2	2	1	167	1	46
chr9	43027296	43040539	2	2	1	124	0	38
chr9	43027296	43042590	2	2	1	163	2	46
chr9	43040597	43042590	2	2	1	124	0	45
chr9	80093642	80098885	1	1	1	8589	1	31
chr9	80093642	80098892	1	1	0	241	0	19
chr9	80093642	80103693	1	1	1	356	1	45
chr9	80098907	80099016	1	1	0	3	0	21
chr9	80098907	80101831	1	1	0	2	0	21
chr9	80098907	80103693	1	1	1	8817	1	27
chr9	80098907	80103698	1	1	0	11	0	21
chr9	80098907	80103722	1	1	0	1	0	21
chr9	80099049	80103693	1	1	0	3	0	37
chr9	80101891	80103693	1	1	0	3	0	37
chr9	114597607	114597794	2	2	1	445	0	38
chr9	114597607	114598704	2	2	0	21	0	40
chr9	114597825	114598704	2	2	0	6	0	30
chr9	114597831	114598704	2	2	1	439	0	36
chr11	78233684	78245547	2	2	1	1	0	38
chr11	79458907	79463232	1	1	1	21	0	42
chr11	79458907	79468716	1	1	1	236	0	43
chr11	79463296	79468716	1	1	1	21	0	39
chr11	79468155	79468716	1	1	1	1	0	23
chr11	94112147	94113262	1	1	1	109	0	21
chr11	94112147	94114172	1	1	1	376	0	32
chr11	94113302	94114172	1	1	1	112	0	39
chr11	102310577	102310925	2	2	1	43	0	42
chr11	102310577	102311379	2	2	1	944	1	46
chr11	102311037	102311379	2	2	1	43	0	45
chr12	71952560	71958746	1	1	1	67	0	27
chr12	71952560	71959805	1	1	1	72	0	44
chr12	71958774	71959805	1	1	1	67	0	27
chr12	83811361	83825258	2	2	1	52	0	34
chr12	83811361	83831921	2	2	1	458	0	42
chr12	83825292	83831921	2	2	1	52	0	34
chr12	113133338	113133495	1	1	0	83	13	46
chr12	113133338	113133540	1	1	1	2109	57	42
chr12	113133338	113135796	1	1	1	26	0	29
chr12	113133577	113134800	1	1	0	7	0	14
chr12	113133577	113135796	1	1	1	2099	68	29
chr12	113134813	113135796	1	1	0	6	0	12
chr13	46778994	46780545	2	2	0	1	0	39
chr13	46778994	46780625	2	2	1	663	0	41
chr13	46778994	46785245	2	2	1	3097	2	49
chr13	46780665	46785245	2	2	1	664	0	40
chr13	56084286	56089757	2	2	1	47	0	41
chr13	56089858	56096123	2	2	1	43	0	41
chr14	57643224	57643334	2	2	1	3	0	39
chr14	57643224	57648418	2	2	1	152	0	47
chr14	57643490	57648418	2	2	1	3	0	38
chr14	120389164	120395711	1	1	1	244	0	39
chr14	120389164	120396450	1	1	1	446	0	48
chr14	120395766	120396450	1	1	1	251	0	48
chr15	36596656	36596963	2	2	1	1	0	14
chr15	77102940	77105576	2	2	1	227	2	41
chr15	77102940	77113604	2	2	1	12	0	48
chr15	77105670	77113604	2	2	1	225	2	48
chr15	77112788	77113604	2	2	0	1	0	44
chr15	103242719	103243624	1	1	1	0	1	33
chr16	57178021	57181491	2	2	1	410	1	44
chr16	57178021	57182850	2	2	1	192	0	44
chr16	57181537	57182850	2	2	1	404	1	37
chr17	12979205	13846588	1	1	0	46	2	12
chr17	13846613	13848354	1	1	0	3	0	21
chr17	13846640	13848354	1	1	1	4314	8	24
chr17	13846640	13848358	1	1	0	8	0	17
chr17	13846640	13849107	1	1	1	4771	4	46
chr17	13846640	13849113	1	1	0	20	1	47
chr17	13848376	13849107	1	1	1	4313	8	29
chr17	13848376	13849113	1	1	0	10	0	21
chr17	45570567	45570665	2	2	1	677	2	43
chr17	45570800	45571017	2	2	1	752	1	21
chr17	56578845	56578920	2	2	1	1	0	18
chr17	56578986	56582983	2	2	1	1	0	32
chr17	80053642	80061656	2	2	1	2	0	33
chr18	10726534	10740982	1	1	1	4	0	15
chr18	53948155	53948644	1	1	1	15195	19	28
chr18	53948155	53953244	1	1	1	2945	4	43
chr18	53948155	53953268	1	1	0	2	0	40
chr18	53948666	53953244	1	1	0	11	0	21
chr18	53948669	53953244	1	1	1	15162	16	37
chr18	53948669	53953268	1	1	0	4	0	24
chr18	64515406	64516415	2	2	1	1	0	42
chr19	7281256	7281797	2	4	1	137	0	39
chr19	7281256	7282725	2	2	1	1161	0	36
chr19	7281960	7282725	2	2	1	143	0	35
chr19	23687546	23694320	1	1	1	1	0	37
chrX	73952667	73952825	2	2	1	1	0	10
KV575235.1	147143	149353	1	1	0	0	1	33
