chr1	34295537	34296741	1	1	1	54	1	18
chr1	34295537	34299720	1	1	1	252	0	43
chr1	34296760	34299720	1	1	1	54	1	18
chr1	40010678	40011649	1	1	1	29	0	24
chr1	40010678	40014105	1	1	1	75	4	33
chr1	40011842	40014105	1	1	1	30	0	37
chr1	82735508	82747082	1	1	1	3	0	40
chr1	82735508	82750519	1	1	1	78	0	40
chr1	82747143	82750519	1	1	1	3	0	38
chr1	153133749	153134776	2	2	1	1	0	41
chr1	160206196	160206612	2	2	1	1	0	39
chr2	32292216	32293314	1	1	1	1	0	43
chr2	32292216	32296625	1	1	1	98	0	43
chr2	32293396	32296625	1	1	1	1	0	38
chr2	59926161	59932104	2	2	1	1	0	20
chr2	59932171	59933405	2	2	0	9	0	33
chr2	59932171	59933411	2	2	1	85	0	31
chr2	59932171	59933670	2	2	1	16	0	38
chr2	59933439	59933670	2	2	1	92	0	28
chr2	71849507	71853533	1	1	1	34	0	39
chr2	71849507	71855853	1	1	1	2478	3	44
chr2	71853664	71855853	1	1	1	38	0	41
chr2	75662926	75663570	1	1	1	5	2	40
chr2	91001089	91001461	1	1	1	698	1	34
chr2	91001089	91003299	1	1	0	1	1	33
chr2	91001511	91003210	1	1	1	685	1	25
chr2	91003238	91003810	1	1	0	1	0	27
chr2	91003346	91003810	1	1	1	13	0	36
chr2	91159306	91160316	2	2	1	14	0	47
chr2	91159306	91162027	2	2	1	259	1	47
chr2	91160371	91162027	2	2	1	14	0	38
chr2	91681696	91682025	2	2	1	3	0	50
chr2	91681696	91684668	2	2	1	900	0	50
chr2	91682110	91684668	2	2	0	1	0	38
chr2	91682137	91684668	2	2	1	2	0	38
chr2	153670448	153670848	1	1	1	69	0	45
chr2	153670909	153672215	1	1	1	70	0	50
chr2	168752741	168754433	2	2	1	14637	13	46
chr2	168754471	168860933	2	2	0	0	3	20
chr3	60613521	60614682	1	1	1	152	0	44
chr3	60613521	60615619	1	1	1	33	0	44
chr3	60614737	60615619	1	1	1	154	0	43
chr3	87733505	87734423	1	1	1	5	0	39
chr3	87733505	87735344	1	1	0	243	0	44
chr3	87734553	87735344	1	1	1	5	0	37
chr3	88483947	88484046	2	2	1	133	0	37
chr3	88484155	88484614	2	2	1	136	0	40
chr3	119724187	119724611	2	2	1	2236	1	34
chr3	119724187	119726065	2	2	1	6	0	29
chr3	119724646	119726065	2	2	1	2278	1	38
chr3	119726116	120643502	2	2	0	5	1	13
chr3	129825617	129826823	2	2	1	3	0	36
chr4	31992517	31994873	1	1	1	1806	2	41
chr4	31992517	32002088	1	1	1	774	1	49
chr4	31994955	32002088	1	1	1	1801	2	49
chr4	107009769	107027216	1	1	1	65	1	39
chr4	107009769	107028192	1	1	1	328	0	43
chr4	107027298	107028192	1	1	1	71	1	41
chr5	23565266	23616326	2	2	1	282	0	46
chr5	72958287	72965803	1	1	1	1	0	40
chr5	72958287	72974530	1	1	1	50	0	41
chr5	72965882	72974530	1	1	1	1	0	41
chr5	116482537	116591333	2	2	1	6	0	50
chr5	149184807	149187707	1	1	1	39	1	44
chr5	149184807	149188344	1	1	1	288	0	44
chr5	149187835	149188344	1	1	1	7	0	39
chr5	149187877	149188344	1	1	1	32	1	39
chr6	47577668	47594893	2	2	1	1	0	24
chr6	72633011	72633215	2	2	1	1	0	6
chr6	72634233	72634303	2	2	0	1	0	37
chr6	72634233	72648800	2	2	1	4038	3	42
chr6	72634233	72649119	2	2	1	8077	4	50
chr6	72634351	72649119	2	2	0	1	0	40
chr6	72648843	72649119	2	2	1	4017	3	42
chr6	85467786	85468052	1	1	1	1	0	17
chr6	98939789	98940994	2	2	1	11	0	45
chr6	98939789	98941535	2	2	1	114	0	45
chr6	98939789	98944618	2	2	0	35	0	45
chr6	98941165	98944618	2	2	0	10	0	36
chr6	98941658	98944618	2	2	1	114	0	37
chr6	125162102	125162211	2	2	1	776	22	43
chr6	125162102	125162309	2	2	0	1	0	35
chr6	128371086	128371967	1	1	1	1939	2	45
chr6	128371086	128371980	1	1	0	1	0	32
chr6	128371086	128372509	1	1	0	1	0	39
chr6	128371086	128372530	1	1	1	110	0	49
chr6	128371086	128372533	1	1	1	901	0	46
chr6	128371086	128372536	1	1	0	2	0	43
chr6	128372013	128372504	1	1	0	2	0	26
chr6	128372013	128372530	1	1	1	255	1	49
chr6	128372013	128372533	1	1	1	1662	1	46
chr6	128372018	128372530	1	1	0	3	0	49
chr6	128372018	128372533	1	1	0	21	0	46
chr7	67240441	67244520	2	2	1	17	0	24
chr7	67240441	67251656	2	2	1	612	0	44
chr7	67244545	67251656	2	2	1	17	0	24
chr7	99849060	99858763	2	2	1	2	0	42
chr7	101405603	102001614	1	1	0	4	1	13
chr7	101474369	102001612	1	1	0	5	0	12
chr7	102001660	102002294	1	1	1	271	0	42
chr7	102001660	102007485	1	1	1	4585	2	44
chr7	102002310	102007485	1	1	0	3	0	15
chr7	102002337	102007485	1	1	1	262	0	40
chr7	112839481	112841887	1	1	1	7	0	41
chr7	112839481	112842039	1	1	1	215	1	41
chr7	112839481	112856052	1	1	1	2	0	12
chr7	112839481	112856797	1	1	1	24	0	41
chr7	112841951	112856052	1	1	1	3	0	12
chr7	112841951	112856797	1	1	0	4	0	37
chr7	112842103	112856052	1	1	1	9	0	12
chr7	112842103	112856797	1	1	1	208	1	45
chr7	112856065	112856797	1	1	1	14	0	12
chr7	127980247	127981190	1	1	1	16	0	22
chr7	127981292	127981410	1	1	1	17	0	45
chr7	144847532	144862231	1	1	1	2	0	3
chr7	144861833	144862231	1	1	1	1679	1	39
chr7	144861837	144862231	1	1	0	3	0	32
chr7	144862267	144862764	1	1	0	6	0	35
chr7	144862336	144862764	1	1	1	1669	1	46
chr8	25532429	25555507	1	1	1	2	0	44
chr8	25532429	25557730	1	1	1	3	0	44
chr8	25555775	25557730	1	1	1	3	0	37
chr8	72219861	72219940	1	1	1	1	0	30
chr8	95100453	95100646	2	2	1	461	0	31
chr8	95100453	95101408	2	2	0	984	0	46
chr8	95100674	95101408	2	2	1	461	0	42
chr8	123268550	123268744	2	2	1	128	1	47
chr9	43027296	43029555	2	2	0	3	0	38
chr9	43027296	43040539	2	2	1	23	0	38
chr9	43027296	43042590	2	2	1	335	1	46
chr9	43029574	43040539	2	2	0	1	0	18
chr9	43029615	43042590	2	2	0	2	0	43
chr9	43040597	43042590	2	2	1	24	0	45
chr9	80093642	80098847	1	1	0	1	0	44
chr9	80093642	80098885	1	1	1	1808	0	26
chr9	80093642	80098892	1	1	0	37	0	19
chr9	80093642	80103693	1	1	1	8120	4	45
chr9	80093642	80103698	1	1	0	2	0	43
chr9	80098907	80103693	1	1	1	1845	0	37
chr9	114597607	114597794	2	2	1	327	0	39
chr9	114597607	114598704	2	2	0	384	0	43
chr9	114597825	114598704	2	2	0	3	0	30
chr9	114597831	114598704	2	2	1	322	0	38
chr11	79458907	79463232	1	1	1	29	0	42
chr11	79458907	79468716	1	1	1	60	0	44
chr11	79463296	79468716	1	1	1	27	0	39
chr11	94112147	94113262	1	1	1	22	0	21
chr11	94112147	94114172	1	1	1	318	0	32
chr11	94113302	94114172	1	1	1	24	0	39
chr11	102310577	102310925	2	2	1	131	0	43
chr11	102310577	102311379	2	2	1	417	0	46
chr11	102310577	102311403	2	2	0	1	0	21
chr11	102311037	102311379	2	2	1	132	0	46
chr12	71952560	71959805	1	1	1	270	0	46
chr12	71952560	71959809	1	1	0	1	0	45
chr12	83811361	83825258	2	2	1	234	0	33
chr12	83811361	83831921	2	2	1	265	0	41
chr12	83825292	83831921	2	2	1	234	0	33
chr12	104697145	104700364	2	2	1	1	0	16
chr12	113133338	113133495	1	1	0	8	0	42
chr12	113133338	113133540	1	1	1	388	0	43
chr12	113133338	113135796	1	1	1	1037	0	29
chr12	113133577	113135796	1	1	1	379	0	29
chr13	46778990	46780625	2	2	0	1	0	39
chr13	46778990	46785245	2	2	0	1	0	44
chr13	46778994	46780625	2	2	1	853	0	41
chr13	46778994	46785245	2	2	1	3472	5	48
chr13	46780665	46785245	2	2	1	856	0	39
chr13	56084286	56089757	2	2	1	29	0	40
chr13	56084286	56096123	2	2	0	3	0	40
chr13	56089858	56096123	2	2	1	30	0	41
chr14	57643224	57643334	2	2	1	1	0	39
chr14	57643224	57648418	2	2	1	214	0	47
chr14	57643490	57648418	2	2	1	1	0	38
chr14	120389164	120395711	1	1	1	311	0	38
chr14	120389164	120396450	1	1	1	103	0	48
chr14	120395766	120396450	1	1	1	329	0	48
chr15	77102940	77105576	2	2	1	170	0	41
chr15	77102940	77113604	2	2	1	22	0	44
chr15	77105670	77113604	2	2	1	171	0	48
chr16	57178009	57182850	2	2	0	1	0	44
chr16	57178021	57181491	2	2	1	17	0	43
chr16	57178021	57182850	2	2	1	1444	3	44
chr16	57181537	57182850	2	2	1	17	0	34
chr16	94686604	94691580	1	1	1	3	0	45
chr17	12979205	13846588	1	1	0	6	1	12
chr17	13846640	13848354	1	1	1	568	0	21
chr17	13846640	13849107	1	1	1	13926	14	48
chr17	13846640	13849113	1	1	0	81	0	47
chr17	13848376	13849107	1	1	1	568	0	27
chr17	45570567	45570665	2	2	1	721	1	37
chr17	45570800	45571017	2	2	1	794	1	21
chr17	46590452	46590758	2	2	1	1	1	11
chr18	53948155	53948644	1	1	1	1565	3	28
chr18	53948155	53953244	1	1	1	11687	16	45
chr18	53948666	53953244	1	1	0	1	0	21
chr18	53948669	53953244	1	1	1	1559	3	24
chr19	7281251	7282725	2	2	0	2	0	26
chr19	7281256	7281797	2	4	1	234	0	40
chr19	7281256	7282725	2	2	1	546	0	35
chr19	7281960	7282725	2	2	1	238	0	31
chr19	7282449	7282725	2	2	0	1	0	26
KV575235.1	147143	149353	1	1	0	0	1	33
