chr1	34295537	34296741	1	1	1	20	0	18
chr1	34295537	34299720	1	1	1	119	0	41
chr1	34296760	34299720	1	1	1	20	0	18
chr1	40010678	40011649	1	1	1	18	0	21
chr1	40010678	40014105	1	1	1	38	0	33
chr1	40011842	40014105	1	1	1	18	0	37
chr1	82735508	82747082	1	1	1	4	0	40
chr1	82735508	82750519	1	1	1	44	0	41
chr1	82747143	82750519	1	1	1	4	0	38
chr2	32292216	32293314	1	1	1	4	0	43
chr2	32292216	32296625	1	1	1	64	0	43
chr2	32293396	32296625	1	1	1	4	0	38
chr2	59932171	59933405	2	2	0	5	0	33
chr2	59932171	59933411	2	2	1	57	0	31
chr2	59932171	59933670	2	2	1	11	0	38
chr2	59933439	59933670	2	2	1	61	0	28
chr2	71849507	71853533	1	1	1	29	0	40
chr2	71849507	71855853	1	1	1	1349	3	43
chr2	71853664	71855853	1	1	1	29	0	41
chr2	75662926	75663570	1	1	1	7	0	36
chr2	91001089	91001461	1	1	1	294	0	24
chr2	91001089	91003299	1	1	0	1	0	33
chr2	91001511	91003210	1	1	1	294	0	25
chr2	91003238	91003810	1	1	0	1	0	27
chr2	91003346	91003810	1	1	1	11	0	36
chr2	91159306	91160316	2	2	1	4	0	47
chr2	91159306	91162027	2	2	1	102	0	47
chr2	91160371	91162027	2	2	1	4	0	38
chr2	91681696	91682025	2	2	1	1	0	50
chr2	91681696	91684668	2	2	1	493	0	50
chr2	91682110	91684668	2	2	0	1	0	38
chr2	120097128	120102019	2	2	1	3	0	41
chr2	153670448	153670848	1	1	1	25	0	42
chr2	153670909	153672215	1	1	1	25	0	50
chr2	168752731	168754433	2	2	0	1	0	47
chr2	168752741	168754433	2	2	1	9556	6	49
chr3	60613521	60614682	1	1	1	55	1	44
chr3	60613521	60615619	1	1	1	6	0	44
chr3	60614737	60615619	1	1	1	55	1	37
chr3	78904652	78918022	2	2	0	2	0	12
chr3	87733505	87734423	1	1	1	3	0	39
chr3	87733505	87735344	1	1	0	116	0	39
chr3	87734553	87735344	1	1	1	4	0	37
chr3	88483947	88484046	2	2	1	130	0	38
chr3	88484155	88484614	2	2	1	129	0	39
chr3	119724187	119724611	2	2	1	1019	0	34
chr3	119724187	119726065	2	2	1	2	0	29
chr3	119724646	119726065	2	2	1	1040	0	38
chr4	31992517	31994873	1	1	1	881	0	40
chr4	31992517	32002088	1	1	1	536	1	49
chr4	31994955	32002088	1	1	1	880	0	49
chr4	107009769	107027216	1	1	1	40	0	39
chr4	107009769	107028192	1	1	1	133	1	46
chr4	107027298	107028192	1	1	1	43	0	41
chr5	23565266	23616326	2	2	1	72	0	45
chr5	72958287	72974530	1	1	1	23	0	41
chr5	149184807	149187707	1	1	1	15	0	43
chr5	149184807	149188344	1	1	1	152	0	44
chr5	149187806	149188344	1	1	0	1	0	39
chr5	149187835	149188344	1	1	1	1	0	39
chr5	149187877	149188344	1	1	1	13	0	39
chr5	149188474	149193839	1	1	1	1	0	25
chr6	72634233	72648800	2	2	1	2290	2	42
chr6	72634233	72649119	2	2	1	4960	4	50
chr6	72648843	72649119	2	2	1	2288	2	42
chr6	98939789	98941535	2	2	1	34	0	45
chr6	98939789	98944618	2	2	0	3	0	45
chr6	98941658	98944618	2	2	1	34	0	37
chr6	125162102	125162211	2	2	1	411	8	36
chr6	128371086	128371967	1	1	1	1134	1	42
chr6	128371086	128372530	1	1	1	62	0	49
chr6	128371086	128372533	1	1	1	534	0	46
chr6	128371086	128372536	1	1	0	3	0	43
chr6	128371086	128372539	1	1	0	1	0	40
chr6	128372013	128372504	1	1	0	4	0	26
chr6	128372013	128372530	1	1	1	155	0	47
chr6	128372013	128372533	1	1	1	959	1	46
chr6	128372013	128372536	1	1	0	2	0	43
chr6	128372018	128372530	1	1	0	1	0	49
chr6	128372018	128372533	1	1	0	12	0	46
chr7	67240441	67244520	2	2	1	3	0	24
chr7	67240441	67251656	2	2	1	317	0	44
chr7	67244545	67251656	2	2	1	3	0	24
chr7	101405603	102001614	1	1	0	5	0	13
chr7	102001660	102002294	1	1	1	149	0	42
chr7	102001660	102007485	1	1	1	2870	3	48
chr7	102002337	102007485	1	1	1	149	0	39
chr7	112839481	112841887	1	1	1	5	0	41
chr7	112839481	112842039	1	1	1	129	0	42
chr7	112839481	112856797	1	1	1	37	0	41
chr7	112841951	112856052	1	1	1	1	0	12
chr7	112841951	112856797	1	1	0	3	0	37
chr7	112842103	112856052	1	1	1	11	0	12
chr7	112842103	112856797	1	1	1	121	0	38
chr7	112856065	112856797	1	1	1	12	0	12
chr7	127980247	127981190	1	1	1	8	0	22
chr7	127981292	127981410	1	1	1	8	0	6
chr7	144861833	144862231	1	1	1	623	0	28
chr7	144861837	144862231	1	1	0	1	0	32
chr7	144862267	144862764	1	1	0	3	0	35
chr7	144862336	144862764	1	1	1	616	0	43
chr8	11423625	11423716	1	1	1	1	0	2
chr8	25532429	25555507	1	1	1	1	0	44
chr8	25532429	25557730	1	1	1	2	0	44
chr8	25555775	25557730	1	1	1	3	0	38
chr8	95100453	95100646	2	2	1	351	1	31
chr8	95100453	95101408	2	2	0	664	0	46
chr8	95100674	95101408	2	2	1	351	1	44
chr8	95101447	95139983	2	2	0	0	1	15
chr8	123268550	123268744	2	2	1	114	0	46
chr9	43027296	43040539	2	2	1	18	0	39
chr9	43027296	43042590	2	2	1	244	0	46
chr9	43040597	43042590	2	2	1	18	0	45
chr9	80093642	80098885	1	1	1	1143	0	26
chr9	80093642	80098892	1	1	0	27	0	14
chr9	80093642	80103693	1	1	1	5192	1	45
chr9	80093642	80103698	1	1	0	2	0	44
chr9	80098907	80103693	1	1	1	1167	0	24
chr9	80098907	80103698	1	1	0	1	0	21
chr9	114597607	114597794	2	2	1	128	0	39
chr9	114597607	114598704	2	2	0	156	0	43
chr9	114597831	114598704	2	2	1	128	0	38
chr11	79458907	79463232	1	1	1	16	0	42
chr11	79458907	79468716	1	1	1	40	0	42
chr11	79463296	79468716	1	1	1	16	0	39
chr11	83497297	83497893	1	1	1	2	0	33
chr11	83497927	83499072	1	1	1	2	0	33
chr11	94112147	94113262	1	1	1	12	0	21
chr11	94112147	94114172	1	1	1	147	0	32
chr11	94113302	94114172	1	1	1	12	0	39
chr11	97778379	97781333	2	2	1	1	0	35
chr11	102310577	102310925	2	2	1	66	0	43
chr11	102310577	102311379	2	2	1	224	0	45
chr11	102311037	102311379	2	2	1	64	0	45
chr11	115853148	115853267	1	1	1	1	0	16
chr12	71952560	71959805	1	1	1	170	0	44
chr12	80205082	80209358	2	2	1	1	0	25
chr12	80209474	80259986	2	2	1	1	0	17
chr12	83811361	83825258	2	2	1	135	1	37
chr12	83811361	83831921	2	2	1	165	0	41
chr12	83825292	83831921	2	2	1	134	1	33
chr12	83825319	83831921	2	2	0	1	0	38
chr12	104697145	104700364	2	2	1	1	0	39
chr12	113133338	113133495	1	1	0	4	0	42
chr12	113133338	113133540	1	1	1	230	0	38
chr12	113133338	113135796	1	1	1	666	0	29
chr12	113133577	113135796	1	1	1	224	0	29
chr13	46778994	46780625	2	2	1	342	2	42
chr13	46778994	46785245	2	2	1	1867	6	49
chr13	46780663	46785245	2	2	0	1	0	37
chr13	46780665	46785245	2	2	1	339	2	39
chr13	56084286	56089757	2	2	1	4	0	40
chr13	56089858	56096123	2	2	1	5	0	38
chr14	31257768	31257880	1	1	1	1	0	45
chr14	57643224	57648418	2	2	1	83	0	39
chr14	120389164	120395711	1	1	1	158	1	39
chr14	120389164	120396450	1	1	1	40	0	48
chr14	120395766	120396450	1	1	1	165	1	48
chr15	77102940	77105576	2	2	1	61	0	40
chr15	77102940	77113604	2	2	1	10	0	44
chr15	77105670	77113604	2	2	1	60	0	48
chr15	77774695	77775073	2	2	1	1	0	8
chr16	57178021	57181491	2	2	1	18	0	43
chr16	57178021	57182850	2	2	1	978	2	44
chr16	57181537	57182850	2	2	1	18	0	33
chr17	12979205	13846588	1	1	0	21	1	12
chr17	13846613	13849107	1	1	0	1	0	36
chr17	13846640	13848354	1	1	1	318	0	22
chr17	13846640	13849107	1	1	1	9863	8	49
chr17	13846640	13849113	1	1	0	84	0	47
chr17	13848376	13849107	1	1	1	317	0	26
chr17	45570567	45570665	2	2	1	496	0	42
chr17	45570800	45571017	2	2	1	539	0	21
chr18	53948155	53948644	1	1	1	944	0	27
chr18	53948155	53953244	1	1	1	8283	7	45
chr18	53948669	53953244	1	1	1	943	0	24
chr19	7281256	7281797	2	4	1	77	0	38
chr19	7281256	7282725	2	2	1	277	0	35
chr19	7281960	7282725	2	2	1	81	0	26
chr19	30158650	30174423	2	2	1	1	0	43
