chr1	34295537	34296741	1	1	1	122	0	18
chr1	34295537	34299720	1	1	1	26	0	38
chr1	34296760	34299720	1	1	1	122	0	18
chr1	40010678	40011649	1	1	1	159	0	21
chr1	40010678	40011783	1	1	0	1	0	21
chr1	40010678	40011811	1	1	0	1	0	21
chr1	40010678	40014105	1	1	1	74	1	32
chr1	40011842	40014105	1	1	1	159	0	38
chr1	82735508	82741817	1	1	1	2	0	40
chr1	82735508	82741934	1	1	0	1	0	40
chr1	82735508	82747082	1	1	1	1	0	40
chr1	82735508	82750519	1	1	1	75	0	41
chr1	82747143	82750519	1	1	1	3	0	38
chr2	32292216	32293314	1	1	1	24	0	43
chr2	32292216	32296625	1	1	1	171	0	43
chr2	32293396	32296625	1	1	1	24	0	38
chr2	59932171	59933405	2	2	0	105	0	37
chr2	59932171	59933411	2	2	1	581	1	31
chr2	59932171	59933670	2	2	1	3	0	36
chr2	59933439	59933670	2	2	1	677	1	30
chr2	71849507	71851882	1	1	0	2	0	39
chr2	71849507	71853533	1	1	1	1159	2	45
chr2	71849507	71853820	1	1	0	2	0	37
chr2	71849507	71853890	1	1	0	2	0	39
chr2	71849507	71855853	1	1	1	4357	7	44
chr2	71849507	71855868	1	1	0	21	0	46
chr2	71852002	71855853	1	1	0	2	0	40
chr2	71853664	71855853	1	1	1	1207	2	42
chr2	71853891	71855853	1	1	0	2	0	40
chr2	71853948	71855853	1	1	0	2	0	40
chr2	75662926	75663570	1	1	1	6	0	41
chr2	91001089	91001461	1	1	1	1006	1	34
chr2	91001089	91003299	1	1	0	4	1	33
chr2	91001511	91003210	1	1	1	989	1	25
chr2	91003238	91003810	1	1	0	5	0	27
chr2	91003346	91003810	1	1	1	36	0	36
chr2	91159300	91162027	2	2	0	1	0	41
chr2	91159306	91160316	2	2	1	307	1	47
chr2	91159306	91162027	2	2	1	540	1	47
chr2	91160371	91162027	2	2	1	305	1	39
chr2	91681696	91684668	2	2	1	327	0	50
chr2	153670448	153672215	1	1	1	1	0	49
chr3	60613521	60614682	1	1	1	1753	3	49
chr3	60613521	60615619	1	1	1	1308	1	46
chr3	60614737	60615619	1	1	1	1752	3	40
chr3	87733505	87734423	1	1	1	25	0	39
chr3	87733505	87735344	1	1	0	6	0	39
chr3	87734553	87735344	1	1	1	27	0	37
chr3	88483947	88484046	2	2	1	421	1	40
chr3	88483947	88484055	2	2	0	2	0	37
chr3	88484155	88484614	2	2	1	409	1	41
chr3	119724187	119724611	2	2	1	8354	6	34
chr3	119724187	119726065	2	2	1	16	0	29
chr3	119724646	119726065	2	2	1	8537	6	39
chr3	119726116	119820407	2	2	0	2	0	13
chr3	139632407	139650143	2	2	0	0	1	13
chr4	31992517	31994873	1	1	1	585	0	42
chr4	31992517	32002088	1	1	1	3324	9	49
chr4	31994955	32002088	1	1	1	589	0	49
chr4	107009769	107027216	1	1	1	16	0	38
chr4	107009769	107028192	1	1	1	122	1	41
chr4	107027298	107028192	1	1	1	21	0	41
chr5	23565266	23568151	2	2	0	1	0	37
chr5	23565266	23616326	2	2	1	856	4	47
chr5	23568264	23616326	2	2	0	1	0	40
chr5	23615836	23616326	2	2	0	1	0	45
chr5	72958287	72974530	1	1	1	85	0	43
chr5	74540990	74542008	1	1	1	1	0	15
chr5	113758264	113759220	2	2	1	1	0	10
chr5	116477146	116482389	2	2	1	2	0	33
chr5	116482537	116591333	2	2	1	1045	4	50
chr5	149184807	149185484	1	1	1	1	0	43
chr5	149184807	149187707	1	1	1	50	0	44
chr5	149184807	149188344	1	1	1	520	1	44
chr5	149187835	149188344	1	1	1	5	0	39
chr5	149187877	149188344	1	1	1	46	0	40
chr5	149188474	149193839	1	1	1	1	0	25
chr6	47577668	47594893	2	2	1	2	0	24
chr6	98939789	98941535	2	2	1	276	0	47
chr6	98939789	98944618	2	2	0	22	0	45
chr6	98941658	98944618	2	2	1	277	0	39
chr6	125162102	125162211	2	2	1	555	21	43
chr6	128371086	128371967	1	1	1	5098	3	44
chr6	128371086	128371980	1	1	0	1	0	32
chr6	128371086	128372533	1	1	1	21	0	46
chr6	128372013	128372504	1	1	0	31	0	26
chr6	128372013	128372509	1	1	0	7	0	31
chr6	128372013	128372530	1	1	1	692	0	49
chr6	128372013	128372533	1	1	1	4315	3	46
chr6	128372013	128372536	1	1	0	7	0	43
chr6	128372018	128372509	1	1	0	1	0	31
chr6	128372018	128372530	1	1	0	4	0	49
chr6	128372018	128372533	1	1	0	51	0	46
chr6	128372018	128372536	1	1	0	2	0	43
chr6	128372208	128372533	1	1	0	1	0	46
chr7	67240441	67244520	2	2	1	95	0	24
chr7	67240441	67251656	2	2	1	1033	1	45
chr7	67244545	67251656	2	2	1	95	0	24
chr7	101288340	102001612	1	3	0	4	0	12
chr7	102001660	102002294	1	1	1	1944	1	43
chr7	102001660	102007485	1	1	1	583	0	45
chr7	102002337	102007485	1	1	1	1963	1	42
chr7	112839481	112841887	1	1	1	7	0	41
chr7	112839481	112842039	1	1	1	172	0	43
chr7	112839481	112856052	1	1	1	2	0	12
chr7	112839481	112856797	1	1	1	16	0	41
chr7	112841951	112856052	1	1	1	4	0	12
chr7	112842103	112856052	1	1	1	159	0	12
chr7	112842103	112856797	1	1	1	13	0	37
chr7	112856065	112856797	1	1	1	166	0	14
chr7	127980247	127981190	1	1	1	18	0	22
chr7	127981292	127981410	1	1	1	15	0	6
chr8	25532429	25555507	1	1	1	2	0	44
chr8	25532429	25557730	1	1	1	3	0	44
chr8	25555775	25557730	1	1	1	3	0	38
chr8	72219861	72219940	1	1	1	1	0	30
chr8	91688606	91932332	1	1	0	4	0	13
chr8	95100453	95100646	2	2	1	691	2	31
chr8	95100453	95101408	2	2	0	173	0	46
chr8	95100674	95101408	2	2	1	691	2	42
chr8	95101447	95139983	2	2	0	1	2	15
chr8	123268550	123268744	2	2	1	235	1	46
chr9	43027296	43040539	2	2	1	197	0	40
chr9	43027296	43042590	2	2	1	204	1	46
chr9	43040593	43042590	2	2	0	1	0	43
chr9	43040597	43042590	2	2	1	194	0	46
chr9	80093642	80098885	1	1	1	10006	9	30
chr9	80093642	80098892	1	1	0	266	0	19
chr9	80093642	80103693	1	1	1	229	0	45
chr9	80098907	80099016	1	1	0	2	0	21
chr9	80098907	80103693	1	1	1	10283	9	24
chr9	80099049	80103693	1	1	0	3	0	37
chr9	114597607	114597794	2	2	1	552	0	38
chr9	114597607	114598704	2	2	0	53	0	42
chr9	114597825	114598704	2	2	0	2	0	30
chr9	114597831	114598704	2	2	1	550	0	39
chr10	79863056	79863144	1	1	1	1	0	32
chr11	26725015	26787397	2	2	0	2	0	13
chr11	79458907	79463232	1	1	1	25	0	42
chr11	79458907	79468716	1	1	1	220	0	42
chr11	79463296	79468716	1	1	1	25	0	39
chr11	94112147	94113262	1	1	1	77	0	22
chr11	94112147	94114172	1	1	1	458	1	32
chr11	94113302	94114172	1	1	1	79	0	39
chr11	97778379	97781333	2	2	1	0	1	15
chr11	102310577	102310925	2	2	1	72	0	42
chr11	102310577	102311379	2	2	1	1028	0	46
chr11	102311037	102311379	2	2	1	72	0	45
chr11	102311037	102311403	2	2	0	1	0	21
chr12	71952560	71958746	1	1	1	80	0	27
chr12	71952560	71959805	1	1	1	41	0	45
chr12	71958774	71959805	1	1	1	80	0	31
chr12	83811361	83825258	2	2	1	48	0	33
chr12	83811361	83831921	2	2	1	566	0	41
chr12	83825292	83831921	2	2	1	48	0	33
chr12	113133338	113133495	1	1	0	139	23	42
chr12	113133338	113133540	1	1	1	2124	71	43
chr12	113133338	113134186	1	1	0	1	0	42
chr12	113133338	113135796	1	1	1	26	0	29
chr12	113133577	113134761	1	1	0	1	0	21
chr12	113133577	113134800	1	1	0	7	0	15
chr12	113133577	113135796	1	1	1	2185	94	29
chr12	113134231	113135796	1	1	0	1	0	29
chr12	113134813	113135796	1	1	0	8	0	29
chr13	46778994	46780625	2	2	1	652	0	40
chr13	46778994	46785245	2	2	1	3761	7	47
chr13	46780665	46785245	2	2	1	657	0	40
chr13	56084286	56089757	2	2	1	92	0	40
chr13	56089858	56096123	2	2	1	91	0	41
chr14	57643224	57643334	2	2	1	2	0	39
chr14	57643224	57648418	2	2	1	117	0	47
chr14	57643490	57648418	2	2	1	2	0	38
chr14	120389164	120395711	1	1	1	260	2	39
chr14	120389164	120395717	1	1	0	1	0	38
chr14	120389164	120396450	1	1	1	467	0	48
chr14	120395766	120396450	1	1	1	268	2	48
chr15	77102940	77105576	2	2	1	279	1	43
chr15	77102940	77113604	2	2	1	17	0	44
chr15	77105670	77113604	2	2	1	282	1	48
chr15	103242719	103243624	1	1	1	0	2	5
chr16	57178021	57181491	2	2	1	304	1	44
chr16	57178021	57182850	2	2	1	228	1	44
chr16	57181507	57182850	2	2	0	1	0	15
chr16	57181537	57182850	2	2	1	301	1	34
chr17	12979205	13846588	1	1	0	47	2	12
chr17	13846613	13848354	1	1	0	2	0	21
chr17	13846613	13849107	1	1	0	1	0	37
chr17	13846640	13848354	1	1	1	5085	7	24
chr17	13846640	13849107	1	1	1	5976	7	44
chr17	13846640	13849113	1	1	0	42	0	48
chr17	13848376	13849107	1	1	1	5082	7	41
chr17	13848376	13849113	1	1	0	8	0	21
chr17	45570567	45570665	2	2	1	568	0	37
chr17	45570800	45571017	2	2	1	624	0	21
chr17	56578845	56578920	2	2	1	1	0	18
chr17	56578986	56582983	2	2	1	1	0	42
chr18	10726534	10740982	1	1	1	1	0	15
chr18	53948155	53948644	1	1	1	15871	21	33
chr18	53948155	53953244	1	1	1	3626	4	44
chr18	53948167	53953244	1	1	0	1	0	37
chr18	53948666	53953244	1	1	0	6	0	21
chr18	53948669	53949213	1	1	0	1	0	15
chr18	53948669	53953244	1	1	1	15842	19	37
chr18	53948673	53953244	1	1	0	1	0	28
chr18	53949263	53953244	1	1	0	1	0	37
chr18	64512050	64515325	2	2	1	1	0	25
chr18	64515409	64516415	2	2	1	1	0	30
chr19	7281256	7281797	2	4	1	208	0	40
chr19	7281256	7282725	2	2	1	1622	1	36
chr19	7281960	7282725	2	2	1	218	0	36
chrX	74021964	74022184	2	2	1	1	0	41
chrX	74022250	74022472	2	2	1	1	0	2
KV575235.1	147143	149353	1	1	0	0	1	33
