chr1	34295537	34296741	1	1	1	89	0	18
chr1	34295537	34299720	1	1	1	18	0	38
chr1	34296760	34299720	1	1	1	89	0	18
chr1	40010678	40011649	1	1	1	83	0	22
chr1	40010678	40011811	1	1	0	3	0	21
chr1	40010678	40014105	1	1	1	28	1	32
chr1	40011842	40014105	1	1	1	82	0	38
chr1	82735508	82741817	1	1	1	3	0	20
chr1	82735508	82747082	1	1	1	1	0	40
chr1	82735508	82750519	1	1	1	53	0	41
chr1	82747143	82750519	1	1	1	2	0	38
chr2	32292216	32293314	1	1	1	19	0	43
chr2	32292216	32296625	1	1	1	66	0	44
chr2	32293396	32296625	1	1	1	19	0	38
chr2	59932171	59933405	2	2	0	96	0	37
chr2	59932171	59933411	2	2	1	453	0	31
chr2	59933439	59933670	2	2	1	537	0	28
chr2	71849507	71853533	1	1	1	764	2	41
chr2	71849507	71853820	1	1	0	1	0	37
chr2	71849507	71853890	1	1	0	1	0	39
chr2	71849507	71855853	1	1	1	1997	3	43
chr2	71849507	71855868	1	1	0	2	0	46
chr2	71853664	71855853	1	1	1	791	2	44
chr2	71853891	71855853	1	1	0	2	0	40
chr2	71853948	71855853	1	1	0	1	0	40
chr2	75662926	75663570	1	1	1	8	0	40
chr2	91001089	91001461	1	1	1	706	0	34
chr2	91001089	91003299	1	1	0	11	0	33
chr2	91001511	91003210	1	1	1	696	0	25
chr2	91001511	91003299	1	1	0	2	0	46
chr2	91003346	91003810	1	1	1	14	0	36
chr2	91159306	91160316	2	2	1	260	0	47
chr2	91159306	91162027	2	2	1	339	1	47
chr2	91160371	91162027	2	2	1	257	0	39
chr2	91681696	91682025	2	2	1	3	0	50
chr2	91681696	91684668	2	2	1	164	0	50
chr2	91682110	91684668	2	2	0	3	0	38
chr2	122028725	122028807	1	1	1	1	0	44
chr2	153670448	153672215	1	1	1	2	0	50
chr3	60613504	60615638	2	2	0	1	0	45
chr3	60613521	60614682	1	1	1	1184	0	45
chr3	60613521	60614688	1	1	0	2	0	38
chr3	60613521	60615619	1	1	1	1217	1	45
chr3	60614737	60615619	1	1	1	1184	0	39
chr3	87733505	87734423	1	1	1	12	0	39
chr3	87733505	87735344	1	1	0	2	0	39
chr3	87734553	87735344	1	1	1	12	0	37
chr3	88483947	88484046	2	2	1	232	0	38
chr3	88483947	88484614	2	2	0	2	0	38
chr3	88484155	88484614	2	2	1	229	0	40
chr3	119724187	119724611	2	2	1	10450	6	34
chr3	119724187	119726065	2	2	1	8	0	29
chr3	119724646	119726065	2	2	1	10691	6	38
chr4	31992517	31994873	1	1	1	196	0	39
chr4	31992517	32002088	1	1	1	3099	6	49
chr4	31994955	32002088	1	1	1	195	0	49
chr4	107009769	107027216	1	1	1	12	0	38
chr4	107009769	107028192	1	1	1	110	0	43
chr4	107027298	107028192	1	1	1	13	0	41
chr5	23565266	23616326	2	2	1	801	0	46
chr5	72958287	72974530	1	1	1	97	0	42
chr5	116471293	116472506	2	2	1	1	0	27
chr5	116472534	116475175	2	2	1	1	0	22
chr5	116482537	116591333	2	2	1	1198	3	50
chr5	149184807	149187707	1	1	1	12	0	43
chr5	149184807	149188344	1	1	1	772	2	45
chr5	149187835	149188344	1	1	1	1	0	39
chr5	149187877	149188344	1	1	1	11	0	39
chr6	98930235	98935273	2	2	1	1	0	30
chr6	98939789	98940994	2	2	1	1	0	45
chr6	98939789	98941535	2	2	1	169	0	45
chr6	98939789	98944618	2	2	0	2	0	45
chr6	98941165	98944618	2	2	0	1	0	36
chr6	98941658	98944618	2	2	1	167	0	37
chr6	125162102	125162211	2	2	1	286	10	43
chr6	128371086	128371967	1	1	1	3637	2	43
chr6	128371086	128372533	1	1	1	4	0	46
chr6	128372013	128372278	1	1	0	2	0	27
chr6	128372013	128372504	1	1	0	19	0	26
chr6	128372013	128372509	1	1	0	6	0	31
chr6	128372013	128372530	1	1	1	414	0	49
chr6	128372013	128372533	1	1	1	3162	2	46
chr6	128372013	128372536	1	1	0	2	0	43
chr6	128372013	128372539	1	1	0	1	0	40
chr6	128372018	128372530	1	1	0	2	0	49
chr6	128372018	128372533	1	1	0	38	0	46
chr6	128372306	128372530	1	1	0	1	0	27
chr6	128372306	128372533	1	1	0	1	0	27
chr7	25724845	25725923	2	2	1	1	0	39
chr7	67240441	67244520	2	2	1	251	0	24
chr7	67240441	67251656	2	2	1	1009	1	46
chr7	67244545	67251656	2	2	1	251	0	24
chr7	102001660	102002294	1	1	1	1585	1	43
chr7	102001660	102007485	1	1	1	461	0	43
chr7	102001665	102002300	1	1	0	0	1	36
chr7	102002337	102007485	1	1	1	1583	1	42
chr7	112839481	112841887	1	1	1	4	1	41
chr7	112839481	112842039	1	1	1	108	1	42
chr7	112839481	112856052	1	1	1	2	0	12
chr7	112839481	112856797	1	1	1	13	0	41
chr7	112841906	112842057	1	1	0	0	1	18
chr7	112841951	112856052	1	1	1	2	0	12
chr7	112842103	112856052	1	1	1	105	0	12
chr7	112842103	112856797	1	1	1	4	1	37
chr7	112856065	112856797	1	1	1	111	0	14
chr7	127980247	127981190	1	1	1	6	0	3
chr7	127981292	127981410	1	1	1	9	0	6
chr8	25555775	25557730	1	1	1	1	0	39
chr8	95100453	95100646	2	2	1	1051	0	31
chr8	95100453	95101408	2	2	0	160	0	46
chr8	95100674	95101408	2	2	1	1051	0	42
chr8	123268550	123268744	2	2	1	241	0	47
chr9	43027296	43040539	2	2	1	128	0	38
chr9	43027296	43042590	2	2	1	74	0	45
chr9	43040597	43042590	2	2	1	127	0	45
chr9	47813946	47818733	1	1	1	1	0	38
chr9	59436916	59454401	2	2	1	1	0	16
chr9	80093642	80098885	1	1	1	8344	6	30
chr9	80093642	80098892	1	1	0	188	0	19
chr9	80093642	80103693	1	1	1	203	0	44
chr9	80098907	80099016	1	1	0	1	0	21
chr9	80098907	80103693	1	1	1	8534	6	29
chr9	80098907	80103698	1	1	0	4	0	21
chr9	80099049	80103693	1	1	0	1	0	37
chr9	114597607	114597794	2	2	1	354	0	38
chr9	114597607	114598704	2	2	0	12	0	40
chr9	114597825	114598704	2	2	0	4	0	30
chr9	114597831	114598704	2	2	1	352	0	38
chr11	26778879	26787397	2	2	0	0	1	13
chr11	79458907	79463232	1	1	1	6	0	42
chr11	79458907	79468716	1	1	1	270	0	43
chr11	79463296	79468716	1	1	1	7	0	39
chr11	94112147	94113262	1	1	1	36	0	21
chr11	94112147	94114172	1	1	1	401	0	32
chr11	94113302	94114172	1	1	1	37	0	39
chr11	102310577	102310925	2	2	1	47	0	42
chr11	102310577	102311379	2	2	1	836	0	46
chr11	102310577	102311403	2	2	0	4	0	31
chr11	102311037	102311379	2	2	1	47	0	45
chr12	71952560	71958746	1	1	1	77	0	27
chr12	71952560	71959805	1	1	1	16	0	43
chr12	71958774	71959805	1	1	1	77	0	27
chr12	78883402	78884790	1	1	1	2	0	4
chr12	83811361	83825258	2	2	1	40	0	33
chr12	83811361	83831921	2	2	1	386	1	44
chr12	83825292	83831921	2	2	1	40	0	33
chr12	113133338	113133495	1	1	0	100	18	46
chr12	113133338	113133540	1	1	1	1635	80	40
chr12	113133338	113135796	1	1	1	3	0	29
chr12	113133577	113134761	1	1	0	2	0	21
chr12	113133577	113134800	1	1	0	8	0	12
chr12	113133577	113135796	1	1	1	1695	98	29
chr12	113134813	113135796	1	1	0	11	0	29
chr13	46778994	46780545	2	2	0	2	0	40
chr13	46778994	46780625	2	2	1	661	0	43
chr13	46778994	46785245	2	2	1	2690	5	46
chr13	46780663	46785245	2	2	0	1	0	37
chr13	46780665	46785245	2	2	1	662	0	40
chr13	56084286	56089757	2	2	1	52	0	40
chr13	56089858	56096123	2	2	1	53	0	41
chr14	57643224	57648418	2	2	1	91	0	40
chr14	120389164	120395711	1	1	1	250	0	39
chr14	120389164	120395717	1	1	0	2	0	38
chr14	120389164	120396450	1	1	1	334	2	48
chr14	120395766	120396450	1	1	1	264	0	48
chr15	77102940	77105576	2	2	1	222	0	42
chr15	77102940	77110164	2	2	0	1	0	40
chr15	77102940	77113604	2	2	1	11	0	47
chr15	77105670	77113604	2	2	1	223	0	48
chr15	103242719	103243624	1	1	1	2	0	43
chr15	103244029	103244255	1	1	1	1	0	33
chr16	57178021	57181491	2	2	1	358	0	43
chr16	57178021	57182850	2	2	1	71	0	44
chr16	57181537	57182850	2	2	1	355	0	44
chr17	12979205	13846588	1	1	0	55	2	12
chr17	13846613	13848354	1	1	0	3	0	21
chr17	13846640	13847291	1	1	0	2	0	19
chr17	13846640	13848354	1	1	1	3336	2	22
chr17	13846640	13849107	1	1	1	6462	10	47
chr17	13846640	13849113	1	1	0	49	0	47
chr17	13847311	13848354	1	1	0	2	0	20
chr17	13848376	13849107	1	1	1	3328	2	29
chr17	13848376	13849113	1	1	0	1	0	21
chr17	45570567	45570665	2	2	1	684	4	42
chr17	45570800	45571017	2	2	1	737	2	24
chr17	51783067	51785528	2	2	1	2	0	40
chr17	51785641	51803430	2	2	1	2	0	14
chr18	53948155	53948381	1	1	0	1	0	39
chr18	53948155	53948644	1	1	1	13665	10	33
chr18	53948155	53953244	1	1	1	2228	5	44
chr18	53948155	53953268	1	1	0	3	0	40
chr18	53948447	53948644	1	1	0	1	0	13
chr18	53948666	53953244	1	1	0	14	0	21
chr18	53948669	53953244	1	1	1	13633	7	37
chr18	53948669	53953268	1	1	0	3	0	24
chr18	53948673	53953244	1	1	0	2	0	28
chr18	64511701	64511784	2	2	1	1	0	30
chr18	64511878	64511983	2	2	1	1	0	39
chr18	64515406	64516415	2	2	1	1	0	30
chr18	64515409	64516415	2	2	1	1	0	28
chr19	7281256	7281797	2	4	1	183	0	39
chr19	7281256	7282725	2	2	1	1147	0	36
chr19	7281960	7282725	2	2	1	188	0	35
chrX	159414893	159443922	1	1	1	1	0	31
