chr1	34295537	34296741	1	1	1	20	0	18
chr1	34295537	34299720	1	1	1	77	0	40
chr1	34296760	34299720	1	1	1	20	0	18
chr1	40010678	40011649	1	1	1	17	0	21
chr1	40010678	40014105	1	1	1	74	1	32
chr1	40011842	40014105	1	1	1	17	0	37
chr1	82735508	82747082	1	1	1	3	0	40
chr1	82735508	82750519	1	1	1	108	0	42
chr1	82747143	82750519	1	1	1	3	0	38
chr2	32292216	32293314	1	1	1	2	0	43
chr2	32292216	32296625	1	1	1	77	0	43
chr2	32293396	32296625	1	1	1	2	0	38
chr2	59932171	59933405	2	2	0	2	0	33
chr2	59932171	59933411	2	2	1	54	0	31
chr2	59932171	59933670	2	2	1	17	0	39
chr2	59933439	59933670	2	2	1	56	0	28
chr2	71849507	71853533	1	1	1	21	0	39
chr2	71849507	71855853	1	1	1	2516	1	41
chr2	71853664	71855853	1	1	1	23	0	40
chr2	75662926	75663570	1	1	1	6	0	39
chr2	91001089	91001461	1	1	1	697	0	34
chr2	91001511	91003210	1	1	1	696	0	21
chr2	91003346	91003810	1	1	1	19	0	36
chr2	91159306	91160316	2	2	1	7	0	47
chr2	91159306	91162027	2	2	1	157	0	47
chr2	91160371	91162027	2	2	1	7	0	38
chr2	91681696	91684668	2	2	1	518	0	50
chr2	153670448	153670848	1	1	1	62	0	42
chr2	153670448	153672215	1	1	1	1	0	50
chr2	153670909	153672215	1	1	1	60	0	50
chr2	168752741	168754433	2	2	1	9670	8	47
chr3	60613521	60614682	1	1	1	54	0	44
chr3	60613521	60615619	1	1	1	11	0	44
chr3	60614737	60615619	1	1	1	55	0	38
chr3	87733505	87735344	1	1	0	176	1	39
chr3	88483947	88484046	2	2	1	109	0	40
chr3	88483947	88484614	2	2	0	1	0	38
chr3	88484155	88484614	2	2	1	107	0	39
chr3	94413363	94422801	1	1	1	1	0	39
chr3	119705865	119724172	2	2	0	1	0	14
chr3	119724187	119724611	2	2	1	2474	0	34
chr3	119724187	119726065	2	2	1	7	0	29
chr3	119724646	119726065	2	2	1	2532	0	38
chr4	31992517	31994873	1	1	1	1694	1	40
chr4	31992517	32002088	1	1	1	580	1	49
chr4	31994955	32002088	1	1	1	1682	1	49
chr4	107009769	107027216	1	1	1	16	0	38
chr4	107009769	107028192	1	1	1	100	1	42
chr4	107009769	107028217	1	1	0	1	0	35
chr4	107027298	107028192	1	1	1	22	0	41
chr5	23565266	23576105	2	2	0	1	0	37
chr5	23565266	23616326	2	2	1	107	0	45
chr5	23576195	23616326	2	2	0	1	0	45
chr5	72958287	72974530	1	1	1	16	0	41
chr5	105862938	105949991	1	1	0	2	0	13
chr5	116482537	116591333	2	2	1	2	0	50
chr5	149184807	149185349	1	1	0	1	0	31
chr5	149184807	149187707	1	1	1	39	0	43
chr5	149184807	149188344	1	1	1	251	0	45
chr5	149185381	149188344	1	1	0	1	0	32
chr5	149187835	149188344	1	1	1	5	0	39
chr5	149187864	149188344	1	1	0	1	0	39
chr5	149187877	149188344	1	1	1	32	0	39
chr6	72634233	72648800	2	2	1	1759	2	42
chr6	72634233	72649119	2	2	1	4142	2	44
chr6	72648843	72649119	2	2	1	1750	1	42
chr6	72648843	72650179	2	2	0	0	1	42
chr6	98939789	98940994	2	2	1	2	0	45
chr6	98939789	98941535	2	2	1	49	0	45
chr6	98939789	98944618	2	2	0	6	0	45
chr6	98941165	98944618	2	2	0	2	0	36
chr6	98941658	98944618	2	2	1	50	0	36
chr6	125162102	125162211	2	2	1	371	13	37
chr6	128371086	128371967	1	1	1	1294	1	45
chr6	128371086	128371980	1	1	0	1	0	32
chr6	128371086	128372530	1	1	1	106	0	49
chr6	128371086	128372533	1	1	1	795	0	46
chr6	128371086	128372539	1	1	0	1	0	40
chr6	128372013	128372504	1	1	0	3	0	26
chr6	128372013	128372509	1	1	0	3	0	31
chr6	128372013	128372530	1	1	1	182	0	47
chr6	128372013	128372533	1	1	1	1087	1	46
chr6	128372013	128372536	1	1	0	2	0	43
chr6	128372018	128372533	1	1	0	18	0	46
chr7	67240441	67244520	2	2	1	6	0	24
chr7	67240441	67251656	2	2	1	514	2	45
chr7	67244545	67251656	2	2	1	6	0	24
chr7	101405603	102001614	1	1	0	4	0	13
chr7	102001660	102002294	1	1	1	165	0	42
chr7	102001660	102007485	1	1	1	2665	2	45
chr7	102002337	102007485	1	1	1	168	0	40
chr7	112839481	112841887	1	1	1	12	0	41
chr7	112839481	112842039	1	1	1	204	0	41
chr7	112839481	112856052	1	1	1	4	0	12
chr7	112839481	112856797	1	1	1	24	0	41
chr7	112839481	112856803	1	1	0	1	0	43
chr7	112841951	112856052	1	1	1	2	0	12
chr7	112841951	112856797	1	1	0	4	0	37
chr7	112842103	112856052	1	1	1	15	0	12
chr7	112842103	112856797	1	1	1	194	0	43
chr7	112842103	112856803	1	1	0	1	0	43
chr7	112856065	112856797	1	1	1	21	0	12
chr7	127980247	127981190	1	1	1	5	0	32
chr7	127981292	127981410	1	1	1	4	0	6
chr7	144861833	144862231	1	1	1	773	1	29
chr7	144861837	144862231	1	1	0	1	0	32
chr7	144862267	144862764	1	1	0	3	0	35
chr7	144862336	144862764	1	1	1	759	1	43
chr8	25532429	25557730	1	1	1	2	0	44
chr8	84970345	84970435	1	1	1	1	0	44
chr8	95100443	95100636	2	2	0	1	0	36
chr8	95100453	95100646	2	2	1	243	0	31
chr8	95100453	95101408	2	2	0	264	0	46
chr8	95100674	95101408	2	2	1	244	0	42
chr8	121628690	121651724	2	2	1	1	0	20
chr8	123268550	123268744	2	2	1	98	0	46
chr9	43027296	43040539	2	2	1	34	0	38
chr9	43027296	43042590	2	2	1	269	0	46
chr9	43040593	43042590	2	2	0	2	0	43
chr9	43040597	43042590	2	2	1	32	0	45
chr9	80093642	80098885	1	1	1	2128	2	26
chr9	80093642	80098892	1	1	0	24	0	19
chr9	80093642	80103693	1	1	1	6789	3	45
chr9	80093642	80103698	1	1	0	2	0	44
chr9	80098907	80103693	1	1	1	2154	2	24
chr9	114597607	114597794	2	2	1	305	0	39
chr9	114597607	114598704	2	2	0	476	0	44
chr9	114597825	114598704	2	2	0	4	0	30
chr9	114597831	114598704	2	2	1	301	0	38
chr9	123014507	123017244	1	1	1	1	0	40
chr11	79458907	79463232	1	1	1	27	0	42
chr11	79458907	79468716	1	1	1	48	0	42
chr11	79463296	79468716	1	1	1	27	0	39
chr11	94112147	94113262	1	1	1	33	0	21
chr11	94112147	94114172	1	1	1	318	0	32
chr11	94113302	94114172	1	1	1	34	0	39
chr11	102310577	102310925	2	2	1	92	0	42
chr11	102310577	102311379	2	2	1	351	0	46
chr11	102311037	102311379	2	2	1	93	0	45
chr12	71952560	71958746	1	1	1	1	0	27
chr12	71952560	71959805	1	1	1	197	0	46
chr12	71958774	71959805	1	1	1	1	0	27
chr12	83811361	83825258	2	2	1	288	0	37
chr12	83811361	83831921	2	2	1	260	0	41
chr12	83825292	83831921	2	2	1	285	0	38
chr12	83825319	83831921	2	2	0	2	0	38
chr12	113133338	113133495	1	1	0	12	0	42
chr12	113133338	113133540	1	1	1	215	1	39
chr12	113133338	113135796	1	1	1	979	0	29
chr12	113133577	113134186	1	1	0	1	0	28
chr12	113133577	113135796	1	1	1	216	1	29
chr12	113134231	113135796	1	1	0	1	0	29
chr13	46778994	46780625	2	2	1	443	0	43
chr13	46778994	46785245	2	2	1	2096	1	46
chr13	46780665	46785245	2	2	1	443	0	40
chr13	56084286	56089757	2	2	1	14	0	40
chr13	56089858	56096123	2	2	1	15	0	41
chr14	31257768	31257880	1	1	1	8	0	45
chr14	57643224	57648418	2	2	1	244	0	47
chr14	120389164	120395711	1	1	1	353	1	39
chr14	120389164	120395717	1	1	0	3	0	38
chr14	120389164	120396450	1	1	1	49	0	48
chr14	120395766	120396450	1	1	1	370	1	48
chr15	77102940	77105576	2	2	1	174	0	41
chr15	77102940	77113604	2	2	1	22	0	48
chr15	77105670	77113604	2	2	1	174	0	48
chr16	57178021	57181491	2	2	1	29	0	43
chr16	57178021	57182850	2	2	1	1444	1	44
chr16	57181537	57182850	2	2	1	29	0	34
chr16	94686604	94691580	1	1	1	1	0	45
chr17	6960791	6961027	0	0	1	0	1	37
chr17	8165699	8165923	1	1	1	0	1	37
chr17	12979205	13846588	1	1	0	29	2	12
chr17	13846640	13848354	1	1	1	239	1	21
chr17	13846640	13849107	1	1	1	10668	18	46
chr17	13846640	13849113	1	1	0	47	0	47
chr17	13848376	13849107	1	1	1	238	1	26
chr17	45570567	45570665	2	2	1	970	0	42
chr17	45570800	45571017	2	2	1	972	0	24
chr17	46590452	46590758	2	2	1	1	0	11
chr18	53948155	53948644	1	1	1	1584	4	28
chr18	53948155	53953244	1	1	1	12183	13	45
chr18	53948669	53949550	1	1	0	1	0	15
chr18	53948669	53953244	1	1	1	1581	4	37
chr18	53949588	53953244	1	1	0	1	0	37
chr18	64511878	64511983	2	2	1	1	0	6
chr18	64512050	64515325	2	2	1	1	0	15
chr18	64515409	64516415	2	2	1	2	0	39
chr19	7281256	7281797	2	4	1	48	0	39
chr19	7281256	7282725	2	2	1	286	0	35
chr19	7281960	7282725	2	2	1	53	0	26
