chr1	34295537	34296741	1	1	1	31	0	18
chr1	34295537	34299720	1	1	1	134	0	45
chr1	34296760	34299720	1	1	1	31	0	18
chr1	40010678	40011649	1	1	1	15	0	21
chr1	40010678	40014105	1	1	1	55	0	32
chr1	40011842	40014105	1	1	1	15	0	37
chr1	82735508	82741817	1	1	1	1	0	20
chr1	82735508	82747082	1	1	1	3	0	40
chr1	82735508	82750519	1	1	1	49	0	41
chr1	82747143	82750519	1	1	1	3	0	38
chr2	3489070	3489697	2	2	1	1	0	41
chr2	32292216	32296625	1	1	1	81	0	43
chr2	59926161	59932104	2	2	1	1	0	20
chr2	59932171	59933405	2	2	0	8	0	33
chr2	59932171	59933411	2	2	1	86	0	31
chr2	59932171	59933670	2	2	1	16	0	39
chr2	59933439	59933670	2	2	1	93	0	28
chr2	71849507	71853533	1	1	1	24	0	39
chr2	71849507	71855853	1	1	1	1851	2	43
chr2	71853664	71855853	1	1	1	22	0	40
chr2	75662926	75663570	1	1	1	10	3	40
chr2	91001089	91001461	1	1	1	377	0	34
chr2	91001089	91003210	1	1	0	0	1	24
chr2	91001089	91003299	1	1	0	1	0	33
chr2	91001511	91003210	1	1	1	369	0	25
chr2	91001511	91003299	1	1	0	2	0	46
chr2	91003238	91003810	1	1	0	1	0	27
chr2	91003346	91003810	1	1	1	14	0	36
chr2	91159300	91162027	2	2	0	1	0	41
chr2	91159306	91160316	2	2	1	2	0	47
chr2	91159306	91162027	2	2	1	147	0	47
chr2	91160371	91162027	2	2	1	2	0	38
chr2	91681696	91682025	2	2	1	1	0	50
chr2	91681696	91684668	2	2	1	569	0	50
chr2	91682110	91684668	2	2	0	1	0	38
chr2	153670448	153670848	1	1	1	39	0	42
chr2	153670448	153672215	1	1	1	1	0	50
chr2	153670909	153672215	1	1	1	37	0	50
chr2	168752731	168754433	2	2	0	1	0	47
chr2	168752741	168754433	2	2	1	10922	6	48
chr3	60613521	60614682	1	1	1	71	0	45
chr3	60613521	60615619	1	1	1	16	0	44
chr3	60614737	60615619	1	1	1	70	0	37
chr3	87733505	87734423	1	1	1	1	0	39
chr3	87733505	87735344	1	1	0	145	0	44
chr3	87734553	87735344	1	1	1	1	0	37
chr3	88483947	88484046	2	2	1	130	0	38
chr3	88484155	88484614	2	2	1	131	0	39
chr3	119724187	119724611	2	2	1	1197	2	34
chr3	119724187	119726065	2	2	1	4	0	29
chr3	119724646	119726065	2	2	1	1232	2	38
chr3	119726116	119820407	2	2	0	2	0	13
chr3	129825617	129826823	2	2	1	1	0	34
chr4	31992517	31993403	1	1	0	1	0	21
chr4	31992517	31994873	1	1	1	1119	0	41
chr4	31992517	32002088	1	1	1	837	0	49
chr4	31993425	31994873	1	1	0	1	0	17
chr4	31994955	32002088	1	1	1	1115	0	49
chr4	107009769	107027216	1	1	1	32	0	38
chr4	107009769	107028192	1	1	1	136	0	41
chr4	107027298	107028192	1	1	1	36	0	41
chr5	23565266	23616326	2	2	1	106	0	45
chr5	65566083	65571531	1	3	1	1	0	4
chr5	72958287	72965803	1	1	1	1	0	37
chr5	72958287	72974530	1	1	1	30	0	41
chr5	72965882	72974530	1	1	1	1	0	41
chr5	149184807	149185484	1	1	1	1	0	42
chr5	149184807	149187707	1	1	1	10	0	43
chr5	149184807	149188344	1	1	1	199	0	45
chr5	149185662	149188344	1	1	0	1	0	39
chr5	149187835	149188344	1	1	1	3	0	39
chr5	149187877	149188344	1	1	1	7	0	39
chr6	72634233	72634303	2	2	0	1	0	37
chr6	72634233	72648800	2	2	1	2492	3	40
chr6	72634233	72649119	2	2	1	6426	3	50
chr6	72634293	72649119	2	2	0	1	0	40
chr6	72648843	72649119	2	2	1	2483	2	42
chr6	98939789	98940994	2	2	1	2	0	45
chr6	98939789	98941535	2	2	1	45	0	45
chr6	98939789	98944618	2	2	0	7	0	45
chr6	98941165	98944618	2	2	0	2	0	36
chr6	98941658	98944618	2	2	1	45	0	36
chr6	125162102	125162211	2	2	1	497	7	37
chr6	128371086	128371967	1	1	1	1350	0	42
chr6	128371086	128372530	1	1	1	83	0	49
chr6	128371086	128372533	1	1	1	661	1	46
chr6	128371086	128372536	1	1	0	1	0	43
chr6	128372013	128372504	1	1	0	1	0	26
chr6	128372013	128372530	1	1	1	169	0	47
chr6	128372013	128372533	1	1	1	1165	0	46
chr6	128372013	128372536	1	1	0	1	0	43
chr6	128372018	128372530	1	1	0	1	0	49
chr6	128372018	128372533	1	1	0	20	0	46
chr6	128372018	128372539	1	1	0	1	0	40
chr7	24462568	24465130	1	1	1	1	0	25
chr7	25724845	25725923	2	2	1	1	0	41
chr7	67240441	67244520	2	2	1	6	0	24
chr7	67240441	67251656	2	2	1	331	0	45
chr7	67244545	67251656	2	2	1	6	0	24
chr7	101405603	102001614	1	1	0	5	0	13
chr7	102001660	102002294	1	1	1	222	0	42
chr7	102001660	102007485	1	1	1	3778	2	45
chr7	102002337	102007485	1	1	1	224	0	38
chr7	112839481	112841887	1	1	1	4	1	41
chr7	112839481	112842039	1	1	1	149	1	41
chr7	112839481	112856052	1	1	1	3	0	12
chr7	112839481	112856797	1	1	1	39	0	41
chr7	112841906	112842057	1	1	0	0	1	18
chr7	112841951	112856797	1	1	0	2	0	37
chr7	112842103	112856052	1	1	1	6	0	12
chr7	112842103	112856797	1	1	1	146	1	43
chr7	112842103	112856803	1	1	0	1	0	43
chr7	112856065	112856797	1	1	1	9	0	12
chr7	127980247	127981190	1	1	1	8	0	22
chr7	127981292	127981410	1	1	1	8	0	6
chr7	144861833	144862231	1	1	1	914	1	28
chr7	144862267	144862764	1	1	0	1	0	35
chr7	144862336	144862764	1	1	1	895	1	45
chr8	25532429	25557730	1	1	1	1	0	44
chr8	25555775	25557730	1	1	1	3	0	38
chr8	72219861	72219940	1	1	1	1	0	30
chr8	95100453	95100646	2	2	1	463	0	31
chr8	95100453	95101408	2	2	0	1029	0	46
chr8	95100674	95101408	2	2	1	463	0	44
chr8	123268550	123268744	2	2	1	130	0	47
chr9	43027296	43040539	2	2	1	20	0	38
chr9	43027296	43042590	2	2	1	260	0	45
chr9	43040597	43042590	2	2	1	20	0	45
chr9	80093642	80098885	1	1	1	1472	1	26
chr9	80093642	80098892	1	1	0	33	0	14
chr9	80093642	80103693	1	1	1	6438	4	45
chr9	80093642	80103698	1	1	0	2	0	44
chr9	80098907	80103693	1	1	1	1507	1	29
chr9	114597607	114597794	2	2	1	139	0	38
chr9	114597607	114598704	2	2	0	147	0	42
chr9	114597825	114598704	2	2	0	3	0	30
chr9	114597831	114598704	2	2	1	136	0	36
chr11	26725015	26787397	2	2	0	2	0	13
chr11	79458907	79463232	1	1	1	20	0	42
chr11	79458907	79468716	1	1	1	44	0	43
chr11	79463296	79468716	1	1	1	19	0	39
chr11	94112147	94113262	1	1	1	11	0	21
chr11	94112147	94114172	1	1	1	168	1	32
chr11	94113302	94114172	1	1	1	11	0	39
chr11	102310574	102311379	2	2	0	1	0	45
chr11	102310577	102310925	2	2	1	77	1	43
chr11	102310577	102311379	2	2	1	290	1	45
chr11	102311037	102311379	2	2	1	78	1	45
chr12	71952560	71959805	1	1	1	211	1	43
chr12	71952560	71959809	1	1	0	1	0	45
chr12	83811361	83825258	2	2	1	136	0	37
chr12	83811361	83831921	2	2	1	223	0	41
chr12	83825292	83831921	2	2	1	136	0	34
chr12	83825319	83831921	2	2	0	1	0	38
chr12	113133338	113133495	1	1	0	10	1	42
chr12	113133338	113133540	1	1	1	347	0	43
chr12	113133338	113134186	1	1	0	2	0	42
chr12	113133338	113135796	1	1	1	798	0	29
chr12	113133577	113135796	1	1	1	337	1	29
chr12	113134231	113135796	1	1	0	2	0	29
chr13	46778994	46780625	2	2	1	377	0	43
chr13	46778994	46785245	2	2	1	2302	3	45
chr13	46780665	46785245	2	2	1	373	0	39
chr13	56084286	56089757	2	2	1	11	0	40
chr13	56089858	56096123	2	2	1	11	0	41
chr14	57643224	57643334	2	2	1	1	0	39
chr14	57643224	57648418	2	2	1	101	0	40
chr14	57643490	57648418	2	2	1	1	0	38
chr14	120389164	120395711	1	1	1	213	0	38
chr14	120389164	120395717	1	1	0	1	0	38
chr14	120389164	120396450	1	1	1	58	0	48
chr14	120395766	120396450	1	1	1	222	0	48
chr15	77102940	77105576	2	2	1	79	0	41
chr15	77102940	77113604	2	2	1	10	0	44
chr15	77105670	77113604	2	2	1	78	0	48
chr15	103242719	103243624	1	1	1	1	1	43
chr16	57178021	57181491	2	2	1	20	0	44
chr16	57178021	57182850	2	2	1	1450	2	44
chr16	57181537	57182850	2	2	1	19	0	33
chr17	12979205	13846588	1	1	0	33	0	12
chr17	13846640	13848354	1	1	1	487	0	21
chr17	13846640	13849107	1	1	1	12020	13	49
chr17	13846640	13849113	1	1	0	52	0	47
chr17	13848376	13849107	1	1	1	489	0	26
chr17	45570567	45570665	2	2	1	560	0	39
chr17	45570800	45571017	2	2	1	618	0	23
chr18	53948155	53948644	1	1	1	1243	0	28
chr18	53948155	53953244	1	1	1	9014	8	46
chr18	53948155	53953268	1	1	0	2	0	40
chr18	53948666	53953244	1	1	0	3	0	21
chr18	53948669	53953244	1	1	1	1237	0	26
chr19	7281256	7281797	2	4	1	98	0	39
chr19	7281256	7282725	2	2	1	375	0	35
chr19	7281960	7282725	2	2	1	103	0	31
chrX	73952667	73952825	2	2	1	3	0	10
KV575235.1	147143	149264	1	1	0	0	1	24
