chr1	34295537	34296741	1	1	1	50	0	22
chr1	34295537	34299720	1	1	1	24	0	39
chr1	34296760	34299720	1	1	1	50	0	18
chr1	40010678	40011649	1	1	1	91	0	21
chr1	40010678	40011811	1	1	0	2	0	21
chr1	40010678	40014105	1	1	1	34	1	32
chr1	40011842	40014105	1	1	1	94	0	37
chr1	82735508	82741817	1	1	1	1	0	40
chr1	82735508	82747082	1	1	1	1	0	40
chr1	82735508	82750519	1	1	1	30	0	40
chr1	82747143	82750519	1	1	1	1	0	36
chr2	32292216	32293314	1	1	1	3	0	43
chr2	32292216	32296625	1	1	1	58	0	43
chr2	32293396	32296625	1	1	1	3	0	38
chr2	59926161	59932104	2	2	1	2	0	23
chr2	59932171	59933405	2	2	0	46	0	33
chr2	59932171	59933411	2	2	1	267	0	31
chr2	59932171	59933670	2	2	1	5	0	38
chr2	59933439	59933670	2	2	1	306	0	28
chr2	71849507	71853533	1	1	1	205	0	39
chr2	71849507	71853820	1	1	0	1	0	37
chr2	71849507	71855853	1	1	1	3273	7	43
chr2	71849507	71855868	1	1	0	6	0	46
chr2	71853664	71855853	1	1	1	213	0	41
chr2	71853891	71855853	1	1	0	1	0	40
chr2	75662926	75663570	1	1	1	1	0	5
chr2	91001089	91001461	1	1	1	359	0	34
chr2	91001511	91003210	1	1	1	357	0	21
chr2	91001511	91003299	1	1	0	1	0	46
chr2	91003346	91003810	1	1	1	8	0	36
chr2	91159306	91160316	2	2	1	126	0	47
chr2	91159306	91162027	2	2	1	239	0	47
chr2	91160371	91162027	2	2	1	125	0	38
chr2	91681696	91684668	2	2	1	140	0	50
chr2	153670448	153670848	1	1	1	2	0	42
chr2	153670448	153672215	1	1	1	3	0	50
chr2	153670909	153672215	1	1	1	2	0	50
chr2	168752741	168754433	2	2	1	27	0	45
chr3	60613521	60614682	1	1	1	621	0	45
chr3	60613521	60614688	1	1	0	1	0	38
chr3	60613521	60615619	1	1	1	344	0	45
chr3	60614737	60615619	1	1	1	622	0	39
chr3	87733505	87734423	1	1	1	1	0	39
chr3	87733505	87735344	1	1	0	8	0	39
chr3	87734553	87735344	1	1	1	1	0	37
chr3	88483947	88484046	2	2	1	188	0	37
chr3	88484155	88484614	2	2	1	189	0	40
chr3	119724187	119724611	2	2	1	2444	1	34
chr3	119724187	119726065	2	2	1	17	0	29
chr3	119724646	119726065	2	2	1	2521	1	38
chr4	31992517	31994873	1	1	1	139	0	38
chr4	31992517	32002088	1	1	1	1787	1	49
chr4	31994955	32002088	1	1	1	139	0	49
chr4	107009769	107027216	1	1	1	15	0	38
chr4	107009769	107028192	1	1	1	104	0	41
chr4	107027298	107028192	1	1	1	15	0	41
chr5	23565266	23616326	2	2	1	574	0	46
chr5	72958287	72965803	1	1	1	1	0	40
chr5	72958287	72974530	1	1	1	53	0	41
chr5	72965882	72974530	1	1	1	1	0	40
chr5	116482537	116591333	2	2	1	520	6	50
chr5	122284910	122308130	1	1	1	1	0	37
chr5	149184807	149187707	1	1	1	9	0	44
chr5	149184807	149188344	1	1	1	581	1	44
chr5	149187835	149188344	1	1	1	1	0	39
chr5	149187877	149188344	1	1	1	8	0	39
chr6	47577668	47594893	2	2	1	1	0	39
chr6	72634233	72648800	2	2	1	1	0	37
chr6	72634233	72649119	2	2	1	14	0	40
chr6	72648843	72649119	2	2	1	1	0	40
chr6	98939789	98940994	2	2	1	1	0	45
chr6	98939789	98941535	2	2	1	105	0	45
chr6	98939789	98944618	2	2	0	13	0	45
chr6	98941165	98944618	2	2	0	1	0	36
chr6	98941658	98944618	2	2	1	106	0	37
chr6	125162102	125162211	2	2	1	179	6	37
chr6	128371086	128371967	1	1	1	1919	1	45
chr6	128371086	128372509	1	1	0	1	0	37
chr6	128371086	128372530	1	1	1	1	0	49
chr6	128371086	128372533	1	1	1	7	0	46
chr6	128372013	128372504	1	1	0	8	0	26
chr6	128372013	128372509	1	1	0	5	0	31
chr6	128372013	128372530	1	1	1	236	0	47
chr6	128372013	128372533	1	1	1	1645	1	46
chr6	128372013	128372536	1	1	0	3	0	43
chr6	128372018	128372533	1	1	0	22	0	46
chr7	67240441	67244520	2	2	1	117	0	24
chr7	67240441	67251656	2	2	1	686	0	45
chr7	67244545	67251656	2	2	1	117	0	24
chr7	102001660	102002294	1	1	1	440	1	42
chr7	102001660	102007485	1	1	1	566	0	43
chr7	102002337	102007485	1	1	1	441	1	40
chr7	112839481	112841887	1	1	1	2	0	41
chr7	112839481	112842039	1	1	1	44	0	41
chr7	112839481	112856797	1	1	1	1	0	41
chr7	112842103	112856052	1	1	1	45	0	12
chr7	112856065	112856797	1	1	1	46	0	14
chr7	127980247	127981190	1	1	1	8	0	5
chr7	127981292	127981410	1	1	1	8	0	6
chr8	11423625	11423716	1	1	1	1	0	19
chr8	25532429	25557730	1	1	1	2	0	44
chr8	46207621	46208397	2	2	1	1	0	31
chr8	94214632	94227662	1	1	1	1	0	44
chr8	95100453	95100646	2	2	1	583	2	31
chr8	95100453	95101408	2	2	0	133	0	46
chr8	95100674	95101408	2	2	1	583	2	42
chr8	95101447	95139983	2	2	0	0	1	15
chr8	123268550	123268744	2	2	1	108	0	48
chr9	43027296	43040539	2	2	1	50	0	39
chr9	43027296	43042590	2	2	1	89	1	46
chr9	43040597	43042590	2	2	1	50	0	45
chr9	80093642	80098885	1	1	1	4317	4	26
chr9	80093642	80098892	1	1	0	87	0	14
chr9	80093642	80103693	1	1	1	184	0	45
chr9	80098907	80101831	1	1	0	3	0	21
chr9	80098907	80103693	1	1	1	4402	4	24
chr9	80098907	80103698	1	1	0	1	0	21
chr9	80101891	80103693	1	1	0	3	0	37
chr9	114597607	114597794	2	2	1	213	0	39
chr9	114597607	114598704	2	2	0	20	0	43
chr9	114597831	114598704	2	2	1	213	0	36
chr11	79458907	79463232	1	1	1	7	0	42
chr11	79458907	79468716	1	1	1	85	0	42
chr11	79463296	79468716	1	1	1	7	0	38
chr11	94112147	94113262	1	1	1	58	0	21
chr11	94112147	94114172	1	1	1	210	0	32
chr11	94113302	94114172	1	1	1	60	0	39
chr11	102310577	102310925	2	2	1	36	0	42
chr11	102310577	102311379	2	2	1	471	0	46
chr11	102311037	102311379	2	2	1	36	0	45
chr12	71952560	71958746	1	1	1	19	0	27
chr12	71952560	71959805	1	1	1	48	0	44
chr12	71958774	71959805	1	1	1	19	0	29
chr12	83811361	83825258	2	2	1	53	0	33
chr12	83811361	83831921	2	2	1	242	0	42
chr12	83825292	83831921	2	2	1	52	0	33
chr12	112928622	113133308	1	1	0	0	4	13
chr12	113133338	113133495	1	1	0	60	5	43
chr12	113133338	113133540	1	1	1	1195	44	42
chr12	113133338	113135796	1	1	1	12	0	29
chr12	113133577	113134800	1	1	0	6	0	12
chr12	113133577	113135796	1	1	1	1204	49	29
chr12	113134813	113135796	1	1	0	6	0	12
chr13	46778994	46780625	2	2	1	309	0	42
chr13	46778994	46785245	2	2	1	1735	2	49
chr13	46780665	46785245	2	2	1	313	0	39
chr13	56084286	56089757	2	2	1	35	0	42
chr13	56089858	56096123	2	2	1	35	0	41
chr14	57643224	57648418	2	2	1	64	0	42
chr14	120389164	120395711	1	1	1	190	0	39
chr14	120389164	120395717	1	1	0	2	0	38
chr14	120389164	120396450	1	1	1	244	0	48
chr14	120395766	120396450	1	1	1	197	0	48
chr15	77102940	77105576	2	2	1	125	0	41
chr15	77102940	77113604	2	2	1	10	0	48
chr15	77105670	77113604	2	2	1	127	0	48
chr15	103242719	103243624	1	1	1	1	0	37
chr16	57178021	57181491	2	2	1	148	0	45
chr16	57178021	57182850	2	2	1	126	0	43
chr16	57181537	57182850	2	2	1	147	0	34
chr16	96127462	96127589	2	2	1	1	0	16
chr17	12979205	13846588	1	1	0	33	1	12
chr17	13846640	13848354	1	1	1	2334	1	22
chr17	13846640	13849107	1	1	1	3175	2	45
chr17	13846640	13849113	1	1	0	20	0	47
chr17	13848376	13849107	1	1	1	2322	1	41
chr17	13848376	13849113	1	1	0	10	0	21
chr17	45570567	45570665	2	2	1	304	2	44
chr17	45570800	45571017	2	2	1	326	2	24
chr18	53948155	53948644	1	1	1	7303	2	30
chr18	53948155	53953244	1	1	1	1628	1	45
chr18	53948666	53953244	1	1	0	1	0	21
chr18	53948669	53953244	1	1	1	7294	2	37
chr18	53948669	53953268	1	1	0	1	0	24
chr19	7281256	7281797	2	4	1	129	0	41
chr19	7281256	7282725	2	2	1	598	1	36
chr19	7281960	7282725	2	2	1	135	0	35
chrX	73952667	73952825	2	2	1	1	0	10
