chr1	34295537	34296741	1	1	1	38	0	18
chr1	34295537	34299720	1	1	1	177	0	45
chr1	34296760	34299720	1	1	1	38	0	18
chr1	40010678	40011649	1	1	1	43	0	22
chr1	40010678	40014105	1	1	1	81	1	32
chr1	40011842	40014105	1	1	1	40	0	39
chr1	82735508	82747082	1	1	1	2	0	40
chr1	82735508	82750519	1	1	1	69	0	42
chr1	82747143	82750519	1	1	1	2	0	38
chr2	32292216	32296625	1	1	1	100	0	43
chr2	59932171	59933405	2	2	0	9	0	33
chr2	59932171	59933411	2	2	1	81	0	31
chr2	59932171	59933670	2	2	1	14	0	39
chr2	59933439	59933670	2	2	1	87	0	28
chr2	71849507	71853533	1	1	1	46	0	39
chr2	71849507	71855853	1	1	1	1957	4	43
chr2	71853664	71855853	1	1	1	48	0	41
chr2	75662926	75663570	1	1	1	7	0	39
chr2	91001089	91001461	1	1	1	795	0	34
chr2	91001511	91003210	1	1	1	777	0	25
chr2	91001511	91003299	1	1	0	4	0	46
chr2	91003238	91003810	1	1	0	4	0	27
chr2	91003346	91003810	1	1	1	22	0	36
chr2	91159306	91160316	2	2	1	5	0	47
chr2	91159306	91162027	2	2	1	213	0	47
chr2	91160371	91162027	2	2	1	6	0	38
chr2	91681696	91684668	2	2	1	734	0	50
chr2	153670448	153670848	1	1	1	50	0	43
chr2	153670909	153672215	1	1	1	50	0	50
chr2	168752741	168754433	2	2	1	17574	25	46
chr2	168754471	168860933	2	2	0	1	2	20
chr3	60613521	60614682	1	1	1	169	0	45
chr3	60613521	60614688	1	1	0	1	0	38
chr3	60613521	60615619	1	1	1	41	0	44
chr3	60614737	60615619	1	1	1	169	0	38
chr3	87733505	87735344	1	1	0	179	0	40
chr3	88483947	88484046	2	2	1	132	0	38
chr3	88484155	88484614	2	2	1	130	0	40
chr3	119724187	119724611	2	2	1	2043	1	34
chr3	119724187	119726065	2	2	1	15	0	29
chr3	119724646	119726065	2	2	1	2090	1	38
chr3	119726116	120643502	2	2	0	5	0	13
chr3	139632407	139650143	2	2	0	0	1	13
chr3	142948246	142963375	2	2	0	0	1	13
chr4	31992517	31993403	1	1	0	4	0	21
chr4	31992517	31994873	1	1	1	1644	2	41
chr4	31992517	32002088	1	1	1	1154	3	49
chr4	31993425	31994873	1	1	0	4	0	18
chr4	31994955	32002088	1	1	1	1651	2	49
chr4	107009769	107027216	1	1	1	43	0	40
chr4	107009769	107028192	1	1	1	298	1	44
chr4	107027298	107028192	1	1	1	48	0	41
chr4	107031092	107036935	1	1	1	1	0	29
chr5	23565266	23616326	2	2	1	199	0	45
chr5	72958287	72965803	1	1	1	2	0	37
chr5	72958287	72974530	1	1	1	37	0	41
chr5	72965882	72974530	1	1	1	2	0	41
chr5	116482537	116591333	2	2	1	11	0	50
chr5	149184807	149187707	1	1	1	56	0	43
chr5	149184807	149188344	1	1	1	261	1	44
chr5	149187835	149188344	1	1	1	4	0	39
chr5	149187877	149188344	1	1	1	52	0	40
chr6	72634233	72648800	2	2	1	4060	2	42
chr6	72634233	72649119	2	2	1	8319	8	50
chr6	72634351	72649119	2	2	0	4	0	40
chr6	72648843	72649119	2	2	1	4033	1	42
chr6	98939789	98940994	2	2	1	11	0	45
chr6	98939789	98941535	2	2	1	141	1	46
chr6	98939789	98944618	2	2	0	1	0	45
chr6	98941165	98944618	2	2	0	11	0	36
chr6	98941658	98944618	2	2	1	139	1	37
chr6	125162102	125162211	2	2	1	778	28	38
chr6	128371086	128371967	1	1	1	1937	1	42
chr6	128371086	128372530	1	1	1	68	0	49
chr6	128371086	128372533	1	1	1	926	0	46
chr6	128371086	128372536	1	1	0	1	0	43
chr6	128371086	128372539	1	1	0	1	0	40
chr6	128372013	128372504	1	1	0	1	0	28
chr6	128372013	128372509	1	1	0	3	0	31
chr6	128372013	128372530	1	1	1	261	0	47
chr6	128372013	128372533	1	1	1	1645	1	46
chr6	128372013	128372536	1	1	0	3	0	43
chr6	128372013	128372539	1	1	0	4	0	40
chr6	128372018	128372530	1	1	0	2	0	49
chr6	128372018	128372533	1	1	0	18	0	46
chr7	67240441	67244520	2	2	1	10	0	24
chr7	67240441	67251656	2	2	1	646	0	45
chr7	67244545	67251656	2	2	1	10	0	24
chr7	101405603	102001614	1	1	0	6	0	13
chr7	102001660	102002294	1	1	1	239	1	42
chr7	102001660	102007485	1	1	1	4459	5	45
chr7	102001665	102002300	1	1	0	0	1	36
chr7	102002337	102007485	1	1	1	239	1	40
chr7	112839481	112841887	1	1	1	7	0	41
chr7	112839481	112842039	1	1	1	206	0	41
chr7	112839481	112856052	1	1	1	8	0	12
chr7	112839481	112856797	1	1	1	31	0	41
chr7	112841951	112856052	1	1	1	2	0	12
chr7	112841951	112856797	1	1	0	3	0	37
chr7	112842103	112856052	1	1	1	12	0	12
chr7	112842103	112856797	1	1	1	200	0	45
chr7	112856065	112856797	1	1	1	23	0	14
chr7	127980247	127981190	1	1	1	16	0	21
chr7	127981292	127981410	1	1	1	16	0	6
chr7	144861833	144862231	1	1	1	1571	3	29
chr7	144861837	144862231	1	1	0	2	0	32
chr7	144862267	144862764	1	1	0	5	0	35
chr7	144862336	144862764	1	1	1	1563	3	44
chr7	144862377	144862764	1	1	0	1	0	37
chr8	25532429	25557730	1	1	1	5	0	44
chr8	25555775	25557730	1	1	1	2	0	38
chr8	72219861	72219940	1	1	1	2	0	30
chr8	95100453	95100646	2	2	1	392	0	31
chr8	95100453	95101408	2	2	0	877	0	46
chr8	95100674	95101408	2	2	1	392	0	42
chr8	123268550	123268744	2	2	1	98	0	46
chr9	43027296	43040539	2	2	1	18	0	38
chr9	43027296	43042590	2	2	1	355	0	45
chr9	43040597	43042590	2	2	1	18	0	45
chr9	70579432	70579951	1	1	1	1	0	43
chr9	80093642	80098885	1	1	1	1462	2	30
chr9	80093642	80098892	1	1	0	35	0	14
chr9	80093642	80103693	1	1	1	9787	7	45
chr9	80093642	80103698	1	1	0	11	0	44
chr9	80098907	80103693	1	1	1	1497	2	23
chr9	114597607	114597794	2	2	1	345	0	38
chr9	114597607	114598704	2	2	0	420	0	46
chr9	114597831	114598704	2	2	1	345	0	37
chr11	26778879	26787397	2	2	0	0	3	13
chr11	79458907	79463232	1	1	1	47	0	42
chr11	79458907	79468716	1	1	1	54	0	43
chr11	79463296	79468716	1	1	1	48	0	40
chr11	94112147	94113262	1	1	1	16	0	21
chr11	94112147	94114172	1	1	1	281	0	32
chr11	94113302	94114172	1	1	1	16	0	39
chr11	97778379	97781333	2	2	1	1	0	35
chr11	102310577	102310925	2	2	1	110	0	42
chr11	102310577	102311379	2	2	1	303	1	45
chr11	102311037	102311379	2	2	1	111	0	46
chr11	121237352	121238418	1	1	1	1	0	17
chr12	71952560	71959805	1	1	1	225	0	44
chr12	83811361	83825258	2	2	1	161	0	33
chr12	83811361	83831921	2	2	1	230	0	41
chr12	83825292	83831921	2	2	1	161	0	33
chr12	113133338	113133495	1	1	0	2	0	42
chr12	113133338	113133540	1	1	1	271	1	38
chr12	113133338	113135796	1	1	1	823	0	29
chr12	113133577	113135796	1	1	1	265	1	29
chr13	46778994	46780625	2	2	1	690	1	42
chr13	46778994	46785245	2	2	1	3287	8	49
chr13	46780665	46785245	2	2	1	694	1	39
chr13	56084286	56089757	2	2	1	16	0	40
chr13	56084286	56096123	2	2	0	2	0	40
chr13	56089858	56096123	2	2	1	15	0	38
chr14	57643224	57648418	2	2	1	242	0	47
chr14	120389158	120395711	1	1	0	1	0	44
chr14	120389164	120395711	1	1	1	367	0	38
chr14	120389164	120396450	1	1	1	154	0	48
chr14	120395766	120396450	1	1	1	383	0	48
chr15	77102940	77105576	2	2	1	141	0	41
chr15	77102940	77113604	2	2	1	22	1	44
chr15	77105670	77113604	2	2	1	140	0	48
chr15	103242719	103242921	1	1	1	1	0	11
chr15	103242719	103243624	1	1	1	1	0	43
chr16	57178021	57181491	2	2	1	35	0	43
chr16	57178021	57182850	2	2	1	1272	3	44
chr16	57181537	57182850	2	2	1	35	0	34
chr16	94686604	94691580	1	1	1	3	0	45
chr17	12979205	13846588	1	1	0	10	1	12
chr17	13846640	13848354	1	1	1	552	0	22
chr17	13846640	13849107	1	1	1	13346	12	46
chr17	13846640	13849113	1	1	0	100	1	49
chr17	13848376	13849107	1	1	1	552	0	26
chr17	45570567	45570665	2	2	1	834	3	42
chr17	45570800	45571017	2	2	1	917	3	24
chr17	46590452	46590758	2	2	1	1	0	11
chr18	10726534	10740982	1	1	1	2	0	15
chr18	53948155	53948644	1	1	1	1844	1	28
chr18	53948155	53953244	1	1	1	13582	10	45
chr18	53948666	53953244	1	1	0	5	0	21
chr18	53948669	53953244	1	1	1	1839	1	26
chr19	7281256	7281797	2	4	1	194	0	38
chr19	7281256	7282725	2	2	1	440	0	36
chr19	7281960	7282725	2	2	1	204	0	26
chrX	73952667	73952825	2	2	1	3	0	10
