chr1	34295537	34296741	1	1	1	22	0	18
chr1	34295537	34299720	1	1	1	122	0	39
chr1	34296760	34299720	1	1	1	22	0	19
chr1	40010678	40011649	1	1	1	13	0	21
chr1	40010678	40014105	1	1	1	48	1	32
chr1	40011842	40014105	1	1	1	12	0	38
chr1	82735508	82741817	1	1	1	1	0	40
chr1	82735508	82747082	1	1	1	3	0	40
chr1	82735508	82750519	1	1	1	40	0	41
chr1	82747143	82750519	1	1	1	4	0	38
chr2	32292216	32296625	1	1	1	48	0	43
chr2	59932171	59933405	2	2	0	1	0	33
chr2	59932171	59933411	2	2	1	35	0	31
chr2	59932171	59933670	2	2	1	10	0	37
chr2	59933439	59933670	2	2	1	36	0	28
chr2	71849507	71853533	1	1	1	15	0	39
chr2	71849507	71855853	1	1	1	1126	2	43
chr2	71853664	71855853	1	1	1	15	0	40
chr2	75662926	75663570	1	1	1	7	1	36
chr2	91001089	91001461	1	1	1	374	1	34
chr2	91001511	91003210	1	1	1	361	1	25
chr2	91001511	91003299	1	1	0	1	0	46
chr2	91003238	91003810	1	1	0	2	0	27
chr2	91003346	91003810	1	1	1	10	0	36
chr2	91159306	91160316	2	2	1	12	0	47
chr2	91159306	91162027	2	2	1	121	0	47
chr2	91160371	91162027	2	2	1	12	0	38
chr2	91681696	91682025	2	2	1	2	0	50
chr2	91681696	91684668	2	2	1	397	0	50
chr2	91682110	91684668	2	2	0	1	0	31
chr2	91682137	91684668	2	2	1	1	0	38
chr2	153670448	153670848	1	1	1	38	0	43
chr2	153670909	153672215	1	1	1	38	0	50
chr2	168752741	168754433	2	2	1	6950	5	46
chr2	168754480	168788998	2	2	0	1	0	12
chr3	60613521	60614682	1	1	1	57	0	44
chr3	60613521	60615619	1	1	1	12	0	44
chr3	60614737	60615619	1	1	1	59	0	37
chr3	87733505	87735344	1	1	0	120	0	41
chr3	88483947	88484046	2	2	1	87	0	37
chr3	88484155	88484614	2	2	1	91	0	39
chr3	119724187	119724611	2	2	1	1063	0	34
chr3	119724187	119726065	2	2	1	3	0	29
chr3	119724646	119726065	2	2	1	1086	0	38
chr4	31992517	31994873	1	1	1	877	2	40
chr4	31992517	32002088	1	1	1	362	1	49
chr4	31994955	32002088	1	1	1	878	2	49
chr4	31995011	32002088	1	1	1	1	0	49
chr4	46468788	46469882	1	1	1	1	0	10
chr4	107009769	107027216	1	1	1	23	0	38
chr4	107009769	107028192	1	1	1	107	0	43
chr4	107027298	107028192	1	1	1	25	0	41
chr5	23565266	23616326	2	2	1	114	0	45
chr5	72958287	72965803	1	1	1	1	0	37
chr5	72958287	72974530	1	1	1	19	0	41
chr5	72965882	72974530	1	1	1	1	0	41
chr5	116482537	116591333	2	2	1	4	0	32
chr5	149184807	149185349	1	1	0	1	0	43
chr5	149184807	149187707	1	1	1	22	0	43
chr5	149184807	149188344	1	1	1	160	1	44
chr5	149187835	149188344	1	1	1	2	0	39
chr5	149187877	149188344	1	1	1	21	0	39
chr6	47577668	47594893	2	2	1	1	0	20
chr6	72634233	72648800	2	2	1	1743	1	42
chr6	72634233	72649119	2	2	1	3692	3	50
chr6	72634256	72649119	2	2	0	1	0	40
chr6	72648843	72649119	2	2	1	1735	1	42
chr6	98939789	98940994	2	2	1	5	0	45
chr6	98939789	98941535	2	2	1	62	0	45
chr6	98939789	98944618	2	2	0	12	0	45
chr6	98941165	98944618	2	2	0	5	0	36
chr6	98941658	98944618	2	2	1	62	0	36
chr6	125162102	125162211	2	2	1	374	13	36
chr6	125162102	125162309	2	2	0	1	0	35
chr6	128371086	128371967	1	1	1	875	0	43
chr6	128371086	128372530	1	1	1	55	0	49
chr6	128371086	128372533	1	1	1	429	0	46
chr6	128371086	128372539	1	1	0	2	0	40
chr6	128372013	128372504	1	1	0	2	0	26
chr6	128372013	128372509	1	1	0	2	0	31
chr6	128372013	128372530	1	1	1	111	0	49
chr6	128372013	128372533	1	1	1	754	0	46
chr6	128372018	128372533	1	1	0	10	0	46
chr7	67240441	67244520	2	2	1	6	0	24
chr7	67240441	67251656	2	2	1	234	1	44
chr7	67244545	67251656	2	2	1	6	0	24
chr7	102001660	102002294	1	1	1	141	0	43
chr7	102001660	102007485	1	1	1	2350	5	48
chr7	102002337	102007485	1	1	1	143	0	41
chr7	112839481	112841887	1	1	1	7	0	41
chr7	112839481	112842039	1	1	1	117	0	41
chr7	112839481	112856052	1	1	1	1	0	12
chr7	112839481	112856797	1	1	1	16	0	41
chr7	112841951	112856052	1	1	1	1	0	12
chr7	112841951	112856797	1	1	0	5	0	37
chr7	112842103	112856052	1	1	1	6	0	12
chr7	112842103	112856797	1	1	1	114	0	45
chr7	112856065	112856797	1	1	1	8	0	12
chr7	127980247	127981190	1	1	1	7	0	2
chr7	127981292	127981410	1	1	1	6	0	28
chr7	144861833	144862231	1	1	1	814	0	28
chr7	144862267	144862764	1	1	0	4	0	35
chr7	144862336	144862764	1	1	1	804	0	43
chr8	25532429	25555507	1	1	1	1	0	44
chr8	25532429	25557730	1	1	1	1	0	44
chr8	25555775	25557730	1	1	1	1	0	37
chr8	72219861	72219940	1	1	1	1	0	30
chr8	95100453	95100646	2	2	1	178	1	31
chr8	95100453	95101408	2	2	0	357	0	46
chr8	95100674	95101408	2	2	1	178	1	42
chr8	95101447	95139983	2	2	0	0	1	15
chr8	123268550	123268744	2	2	1	75	0	47
chr9	43027296	43040539	2	2	1	16	0	38
chr9	43027296	43042590	2	2	1	198	1	45
chr9	43040597	43042590	2	2	1	15	0	45
chr9	80093642	80098885	1	1	1	822	0	26
chr9	80093642	80098892	1	1	0	17	0	14
chr9	80093642	80103693	1	1	1	3869	4	45
chr9	80098907	80103693	1	1	1	838	0	23
chr9	114597607	114597794	2	2	1	182	0	38
chr9	114597607	114598704	2	2	0	181	0	43
chr9	114597825	114598704	2	2	0	2	0	30
chr9	114597831	114598704	2	2	1	181	0	38
chr9	123011638	123013939	1	1	1	1	0	14
chr9	123014013	123014468	1	1	1	1	0	14
chr9	123014507	123017244	1	1	1	1	0	38
chr11	79458907	79463232	1	1	1	25	0	42
chr11	79458907	79468716	1	1	1	24	0	42
chr11	79463296	79468716	1	1	1	25	0	38
chr11	83497297	83497893	1	1	1	1	0	33
chr11	83497927	83499072	1	1	1	1	0	33
chr11	94112147	94113262	1	1	1	8	0	21
chr11	94112147	94114172	1	1	1	156	0	32
chr11	94113302	94114172	1	1	1	8	0	39
chr11	102310577	102310925	2	2	1	75	0	42
chr11	102310577	102311379	2	2	1	204	0	46
chr11	102310577	102311403	2	2	0	3	0	21
chr11	102311037	102311379	2	2	1	76	0	45
chr12	71952560	71959805	1	1	1	123	0	43
chr12	83811361	83825258	2	2	1	101	0	37
chr12	83811361	83831921	2	2	1	87	1	41
chr12	83825292	83831921	2	2	1	100	0	34
chr12	83825319	83831921	2	2	0	1	0	38
chr12	113133338	113133495	1	1	0	7	0	42
chr12	113133338	113133540	1	1	1	122	0	41
chr12	113133338	113134186	1	1	0	1	0	42
chr12	113133338	113135796	1	1	1	437	0	29
chr12	113133577	113135796	1	1	1	119	0	29
chr13	46778994	46780625	2	2	1	393	1	44
chr13	46778994	46785245	2	2	1	1633	3	46
chr13	46780665	46785245	2	2	1	396	1	39
chr13	56084286	56089757	2	2	1	11	0	40
chr13	56089858	56096123	2	2	1	11	0	38
chr14	4667162	4669712	1	1	1	0	3	22
chr14	4743750	4873169	1	1	0	0	3	39
chr14	4873225	4875775	1	1	1	0	3	22
chr14	5439198	5442705	2	2	1	0	3	22
chr14	5791689	5795196	2	2	1	0	3	22
chr14	5861650	6020531	2	2	0	0	3	39
chr14	6406960	6409510	2	2	1	0	3	22
chr14	6736818	6739361	2	2	1	0	3	22
chr14	6739417	6872244	2	2	0	0	3	39
chr14	57643224	57648418	2	2	1	110	0	47
chr14	120389164	120395711	1	1	1	163	0	39
chr14	120389164	120396450	1	1	1	27	0	48
chr14	120395766	120396450	1	1	1	171	0	48
chr15	77102940	77105576	2	2	1	98	0	40
chr15	77102940	77113604	2	2	1	3	0	44
chr15	77105670	77113604	2	2	1	99	0	48
chr16	57178021	57181491	2	2	1	21	0	43
chr16	57178021	57182850	2	2	1	720	0	44
chr16	57181537	57182850	2	2	1	21	0	33
chr16	94686604	94691580	1	1	1	1	0	45
chr17	6960791	6961027	0	0	1	0	1	37
chr17	8165699	8165923	1	1	1	0	1	37
chr17	12979205	13846588	1	1	0	5	1	12
chr17	13846640	13848354	1	1	1	228	0	22
chr17	13846640	13849107	1	1	1	5935	5	46
chr17	13846640	13849113	1	1	0	23	0	47
chr17	13848376	13849107	1	1	1	228	0	26
chr17	45570567	45570665	2	2	1	349	0	40
chr17	45570800	45571017	2	2	1	386	0	24
chr17	56578845	56578920	2	2	1	1	0	18
chr17	56578986	56582983	2	2	1	2	0	42
chr18	10726534	10740982	1	1	1	2	0	15
chr18	53948155	53948644	1	1	1	799	0	28
chr18	53948155	53953244	1	1	1	5517	5	45
chr18	53948669	53953244	1	1	1	798	0	24
chr19	7281256	7281797	2	4	1	82	0	38
chr19	7281256	7282725	2	2	1	214	0	35
chr19	7281960	7282725	2	2	1	86	0	26
