chr1	34295537	34296741	1	1	1	44	0	18
chr1	34295537	34299720	1	1	1	219	2	41
chr1	34296760	34299720	1	1	1	44	0	19
chr1	40010678	40011649	1	1	1	31	0	21
chr1	40010678	40014105	1	1	1	72	0	32
chr1	40011842	40014105	1	1	1	33	0	39
chr1	82735508	82741817	1	1	1	1	0	40
chr1	82735508	82747082	1	1	1	4	0	40
chr1	82735508	82750519	1	1	1	72	0	41
chr1	82747143	82750519	1	1	1	5	0	38
chr2	32292216	32293314	1	1	1	2	0	43
chr2	32292216	32296625	1	1	1	99	0	43
chr2	32293396	32296625	1	1	1	2	0	39
chr2	59932171	59933405	2	2	0	6	0	33
chr2	59932171	59933411	2	2	1	78	0	31
chr2	59932171	59933670	2	2	1	13	0	37
chr2	59933439	59933670	2	2	1	83	0	28
chr2	71849507	71853533	1	1	1	40	0	39
chr2	71849507	71855853	1	1	1	1935	4	43
chr2	71853664	71855853	1	1	1	44	0	42
chr2	75662926	75663570	1	1	1	5	0	27
chr2	91001089	91001461	1	1	1	650	0	34
chr2	91001511	91003210	1	1	1	638	0	25
chr2	91001511	91003299	1	1	0	2	0	46
chr2	91003238	91003810	1	1	0	2	0	27
chr2	91003346	91003810	1	1	1	29	0	36
chr2	91159300	91162027	2	2	0	1	0	41
chr2	91159306	91160316	2	2	1	2	0	47
chr2	91159306	91162027	2	2	1	241	0	47
chr2	91160371	91162027	2	2	1	2	0	38
chr2	91681696	91682025	2	2	1	3	0	50
chr2	91681696	91684668	2	2	1	742	0	50
chr2	91682110	91684668	2	2	0	2	0	38
chr2	91682137	91684668	2	2	1	1	0	38
chr2	153670448	153670848	1	1	1	66	0	42
chr2	153670448	153672215	1	1	1	1	0	50
chr2	153670909	153672215	1	1	1	66	0	50
chr2	168752741	168754433	2	2	1	14259	12	49
chr2	168754480	168788998	2	2	0	1	0	12
chr3	60613521	60614682	1	1	1	177	0	44
chr3	60613521	60615619	1	1	1	32	0	44
chr3	60614737	60615619	1	1	1	179	0	38
chr3	78904652	78918022	2	2	0	1	0	12
chr3	87733505	87734423	1	1	1	2	0	39
chr3	87733505	87735344	1	1	0	181	0	39
chr3	87734553	87735344	1	1	1	2	0	37
chr3	88483947	88484046	2	2	1	145	0	38
chr3	88484155	88484614	2	2	1	147	0	41
chr3	119724187	119724611	2	2	1	2434	1	34
chr3	119724187	119726065	2	2	1	6	0	29
chr3	119724646	119726065	2	2	1	2480	1	38
chr3	129825617	129826823	2	2	1	2	0	36
chr4	31992517	31993403	1	1	0	1	0	26
chr4	31992517	31994873	1	1	1	1495	1	40
chr4	31992517	32002088	1	1	1	601	0	49
chr4	31992564	32002088	1	1	0	1	0	48
chr4	31993430	31994873	1	1	0	1	0	12
chr4	31994955	32002088	1	1	1	1495	2	49
chr4	107009769	107027216	1	1	1	65	0	39
chr4	107009769	107028192	1	1	1	299	0	42
chr4	107027298	107028192	1	1	1	68	0	41
chr4	107031092	107036935	1	1	1	1	0	21
chr5	23565266	23616326	2	2	1	253	0	45
chr5	72958287	72965803	1	1	1	3	0	37
chr5	72958287	72974530	1	1	1	30	0	41
chr5	72965882	72974530	1	1	1	3	0	41
chr5	116482537	116591333	2	2	1	8	0	50
chr5	149184807	149187707	1	1	1	76	0	44
chr5	149184807	149188344	1	1	1	254	0	45
chr5	149187835	149188344	1	1	1	9	0	39
chr5	149187864	149188344	1	1	0	1	0	39
chr5	149187877	149188344	1	1	1	66	0	39
chr6	72634233	72648800	2	2	1	3791	1	40
chr6	72634233	72649119	2	2	1	7433	2	50
chr6	72634351	72649119	2	2	0	1	0	40
chr6	72648843	72649119	2	2	1	3769	1	42
chr6	98939789	98940994	2	2	1	4	1	45
chr6	98939789	98941535	2	2	1	80	0	46
chr6	98939789	98944618	2	2	0	7	0	45
chr6	98941165	98944618	2	2	0	4	1	36
chr6	98941658	98944618	2	2	1	81	0	36
chr6	125162102	125162211	2	2	1	686	30	43
chr6	128371086	128371967	1	1	1	2040	2	45
chr6	128371086	128372504	1	1	0	2	0	39
chr6	128371086	128372509	1	1	0	1	0	39
chr6	128371086	128372530	1	1	1	87	0	49
chr6	128371086	128372533	1	1	1	796	2	46
chr6	128371086	128372536	1	1	0	1	0	43
chr6	128371086	128372539	1	1	0	2	0	40
chr6	128372013	128372504	1	1	0	7	0	26
chr6	128372013	128372509	1	1	0	4	0	32
chr6	128372013	128372530	1	1	1	274	0	47
chr6	128372013	128372533	1	1	1	1718	2	46
chr6	128372013	128372536	1	1	0	3	0	43
chr6	128372018	128372530	1	1	0	4	0	49
chr6	128372018	128372533	1	1	0	32	0	46
chr7	67240441	67244520	2	2	1	8	0	24
chr7	67240441	67251656	2	2	1	605	0	45
chr7	67244545	67251656	2	2	1	8	0	24
chr7	101405603	102001614	1	1	0	7	0	13
chr7	102001660	102002294	1	1	1	261	0	42
chr7	102001660	102007485	1	1	1	3807	2	47
chr7	102002337	102007485	1	1	1	264	0	39
chr7	112839481	112841887	1	1	1	10	0	41
chr7	112839481	112842039	1	1	1	154	0	41
chr7	112839481	112856052	1	1	1	3	0	12
chr7	112839481	112856797	1	1	1	29	0	41
chr7	112841951	112856052	1	1	1	3	0	12
chr7	112841951	112856797	1	1	0	7	0	37
chr7	112842103	112856052	1	1	1	12	0	12
chr7	112842103	112856797	1	1	1	148	0	45
chr7	112856065	112856797	1	1	1	18	0	12
chr7	127972771	127975887	1	1	1	0	1	1
chr7	127980247	127981190	1	1	1	21	0	5
chr7	127981292	127981410	1	1	1	19	0	6
chr7	144861833	144862231	1	1	1	1630	4	39
chr7	144862267	144862764	1	1	0	2	0	35
chr7	144862336	144862764	1	1	1	1617	4	44
chr8	25532429	25557730	1	1	1	4	0	44
chr8	25555775	25557730	1	1	1	2	0	37
chr8	95100453	95100646	2	2	1	484	0	31
chr8	95100453	95101408	2	2	0	692	0	46
chr8	95100674	95101408	2	2	1	484	0	43
chr8	95101447	95139983	2	2	0	1	0	15
chr8	123268550	123268744	2	2	1	104	0	46
chr9	43027296	43029555	2	2	0	1	0	38
chr9	43027296	43040539	2	2	1	28	0	38
chr9	43027296	43042590	2	2	1	287	0	45
chr9	43040597	43042590	2	2	1	29	0	45
chr9	80093642	80098885	1	1	1	1618	0	30
chr9	80093642	80098892	1	1	0	36	0	14
chr9	80093642	80103693	1	1	1	8994	4	46
chr9	80093642	80103698	1	1	0	1	0	44
chr9	80098907	80103693	1	1	1	1652	0	24
chr9	80098907	80103698	1	1	0	1	0	21
chr9	114597607	114597794	2	2	1	280	0	38
chr9	114597607	114598704	2	2	0	276	0	42
chr9	114597825	114598704	2	2	0	3	0	30
chr9	114597831	114598704	2	2	1	276	0	36
chr11	20335249	20831974	1	1	0	0	6	13
chr11	79458907	79463232	1	1	1	36	0	42
chr11	79458907	79468716	1	1	1	42	0	42
chr11	79463296	79468716	1	1	1	37	0	41
chr11	94112147	94113262	1	1	1	18	0	21
chr11	94112147	94114172	1	1	1	267	0	32
chr11	94113302	94114172	1	1	1	19	0	39
chr11	102310577	102310925	2	2	1	143	1	42
chr11	102310577	102311379	2	2	1	325	0	45
chr11	102311037	102311379	2	2	1	142	1	45
chr11	102311037	102311403	2	2	0	1	0	21
chr12	71952560	71959805	1	1	1	220	0	44
chr12	83811361	83825258	2	2	1	185	0	36
chr12	83811361	83831921	2	2	1	153	1	41
chr12	83825292	83831921	2	2	1	184	0	34
chr12	113133338	113133495	1	1	0	10	0	42
chr12	113133338	113133540	1	1	1	276	1	43
chr12	113133338	113135796	1	1	1	752	0	29
chr12	113133577	113135796	1	1	1	267	1	29
chr13	46778994	46780625	2	2	1	694	0	43
chr13	46778994	46785245	2	2	1	3005	1	49
chr13	46780665	46785245	2	2	1	687	0	39
chr13	55282783	55290054	1	1	1	1	0	28
chr13	56084286	56088251	2	2	1	1	0	40
chr13	56084286	56089757	2	2	1	19	0	40
chr13	56084286	56096123	2	2	0	2	0	40
chr13	56089858	56096123	2	2	1	21	0	38
chr14	57643224	57643334	2	2	1	2	0	39
chr14	57643224	57648418	2	2	1	164	0	47
chr14	57643490	57648418	2	2	1	2	0	38
chr14	120389164	120395711	1	1	1	362	1	42
chr14	120389164	120395717	1	1	0	1	0	38
chr14	120389164	120396450	1	1	1	84	0	48
chr14	120395766	120396450	1	1	1	377	1	48
chr15	77102940	77105576	2	2	1	134	0	41
chr15	77102940	77113604	2	2	1	15	0	44
chr15	77105670	77113604	2	2	1	134	0	48
chr15	103242719	103242921	1	1	1	1	0	33
chr16	57178021	57181491	2	2	1	21	0	43
chr16	57178021	57182850	2	2	1	1220	4	44
chr16	57181537	57182850	2	2	1	21	0	33
chr17	12979205	13846588	1	1	0	32	0	12
chr17	13846640	13848354	1	1	1	444	0	22
chr17	13846640	13849107	1	1	1	12919	11	46
chr17	13846640	13849113	1	1	0	85	0	48
chr17	13848376	13849107	1	1	1	445	0	26
chr17	13849663	13850779	1	1	1	1	0	9
chr17	45570567	45570665	2	2	1	526	0	37
chr17	45570800	45571017	2	2	1	598	0	21
chr17	47468854	47469275	1	1	1	1	0	36
chr17	56578845	56578920	2	2	1	1	0	12
chr17	56578986	56582983	2	2	1	1	0	37
chr18	10726534	10740982	1	1	1	3	0	15
chr18	53948155	53948381	1	1	0	1	0	37
chr18	53948155	53948644	1	1	1	1824	2	33
chr18	53948155	53948651	1	1	0	1	0	17
chr18	53948155	53949550	1	1	0	2	0	39
chr18	53948155	53953244	1	1	1	13053	10	45
chr18	53948447	53953244	1	1	0	1	0	37
chr18	53948669	53953244	1	1	1	1824	2	26
chr18	53948673	53953244	1	1	0	1	0	28
chr18	53949588	53953244	1	1	0	2	0	37
chr18	64511878	64511983	2	2	1	1	0	10
chr18	64512050	64515325	2	2	1	1	0	11
chr18	64515409	64516415	2	2	1	1	0	30
chr19	7281251	7282725	2	2	0	1	0	26
chr19	7281256	7281797	2	4	1	226	0	39
chr19	7281256	7282725	2	2	1	513	0	36
chr19	7281960	7282725	2	2	1	235	0	36
chrX	73952667	73952825	2	2	1	2	0	10
