chr1	34295537	34296741	1	1	1	25	0	18
chr1	34295537	34299720	1	1	1	94	0	39
chr1	34296760	34299720	1	1	1	25	0	18
chr1	40010678	40011649	1	1	1	15	0	21
chr1	40010678	40014105	1	1	1	36	0	32
chr1	40011842	40014105	1	1	1	13	0	37
chr1	58565955	58586211	2	2	1	1	0	46
chr1	82735508	82747082	1	1	1	2	0	40
chr1	82735508	82750519	1	1	1	33	0	41
chr1	82747143	82750519	1	1	1	2	0	38
chr2	32292216	32296625	1	1	1	39	0	43
chr2	59932171	59933405	2	2	0	3	0	33
chr2	59932171	59933411	2	2	1	43	0	27
chr2	59932171	59933670	2	2	1	8	0	37
chr2	59933439	59933670	2	2	1	46	0	28
chr2	71849507	71853533	1	1	1	29	0	39
chr2	71849507	71855853	1	1	1	1096	1	41
chr2	71853664	71855853	1	1	1	28	0	40
chr2	75662926	75663570	1	1	1	1	0	35
chr2	91001089	91001461	1	1	1	325	1	34
chr2	91001511	91003210	1	1	1	320	1	25
chr2	91003238	91003810	1	1	0	1	0	27
chr2	91003346	91003810	1	1	1	9	0	36
chr2	91159306	91160316	2	2	1	5	0	47
chr2	91159306	91162027	2	2	1	88	0	47
chr2	91160371	91162027	2	2	1	5	0	38
chr2	91681696	91682025	2	2	1	1	0	50
chr2	91681696	91684668	2	2	1	325	0	50
chr2	153670448	153670848	1	1	1	35	0	42
chr2	153670909	153672215	1	1	1	37	0	50
chr2	168752741	168754433	2	2	1	7336	9	46
chr3	60613521	60614682	1	1	1	62	0	45
chr3	60613521	60615619	1	1	1	21	0	44
chr3	60614737	60615619	1	1	1	62	0	37
chr3	87733505	87735344	1	1	0	59	0	40
chr3	88483947	88484046	2	2	1	86	0	38
chr3	88484155	88484614	2	2	1	85	0	39
chr3	119724187	119724611	2	2	1	904	0	34
chr3	119724187	119726065	2	2	1	3	0	29
chr3	119724646	119726065	2	2	1	928	0	38
chr4	31992517	31994873	1	1	1	735	2	43
chr4	31992517	32002088	1	1	1	349	0	49
chr4	31994955	32002088	1	1	1	738	2	49
chr4	107009769	107027216	1	1	1	27	0	40
chr4	107009769	107028192	1	1	1	156	0	41
chr4	107027298	107028192	1	1	1	28	0	41
chr5	23565266	23616326	2	2	1	122	0	46
chr5	72958287	72965803	1	1	1	4	0	40
chr5	72958287	72974530	1	1	1	20	0	41
chr5	72965882	72974530	1	1	1	4	0	41
chr5	90304066	90365666	2	4	1	0	1	2
chr5	149184807	149185484	1	1	1	2	0	43
chr5	149184807	149187707	1	1	1	32	0	43
chr5	149184807	149188344	1	1	1	129	0	44
chr5	149185662	149188344	1	1	0	1	0	39
chr5	149187806	149188344	1	1	0	1	0	39
chr5	149187877	149188344	1	1	1	33	0	39
chr5	149188474	149193839	1	1	1	1	0	25
chr6	39688346	39725106	2	2	1	1	0	18
chr6	72633011	72633215	2	2	1	1	0	6
chr6	72634233	72648800	2	2	1	1793	0	42
chr6	72634233	72649119	2	2	1	3398	5	50
chr6	72648843	72649119	2	2	1	1787	0	42
chr6	98939789	98940994	2	2	1	3	0	45
chr6	98939789	98941535	2	2	1	35	0	46
chr6	98939789	98944618	2	2	0	1	0	45
chr6	98941165	98944618	2	2	0	3	0	36
chr6	98941658	98944618	2	2	1	35	0	36
chr6	125162102	125162211	2	2	1	271	9	36
chr6	128371086	128371967	1	1	1	908	2	43
chr6	128371086	128372504	1	1	0	1	0	39
chr6	128371086	128372530	1	1	1	32	0	49
chr6	128371086	128372533	1	1	1	379	0	46
chr6	128371086	128372536	1	1	0	1	0	43
chr6	128372013	128372509	1	1	0	1	0	31
chr6	128372013	128372530	1	1	1	137	0	47
chr6	128372013	128372533	1	1	1	758	2	46
chr6	128372013	128372536	1	1	0	1	0	43
chr6	128372018	128372530	1	1	0	2	0	49
chr6	128372018	128372533	1	1	0	14	0	46
chr7	67240441	67244520	2	2	1	4	0	24
chr7	67240441	67251656	2	2	1	297	1	44
chr7	67244545	67251656	2	2	1	4	0	24
chr7	102001660	102002294	1	1	1	134	0	42
chr7	102001660	102007485	1	1	1	1725	2	45
chr7	102002337	102007485	1	1	1	136	0	40
chr7	112839481	112841887	1	1	1	3	0	41
chr7	112839481	112842039	1	1	1	93	0	41
chr7	112839481	112856052	1	1	1	3	0	12
chr7	112839481	112856797	1	1	1	17	0	41
chr7	112841951	112856052	1	1	1	1	0	12
chr7	112841951	112856797	1	1	0	2	0	37
chr7	112842103	112856052	1	1	1	8	0	12
chr7	112842103	112856797	1	1	1	83	0	40
chr7	112856065	112856797	1	1	1	12	0	12
chr7	127977322	127978140	1	1	1	1	0	9
chr7	127980247	127981190	1	1	1	4	0	5
chr7	127981292	127981410	1	1	1	4	0	6
chr7	144861833	144862231	1	1	1	1009	1	39
chr7	144861837	144862231	1	1	0	1	0	32
chr7	144862267	144862764	1	1	0	8	0	35
chr7	144862336	144862764	1	1	1	988	1	43
chr7	144862377	144862764	1	1	0	1	0	37
chr8	72219861	72219940	1	1	1	3	0	30
chr8	95100453	95100646	2	2	1	233	0	31
chr8	95100453	95101408	2	2	0	332	0	46
chr8	95100674	95101408	2	2	1	233	0	38
chr8	123268550	123268744	2	2	1	53	0	46
chr9	43027296	43040539	2	2	1	11	0	38
chr9	43027296	43042590	2	2	1	145	0	45
chr9	43040597	43042590	2	2	1	11	0	45
chr9	59454470	59485978	2	2	1	1	0	9
chr9	80093642	80098885	1	1	1	742	0	26
chr9	80093642	80098892	1	1	0	9	0	14
chr9	80093642	80103693	1	1	1	4052	0	46
chr9	80098907	80103693	1	1	1	751	0	23
chr9	114597607	114597794	2	2	1	142	0	38
chr9	114597607	114598704	2	2	0	155	0	43
chr9	114597831	114598704	2	2	1	142	0	36
chr11	78232834	78233544	2	2	1	1	0	4
chr11	79458907	79463232	1	1	1	17	0	42
chr11	79458907	79468716	1	1	1	23	0	42
chr11	79463296	79468716	1	1	1	17	0	38
chr11	94112147	94113262	1	1	1	10	0	21
chr11	94112147	94114172	1	1	1	138	0	32
chr11	94113302	94114172	1	1	1	10	0	39
chr11	102310577	102310925	2	2	1	50	0	42
chr11	102310577	102311379	2	2	1	162	0	45
chr11	102311037	102311379	2	2	1	51	0	45
chr12	71952560	71959805	1	1	1	114	0	43
chr12	83811361	83811669	2	2	0	1	0	37
chr12	83811361	83825258	2	2	1	82	0	33
chr12	83811361	83831921	2	2	1	104	0	41
chr12	83811744	83831921	2	2	0	1	0	38
chr12	83825292	83831921	2	2	1	82	0	34
chr12	113133338	113133495	1	1	0	11	0	42
chr12	113133338	113133540	1	1	1	120	0	38
chr12	113133338	113135796	1	1	1	397	0	29
chr12	113133577	113135796	1	1	1	124	0	29
chr13	46777214	46778893	2	2	1	1	0	12
chr13	46778994	46780625	2	2	1	384	0	40
chr13	46778994	46785245	2	2	1	1299	4	47
chr13	46780665	46785245	2	2	1	383	0	39
chr13	56084286	56089757	2	2	1	7	0	40
chr13	56084286	56096123	2	2	0	3	0	40
chr13	56089858	56096123	2	2	1	7	0	39
chr14	57643224	57643334	2	2	1	1	0	39
chr14	57643224	57648418	2	2	1	57	0	47
chr14	57643490	57648418	2	2	1	1	0	36
chr14	120389164	120395711	1	1	1	185	0	39
chr14	120389164	120396450	1	1	1	63	0	48
chr14	120395766	120396450	1	1	1	184	0	48
chr15	77102940	77105576	2	2	1	76	0	40
chr15	77102940	77113604	2	2	1	10	0	44
chr15	77105670	77113604	2	2	1	75	0	48
chr16	57178021	57181491	2	2	1	15	0	43
chr16	57178021	57182850	2	2	1	417	0	43
chr16	57181537	57182850	2	2	1	15	0	33
chr17	12979205	13846588	1	1	0	20	1	12
chr17	13846640	13848354	1	1	1	346	0	21
chr17	13846640	13849107	1	1	1	6383	7	45
chr17	13846640	13849113	1	1	0	25	0	47
chr17	13848376	13849107	1	1	1	345	0	26
chr17	45570567	45570665	2	2	1	238	0	40
chr17	45570800	45571017	2	2	1	265	0	21
chr17	46250926	46251113	1	1	1	1	0	34
chr17	56578986	56582983	2	2	1	2	0	42
chr18	53948155	53948381	1	1	0	1	0	39
chr18	53948155	53948644	1	1	1	993	1	30
chr18	53948155	53953244	1	1	1	6278	3	45
chr18	53948669	53953244	1	1	1	992	1	27
chr19	7281251	7282725	2	2	0	3	0	26
chr19	7281256	7281797	2	4	1	91	0	40
chr19	7281256	7282725	2	2	1	260	0	34
chr19	7281960	7282725	2	2	1	94	0	36
