chr1	34295537	34296741	1	1	1	40	0	18
chr1	34295537	34299720	1	1	1	6	0	38
chr1	34296760	34299720	1	1	1	40	0	18
chr1	40010678	40011649	1	1	1	39	0	21
chr1	40010678	40014105	1	1	1	15	2	32
chr1	40011842	40014105	1	1	1	40	0	38
chr1	82735508	82741817	1	1	1	1	0	41
chr1	82735508	82747082	1	1	1	1	0	40
chr1	82735508	82750519	1	1	1	40	0	41
chr1	82747143	82750519	1	1	1	2	0	38
chr2	32292216	32293314	1	1	1	12	0	43
chr2	32292216	32296625	1	1	1	42	0	43
chr2	32293396	32296625	1	1	1	10	0	38
chr2	59932171	59933405	2	2	0	50	0	37
chr2	59932171	59933411	2	2	1	180	1	31
chr2	59932171	59933670	2	2	1	1	0	37
chr2	59933439	59933670	2	2	1	230	1	28
chr2	71849507	71853533	1	1	1	520	1	41
chr2	71849507	71853890	1	1	0	1	0	39
chr2	71849507	71855853	1	1	1	1083	2	42
chr2	71849507	71855868	1	1	0	3	0	46
chr2	71853664	71855853	1	1	1	531	1	41
chr2	71853948	71855853	1	1	0	1	0	40
chr2	75662926	75663570	1	1	1	2	0	35
chr2	91001089	91001461	1	1	1	365	0	33
chr2	91001511	91003210	1	1	1	358	0	25
chr2	91003238	91003810	1	1	0	1	0	27
chr2	91003346	91003810	1	1	1	8	0	36
chr2	91159300	91162027	2	2	0	3	0	41
chr2	91159306	91160316	2	2	1	111	0	47
chr2	91159306	91162027	2	2	1	266	1	47
chr2	91160371	91162027	2	2	1	111	0	39
chr2	91681696	91682025	2	2	1	1	0	50
chr2	91681696	91684668	2	2	1	151	0	50
chr2	91682137	91684668	2	2	1	1	0	38
chr2	153670448	153672215	1	1	1	2	0	50
chr3	60613521	60614682	1	1	1	613	1	45
chr3	60613521	60614688	1	1	0	3	0	44
chr3	60613521	60615619	1	1	1	735	1	45
chr3	60614737	60615619	1	1	1	613	1	44
chr3	87733505	87734423	1	1	1	4	0	39
chr3	87733505	87735344	1	1	0	6	0	39
chr3	87734553	87735344	1	1	1	4	0	37
chr3	88483947	88484046	2	2	1	263	0	38
chr3	88483947	88484614	2	2	0	3	0	38
chr3	88484155	88484614	2	2	1	261	0	42
chr3	119724187	119724611	2	2	1	2922	1	34
chr3	119724187	119726065	2	2	1	13	0	29
chr3	119724646	119726065	2	2	1	3012	1	38
chr4	31992517	31994873	1	1	1	125	0	38
chr4	31992517	32002088	1	1	1	1972	1	49
chr4	31994955	32002088	1	1	1	124	0	48
chr4	107009769	107027216	1	1	1	10	0	38
chr4	107009769	107028192	1	1	1	44	0	41
chr4	107027298	107028192	1	1	1	11	0	41
chr5	23565266	23616326	2	2	1	394	0	46
chr5	72958287	72974530	1	1	1	60	0	41
chr5	116482537	116591333	2	2	1	461	1	50
chr5	149184807	149187707	1	1	1	14	0	43
chr5	149184807	149188344	1	1	1	328	0	44
chr5	149187835	149188344	1	1	1	1	0	39
chr5	149187877	149188344	1	1	1	13	0	39
chr6	47577668	47594893	2	2	1	1	0	34
chr6	98939789	98941535	2	2	1	99	1	45
chr6	98941658	98944618	2	2	1	99	1	36
chr6	125162102	125162211	2	2	1	201	7	35
chr6	128371086	128371967	1	1	1	1803	3	44
chr6	128371086	128372530	1	1	1	1	0	28
chr6	128371086	128372533	1	1	1	3	0	46
chr6	128372013	128372504	1	1	0	10	0	26
chr6	128372013	128372509	1	1	0	2	0	31
chr6	128372013	128372530	1	1	1	242	0	47
chr6	128372013	128372533	1	1	1	1533	3	46
chr6	128372013	128372536	1	1	0	1	0	43
chr6	128372013	128372539	1	1	0	1	0	40
chr6	128372018	128372530	1	1	0	1	0	49
chr6	128372018	128372533	1	1	0	16	0	46
chr7	67240441	67244520	2	2	1	72	1	24
chr7	67240441	67251656	2	2	1	615	1	46
chr7	67244545	67251656	2	2	1	73	1	24
chr7	102001660	102002294	1	1	1	753	0	43
chr7	102001660	102007485	1	1	1	220	0	43
chr7	102001665	102002300	1	1	0	1	0	36
chr7	102002337	102007485	1	1	1	758	0	41
chr7	112839481	112841887	1	1	1	4	0	41
chr7	112839481	112842039	1	1	1	49	0	41
chr7	112839481	112856052	1	1	1	2	0	12
chr7	112839481	112856797	1	1	1	5	0	41
chr7	112841951	112856052	1	1	1	2	0	12
chr7	112842103	112856052	1	1	1	49	0	12
chr7	112842103	112856797	1	1	1	1	0	37
chr7	112856065	112856797	1	1	1	54	0	12
chr7	127980247	127981190	1	1	1	10	0	22
chr7	127981292	127981410	1	1	1	9	0	6
chr8	25555775	25557730	1	1	1	1	0	37
chr8	95100443	95100636	2	2	0	1	0	36
chr8	95100453	95100646	2	2	1	460	0	31
chr8	95100453	95101408	2	2	0	52	0	46
chr8	95100674	95101408	2	2	1	461	0	42
chr8	123268550	123268744	2	2	1	113	0	47
chr9	43027296	43040539	2	2	1	73	0	38
chr9	43027296	43042590	2	2	1	55	0	45
chr9	43040597	43042590	2	2	1	74	0	45
chr9	80093642	80094508	1	1	0	1	0	44
chr9	80093642	80098885	1	1	1	3574	3	30
chr9	80093642	80098892	1	1	0	105	1	14
chr9	80093642	80103693	1	1	1	121	0	45
chr9	80093656	80103693	1	1	0	0	1	37
chr9	80094574	80098885	1	1	0	1	0	16
chr9	80098907	80103693	1	1	1	3683	4	29
chr9	80098907	80103698	1	1	0	2	0	21
chr9	114597607	114597794	2	2	1	248	0	38
chr9	114597607	114598704	2	2	0	6	0	40
chr9	114597825	114598704	2	2	0	5	0	30
chr9	114597831	114598704	2	2	1	242	0	38
chr11	79458907	79463232	1	1	1	12	0	42
chr11	79458907	79468716	1	1	1	81	0	42
chr11	79463296	79468716	1	1	1	12	0	38
chr11	94112147	94113262	1	1	1	59	0	23
chr11	94112147	94114172	1	1	1	142	0	32
chr11	94113302	94114172	1	1	1	60	0	39
chr11	102310577	102310925	2	2	1	25	0	42
chr11	102310577	102311379	2	2	1	424	0	46
chr11	102311037	102311379	2	2	1	25	0	45
chr12	71952560	71958746	1	1	1	25	0	27
chr12	71952560	71959805	1	1	1	34	0	44
chr12	71958774	71959805	1	1	1	25	0	35
chr12	83811361	83825258	2	2	1	19	0	33
chr12	83811361	83831921	2	2	1	206	0	41
chr12	83825292	83831921	2	2	1	19	0	33
chr12	113133338	113133495	1	1	0	61	8	42
chr12	113133338	113133540	1	1	1	1021	27	42
chr12	113133338	113135796	1	1	1	1	0	29
chr12	113133577	113134186	1	1	0	1	0	28
chr12	113133577	113134800	1	1	0	13	0	12
chr12	113133577	113135796	1	1	1	1040	35	29
chr12	113134231	113135796	1	1	0	1	0	27
chr12	113134813	113135796	1	1	0	13	0	12
chr13	46778994	46780625	2	2	1	390	1	40
chr13	46778994	46785245	2	2	1	1006	0	44
chr13	46780665	46785245	2	2	1	390	1	40
chr13	56084286	56089757	2	2	1	34	0	41
chr13	56084286	56096123	2	2	0	1	0	40
chr13	56089858	56096123	2	2	1	33	0	41
chr14	57643224	57648418	2	2	1	39	0	39
chr14	120389164	120395711	1	1	1	127	0	42
chr14	120389164	120396450	1	1	1	301	0	48
chr14	120395766	120396450	1	1	1	131	0	48
chr15	77102940	77105576	2	2	1	135	0	40
chr15	77102940	77113604	2	2	1	11	0	48
chr15	77105670	77113604	2	2	1	134	0	48
chr15	103242719	103243624	1	1	1	1	0	20
chr16	57178021	57181491	2	2	1	157	0	44
chr16	57178021	57182850	2	2	1	56	0	43
chr16	57181507	57182850	2	2	0	1	0	15
chr16	57181537	57182850	2	2	1	157	0	42
chr17	12979205	13846588	1	1	0	18	0	12
chr17	13846640	13848354	1	1	1	2805	4	25
chr17	13846640	13848358	1	1	0	1	0	17
chr17	13846640	13849107	1	1	1	2034	0	43
chr17	13846640	13849113	1	1	0	14	0	47
chr17	13848376	13849107	1	1	1	2795	4	29
chr17	13848376	13849113	1	1	0	5	0	21
chr17	45570567	45570665	2	2	1	260	1	42
chr17	45570800	45571017	2	2	1	288	1	21
chr18	53948155	53948644	1	1	1	7380	10	33
chr18	53948155	53953244	1	1	1	1070	2	41
chr18	53948666	53953244	1	1	0	8	0	21
chr18	53948669	53949681	1	1	0	1	0	15
chr18	53948669	53953244	1	1	1	7367	10	37
chr18	53948673	53953244	1	1	0	2	0	28
chr18	53949705	53953244	1	1	0	1	0	23
chr19	7281251	7282725	2	2	0	1	0	26
chr19	7281256	7281797	2	4	1	90	0	39
chr19	7281256	7282725	2	2	1	808	0	36
chr19	7281960	7282725	2	2	1	95	0	35
