chr1	34295537	34296741	1	1	1	80	0	18
chr1	34295537	34299720	1	1	1	19	0	39
chr1	34296760	34299720	1	1	1	80	0	18
chr1	40010678	40011649	1	1	1	89	1	21
chr1	40010678	40011783	1	1	0	2	0	21
chr1	40010678	40011811	1	1	0	7	0	21
chr1	40010678	40014105	1	1	1	24	1	32
chr1	40011842	40014105	1	1	1	95	1	37
chr1	40011842	40014111	1	1	0	1	0	43
chr1	82735508	82741817	1	1	1	1	0	20
chr1	82735508	82750519	1	1	1	63	0	41
chr2	32292216	32293314	1	1	1	7	0	43
chr2	32292216	32296625	1	1	1	93	0	43
chr2	32293396	32296625	1	1	1	7	0	39
chr2	59926161	59932104	2	2	1	3	0	20
chr2	59932171	59933405	2	2	0	84	0	37
chr2	59932171	59933411	2	2	1	413	0	31
chr2	59932171	59933670	2	2	1	3	0	38
chr2	59933439	59933670	2	2	1	487	0	28
chr2	71849507	71853533	1	1	1	638	1	40
chr2	71849507	71853890	1	1	0	2	0	39
chr2	71849507	71855853	1	1	1	3090	2	43
chr2	71849507	71855876	1	1	0	6	0	38
chr2	71853664	71855853	1	1	1	656	2	42
chr2	71853948	71855853	1	1	0	3	0	40
chr2	75662926	75663570	1	1	1	15	0	40
chr2	91001089	91001461	1	1	1	516	0	34
chr2	91001089	91003299	1	1	0	1	0	33
chr2	91001511	91003210	1	1	1	511	0	25
chr2	91001511	91003299	1	1	0	2	0	46
chr2	91003346	91003810	1	1	1	13	0	36
chr2	91130455	91159272	2	2	0	1	0	13
chr2	91159306	91160316	2	2	1	155	0	47
chr2	91159306	91162027	2	2	1	360	0	47
chr2	91160371	91162027	2	2	1	151	0	42
chr2	91681696	91682025	2	2	1	1	0	50
chr2	91681696	91684668	2	2	1	195	0	50
chr2	91682110	91684668	2	2	0	1	0	38
chr2	153670448	153672215	1	1	1	1	0	50
chr3	60422418	60613472	1	1	0	0	8	15
chr3	60613521	60614682	1	1	1	1055	6	49
chr3	60613521	60614688	1	1	0	1	0	44
chr3	60613521	60615619	1	1	1	1010	4	46
chr3	60614737	60615619	1	1	1	1060	6	39
chr3	87733505	87734423	1	1	1	8	0	39
chr3	87733505	87735344	1	1	0	5	0	39
chr3	87734553	87735344	1	1	1	8	0	37
chr3	88483947	88484046	2	2	1	364	0	42
chr3	88483947	88484614	2	2	0	1	0	38
chr3	88484077	88484614	2	2	0	1	0	30
chr3	88484155	88484614	2	2	1	364	0	39
chr3	119718834	119724601	2	2	0	0	1	20
chr3	119724187	119724611	2	2	1	5428	0	34
chr3	119724187	119726065	2	2	1	20	0	29
chr3	119724646	119726065	2	2	1	5539	1	38
chr3	129825617	129826823	2	2	1	3	0	36
chr4	31992517	31994873	1	1	1	309	0	39
chr4	31992517	32002088	1	1	1	3109	6	49
chr4	31994955	32002088	1	1	1	306	0	49
chr4	107009769	107027216	1	1	1	8	0	38
chr4	107009769	107028192	1	1	1	87	0	41
chr4	107027298	107028192	1	1	1	10	0	41
chr4	141463408	141463672	1	1	1	1	0	35
chr4	141463796	141464236	1	1	1	1	0	10
chr5	23565266	23616326	2	2	1	531	0	46
chr5	72958287	72965803	1	1	1	2	0	40
chr5	72958287	72974530	1	1	1	75	0	42
chr5	72965882	72974530	1	1	1	2	0	41
chr5	116477146	116482389	2	2	1	1	0	32
chr5	116482532	116591333	2	2	0	3	0	45
chr5	116482537	116513708	2	2	0	1	0	42
chr5	116482537	116591333	2	2	1	976	4	50
chr5	149184807	149187707	1	1	1	17	0	45
chr5	149184807	149188344	1	1	1	582	1	44
chr5	149187835	149188344	1	1	1	2	0	39
chr5	149187877	149188344	1	1	1	15	0	39
chr6	47576665	47577543	2	2	1	1	0	41
chr6	47577668	47594893	2	2	1	4	0	35
chr6	98939789	98941535	2	2	1	95	0	46
chr6	98939789	98944618	2	2	0	12	0	45
chr6	98941658	98944618	2	2	1	95	0	37
chr6	125162102	125162211	2	2	1	299	4	43
chr6	128371086	128371967	1	1	1	2922	1	45
chr6	128371086	128372530	1	1	1	3	0	49
chr6	128371086	128372533	1	1	1	15	0	46
chr6	128371086	128372536	1	1	0	1	0	43
chr6	128372013	128372504	1	1	0	9	0	26
chr6	128372013	128372509	1	1	0	3	0	31
chr6	128372013	128372530	1	1	1	361	0	49
chr6	128372013	128372533	1	1	1	2523	1	46
chr6	128372013	128372539	1	1	0	1	0	40
chr6	128372018	128372530	1	1	0	3	0	49
chr6	128372018	128372533	1	1	0	26	0	46
chr6	128372018	128372536	1	1	0	1	0	43
chr7	25724845	25725923	2	2	1	1	0	41
chr7	67240441	67244520	2	2	1	115	0	24
chr7	67240441	67251656	2	2	1	1014	1	44
chr7	67244545	67251656	2	2	1	115	0	24
chr7	101973352	102001612	1	1	0	1	0	12
chr7	102001660	102002294	1	1	1	1285	3	42
chr7	102001660	102007485	1	1	1	648	1	43
chr7	102001665	102002300	1	1	0	0	3	36
chr7	102002337	102007485	1	1	1	1292	3	42
chr7	112839481	112841887	1	1	1	3	0	41
chr7	112839481	112842039	1	1	1	144	0	41
chr7	112839481	112856797	1	1	1	9	0	41
chr7	112841951	112856052	1	1	1	2	0	12
chr7	112842103	112856052	1	1	1	130	0	12
chr7	112842103	112856797	1	1	1	11	0	38
chr7	112856065	112856797	1	1	1	132	0	14
chr7	112856065	112856803	1	1	0	1	0	12
chr7	127980247	127981190	1	1	1	9	0	3
chr7	127981292	127981410	1	1	1	11	0	6
chr8	25532429	25557730	1	1	1	1	0	43
chr8	95100453	95100646	2	2	1	991	0	31
chr8	95100453	95101408	2	2	0	140	0	46
chr8	95100674	95101408	2	2	1	991	0	42
chr8	121628690	121651724	2	2	1	1	0	32
chr8	123268550	123268744	2	2	1	242	1	47
chr9	43027296	43029555	2	2	0	1	0	38
chr9	43027296	43040539	2	2	1	110	1	38
chr9	43027296	43042590	2	2	1	142	0	45
chr9	43040597	43042590	2	2	1	111	1	45
chr9	80093642	80098885	1	1	1	7281	9	26
chr9	80093642	80098892	1	1	0	166	0	14
chr9	80093642	80103693	1	1	1	232	0	45
chr9	80098907	80099016	1	1	0	2	0	21
chr9	80098907	80101831	1	1	0	1	0	21
chr9	80098907	80103693	1	1	1	7446	9	29
chr9	80098907	80103698	1	1	0	1	0	21
chr9	80099049	80103693	1	1	0	2	0	37
chr9	80101891	80103693	1	1	0	1	0	37
chr9	114597607	114597794	2	2	1	336	1	39
chr9	114597607	114598704	2	2	0	18	0	42
chr9	114597825	114598704	2	2	0	6	0	30
chr9	114597831	114598704	2	2	1	331	1	38
chr11	79458907	79463232	1	1	1	14	0	42
chr11	79458907	79468113	1	1	1	1	0	42
chr11	79458907	79468716	1	1	1	167	0	43
chr11	79463296	79468716	1	1	1	14	0	39
chr11	79468155	79468716	1	1	1	1	0	36
chr11	94112147	94113262	1	1	1	92	0	32
chr11	94112147	94114172	1	1	1	280	0	32
chr11	94113302	94114172	1	1	1	93	0	39
chr11	102310577	102310925	2	2	1	71	0	42
chr11	102310577	102311379	2	2	1	853	1	46
chr11	102311037	102311379	2	2	1	71	0	45
chr12	71952560	71958746	1	1	1	73	0	27
chr12	71952560	71959805	1	1	1	39	0	43
chr12	71958774	71959805	1	1	1	73	0	29
chr12	83811361	83811669	2	2	0	1	0	38
chr12	83811361	83825258	2	2	1	41	0	33
chr12	83811361	83831921	2	2	1	356	0	41
chr12	83811744	83831921	2	2	0	1	0	38
chr12	83825292	83831921	2	2	1	41	0	33
chr12	113133338	113133495	1	1	0	108	19	45
chr12	113133338	113133540	1	1	1	1832	63	43
chr12	113133338	113133551	1	1	0	1	0	25
chr12	113133338	113135796	1	1	1	26	0	29
chr12	113133577	113134800	1	1	0	16	0	12
chr12	113133577	113135796	1	1	1	1866	82	29
chr12	113134813	113135796	1	1	0	16	0	12
chr13	46778994	46780625	2	2	1	373	1	40
chr13	46778994	46785245	2	2	1	2903	3	47
chr13	46780665	46785245	2	2	1	374	1	39
chr13	56084286	56089757	2	2	1	52	0	40
chr13	56089858	56096123	2	2	1	53	0	41
chr14	31257768	31257880	1	1	1	1	0	42
chr14	57643224	57643334	2	2	1	1	0	39
chr14	57643224	57648418	2	2	1	97	0	39
chr14	57643490	57648418	2	2	1	1	0	38
chr14	120389164	120395711	1	1	1	161	0	39
chr14	120389164	120396450	1	1	1	336	1	48
chr14	120395766	120396450	1	1	1	165	0	48
chr15	77102940	77105576	2	2	1	138	0	41
chr15	77102940	77113604	2	2	1	9	0	44
chr15	77105670	77113604	2	2	1	138	0	48
chr16	57178021	57181491	2	2	1	231	0	45
chr16	57178021	57182850	2	2	1	192	0	43
chr16	57181537	57182850	2	2	1	230	0	34
chr17	12979205	13846588	1	1	0	45	1	12
chr17	13846613	13848354	1	1	0	3	0	21
chr17	13846613	13849107	1	1	0	1	0	29
chr17	13846640	13848354	1	1	1	4880	8	22
chr17	13846640	13849107	1	1	1	4437	8	46
chr17	13846640	13849113	1	1	0	12	0	47
chr17	13848376	13849107	1	1	1	4877	8	41
chr17	13848376	13849113	1	1	0	1	0	21
chr17	45570567	45570665	2	2	1	564	3	37
chr17	45570800	45571017	2	2	1	584	3	21
chr18	53948155	53948644	1	1	1	13318	12	30
chr18	53948155	53953244	1	1	1	2918	3	43
chr18	53948666	53953244	1	1	0	12	0	21
chr18	53948669	53953244	1	1	1	13292	12	37
chr18	53949263	53953244	1	1	0	1	0	37
chr19	7281256	7281797	2	4	1	177	0	39
chr19	7281256	7282725	2	2	1	1408	2	36
chr19	7281960	7282725	2	2	1	186	0	36
