chr1	34295537	34296741	1	1	1	46	0	19
chr1	34295537	34299720	1	1	1	340	0	44
chr1	34296760	34299720	1	1	1	48	0	28
chr1	40010678	40011649	1	1	1	24	0	21
chr1	40010678	40014105	1	1	1	86	1	32
chr1	40011842	40014105	1	1	1	24	0	37
chr1	72626646	72628100	1	1	1	1	0	15
chr1	82735508	82747082	1	1	1	4	0	40
chr1	82735508	82750519	1	1	1	98	0	45
chr1	82747143	82750519	1	1	1	4	0	38
chr2	32292216	32293314	1	1	1	1	0	43
chr2	32292216	32296625	1	1	1	115	0	43
chr2	32293396	32296625	1	1	1	1	0	38
chr2	59926161	59932104	2	2	1	1	0	23
chr2	59932171	59933405	2	2	0	5	0	33
chr2	59932171	59933411	2	2	1	71	0	31
chr2	59932171	59933670	2	2	1	18	0	39
chr2	59933439	59933670	2	2	1	75	0	28
chr2	71849507	71853533	1	1	1	35	0	39
chr2	71849507	71855853	1	1	1	2569	3	44
chr2	71853664	71855853	1	1	1	36	0	41
chr2	75662926	75663570	1	1	1	5	0	40
chr2	91001089	91001461	1	1	1	798	1	34
chr2	91001089	91003299	1	1	0	1	0	33
chr2	91001511	91003210	1	1	1	775	1	25
chr2	91001511	91003299	1	1	0	4	0	46
chr2	91003238	91003810	1	1	0	2	0	27
chr2	91003346	91003810	1	1	1	13	0	36
chr2	91159300	91162027	2	2	0	2	0	41
chr2	91159306	91160316	2	2	1	9	0	47
chr2	91159306	91162027	2	2	1	239	0	47
chr2	91160371	91162027	2	2	1	9	0	38
chr2	91681696	91682025	2	2	1	2	0	50
chr2	91681696	91684668	2	2	1	918	1	50
chr2	91682137	91684668	2	2	1	2	0	38
chr2	153670448	153670848	1	1	1	103	0	42
chr2	153670448	153672215	1	1	1	0	1	50
chr2	153670909	153672215	1	1	1	100	0	50
chr2	153670909	153714954	1	1	0	1	0	50
chr2	153713625	153714954	1	1	1	0	1	50
chr2	168752741	168754433	2	2	1	17030	13	46
chr3	60613521	60614682	1	1	1	141	0	44
chr3	60613521	60615619	1	1	1	29	0	44
chr3	60614737	60615619	1	1	1	139	0	39
chr3	87733505	87734423	1	1	1	1	0	39
chr3	87733505	87735344	1	1	0	253	0	42
chr3	87734553	87735344	1	1	1	1	0	37
chr3	88483947	88484046	2	2	1	152	0	39
chr3	88483947	88484614	2	2	0	2	0	38
chr3	88484155	88484614	2	2	1	151	0	40
chr3	119724187	119724611	2	2	1	2598	3	34
chr3	119724187	119726065	2	2	1	9	0	29
chr3	119724646	119726065	2	2	1	2648	3	38
chr4	31992517	31993403	1	1	0	1	0	21
chr4	31992517	31994873	1	1	1	1936	1	40
chr4	31992517	32002088	1	1	1	802	2	49
chr4	31993425	31994873	1	1	0	1	0	17
chr4	31994955	32002088	1	1	1	1926	1	49
chr4	107009769	107027216	1	1	1	73	0	41
chr4	107009769	107028192	1	1	1	336	1	43
chr4	107027298	107028192	1	1	1	80	0	43
chr4	107031092	107036935	1	1	1	1	0	29
chr5	23565266	23616326	2	2	1	349	0	46
chr5	23568264	23616326	2	2	0	1	0	45
chr5	72958287	72974530	1	1	1	35	0	41
chr5	145131517	145132858	2	2	1	1	0	16
chr5	149184807	149185484	1	1	1	1	0	43
chr5	149184807	149187707	1	1	1	55	0	44
chr5	149184807	149188344	1	1	1	264	1	43
chr5	149185662	149188344	1	1	0	1	0	39
chr5	149187806	149188344	1	1	0	1	0	39
chr5	149187835	149188344	1	1	1	5	0	39
chr5	149187877	149188344	1	1	1	50	0	39
chr6	47577668	47594893	2	2	1	2	0	32
chr6	72633011	72633215	2	2	1	1	0	6
chr6	72634233	72648800	2	2	1	4446	6	42
chr6	72634233	72649119	2	2	1	8719	7	50
chr6	72648843	72649115	2	2	0	1	0	42
chr6	72648843	72649119	2	2	1	4412	6	42
chr6	98939789	98940994	2	2	1	8	0	45
chr6	98939789	98941535	2	2	1	129	0	46
chr6	98939789	98944618	2	2	0	40	0	47
chr6	98941165	98944618	2	2	0	8	0	36
chr6	98941658	98944618	2	2	1	130	0	37
chr6	125162102	125162211	2	2	1	646	19	37
chr6	128371086	128371967	1	1	1	2133	0	45
chr6	128371086	128372278	1	1	0	1	0	27
chr6	128371086	128372530	1	1	1	141	0	49
chr6	128371086	128372533	1	1	1	1061	1	47
chr6	128372013	128372509	1	1	0	3	0	31
chr6	128372013	128372530	1	1	1	281	0	49
chr6	128372013	128372533	1	1	1	1811	0	46
chr6	128372018	128372530	1	1	0	5	0	49
chr6	128372018	128372533	1	1	0	36	0	46
chr6	128372208	128372533	1	1	0	1	0	46
chr6	128372306	128372533	1	1	0	1	0	27
chr7	25724845	25725923	2	2	1	1	0	37
chr7	67240441	67244520	2	2	1	25	0	24
chr7	67240441	67251656	2	2	1	705	1	44
chr7	67244545	67251656	2	2	1	25	0	24
chr7	101448787	102001614	1	1	0	5	0	14
chr7	101474369	102001612	1	1	0	4	0	12
chr7	102001660	102002294	1	1	1	366	0	43
chr7	102001660	102007485	1	1	1	5096	3	45
chr7	102002310	102007485	1	1	0	4	0	15
chr7	102002337	102007485	1	1	1	364	0	42
chr7	112839481	112841887	1	1	1	11	1	41
chr7	112839481	112842039	1	1	1	217	1	41
chr7	112839481	112856797	1	1	1	29	0	41
chr7	112841906	112842057	1	1	0	0	1	18
chr7	112841951	112856797	1	1	0	7	0	37
chr7	112842103	112856052	1	1	1	9	0	12
chr7	112842103	112856797	1	1	1	213	1	45
chr7	112856065	112856797	1	1	1	9	0	12
chr7	127972284	127980194	1	1	1	1	0	4
chr7	127980247	127981190	1	1	1	27	0	35
chr7	127981292	127981410	1	1	1	31	0	6
chr7	144861833	144862231	1	1	1	2224	6	39
chr7	144861837	144862231	1	1	0	4	0	32
chr7	144862267	144862764	1	1	0	13	0	36
chr7	144862331	144862764	1	1	0	1	0	25
chr7	144862336	144862764	1	1	1	2190	6	44
chr8	25532429	25555507	1	1	1	1	0	44
chr8	25532429	25557730	1	1	1	3	0	44
chr8	25555775	25557730	1	1	1	1	0	37
chr8	95100453	95100646	2	2	1	369	0	31
chr8	95100453	95101408	2	2	0	1039	0	46
chr8	95100674	95101408	2	2	1	369	0	42
chr8	123268550	123268744	2	2	1	152	0	47
chr9	43027296	43040539	2	2	1	22	0	38
chr9	43027296	43042590	2	2	1	352	0	46
chr9	43040597	43042590	2	2	1	22	0	45
chr9	80093642	80098885	1	1	1	2180	4	26
chr9	80093642	80098892	1	1	0	36	0	14
chr9	80093642	80103693	1	1	1	9298	6	48
chr9	80093642	80103698	1	1	0	5	0	44
chr9	80098907	80099016	1	1	0	2	0	21
chr9	80098907	80103693	1	1	1	2216	4	24
chr9	80099049	80103693	1	1	0	2	0	37
chr9	114597607	114597794	2	2	1	336	0	38
chr9	114597607	114598704	2	2	0	513	0	43
chr9	114597825	114598704	2	2	0	3	0	30
chr9	114597831	114598704	2	2	1	332	0	38
chr9	123011638	123013939	1	1	1	1	0	14
chr9	123014013	123014468	1	1	1	1	0	14
chr9	123014507	123017244	1	1	1	1	0	38
chr11	26778879	26787397	2	2	0	0	1	13
chr11	60804409	60806945	2	2	1	1	0	30
chr11	60807043	60810903	2	2	1	1	0	35
chr11	79458907	79463232	1	1	1	35	0	42
chr11	79458907	79468716	1	1	1	57	0	42
chr11	79463296	79468716	1	1	1	36	0	38
chr11	94112147	94113262	1	1	1	28	0	21
chr11	94112147	94114172	1	1	1	352	2	32
chr11	94113302	94114172	1	1	1	29	0	39
chr11	102310574	102310925	2	2	0	1	0	45
chr11	102310577	102310925	2	2	1	118	0	42
chr11	102310577	102311379	2	2	1	354	0	46
chr11	102311037	102311379	2	2	1	118	0	45
chr12	71952560	71959805	1	1	1	272	0	44
chr12	83811361	83825258	2	2	1	258	0	37
chr12	83811361	83831921	2	2	1	196	0	41
chr12	83825292	83831921	2	2	1	257	0	33
chr12	83825334	83831921	2	2	0	1	0	38
chr12	113133338	113133495	1	1	0	10	0	42
chr12	113133338	113133540	1	1	1	346	2	43
chr12	113133338	113134186	1	1	0	2	0	42
chr12	113133338	113135796	1	1	1	1094	0	29
chr12	113133577	113134186	1	1	0	1	0	28
chr12	113133577	113135796	1	1	1	338	2	29
chr12	113134231	113135796	1	1	0	1	0	29
chr13	46778994	46780625	2	2	1	787	1	41
chr13	46778994	46785245	2	2	1	3706	9	47
chr13	46780665	46785245	2	2	1	795	1	40
chr13	56084286	56089757	2	2	1	27	0	40
chr13	56089858	56096123	2	2	1	27	0	41
chr14	8171531	8172763	2	2	1	1	0	11
chr14	8172818	8172890	2	2	1	1	0	41
chr14	57643224	57643334	2	2	1	1	0	39
chr14	57643224	57648418	2	2	1	229	0	47
chr14	120389164	120395711	1	1	1	321	1	39
chr14	120389164	120396450	1	1	1	79	0	48
chr14	120395766	120396450	1	1	1	332	1	48
chr15	77102940	77105576	2	2	1	182	0	41
chr15	77102940	77113604	2	2	1	26	0	48
chr15	77105670	77113604	2	2	1	182	0	48
chr15	97162083	97166502	2	2	1	1	0	48
chr15	103242719	103243624	1	1	1	0	2	33
chr16	57178021	57181491	2	2	1	19	0	43
chr16	57178021	57182850	2	2	1	1320	2	44
chr16	57181537	57182850	2	2	1	19	0	33
chr16	84831508	84834808	2	2	1	1	0	44
chr16	94686604	94691580	1	1	1	6	0	45
chr17	12979205	13846588	1	1	0	16	1	12
chr17	13846613	13848354	1	1	0	5	0	21
chr17	13846640	13848354	1	1	1	611	2	22
chr17	13846640	13849107	1	1	1	15373	24	48
chr17	13846640	13849113	1	1	0	102	0	47
chr17	13848376	13849107	1	1	1	619	2	26
chr17	45570567	45570665	2	2	1	731	2	42
chr17	45570800	45571017	2	2	1	820	2	21
chr18	53948155	53948644	1	1	1	2010	5	28
chr18	53948155	53953244	1	1	1	14307	14	47
chr18	53948155	53953268	1	1	0	3	0	40
chr18	53948669	53953244	1	1	1	2006	5	28
chr19	7281256	7281797	2	4	1	209	0	39
chr19	7281256	7282725	2	2	1	524	0	36
chr19	7281960	7282725	2	2	1	221	0	35
