chr1	34295537	34296741	1	1	1	84	1	18
chr1	34295537	34299720	1	1	1	16	0	38
chr1	34296760	34299720	1	1	1	84	1	18
chr1	40010678	40011649	1	1	1	100	0	21
chr1	40010678	40011811	1	1	0	1	0	21
chr1	40010678	40014105	1	1	1	33	1	32
chr1	40011842	40014105	1	1	1	98	0	38
chr1	82735508	82741817	1	1	1	2	0	20
chr1	82735508	82750519	1	1	1	46	0	40
chr2	32292216	32293314	1	1	1	16	0	43
chr2	32292216	32296625	1	1	1	67	0	43
chr2	32293396	32296625	1	1	1	16	0	38
chr2	59932171	59933405	2	2	0	74	0	37
chr2	59932171	59933411	2	2	1	504	0	31
chr2	59933439	59933670	2	2	1	568	0	28
chr2	71849507	71853533	1	1	1	590	1	41
chr2	71849507	71853820	1	1	0	1	0	37
chr2	71849507	71855853	1	1	1	2053	2	43
chr2	71853664	71855853	1	1	1	622	1	41
chr2	71853891	71855853	1	1	0	2	0	40
chr2	75662926	75663570	1	1	1	10	0	40
chr2	91001089	91001461	1	1	1	604	0	32
chr2	91001089	91003299	1	1	0	1	0	33
chr2	91001511	91003210	1	1	1	603	0	25
chr2	91001511	91003299	1	1	0	2	0	46
chr2	91003238	91003810	1	1	0	4	0	27
chr2	91003346	91003810	1	1	1	19	0	36
chr2	91159300	91162027	2	2	0	4	0	41
chr2	91159306	91160316	2	2	1	210	0	47
chr2	91159306	91162027	2	2	1	371	0	47
chr2	91160371	91162027	2	2	1	209	0	39
chr2	91681696	91684668	2	2	1	209	1	50
chr2	153670448	153670848	1	1	1	1	0	42
chr2	153670448	153672215	1	1	1	5	0	50
chr2	153670909	153672215	1	1	1	1	0	36
chr3	60613521	60614682	1	1	1	1244	2	45
chr3	60613521	60614688	1	1	0	3	0	38
chr3	60613521	60615619	1	1	1	1232	1	45
chr3	60614737	60615619	1	1	1	1256	3	42
chr3	87733505	87734423	1	1	1	8	0	39
chr3	87733505	87735344	1	1	0	9	0	39
chr3	87734553	87735344	1	1	1	8	0	37
chr3	88483947	88484046	2	2	1	345	0	40
chr3	88483947	88484055	2	2	0	1	0	37
chr3	88484155	88484614	2	2	1	345	0	44
chr3	119724187	119724611	2	2	1	5573	6	34
chr3	119724187	119726065	2	2	1	17	0	29
chr3	119724646	119726065	2	2	1	5695	6	39
chr3	129825617	129826823	2	2	1	3	0	36
chr4	31992517	31994873	1	1	1	294	1	40
chr4	31992517	32002088	1	1	1	2693	5	49
chr4	31994955	32002088	1	1	1	295	1	49
chr4	107009769	107027216	1	1	1	13	0	38
chr4	107009769	107028192	1	1	1	121	0	41
chr4	107009769	107028217	1	1	0	1	0	35
chr4	107027298	107028192	1	1	1	16	0	41
chr5	23565266	23616326	2	2	1	600	0	45
chr5	65537459	65565988	1	1	1	1	0	35
chr5	72958287	72965803	1	1	1	2	0	37
chr5	72958287	72974530	1	1	1	71	0	41
chr5	72965882	72974530	1	1	1	2	0	41
chr5	116475248	116477058	2	2	1	2	0	16
chr5	116477146	116482389	2	2	1	1	0	33
chr5	116482532	116591333	2	2	0	3	0	37
chr5	116482537	116591333	2	2	1	981	3	50
chr5	149184807	149187707	1	1	1	13	0	43
chr5	149184807	149188344	1	1	1	517	0	45
chr5	149187835	149188344	1	1	1	1	0	39
chr5	149187877	149188344	1	1	1	12	0	39
chr6	47577668	47594893	2	2	1	2	0	32
chr6	98939789	98941535	2	2	1	155	0	45
chr6	98939789	98944618	2	2	0	14	0	45
chr6	98941658	98944618	2	2	1	157	0	36
chr6	125162102	125162211	2	2	1	282	5	40
chr6	128371086	128371967	1	1	1	3277	1	45
chr6	128371086	128372533	1	1	1	18	0	46
chr6	128372013	128372504	1	1	0	20	0	26
chr6	128372013	128372509	1	1	0	3	0	31
chr6	128372013	128372530	1	1	1	416	0	49
chr6	128372013	128372533	1	1	1	2801	1	46
chr6	128372018	128372530	1	1	0	1	0	49
chr6	128372018	128372533	1	1	0	41	0	46
chr7	25724845	25725923	2	2	1	0	1	28
chr7	28174687	28174784	1	1	1	1	0	19
chr7	28174893	28174983	1	1	1	1	0	32
chr7	28175079	28175854	1	1	1	1	0	7
chr7	67240441	67244520	2	2	1	141	0	24
chr7	67240441	67251656	2	2	1	1091	0	44
chr7	67244545	67251656	2	2	1	141	0	24
chr7	102001660	102002294	1	1	1	1758	2	43
chr7	102001660	102007485	1	1	1	439	0	44
chr7	102002310	102007485	1	1	0	4	0	15
chr7	102002337	102007485	1	1	1	1753	2	41
chr7	112839481	112841887	1	1	1	7	0	41
chr7	112839481	112842039	1	1	1	119	0	41
chr7	112839481	112856052	1	1	1	5	0	12
chr7	112839481	112856797	1	1	1	11	0	41
chr7	112841951	112856052	1	1	1	3	0	12
chr7	112842103	112856052	1	1	1	121	0	12
chr7	112856065	112856797	1	1	1	129	0	12
chr7	127980247	127981190	1	1	1	12	0	5
chr7	127981292	127981410	1	1	1	11	0	6
chr7	140117357	140126325	1	1	1	0	1	1
chr7	140125883	140126325	1	1	1	0	1	1
chr8	25532429	25557730	1	1	1	3	0	44
chr8	95100443	95100636	2	2	0	1	0	35
chr8	95100453	95100646	2	2	1	914	3	31
chr8	95100453	95101408	2	2	0	76	0	46
chr8	95100674	95101408	2	2	1	915	3	42
chr8	95101447	95139983	2	2	0	0	2	15
chr8	123268550	123268744	2	2	1	253	1	49
chr9	43027296	43029555	2	2	0	1	0	18
chr9	43027296	43040539	2	2	1	89	0	38
chr9	43027296	43042590	2	2	1	79	1	48
chr9	43029574	43040539	2	2	0	1	0	18
chr9	43040597	43042590	2	2	1	91	0	45
chr9	67323182	67330547	2	2	1	1	0	4
chr9	80093642	80098885	1	1	1	7362	4	27
chr9	80093642	80098892	1	1	0	167	0	19
chr9	80093642	80103693	1	1	1	184	0	45
chr9	80098907	80101831	1	1	0	1	0	21
chr9	80098907	80103693	1	1	1	7528	4	24
chr9	80098907	80103698	1	1	0	4	0	21
chr9	80101891	80103693	1	1	0	1	0	37
chr9	80103765	80116531	1	1	1	1	0	19
chr9	114597607	114597794	2	2	1	334	1	38
chr9	114597607	114598704	2	2	0	9	0	40
chr9	114597831	114598704	2	2	1	334	1	36
chr11	79458907	79463232	1	1	1	13	0	42
chr11	79458907	79468113	1	1	1	3	0	42
chr11	79458907	79468716	1	1	1	175	0	42
chr11	79463296	79468716	1	1	1	13	0	39
chr11	79468155	79468716	1	1	1	3	0	38
chr11	83497297	83497893	1	1	1	1	0	33
chr11	83497927	83499072	1	1	1	1	0	33
chr11	94112147	94113262	1	1	1	80	0	23
chr11	94112147	94114172	1	1	1	383	1	32
chr11	94113302	94114172	1	1	1	81	0	39
chr11	102310577	102310925	2	2	1	45	0	42
chr11	102310577	102311379	2	2	1	730	2	46
chr11	102311037	102311379	2	2	1	45	0	45
chr12	71952560	71958746	1	1	1	70	0	27
chr12	71952560	71959805	1	1	1	39	0	43
chr12	71958774	71959805	1	1	1	70	0	27
chr12	83811361	83811669	2	2	0	1	0	37
chr12	83811361	83825258	2	2	1	40	0	33
chr12	83811361	83831921	2	2	1	449	0	41
chr12	83811744	83831921	2	2	0	1	0	38
chr12	83825292	83831921	2	2	1	40	0	33
chr12	113133338	113133495	1	1	0	50	13	42
chr12	113133338	113133540	1	1	1	1271	60	43
chr12	113133338	113135796	1	1	1	3	0	29
chr12	113133577	113134800	1	1	0	7	0	12
chr12	113133577	113135796	1	1	1	1278	73	29
chr12	113134813	113135796	1	1	0	7	0	12
chr13	46778990	46785245	2	2	0	2	0	44
chr13	46778994	46780625	2	2	1	591	0	42
chr13	46778994	46785245	2	2	1	2440	7	45
chr13	46780665	46785245	2	2	1	588	0	40
chr13	56084286	56089757	2	2	1	38	0	40
chr13	56084286	56096123	2	2	0	1	0	38
chr13	56089858	56096123	2	2	1	36	0	39
chr14	57643224	57643334	2	2	1	2	0	39
chr14	57643224	57648418	2	2	1	97	0	47
chr14	57643490	57648418	2	2	1	2	0	38
chr14	120389164	120395711	1	1	1	206	0	41
chr14	120389164	120395717	1	1	0	2	0	38
chr14	120389164	120396450	1	1	1	483	1	48
chr14	120395766	120396450	1	1	1	216	0	48
chr15	77102940	77105576	2	2	1	165	0	43
chr15	77102940	77113604	2	2	1	8	0	44
chr15	77105670	77113604	2	2	1	165	0	48
chr16	57178021	57181491	2	2	1	351	0	44
chr16	57178021	57182850	2	2	1	110	0	44
chr16	57181537	57182850	2	2	1	349	0	33
chr16	84831508	84834808	2	2	1	1	0	44
chr17	12979205	13846588	1	1	0	44	4	12
chr17	13846613	13848354	1	1	0	4	0	21
chr17	13846640	13848354	1	1	1	4591	4	22
chr17	13846640	13849107	1	1	1	4100	12	46
chr17	13846640	13849113	1	1	0	27	0	47
chr17	13846644	13848358	1	1	0	1	0	17
chr17	13848376	13849107	1	1	1	4578	4	29
chr17	13848376	13849113	1	1	0	15	0	21
chr17	45570567	45570665	2	2	1	673	0	42
chr17	45570800	45571017	2	2	1	742	0	24
chr18	53948155	53948644	1	1	1	11745	13	33
chr18	53948155	53948651	1	1	0	2	0	17
chr18	53948155	53953244	1	1	1	1871	4	44
chr18	53948666	53953244	1	1	0	5	0	21
chr18	53948669	53953244	1	1	1	11741	12	37
chr18	53948673	53953244	1	1	0	2	0	28
chr19	7281256	7281797	2	4	1	145	0	39
chr19	7281256	7282725	2	2	1	1317	1	36
chr19	7281960	7282725	2	2	1	157	0	31
