chr1	34295537	34296741	1	1	1	18	0	18
chr1	34295537	34299720	1	1	1	115	1	40
chr1	34296760	34299720	1	1	1	18	0	18
chr1	40010678	40011649	1	1	1	8	0	21
chr1	40010678	40014105	1	1	1	50	0	32
chr1	40011842	40014105	1	1	1	8	0	37
chr1	82735508	82741817	1	1	1	2	0	40
chr1	82735508	82745523	1	1	1	1	0	33
chr1	82735508	82747082	1	1	1	2	0	40
chr1	82735508	82750519	1	1	1	83	0	41
chr1	82745557	82747082	1	1	1	1	0	7
chr1	82747143	82750519	1	1	1	3	0	38
chr2	32292216	32293314	1	1	1	1	0	43
chr2	32292216	32296625	1	1	1	74	0	43
chr2	32293396	32296625	1	1	1	1	0	38
chr2	59932171	59933405	2	2	0	4	0	33
chr2	59932171	59933411	2	2	1	56	0	31
chr2	59932171	59933670	2	2	1	9	0	37
chr2	59933439	59933670	2	2	1	58	0	28
chr2	71849507	71853533	1	1	1	30	0	39
chr2	71849507	71855853	1	1	1	2578	8	44
chr2	71853664	71855853	1	1	1	29	0	40
chr2	75662926	75663570	1	1	1	3	0	27
chr2	91001089	91001461	1	1	1	812	0	28
chr2	91001089	91003299	1	1	0	4	0	33
chr2	91001511	91003210	1	1	1	798	0	35
chr2	91003346	91003810	1	1	1	14	0	36
chr2	91159306	91160316	2	2	1	2	0	47
chr2	91159306	91162027	2	2	1	199	1	47
chr2	91160371	91162027	2	2	1	2	0	38
chr2	91681696	91682025	2	2	1	1	0	50
chr2	91681696	91684668	2	2	1	659	2	50
chr2	91682110	91684668	2	2	0	1	0	38
chr2	153670448	153670848	1	1	1	61	0	43
chr2	153670448	153672215	1	1	1	6	0	50
chr2	153670909	153672215	1	1	1	62	0	50
chr2	168752741	168754433	2	2	1	11542	11	47
chr3	60613521	60614682	1	1	1	44	0	44
chr3	60613521	60615619	1	1	1	16	1	44
chr3	60614737	60615619	1	1	1	43	0	37
chr3	87733505	87734423	1	1	1	1	0	39
chr3	87733505	87735344	1	1	0	138	0	41
chr3	87734553	87735344	1	1	1	1	0	37
chr3	88483947	88484046	2	2	1	92	0	37
chr3	88484155	88484614	2	2	1	93	0	42
chr3	119724187	119724611	2	2	1	2031	0	34
chr3	119724187	119726065	2	2	1	6	0	29
chr3	119724646	119726065	2	2	1	2095	0	38
chr4	31992517	31993403	1	1	0	1	0	21
chr4	31992517	31994873	1	1	1	1757	1	40
chr4	31992517	32002088	1	1	1	777	2	49
chr4	31993425	31994873	1	1	0	1	0	17
chr4	31994955	32002088	1	1	1	1747	2	49
chr4	46468788	46469882	1	1	1	1	0	11
chr4	107009769	107027216	1	1	1	15	0	39
chr4	107009769	107028192	1	1	1	125	0	41
chr4	107027298	107028192	1	1	1	17	0	41
chr4	107028253	107030861	1	1	1	1	0	19
chr5	23565266	23616326	2	2	1	150	0	45
chr5	72958287	72974530	1	1	1	12	0	41
chr5	149184807	149185484	1	1	1	1	0	42
chr5	149184807	149187707	1	1	1	29	0	43
chr5	149184807	149188344	1	1	1	326	0	44
chr5	149187835	149188344	1	1	1	3	0	39
chr5	149187864	149188344	1	1	0	1	0	39
chr5	149187877	149188344	1	1	1	26	0	39
chr6	47577668	47594893	2	2	1	1	0	34
chr6	72634233	72634303	2	2	0	1	0	37
chr6	72634233	72648800	2	2	1	2183	2	42
chr6	72634233	72649119	2	2	1	4839	4	50
chr6	72634351	72649119	2	2	0	1	0	40
chr6	72648843	72649119	2	2	1	2167	2	42
chr6	98939789	98940994	2	2	1	2	0	45
chr6	98939789	98941535	2	2	1	48	0	46
chr6	98939789	98944618	2	2	0	14	0	45
chr6	98941165	98944618	2	2	0	2	0	36
chr6	98941658	98944618	2	2	1	47	0	36
chr6	125162102	125162211	2	2	1	262	15	36
chr6	128371086	128371967	1	1	1	1406	1	44
chr6	128371086	128372504	1	1	0	2	0	39
chr6	128371086	128372530	1	1	1	96	0	49
chr6	128371086	128372533	1	1	1	762	0	46
chr6	128372013	128372504	1	1	0	1	0	26
chr6	128372013	128372509	1	1	0	1	0	31
chr6	128372013	128372530	1	1	1	172	0	49
chr6	128372013	128372533	1	1	1	1208	1	46
chr6	128372018	128372530	1	1	0	3	0	49
chr6	128372018	128372533	1	1	0	22	0	46
chr7	67240441	67244520	2	2	1	8	0	24
chr7	67240441	67251656	2	2	1	661	0	45
chr7	67244545	67251656	2	2	1	8	0	24
chr7	101405603	102001614	1	1	0	5	0	13
chr7	102001660	102002294	1	1	1	184	0	42
chr7	102001660	102007485	1	1	1	3617	4	45
chr7	102002337	102007485	1	1	1	187	0	41
chr7	112839481	112841887	1	1	1	3	0	41
chr7	112839481	112842039	1	1	1	220	0	41
chr7	112839481	112856052	1	1	1	2	0	12
chr7	112839481	112856797	1	1	1	28	0	41
chr7	112841951	112856052	1	1	1	1	0	12
chr7	112841951	112856797	1	1	0	1	0	37
chr7	112842103	112856052	1	1	1	16	0	12
chr7	112842103	112856797	1	1	1	205	0	38
chr7	112856065	112856797	1	1	1	20	0	14
chr7	127980247	127981190	1	1	1	3	0	2
chr7	127981292	127981410	1	1	1	2	0	6
chr7	144861833	144862231	1	1	1	869	2	30
chr7	144861837	144862231	1	1	0	1	0	32
chr7	144862267	144862764	1	1	0	6	0	35
chr7	144862336	144862764	1	1	1	853	2	45
chr8	25532429	25557730	1	1	1	1	0	43
chr8	25555775	25557730	1	1	1	3	0	38
chr8	72219861	72219940	1	1	1	2	0	30
chr8	95100453	95100646	2	2	1	162	0	31
chr8	95100453	95101408	2	2	0	283	0	46
chr8	95100674	95101408	2	2	1	162	0	42
chr8	123268550	123268744	2	2	1	84	0	50
chr9	43027296	43040539	2	2	1	16	0	38
chr9	43027296	43042590	2	2	1	284	0	46
chr9	43040597	43042590	2	2	1	16	0	45
chr9	80093642	80097341	1	1	0	1	0	44
chr9	80093642	80098885	1	1	1	2049	2	30
chr9	80093642	80098892	1	1	0	40	0	14
chr9	80093642	80103693	1	1	1	8502	8	46
chr9	80097402	80098885	1	1	0	1	0	16
chr9	80098907	80101831	1	1	0	1	0	21
chr9	80098907	80103693	1	1	1	2089	2	23
chr9	80101891	80103693	1	1	0	1	0	37
chr9	114597607	114597794	2	2	1	379	0	39
chr9	114597607	114598704	2	2	0	516	0	42
chr9	114597831	114598704	2	2	1	378	0	38
chr11	26725015	26787397	2	2	0	1	1	13
chr11	26778879	26787397	2	2	0	0	1	13
chr11	79458907	79463232	1	1	1	24	0	43
chr11	79458907	79468716	1	1	1	63	0	43
chr11	79463296	79468716	1	1	1	24	0	39
chr11	94112147	94113262	1	1	1	15	0	21
chr11	94112147	94114172	1	1	1	317	0	32
chr11	94113302	94114172	1	1	1	15	0	39
chr11	102310577	102310925	2	2	1	86	0	44
chr11	102310577	102311379	2	2	1	425	1	46
chr11	102311037	102311379	2	2	1	86	0	45
chr12	71952560	71959805	1	1	1	258	0	44
chr12	83811361	83825258	2	2	1	302	0	36
chr12	83811361	83831921	2	2	1	273	0	41
chr12	83825292	83831921	2	2	1	302	0	34
chr12	113133338	113133495	1	1	0	10	0	42
chr12	113133338	113133540	1	1	1	395	2	38
chr12	113133338	113135796	1	1	1	1123	0	29
chr12	113133577	113135796	1	1	1	383	1	29
chr13	46778990	46785245	2	2	0	2	0	44
chr13	46778994	46780625	2	2	1	486	3	42
chr13	46778994	46785245	2	2	1	2770	3	44
chr13	46780665	46785245	2	2	1	489	3	39
chr13	56084286	56088251	2	2	1	1	0	40
chr13	56084286	56089757	2	2	1	13	0	40
chr13	56084286	56096123	2	2	0	2	0	40
chr13	56088343	56096123	2	2	1	1	0	38
chr13	56089858	56096123	2	2	1	14	0	38
chr14	57643224	57648418	2	2	1	203	0	41
chr14	120389164	120395711	1	1	1	367	1	39
chr14	120389164	120396450	1	1	1	97	0	48
chr14	120395766	120396450	1	1	1	379	1	48
chr15	77102940	77105576	2	2	1	189	0	42
chr15	77102940	77113604	2	2	1	18	0	47
chr15	77105670	77113604	2	2	1	190	0	48
chr15	103242719	103243624	1	1	1	0	1	33
chr16	57178021	57181491	2	2	1	31	0	43
chr16	57178021	57182850	2	2	1	1319	4	44
chr16	57181537	57182850	2	2	1	30	0	33
chr17	12979205	13846588	1	1	0	37	1	12
chr17	13837442	13846588	1	1	0	1	0	12
chr17	13846613	13849107	1	1	0	1	0	37
chr17	13846640	13848354	1	1	1	409	0	21
chr17	13846640	13849107	1	1	1	15334	21	49
chr17	13846640	13849113	1	1	0	79	0	48
chr17	13848376	13849107	1	1	1	412	0	26
chr17	45570567	45570665	2	2	1	934	0	42
chr17	45570800	45571017	2	2	1	931	0	23
chr17	46590452	46590758	2	2	1	2	0	11
chr18	53948155	53948644	1	1	1	1857	0	28
chr18	53948155	53953244	1	1	1	12951	12	48
chr18	53948669	53949213	1	1	0	1	0	15
chr18	53948669	53953244	1	1	1	1842	0	26
chr18	53949263	53953244	1	1	0	1	0	37
chr18	74218978	74219130	1	1	1	1	0	32
chr18	74219239	74219382	1	1	1	1	0	23
chr19	7281256	7281797	2	4	1	43	0	38
chr19	7281256	7282725	2	2	1	354	1	36
chr19	7281960	7282725	2	2	1	45	0	33
