chr1	34295537	34296741	1	1	1	44	0	18
chr1	34295537	34299720	1	1	1	7	0	38
chr1	34296760	34299720	1	1	1	44	0	19
chr1	40010678	40011649	1	1	1	48	0	22
chr1	40010678	40014105	1	1	1	31	0	32
chr1	40011842	40014105	1	1	1	45	0	38
chr1	82735508	82741817	1	1	1	1	0	40
chr1	82735508	82747082	1	1	1	1	0	40
chr1	82735508	82750519	1	1	1	37	0	41
chr1	82747143	82750519	1	1	1	2	0	38
chr2	32292216	32293314	1	1	1	9	0	43
chr2	32292216	32296625	1	1	1	81	0	43
chr2	32293396	32296625	1	1	1	9	0	38
chr2	59926161	59932104	2	2	1	1	0	23
chr2	59932171	59933405	2	2	0	51	0	33
chr2	59932171	59933411	2	2	1	306	0	31
chr2	59932171	59933670	2	2	1	2	0	35
chr2	59933439	59933670	2	2	1	352	0	28
chr2	71849507	71853533	1	1	1	244	0	40
chr2	71849507	71853875	1	1	0	1	0	15
chr2	71849507	71855853	1	1	1	1851	2	42
chr2	71853664	71855853	1	1	1	255	0	41
chr2	71853891	71855853	1	1	0	1	0	15
chr2	75662926	75663570	1	1	1	5	0	40
chr2	91001089	91001461	1	1	1	373	0	34
chr2	91001089	91003299	1	1	0	0	1	33
chr2	91001511	91003210	1	1	1	374	0	25
chr2	91003238	91003810	1	1	0	1	0	27
chr2	91003346	91003810	1	1	1	9	0	36
chr2	91159306	91160316	2	2	1	136	0	47
chr2	91159306	91162027	2	2	1	283	0	47
chr2	91160371	91162027	2	2	1	136	0	38
chr2	91681696	91684668	2	2	1	134	0	50
chr2	153670448	153672215	1	1	1	2	0	50
chr3	60422418	60613472	1	1	0	0	3	15
chr3	60613521	60614682	1	1	1	927	4	44
chr3	60613521	60614688	1	1	0	1	0	38
chr3	60613521	60615619	1	1	1	660	3	45
chr3	60614737	60615619	1	1	1	924	4	40
chr3	87733505	87734423	1	1	1	9	0	39
chr3	87733505	87735344	1	1	0	3	0	39
chr3	87734553	87735344	1	1	1	9	0	38
chr3	88483947	88484046	2	2	1	190	0	40
chr3	88483947	88484614	2	2	0	1	0	38
chr3	88484155	88484614	2	2	1	187	0	42
chr3	119724187	119724611	2	2	1	3678	1	34
chr3	119724187	119726065	2	2	1	10	0	29
chr3	119724646	119726065	2	2	1	3752	2	38
chr4	31992517	31994873	1	1	1	150	0	39
chr4	31992517	32002088	1	1	1	2861	3	49
chr4	31994955	32002088	1	1	1	156	0	49
chr4	46468788	46469882	1	1	1	1	0	11
chr4	107009769	107027216	1	1	1	9	0	38
chr4	107009769	107028192	1	1	1	60	0	41
chr4	107027298	107028192	1	1	1	12	0	41
chr4	148029453	148037913	2	2	1	2	0	10
chr4	148037974	148038680	2	2	1	2	0	41
chr5	23565266	23616326	2	2	1	433	0	46
chr5	72958287	72974530	1	1	1	69	0	41
chr5	116482537	116591333	2	2	1	747	6	50
chr5	122284910	122308130	1	1	1	1	0	39
chr5	149184807	149187707	1	1	1	6	0	43
chr5	149184807	149188344	1	1	1	433	0	44
chr5	149187877	149188344	1	1	1	7	0	39
chr6	47577668	47594893	2	2	1	2	0	24
chr6	98939789	98941535	2	2	1	78	0	45
chr6	98939789	98944618	2	2	0	12	0	45
chr6	98941658	98944618	2	2	1	77	0	36
chr6	125162102	125162211	2	2	1	259	8	35
chr6	128371086	128371967	1	1	1	2229	0	44
chr6	128371086	128372533	1	1	1	11	0	46
chr6	128372013	128372504	1	1	0	11	0	26
chr6	128372013	128372509	1	1	0	4	0	31
chr6	128372013	128372530	1	1	1	268	0	47
chr6	128372013	128372533	1	1	1	1918	0	46
chr6	128372013	128372539	1	1	0	1	0	40
chr6	128372018	128372530	1	1	0	1	0	49
chr6	128372018	128372533	1	1	0	25	0	46
chr7	67240441	67244520	2	2	1	101	0	24
chr7	67240441	67251656	2	2	1	895	1	45
chr7	67244545	67251656	2	2	1	101	0	24
chr7	102001660	102002294	1	1	1	924	0	42
chr7	102001660	102003722	1	1	0	1	0	41
chr7	102001660	102007485	1	1	1	442	1	43
chr7	102002337	102007485	1	1	1	934	0	42
chr7	112839481	112841887	1	1	1	1	0	41
chr7	112839481	112842039	1	1	1	82	0	41
chr7	112839481	112856052	1	1	1	4	0	12
chr7	112839481	112856797	1	1	1	8	0	41
chr7	112841951	112856052	1	1	1	1	0	12
chr7	112842103	112856052	1	1	1	78	0	12
chr7	112842103	112856797	1	1	1	3	0	37
chr7	112856065	112856797	1	1	1	86	0	14
chr7	127980247	127981190	1	1	1	9	0	5
chr7	127981292	127981410	1	1	1	9	0	6
chr8	25532429	25557730	1	1	1	1	0	37
chr8	95100453	95100646	2	2	1	623	0	32
chr8	95100453	95101408	2	2	0	147	0	46
chr8	95100674	95101408	2	2	1	623	0	42
chr8	121628690	121651724	2	2	1	1	0	20
chr8	123268550	123268744	2	2	1	162	0	46
chr9	43027296	43040539	2	2	1	62	0	38
chr9	43027296	43042590	2	2	1	113	0	45
chr9	43040597	43042590	2	2	1	60	0	45
chr9	59454470	59485978	2	2	1	1	0	36
chr9	80093642	80098885	1	1	1	4881	4	31
chr9	80093642	80098892	1	1	0	110	1	14
chr9	80093642	80103693	1	1	1	142	0	44
chr9	80098907	80103693	1	1	1	4988	5	24
chr9	80098907	80103698	1	1	0	2	0	21
chr9	80101891	80103693	1	1	0	1	0	37
chr9	114597607	114597794	2	2	1	238	0	38
chr9	114597607	114598704	2	2	0	14	0	41
chr9	114597831	114598704	2	2	1	238	0	36
chr11	79458907	79463232	1	1	1	5	0	42
chr11	79458907	79468716	1	1	1	117	0	42
chr11	79463296	79468716	1	1	1	5	0	39
chr11	94112147	94113262	1	1	1	49	0	21
chr11	94112147	94114172	1	1	1	234	0	32
chr11	94113302	94114172	1	1	1	50	0	39
chr11	102310577	102310925	2	2	1	27	0	42
chr11	102310577	102311379	2	2	1	594	0	46
chr11	102311037	102311379	2	2	1	26	0	45
chr12	71952560	71958746	1	1	1	50	0	27
chr12	71952560	71959805	1	1	1	49	0	44
chr12	71958774	71959805	1	1	1	50	0	27
chr12	83811361	83825258	2	2	1	27	0	33
chr12	83811361	83831921	2	2	1	305	0	40
chr12	83825292	83831921	2	2	1	27	0	33
chr12	113133338	113133495	1	1	0	75	8	46
chr12	113133338	113133540	1	1	1	1174	33	39
chr12	113133338	113135796	1	1	1	19	0	29
chr12	113133577	113134800	1	1	0	5	0	12
chr12	113133577	113135796	1	1	1	1215	41	29
chr12	113134813	113135796	1	1	0	6	0	29
chr13	46778994	46780625	2	2	1	414	0	43
chr13	46778994	46785245	2	2	1	1731	5	48
chr13	46780665	46785245	2	2	1	414	0	39
chr13	56084286	56089757	2	2	1	25	0	40
chr13	56084286	56096123	2	2	0	3	0	40
chr13	56089858	56096123	2	2	1	26	0	41
chr14	57643224	57643334	2	2	1	4	0	39
chr14	57643224	57648418	2	2	1	68	0	41
chr14	57643490	57648418	2	2	1	4	0	38
chr14	120389164	120395711	1	1	1	102	0	39
chr14	120389164	120396450	1	1	1	243	0	48
chr14	120395766	120396450	1	1	1	105	0	48
chr15	77102940	77105576	2	2	1	131	0	45
chr15	77102940	77113604	2	2	1	10	0	48
chr15	77105670	77113604	2	2	1	131	0	48
chr16	57178021	57181491	2	2	1	230	0	44
chr16	57178021	57182850	2	2	1	123	0	44
chr16	57181537	57182850	2	2	1	228	0	34
chr17	12979205	13846588	1	1	0	28	1	12
chr17	13846640	13848354	1	1	1	2789	2	24
chr17	13846640	13849107	1	1	1	3002	3	45
chr17	13846640	13849113	1	1	0	28	0	47
chr17	13848376	13849107	1	1	1	2781	2	29
chr17	13848376	13849113	1	1	0	7	0	21
chr17	45570567	45570665	2	2	1	381	2	37
chr17	45570800	45571017	2	2	1	413	2	21
chr18	10726534	10740982	1	1	1	1	0	15
chr18	53948155	53948644	1	1	1	7486	3	33
chr18	53948155	53953244	1	1	1	1341	1	45
chr18	53948666	53953244	1	1	0	6	0	21
chr18	53948669	53949681	1	1	0	1	0	14
chr18	53948669	53953244	1	1	1	7471	3	37
chr18	53948673	53953244	1	1	0	1	0	28
chr18	53949705	53953244	1	1	0	1	0	23
chr19	7281256	7281797	2	4	1	143	0	39
chr19	7281256	7282725	2	2	1	969	0	36
chr19	7281960	7282725	2	2	1	148	0	35
KV575235.1	147143	149353	1	1	0	0	1	33
