chr1	34295537	34296741	1	1	1	29	0	20
chr1	34295537	34299720	1	1	1	156	0	39
chr1	34296760	34299720	1	1	1	29	0	18
chr1	40010678	40011649	1	1	1	15	0	21
chr1	40010678	40014105	1	1	1	64	2	32
chr1	40011842	40014105	1	1	1	15	0	37
chr1	82735508	82741817	1	1	1	3	0	40
chr1	82735508	82747082	1	1	1	2	0	40
chr1	82735508	82750519	1	1	1	31	0	40
chr1	82741977	82750519	1	1	1	1	0	38
chr1	82747143	82750519	1	1	1	2	0	38
chr2	32292216	32296625	1	1	1	70	0	48
chr2	59926161	59932104	2	2	1	1	0	23
chr2	59932171	59933405	2	2	0	7	0	33
chr2	59932171	59933411	2	2	1	59	0	31
chr2	59932171	59933670	2	2	1	13	0	39
chr2	59933439	59933670	2	2	1	61	0	28
chr2	71849507	71853533	1	1	1	16	0	39
chr2	71849507	71855853	1	1	1	1413	0	44
chr2	71849507	71855876	1	1	0	1	0	38
chr2	71853664	71855853	1	1	1	16	0	40
chr2	75662926	75663570	1	1	1	15	0	40
chr2	91001089	91001461	1	1	1	373	0	24
chr2	91001511	91003210	1	1	1	376	0	25
chr2	91003238	91003810	1	1	0	1	0	27
chr2	91003346	91003810	1	1	1	12	0	36
chr2	91159306	91160316	2	2	1	5	0	47
chr2	91159306	91162027	2	2	1	155	0	47
chr2	91160371	91162027	2	2	1	5	0	38
chr2	91681696	91682025	2	2	1	1	0	42
chr2	91681696	91684668	2	2	1	640	0	50
chr2	153670448	153670848	1	1	1	23	0	42
chr2	153670909	153672215	1	1	1	23	0	50
chr2	154864050	154865907	1	1	1	1	0	40
chr2	168752741	168754433	2	2	1	10153	10	48
chr3	60613521	60614682	1	1	1	45	0	45
chr3	60613521	60615619	1	1	1	14	0	44
chr3	60614737	60615619	1	1	1	45	0	37
chr3	87733505	87734423	1	1	1	2	0	39
chr3	87733505	87735344	1	1	0	156	0	40
chr3	87734553	87735344	1	1	1	2	0	37
chr3	88483947	88484046	2	2	1	195	0	37
chr3	88484077	88484614	2	2	0	1	0	30
chr3	88484155	88484614	2	2	1	197	0	39
chr3	119724187	119724611	2	2	1	1089	0	34
chr3	119724187	119726065	2	2	1	4	0	29
chr3	119724646	119726065	2	2	1	1108	0	38
chr3	129825617	129826823	2	2	1	1	0	36
chr4	31992517	31993403	1	1	0	1	0	21
chr4	31992517	31994873	1	1	1	1004	2	42
chr4	31992517	32002088	1	1	1	626	2	49
chr4	31993425	31994873	1	1	0	1	0	17
chr4	31994955	32002088	1	1	1	1002	2	49
chr4	46468788	46469882	1	1	1	1	0	31
chr4	107009769	107027216	1	1	1	32	0	38
chr4	107009769	107028192	1	1	1	115	0	41
chr4	107027298	107028192	1	1	1	39	0	46
chr4	107031092	107036935	1	1	1	1	0	29
chr5	23565266	23616326	2	2	1	92	1	46
chr5	72958287	72974530	1	1	1	20	0	41
chr5	116482537	116591333	2	2	1	1	0	50
chr5	149184807	149185484	1	1	1	1	0	43
chr5	149184807	149187707	1	1	1	20	0	43
chr5	149184807	149188344	1	1	1	249	1	44
chr5	149185662	149188344	1	1	0	1	0	39
chr5	149187835	149188344	1	1	1	2	0	40
chr5	149187877	149188344	1	1	1	18	0	39
chr6	47577668	47594893	2	2	1	1	0	24
chr6	72634233	72648800	2	2	1	2570	2	42
chr6	72634233	72649119	2	2	1	5569	2	50
chr6	72648843	72649119	2	2	1	2551	2	41
chr6	98939789	98941535	2	2	1	35	0	45
chr6	98939789	98944618	2	2	0	7	0	45
chr6	98941658	98944618	2	2	1	36	0	36
chr6	125162102	125162211	2	2	1	525	19	36
chr6	128371086	128371967	1	1	1	1050	2	45
chr6	128371086	128372530	1	1	1	68	0	49
chr6	128371086	128372533	1	1	1	621	1	46
chr6	128372013	128372530	1	1	1	123	0	47
chr6	128372013	128372533	1	1	1	915	2	46
chr6	128372013	128372536	1	1	0	1	0	43
chr6	128372013	128372539	1	1	0	1	0	40
chr6	128372018	128372530	1	1	0	1	0	49
chr6	128372018	128372533	1	1	0	10	0	46
chr7	67240441	67244520	2	2	1	4	0	24
chr7	67240441	67251656	2	2	1	333	0	45
chr7	67244545	67251656	2	2	1	4	0	24
chr7	101405603	102001614	1	1	0	5	0	13
chr7	102001660	102002294	1	1	1	202	0	42
chr7	102001660	102007485	1	1	1	3406	1	45
chr7	102002310	102007485	1	1	0	4	0	15
chr7	102002337	102007485	1	1	1	200	0	42
chr7	112839481	112841887	1	1	1	5	1	41
chr7	112839481	112842039	1	1	1	117	1	41
chr7	112839481	112856052	1	1	1	2	0	12
chr7	112839481	112856797	1	1	1	32	0	41
chr7	112841906	112842057	1	1	0	0	1	18
chr7	112841951	112856797	1	1	0	4	0	37
chr7	112842103	112856052	1	1	1	9	0	12
chr7	112842103	112856797	1	1	1	107	1	41
chr7	112856065	112856797	1	1	1	11	0	12
chr7	127980247	127981190	1	1	1	9	0	2
chr7	127981292	127981410	1	1	1	9	0	30
chr7	144861833	144862231	1	1	1	771	2	29
chr7	144862336	144862764	1	1	1	763	2	43
chr8	25532429	25555507	1	1	1	2	0	44
chr8	25555775	25557730	1	1	1	4	0	38
chr8	95100453	95100646	2	2	1	422	0	31
chr8	95100453	95101408	2	2	0	892	1	46
chr8	95100674	95101408	2	2	1	422	0	42
chr8	123268550	123268744	2	2	1	116	0	46
chr9	43027296	43040539	2	2	1	24	0	38
chr9	43027296	43042590	2	2	1	252	0	45
chr9	43040597	43042590	2	2	1	24	0	45
chr9	80093642	80098885	1	1	1	1135	1	26
chr9	80093642	80098892	1	1	0	17	0	19
chr9	80093642	80103693	1	1	1	5587	2	46
chr9	80093642	80103698	1	1	0	2	0	44
chr9	80098907	80099016	1	1	0	1	0	21
chr9	80098907	80103693	1	1	1	1151	1	23
chr9	80099049	80103693	1	1	0	1	0	37
chr9	114597607	114597794	2	2	1	159	0	38
chr9	114597607	114598704	2	2	0	187	0	45
chr9	114597825	114598704	2	2	0	4	0	30
chr9	114597831	114598704	2	2	1	153	0	36
chr11	79458907	79463232	1	1	1	20	0	42
chr11	79458907	79468716	1	1	1	48	0	42
chr11	79463296	79468716	1	1	1	20	0	39
chr11	83497297	83497893	1	1	1	3	0	33
chr11	83497927	83499072	1	1	1	3	0	33
chr11	94112147	94113262	1	1	1	12	0	21
chr11	94112147	94114172	1	1	1	153	0	32
chr11	94113302	94114172	1	1	1	12	0	39
chr11	102310577	102310925	2	2	1	81	0	42
chr11	102310577	102311379	2	2	1	307	0	46
chr11	102310577	102311403	2	2	0	2	0	21
chr11	102311037	102311379	2	2	1	80	0	45
chr12	71952560	71959805	1	1	1	190	0	45
chr12	71952560	71959809	1	1	0	1	0	45
chr12	83811361	83825258	2	2	1	110	0	35
chr12	83811361	83831921	2	2	1	137	0	41
chr12	83825292	83831921	2	2	1	109	0	33
chr12	83828526	83831921	2	2	0	1	0	38
chr12	104697145	104700364	2	2	1	2	0	39
chr12	113133338	113133495	1	1	0	4	0	42
chr12	113133338	113133540	1	1	1	244	0	42
chr12	113133338	113135796	1	1	1	620	0	29
chr12	113133577	113135796	1	1	1	234	0	29
chr13	46778994	46780625	2	2	1	433	1	40
chr13	46778994	46785245	2	2	1	2162	3	46
chr13	46780665	46785245	2	2	1	436	1	39
chr13	56084286	56089757	2	2	1	16	0	40
chr13	56089858	56096123	2	2	1	17	0	41
chr14	57643224	57643334	2	2	1	3	0	40
chr14	57643224	57648418	2	2	1	122	0	40
chr14	57643490	57648418	2	2	1	3	0	38
chr14	120389164	120395711	1	1	1	205	0	42
chr14	120389164	120395717	1	1	0	1	0	38
chr14	120389164	120396450	1	1	1	54	0	48
chr14	120395766	120396450	1	1	1	220	0	48
chr15	77102940	77105576	2	2	1	86	0	40
chr15	77102940	77108249	2	2	0	1	0	40
chr15	77102940	77113604	2	2	1	11	0	44
chr15	77105670	77113604	2	2	1	86	0	48
chr15	77108331	77113604	2	2	0	1	0	44
chr15	103242719	103243624	1	1	1	0	1	33
chr16	57178021	57181491	2	2	1	20	0	43
chr16	57178021	57182850	2	2	1	1245	0	44
chr16	57181537	57182850	2	2	1	20	0	33
chr17	12979205	13846588	1	1	0	30	0	12
chr17	13846640	13848354	1	1	1	352	0	22
chr17	13846640	13849107	1	1	1	10284	6	49
chr17	13846640	13849113	1	1	0	75	0	48
chr17	13848376	13849107	1	1	1	352	0	26
chr17	13848376	13849113	1	1	0	1	0	21
chr17	45570567	45570665	2	2	1	530	1	50
chr17	45570800	45571017	2	2	1	581	1	23
chr18	10726534	10740982	1	1	1	2	0	15
chr18	53948155	53948644	1	1	1	1115	0	27
chr18	53948155	53953244	1	1	1	8763	12	45
chr18	53948666	53953244	1	1	0	3	0	21
chr18	53948669	53953244	1	1	1	1109	0	26
chr18	70568968	70580652	1	1	1	1	0	33
chr19	7281251	7282725	2	2	0	1	0	26
chr19	7281256	7281797	2	4	1	80	0	39
chr19	7281256	7282725	2	2	1	266	0	35
chr19	7281960	7282725	2	2	1	82	0	33
