chr1	34295537	34296741	1	1	1	90	0	18
chr1	34295537	34299720	1	1	1	7	0	38
chr1	34296760	34299720	1	1	1	90	0	18
chr1	37885317	37890159	2	2	1	1	0	37
chr1	40010678	40011649	1	1	1	63	0	24
chr1	40010678	40011787	1	1	0	1	0	21
chr1	40010678	40014105	1	1	1	26	3	32
chr1	40011842	40014105	1	1	1	63	0	38
chr1	72626646	72628100	1	1	1	1	0	17
chr1	82735508	82741817	1	1	1	2	0	40
chr1	82735508	82741934	1	1	0	1	0	40
chr1	82735508	82747082	1	1	1	4	0	40
chr1	82735508	82750519	1	1	1	59	0	41
chr1	82741977	82750519	1	1	1	1	0	38
chr1	82747143	82750519	1	1	1	5	0	38
chr2	32292216	32293314	1	1	1	25	0	43
chr2	32292216	32296625	1	1	1	94	0	43
chr2	32293396	32296625	1	1	1	23	0	40
chr2	59932171	59933405	2	2	0	63	0	37
chr2	59932171	59933411	2	2	1	419	0	32
chr2	59932171	59933670	2	2	1	2	0	28
chr2	59933439	59933670	2	2	1	474	0	32
chr2	71849507	71853533	1	1	1	910	0	43
chr2	71849507	71853820	1	1	0	3	0	39
chr2	71849507	71855853	1	1	1	1961	2	43
chr2	71849507	71855868	1	1	0	2	0	46
chr2	71853664	71855853	1	1	1	937	1	41
chr2	71853664	71855868	1	1	0	1	0	46
chr2	71853891	71855853	1	1	0	3	0	40
chr2	75662926	75663570	1	1	1	4	0	27
chr2	91001089	91001461	1	1	1	649	0	24
chr2	91001089	91003299	1	1	0	2	0	33
chr2	91001511	91003210	1	1	1	622	0	25
chr2	91001511	91003299	1	1	0	3	0	46
chr2	91003238	91003810	1	1	0	1	0	27
chr2	91003346	91003810	1	1	1	25	0	36
chr2	91159300	91162027	2	2	0	1	0	41
chr2	91159306	91160316	2	2	1	257	0	47
chr2	91159306	91162027	2	2	1	551	0	47
chr2	91160371	91162027	2	2	1	253	0	39
chr2	91681696	91682025	2	2	1	2	0	50
chr2	91681696	91684668	2	2	1	213	0	50
chr2	91681831	91684668	2	2	0	1	0	38
chr2	91682110	91684668	2	2	0	2	0	38
chr2	153670448	153672215	1	1	1	3	0	50
chr3	60613521	60614682	1	1	1	1113	0	45
chr3	60613521	60614688	1	1	0	2	0	44
chr3	60613521	60615619	1	1	1	1300	0	45
chr3	60614737	60615619	1	1	1	1122	0	48
chr3	87733505	87734423	1	1	1	13	0	39
chr3	87733505	87735344	1	1	0	14	0	40
chr3	87734553	87735344	1	1	1	13	0	37
chr3	88483947	88484046	2	2	1	470	0	40
chr3	88483947	88484614	2	2	0	1	0	38
chr3	88484155	88484614	2	2	1	461	0	39
chr3	88484286	88484614	2	2	0	1	0	38
chr3	119724187	119724611	2	2	1	4494	1	34
chr3	119724187	119726065	2	2	1	11	0	29
chr3	119724646	119726065	2	2	1	4576	1	38
chr3	119726116	120643502	2	2	0	4	0	13
chr3	129825617	129826823	2	2	1	2	0	36
chr4	31992517	31994873	1	1	1	198	0	39
chr4	31992517	32002088	1	1	1	3758	7	49
chr4	31994955	32002088	1	1	1	202	0	49
chr4	46468788	46469882	1	1	1	2	0	11
chr4	107009769	107027216	1	1	1	11	0	38
chr4	107009769	107028192	1	1	1	143	0	43
chr4	107027298	107028192	1	1	1	16	0	46
chr5	13042670	13661475	1	1	0	4	0	13
chr5	23565266	23616326	2	2	1	616	2	46
chr5	72958287	72965803	1	1	1	2	0	37
chr5	72958287	72974530	1	1	1	79	0	41
chr5	72965882	72974530	1	1	1	2	0	41
chr5	116482537	116591333	2	2	1	1013	0	50
chr5	149184807	149185484	1	1	1	1	0	43
chr5	149184807	149187707	1	1	1	20	0	43
chr5	149184807	149188344	1	1	1	560	1	45
chr5	149185662	149188344	1	1	0	1	0	39
chr5	149187835	149188344	1	1	1	1	0	39
chr5	149187864	149188344	1	1	0	1	0	37
chr5	149187877	149188344	1	1	1	19	0	41
chr6	47577668	47594893	2	2	1	2	0	26
chr6	98939789	98941535	2	2	1	173	0	46
chr6	98939789	98944618	2	2	0	16	0	45
chr6	98941658	98944618	2	2	1	170	0	37
chr6	125162102	125162211	2	2	1	404	12	36
chr6	128371086	128371967	1	1	1	2899	2	43
chr6	128371086	128372530	1	1	1	2	0	49
chr6	128371086	128372533	1	1	1	19	0	46
chr6	128372013	128372504	1	1	0	16	0	27
chr6	128372013	128372509	1	1	0	5	0	31
chr6	128372013	128372530	1	1	1	376	1	49
chr6	128372013	128372533	1	1	1	2470	1	46
chr6	128372013	128372539	1	1	0	1	0	40
chr6	128372018	128372530	1	1	0	3	0	49
chr6	128372018	128372533	1	1	0	39	0	46
chr7	30192593	30192866	2	2	1	1	0	26
chr7	30192901	30193877	2	2	1	1	0	26
chr7	67240441	67244520	2	2	1	184	0	24
chr7	67240441	67251656	2	2	1	1054	1	45
chr7	67244545	67251656	2	2	1	184	0	24
chr7	99849060	99858763	2	2	1	1	0	44
chr7	101288340	102001612	1	3	0	6	0	12
chr7	102001660	102002294	1	1	1	1285	0	44
chr7	102001660	102007485	1	1	1	338	0	43
chr7	102002337	102007485	1	1	1	1292	0	42
chr7	112839481	112841887	1	1	1	14	0	41
chr7	112839481	112842039	1	1	1	138	0	41
chr7	112839481	112856052	1	1	1	7	0	12
chr7	112839481	112856797	1	1	1	6	0	41
chr7	112841951	112856052	1	1	1	6	0	12
chr7	112842103	112856052	1	1	1	133	0	12
chr7	112842103	112856797	1	1	1	9	0	37
chr7	112856065	112856797	1	1	1	148	0	14
chr7	127980247	127981190	1	1	1	12	0	3
chr7	127981292	127981410	1	1	1	9	0	6
chr8	25532429	25555507	1	1	1	1	0	44
chr8	25532429	25557730	1	1	1	3	0	44
chr8	25555775	25557730	1	1	1	3	0	38
chr8	72219861	72219940	1	1	1	1	0	30
chr8	91688606	91932332	1	1	0	5	1	13
chr8	95100453	95100646	2	2	1	818	1	31
chr8	95100453	95101408	2	2	0	105	0	46
chr8	95100674	95101408	2	2	1	818	2	44
chr8	121628690	121651724	2	2	1	2	0	20
chr8	123268550	123268744	2	2	1	217	0	49
chr9	43027296	43040539	2	2	1	141	0	42
chr9	43027296	43042590	2	2	1	144	0	45
chr9	43040597	43042590	2	2	1	136	0	46
chr9	80093642	80098885	1	1	1	7183	7	30
chr9	80093642	80098892	1	1	0	182	0	19
chr9	80093642	80103693	1	1	1	218	0	45
chr9	80098907	80101831	1	1	0	2	0	21
chr9	80098907	80103693	1	1	1	7365	7	24
chr9	80098907	80103698	1	1	0	5	0	21
chr9	80101891	80103693	1	1	0	2	0	37
chr9	80103765	80111310	1	1	1	1	0	21
chr9	114597607	114597794	2	2	1	338	0	38
chr9	114597607	114598704	2	2	0	14	0	42
chr9	114597825	114598704	2	2	0	3	0	30
chr9	114597831	114598704	2	2	1	333	0	38
chr9	123011638	123013939	1	1	1	1	0	35
chr11	26778879	26787397	2	2	0	1	0	13
chr11	79458907	79463232	1	1	1	16	0	42
chr11	79458907	79468716	1	1	1	193	0	43
chr11	79463296	79468716	1	1	1	16	0	39
chr11	84994578	85005807	2	2	1	1	0	44
chr11	85005929	85006992	2	2	1	1	0	14
chr11	94112147	94113262	1	1	1	103	0	21
chr11	94112147	94114172	1	1	1	210	0	32
chr11	94113302	94114172	1	1	1	107	0	39
chr11	97778379	97781333	2	2	1	1	0	19
chr11	102310577	102310925	2	2	1	79	0	42
chr11	102310577	102311379	2	2	1	683	0	46
chr11	102311037	102311379	2	2	1	79	0	45
chr11	120128530	120129200	2	2	1	2	0	44
chr12	71952560	71958746	1	1	1	44	0	27
chr12	71952560	71959805	1	1	1	48	0	43
chr12	71958774	71959805	1	1	1	44	0	27
chr12	83811361	83825258	2	2	1	44	0	33
chr12	83811361	83831921	2	2	1	326	1	41
chr12	83825292	83831921	2	2	1	44	0	34
chr12	113133338	113133495	1	1	0	130	14	44
chr12	113133338	113133540	1	1	1	1846	58	43
chr12	113133338	113135796	1	1	1	4	0	29
chr12	113133577	113134800	1	1	0	7	0	12
chr12	113133577	113135796	1	1	1	1911	72	29
chr12	113134813	113135796	1	1	0	7	0	12
chr13	46778990	46780625	2	2	0	1	0	39
chr13	46778994	46780545	2	2	0	1	0	40
chr13	46778994	46780625	2	2	1	695	0	43
chr13	46778994	46785245	2	2	1	1829	3	44
chr13	46780665	46785245	2	2	1	698	0	39
chr13	56084286	56089757	2	2	1	31	0	40
chr13	56089858	56096123	2	2	1	30	0	38
chr14	57643224	57643334	2	2	1	2	0	39
chr14	57643224	57648418	2	2	1	123	0	40
chr14	57643490	57648418	2	2	1	2	0	38
chr14	120389164	120395711	1	1	1	186	0	38
chr14	120389164	120395717	1	1	0	2	0	38
chr14	120389164	120396450	1	1	1	648	1	48
chr14	120395766	120396450	1	1	1	190	0	48
chr15	77102940	77105576	2	2	1	224	1	43
chr15	77102940	77110164	2	2	0	1	0	40
chr15	77102940	77113604	2	2	1	20	0	48
chr15	77105670	77113604	2	2	1	225	1	48
chr15	77110206	77113604	2	2	0	1	0	44
chr16	57178021	57181491	2	2	1	290	1	44
chr16	57178021	57182850	2	2	1	86	0	44
chr16	57181537	57182850	2	2	1	290	1	33
chr17	12979205	13846588	1	1	0	37	1	12
chr17	13846613	13848354	1	1	0	1	0	21
chr17	13846640	13848354	1	1	1	4503	7	24
chr17	13846640	13848358	1	1	0	2	0	17
chr17	13846640	13849107	1	1	1	3910	4	46
chr17	13846640	13849113	1	1	0	18	0	47
chr17	13848376	13849107	1	1	1	4473	7	29
chr17	13848376	13849113	1	1	0	15	0	21
chr17	45570567	45570665	2	2	1	458	1	45
chr17	45570800	45571017	2	2	1	560	1	23
chr17	51783067	51785528	2	2	1	1	0	40
chr17	51785641	51803430	2	2	1	1	0	14
chr18	53948155	53948381	1	1	0	2	0	39
chr18	53948155	53948644	1	1	1	12821	19	29
chr18	53948155	53948651	1	1	0	2	0	17
chr18	53948155	53953244	1	1	1	1733	3	43
chr18	53948447	53953244	1	1	0	2	0	37
chr18	53948666	53953244	1	1	0	6	0	21
chr18	53948669	53953244	1	1	1	12806	16	37
chr18	53948669	53953268	1	1	0	2	0	24
chr18	61639733	61645162	1	1	1	1	0	4
chr19	7281251	7281791	2	2	0	1	0	43
chr19	7281251	7282725	2	2	0	2	0	33
chr19	7281256	7281797	2	4	1	173	0	41
chr19	7281256	7282725	2	2	1	1104	1	36
chr19	7281960	7282725	2	2	1	176	0	29
chrX	159414893	159443922	1	1	1	1	0	35
