chr1	34295537	34296741	1	1	1	112	0	18
chr1	34295537	34299720	1	1	1	11	0	39
chr1	34296760	34299720	1	1	1	112	0	19
chr1	40010678	40011649	1	1	1	180	0	21
chr1	40010678	40011783	1	1	0	1	0	21
chr1	40010678	40011787	1	1	0	1	0	21
chr1	40010678	40011811	1	1	0	2	0	21
chr1	40010678	40014105	1	1	1	56	2	32
chr1	40011842	40014105	1	1	1	182	0	38
chr1	58558058	58565856	2	2	1	1	0	2
chr1	58565955	58586211	2	2	1	1	0	49
chr1	82735508	82745523	1	1	1	1	0	33
chr1	82735508	82747082	1	1	1	2	0	40
chr1	82735508	82750519	1	1	1	67	0	40
chr1	82745557	82747082	1	1	1	1	0	7
chr1	82747143	82750519	1	1	1	3	0	38
chr1	91500911	91501004	1	1	1	1	0	29
chr2	32292216	32293314	1	1	1	21	0	44
chr2	32292216	32296625	1	1	1	103	0	43
chr2	32293396	32296625	1	1	1	20	0	38
chr2	59932171	59933405	2	2	0	89	0	37
chr2	59932171	59933411	2	2	1	469	0	32
chr2	59932171	59933670	2	2	1	1	0	38
chr2	59933439	59933670	2	2	1	547	0	28
chr2	71849507	71853533	1	1	1	983	0	44
chr2	71849507	71853820	1	1	0	2	0	37
chr2	71849507	71853875	1	1	0	1	0	15
chr2	71849507	71855853	1	1	1	3131	3	43
chr2	71853664	71855853	1	1	1	1011	0	41
chr2	71853891	71855853	1	1	0	5	0	40
chr2	75662926	75663570	1	1	1	5	0	40
chr2	91001089	91001461	1	1	1	822	1	34
chr2	91001089	91003299	1	1	0	5	0	33
chr2	91001511	91003210	1	1	1	818	1	25
chr2	91001511	91003299	1	1	0	1	0	46
chr2	91003238	91003810	1	1	0	2	0	27
chr2	91003346	91003810	1	1	1	24	0	36
chr2	91159306	91160316	2	2	1	281	0	47
chr2	91159306	91162027	2	2	1	574	0	47
chr2	91160371	91162027	2	2	1	279	0	39
chr2	91681696	91682025	2	2	1	3	0	50
chr2	91681696	91684668	2	2	1	242	0	50
chr2	91681831	91684668	2	2	0	1	0	38
chr2	91682110	91684668	2	2	0	2	0	38
chr2	91682137	91684668	2	2	1	1	0	38
chr2	153670448	153672215	1	1	1	1	1	50
chr2	153713625	153714954	1	1	1	0	1	50
chr3	60357579	60613472	1	1	0	5	0	15
chr3	60613521	60614682	1	1	1	1881	3	49
chr3	60613521	60614688	1	1	0	1	0	44
chr3	60613521	60615619	1	1	1	1956	3	45
chr3	60614737	60615619	1	1	1	1895	4	41
chr3	87733505	87734423	1	1	1	14	0	39
chr3	87733505	87735344	1	1	0	6	0	39
chr3	87734553	87735344	1	1	1	16	0	37
chr3	88483947	88484046	2	2	1	292	0	38
chr3	88484149	88484614	2	2	0	1	0	38
chr3	88484155	88484614	2	2	1	286	0	42
chr3	119724187	119724611	2	2	1	4624	6	34
chr3	119724187	119726065	2	2	1	13	0	29
chr3	119724646	119726065	2	2	1	4757	7	38
chr3	119726206	119740314	2	2	1	1	0	40
chr3	129825617	129826823	2	2	1	2	0	36
chr4	31992517	31994873	1	1	1	229	0	39
chr4	31992517	32002088	1	1	1	3784	6	49
chr4	31994955	32002088	1	1	1	228	0	49
chr4	107009769	107027216	1	1	1	29	0	38
chr4	107009769	107028192	1	1	1	278	1	43
chr4	107009769	107028217	1	1	0	1	0	35
chr4	107027298	107028192	1	1	1	36	0	43
chr5	23565266	23616326	2	2	1	1060	2	47
chr5	72958287	72965803	1	1	1	2	0	40
chr5	72958287	72974530	1	1	1	91	0	48
chr5	72965882	72974530	1	1	1	2	0	41
chr5	116482537	116591333	2	2	1	898	3	50
chr5	149184807	149187707	1	1	1	23	0	44
chr5	149184807	149188344	1	1	1	669	2	45
chr5	149187864	149188344	1	1	0	1	0	39
chr5	149187877	149188344	1	1	1	22	0	39
chr6	39688346	39725106	2	2	1	1	0	21
chr6	47577668	47594893	2	2	1	4	0	38
chr6	51464548	51465178	2	2	1	2	0	21
chr6	51465242	51466141	2	2	1	2	0	39
chr6	72634233	72649119	2	2	1	1	0	40
chr6	85467786	85468052	1	1	1	1	0	19
chr6	98939789	98941535	2	2	1	265	0	47
chr6	98939789	98944618	2	2	0	24	0	45
chr6	98941658	98944618	2	2	1	265	0	37
chr6	125162102	125162211	2	2	1	466	13	37
chr6	128371086	128371967	1	1	1	4628	4	43
chr6	128371086	128371980	1	1	0	2	0	32
chr6	128371086	128372530	1	1	1	3	0	49
chr6	128371086	128372533	1	1	1	12	0	46
chr6	128372013	128372504	1	1	0	34	0	28
chr6	128372013	128372509	1	1	0	5	0	31
chr6	128372013	128372530	1	1	1	575	1	49
chr6	128372013	128372533	1	1	1	3966	3	46
chr6	128372013	128372536	1	1	0	2	0	43
chr6	128372018	128372530	1	1	0	5	0	49
chr6	128372018	128372533	1	1	0	44	0	46
chr7	67240441	67244520	2	2	1	166	0	24
chr7	67240441	67251656	2	2	1	1945	2	45
chr7	67244545	67251656	2	2	1	166	0	24
chr7	102001660	102002294	1	1	1	1753	2	42
chr7	102001660	102007485	1	1	1	468	0	48
chr7	102002310	102007485	1	1	0	1	0	15
chr7	102002337	102007485	1	1	1	1759	2	41
chr7	112839481	112841887	1	1	1	13	0	41
chr7	112839481	112842039	1	1	1	172	0	41
chr7	112839481	112856052	1	1	1	3	0	12
chr7	112839481	112856797	1	1	1	7	0	41
chr7	112841951	112856052	1	1	1	5	0	12
chr7	112842103	112856052	1	1	1	171	0	12
chr7	112842103	112856797	1	1	1	1	0	36
chr7	112856065	112856797	1	1	1	181	0	14
chr7	127980247	127981190	1	1	1	30	0	22
chr7	127981292	127981410	1	1	1	29	0	33
chr8	25532429	25557730	1	1	1	2	0	44
chr8	25555775	25557730	1	1	1	2	0	38
chr8	91688606	91932332	1	1	0	6	0	13
chr8	95100453	95100646	2	2	1	906	0	31
chr8	95100453	95101408	2	2	0	162	0	46
chr8	95100674	95101408	2	2	1	907	0	44
chr8	121628690	121651724	2	2	1	1	0	20
chr8	123268550	123268744	2	2	1	209	0	46
chr9	43027296	43040539	2	2	1	162	0	38
chr9	43027296	43042590	2	2	1	166	0	45
chr9	43040597	43042590	2	2	1	162	0	45
chr9	47813946	47818733	1	1	1	1	0	35
chr9	80093642	80097375	1	1	0	1	0	26
chr9	80093642	80098885	1	1	1	7827	4	26
chr9	80093642	80098892	1	1	0	171	0	18
chr9	80093642	80103693	1	1	1	351	0	45
chr9	80097402	80098885	1	1	0	1	0	18
chr9	80098907	80099016	1	1	0	1	0	21
chr9	80098907	80101831	1	1	0	2	0	21
chr9	80098907	80103693	1	1	1	8001	4	29
chr9	80098907	80103698	1	1	0	5	0	21
chr9	80099049	80103693	1	1	0	2	0	37
chr9	80101891	80103693	1	1	0	2	0	37
chr9	114597607	114597790	2	2	0	1	0	40
chr9	114597607	114597794	2	2	1	518	0	38
chr9	114597607	114598704	2	2	0	10	0	42
chr9	114597825	114598704	2	2	0	5	0	30
chr9	114597831	114598704	2	2	1	511	0	38
chr9	123011638	123013939	1	1	1	1	0	14
chr9	123014013	123014468	1	1	1	1	0	14
chr9	123014507	123017244	1	1	1	1	0	38
chr11	79458907	79463232	1	1	1	18	0	42
chr11	79458907	79468716	1	1	1	155	1	43
chr11	79463296	79468716	1	1	1	17	0	39
chr11	94112147	94113262	1	1	1	148	0	21
chr11	94112147	94114172	1	1	1	261	0	32
chr11	94113302	94114172	1	1	1	153	0	39
chr11	102310577	102310925	2	2	1	73	0	42
chr11	102310577	102310932	2	2	0	1	0	42
chr11	102310577	102311360	2	2	0	1	0	42
chr11	102310577	102311379	2	2	1	884	0	46
chr11	102311037	102311360	2	2	0	1	0	27
chr11	102311037	102311379	2	2	1	74	0	46
chr12	71952560	71958746	1	1	1	51	0	27
chr12	71952560	71959805	1	1	1	86	0	44
chr12	71958774	71959805	1	1	1	51	0	27
chr12	83811361	83825258	2	2	1	62	0	33
chr12	83811361	83831921	2	2	1	463	0	41
chr12	83825292	83831921	2	2	1	61	0	34
chr12	113133338	113133495	1	1	0	161	22	45
chr12	113133338	113133540	1	1	1	2620	71	43
chr12	113133338	113135796	1	1	1	12	0	29
chr12	113133577	113134800	1	1	0	14	0	12
chr12	113133577	113135796	1	1	1	2669	92	29
chr12	113133577	113159035	1	1	0	0	1	29
chr12	113134813	113135796	1	1	0	14	0	12
chr13	46778987	46785245	2	2	0	1	0	47
chr13	46778994	46780625	2	2	1	980	0	43
chr13	46778994	46785245	2	2	1	2601	4	46
chr13	46780665	46785245	2	2	1	983	0	40
chr13	56084286	56089757	2	2	1	84	0	41
chr13	56089858	56096123	2	2	1	84	0	41
chr14	57643224	57648418	2	2	1	134	0	47
chr14	120389164	120395711	1	1	1	200	0	39
chr14	120389164	120395717	1	1	0	1	0	38
chr14	120389164	120396450	1	1	1	550	1	48
chr14	120395766	120396450	1	1	1	206	0	48
chr15	77102940	77105576	2	2	1	222	0	42
chr15	77102940	77113604	2	2	1	14	0	48
chr15	77105670	77113604	2	2	1	223	0	48
chr15	103242719	103243624	1	1	1	0	3	33
chr16	57178021	57181491	2	2	1	352	0	43
chr16	57178021	57182850	2	2	1	82	0	44
chr16	57181507	57182850	2	2	0	1	0	15
chr16	57181537	57182850	2	2	1	351	0	34
chr17	12979205	13846588	1	1	0	67	1	12
chr17	13846613	13849107	1	1	0	1	0	37
chr17	13846640	13848354	1	1	1	5331	6	22
chr17	13846640	13848361	1	1	0	10	0	14
chr17	13846640	13849107	1	1	1	5041	9	47
chr17	13846640	13849113	1	1	0	27	0	47
chr17	13848376	13849107	1	1	1	5326	6	29
chr17	13848376	13849113	1	1	0	11	0	21
chr17	45570567	45570665	2	2	1	794	4	44
chr17	45570800	45571017	2	2	1	859	2	24
chr18	10726534	10740982	1	1	1	1	0	15
chr18	53948155	53948644	1	1	1	14728	14	33
chr18	53948155	53948651	1	1	0	1	0	17
chr18	53948155	53953244	1	1	1	2303	8	45
chr18	53948167	53948644	1	1	0	1	0	24
chr18	53948666	53953244	1	1	0	9	0	21
chr18	53948669	53953244	1	1	1	14711	9	37
chr18	53948669	53953268	1	1	0	1	0	24
chr18	53948673	53953244	1	1	0	1	0	28
chr18	64511878	64511983	2	2	1	1	0	6
chr18	64512050	64515325	2	2	1	1	0	15
chr18	64515406	64516415	2	2	1	1	0	30
chr18	64515409	64516415	2	2	1	1	0	39
chr19	7281251	7282725	2	2	0	2	0	26
chr19	7281256	7281797	2	4	1	331	0	44
chr19	7281256	7282725	2	2	1	1842	1	36
chr19	7281960	7282725	2	2	1	336	0	35
