chr1	34295537	34296741	1	1	1	73	0	18
chr1	34295537	34299720	1	1	1	26	0	38
chr1	34296760	34299720	1	1	1	73	0	20
chr1	40010678	40011649	1	1	1	72	0	26
chr1	40010678	40011811	1	1	0	4	0	21
chr1	40010678	40014105	1	1	1	27	2	32
chr1	40011842	40014105	1	1	1	81	0	37
chr1	82735508	82741817	1	1	1	1	0	20
chr1	82735508	82747082	1	1	1	1	0	40
chr1	82735508	82750519	1	1	1	58	0	41
chr1	82747143	82750519	1	1	1	1	0	38
chr2	32292216	32293314	1	1	1	15	0	43
chr2	32292216	32296625	1	1	1	95	0	44
chr2	32293396	32296625	1	1	1	15	0	38
chr2	59926161	59932104	2	2	1	3	0	20
chr2	59932171	59933405	2	2	0	76	0	35
chr2	59932171	59933411	2	2	1	445	0	32
chr2	59933439	59933670	2	2	1	516	0	32
chr2	71849507	71853533	1	1	1	363	0	43
chr2	71849507	71853890	1	1	0	1	0	39
chr2	71849507	71855853	1	1	1	3442	5	45
chr2	71853664	71855853	1	1	1	373	0	42
chr2	71853891	71855853	1	1	0	1	0	40
chr2	71853948	71855853	1	1	0	1	0	40
chr2	75662926	75663570	1	1	1	10	0	39
chr2	91001089	91001461	1	1	1	546	0	34
chr2	91001511	91003210	1	1	1	547	0	20
chr2	91003346	91003810	1	1	1	16	0	36
chr2	91159306	91160316	2	2	1	175	0	47
chr2	91159306	91162027	2	2	1	395	0	47
chr2	91160371	91162027	2	2	1	176	0	39
chr2	91681696	91684668	2	2	1	212	0	50
chr3	60613521	60614682	1	1	1	1010	1	45
chr3	60613521	60615619	1	1	1	863	1	45
chr3	60614737	60615619	1	1	1	1013	0	48
chr3	87733505	87734423	1	1	1	14	0	39
chr3	87733505	87735344	1	1	0	14	1	39
chr3	87734553	87735344	1	1	1	14	0	37
chr3	88483947	88484046	2	2	1	284	0	38
chr3	88483947	88484614	2	2	0	2	0	38
chr3	88484155	88484614	2	2	1	280	0	42
chr3	119724187	119724611	2	2	1	6027	3	34
chr3	119724187	119726065	2	2	1	16	0	29
chr3	119724646	119726065	2	2	1	6170	3	38
chr3	129825617	129826823	2	2	1	2	0	24
chr4	31992517	31994873	1	1	1	258	0	39
chr4	31992517	32002088	1	1	1	4442	6	49
chr4	31994955	32002088	1	1	1	260	0	49
chr4	46468788	46469882	1	1	1	2	0	11
chr4	107009769	107027216	1	1	1	7	0	38
chr4	107009769	107028192	1	1	1	106	0	42
chr4	107027298	107028192	1	1	1	10	0	41
chr5	23565266	23616326	2	2	1	629	0	46
chr5	72958287	72965803	1	1	1	1	0	40
chr5	72958287	72974530	1	1	1	83	0	42
chr5	72965882	72974530	1	1	1	1	0	41
chr5	116477146	116482389	2	2	1	1	0	44
chr5	116482537	116591333	2	2	1	1191	3	50
chr5	149184807	149187707	1	1	1	20	0	44
chr5	149184807	149188344	1	1	1	352	1	45
chr5	149187835	149188344	1	1	1	2	0	39
chr5	149187877	149188344	1	1	1	19	0	39
chr6	47577668	47594893	2	2	1	2	0	35
chr6	98939789	98941535	2	2	1	117	0	45
chr6	98939789	98944618	2	2	0	12	0	45
chr6	98941651	98944618	2	2	0	1	0	36
chr6	98941658	98944618	2	2	1	118	0	36
chr6	125162102	125162211	2	2	1	293	4	36
chr6	128371086	128371967	1	1	1	3406	1	44
chr6	128371086	128372530	1	1	1	3	0	49
chr6	128371086	128372533	1	1	1	12	0	46
chr6	128372013	128372278	1	1	0	1	0	27
chr6	128372013	128372504	1	1	0	13	0	26
chr6	128372013	128372509	1	1	0	2	0	31
chr6	128372013	128372530	1	1	1	424	0	49
chr6	128372013	128372533	1	1	1	2929	1	46
chr6	128372013	128372536	1	1	0	1	0	43
chr6	128372018	128372530	1	1	0	7	0	49
chr6	128372018	128372533	1	1	0	28	0	46
chr6	128372208	128372533	1	1	0	1	0	46
chr6	128372306	128372533	1	1	0	1	0	27
chr7	28174893	28174983	1	1	1	1	0	32
chr7	67240441	67244520	2	2	1	102	0	28
chr7	67240441	67251656	2	2	1	805	0	45
chr7	67244545	67251656	2	2	1	102	0	24
chr7	101973352	102001612	1	1	0	1	0	12
chr7	102001660	102002294	1	1	1	1416	2	43
chr7	102001660	102007485	1	1	1	583	1	45
chr7	102002310	102007485	1	1	0	2	0	15
chr7	102002337	102007485	1	1	1	1416	3	42
chr7	112839481	112842039	1	1	1	76	0	41
chr7	112839481	112856052	1	1	1	6	0	12
chr7	112839481	112856797	1	1	1	10	0	41
chr7	112842103	112856052	1	1	1	76	0	12
chr7	112842103	112856797	1	1	1	1	0	37
chr7	112856065	112856797	1	1	1	83	0	14
chr7	127972771	127975887	1	1	1	0	1	1
chr7	127980247	127981190	1	1	1	13	0	22
chr7	127981292	127981410	1	1	1	10	0	6
chr8	25532429	25557730	1	1	1	4	0	44
chr8	25555775	25557730	1	1	1	1	0	37
chr8	95100453	95100646	2	2	1	897	5	31
chr8	95100453	95101408	2	2	0	164	0	46
chr8	95100674	95101408	2	2	1	897	5	42
chr8	95101447	95139983	2	2	0	0	4	15
chr8	123268550	123268744	2	2	1	226	0	47
chr9	40803943	40804164	1	1	1	1	0	27
chr9	43027296	43040539	2	2	1	129	0	39
chr9	43027296	43042590	2	2	1	124	0	46
chr9	43040593	43042590	2	2	0	1	0	43
chr9	43040597	43042590	2	2	1	128	0	45
chr9	80093642	80098885	1	1	1	7827	5	27
chr9	80093642	80098892	1	1	0	158	0	19
chr9	80093642	80103693	1	1	1	212	0	46
chr9	80098907	80103693	1	1	1	7976	5	29
chr9	80098907	80103698	1	1	0	5	0	21
chr9	114597607	114597794	2	2	1	378	0	39
chr9	114597607	114598704	2	2	0	14	0	40
chr9	114597825	114598704	2	2	0	4	0	30
chr9	114597831	114598704	2	2	1	374	0	38
chr11	26778879	26787397	2	2	0	0	1	13
chr11	79458907	79463232	1	1	1	7	0	42
chr11	79458907	79468716	1	1	1	146	0	42
chr11	79463296	79468716	1	1	1	7	0	38
chr11	80428756	80431704	1	1	1	1	0	42
chr11	83497297	83497893	1	1	1	1	0	16
chr11	83497927	83499072	1	1	1	1	0	33
chr11	94112147	94113262	1	1	1	55	1	22
chr11	94112147	94114172	1	1	1	392	0	32
chr11	94113302	94114172	1	1	1	58	1	39
chr11	102310577	102310925	2	2	1	40	0	42
chr11	102310577	102311379	2	2	1	859	1	46
chr11	102311037	102311379	2	2	1	39	0	45
chr12	71952560	71958746	1	1	1	62	0	27
chr12	71952560	71959805	1	1	1	57	0	43
chr12	71958774	71959805	1	1	1	62	0	27
chr12	83811361	83825258	2	2	1	26	0	33
chr12	83811361	83829039	2	2	0	1	0	37
chr12	83811361	83831921	2	2	1	376	0	41
chr12	83825292	83831921	2	2	1	26	0	33
chr12	83829167	83831921	2	2	0	1	0	41
chr12	113133338	113133495	1	1	0	74	10	43
chr12	113133338	113133540	1	1	1	1673	56	40
chr12	113133338	113135796	1	1	1	19	0	29
chr12	113133577	113134186	1	1	0	1	0	28
chr12	113133577	113134800	1	1	0	9	0	12
chr12	113133577	113135796	1	1	1	1693	66	29
chr12	113134231	113135796	1	1	0	1	0	29
chr12	113134813	113135796	1	1	0	9	0	12
chr13	46778994	46780625	2	2	1	680	0	40
chr13	46778994	46785245	2	2	1	2994	11	50
chr13	46780663	46785245	2	2	0	1	0	37
chr13	46780665	46785245	2	2	1	684	0	39
chr13	56084286	56089757	2	2	1	29	0	40
chr13	56089858	56096123	2	2	1	32	0	41
chr14	57643224	57648418	2	2	1	110	0	40
chr14	120389164	120395711	1	1	1	216	0	39
chr14	120389164	120396450	1	1	1	419	2	48
chr14	120395766	120396450	1	1	1	221	0	48
chr15	77102940	77105576	2	2	1	188	0	41
chr15	77102940	77113604	2	2	1	9	0	44
chr15	77105670	77113604	2	2	1	192	0	48
chr16	57178021	57181491	2	2	1	281	0	44
chr16	57178021	57182850	2	2	1	158	0	44
chr16	57181537	57182850	2	2	1	282	0	33
chr17	12979205	13846588	1	1	0	46	1	12
chr17	13846613	13848354	1	1	0	3	0	21
chr17	13846640	13848354	1	1	1	3500	4	22
chr17	13846640	13849107	1	1	1	4945	4	47
chr17	13846640	13849113	1	1	0	52	0	47
chr17	13846644	13848361	1	1	0	1	0	14
chr17	13848376	13849107	1	1	1	3495	4	41
chr17	13848376	13849113	1	1	0	7	0	21
chr17	45570567	45570665	2	2	1	554	2	42
chr17	45570800	45571017	2	2	1	594	1	21
chr18	10726534	10740982	1	1	1	2	0	15
chr18	53948155	53948644	1	1	1	13157	21	28
chr18	53948155	53948651	1	1	0	3	0	17
chr18	53948155	53953244	1	1	1	2416	3	43
chr18	53948666	53953244	1	1	0	7	0	21
chr18	53948669	53953244	1	1	1	13144	20	37
chr19	7281251	7282725	2	2	0	1	0	26
chr19	7281256	7281797	2	4	1	182	0	39
chr19	7281256	7282725	2	2	1	1066	3	36
chr19	7281960	7282725	2	2	1	188	0	35
chrX	73952667	73952825	2	2	1	1	0	10
