chr1	34295537	34296741	1	1	1	31	0	18
chr1	34295537	34299720	1	1	1	165	0	41
chr1	34296760	34299720	1	1	1	31	0	18
chr1	40010678	40011649	1	1	1	21	0	21
chr1	40010678	40014105	1	1	1	40	1	32
chr1	40011842	40014105	1	1	1	21	0	38
chr1	82735508	82747082	1	1	1	6	0	40
chr1	82735508	82750519	1	1	1	68	0	40
chr1	82747143	82750519	1	1	1	6	0	38
chr2	32292216	32293314	1	1	1	1	0	43
chr2	32292216	32296625	1	1	1	63	0	47
chr2	32293396	32296625	1	1	1	1	0	38
chr2	59932171	59933405	2	2	0	9	0	33
chr2	59932171	59933411	2	2	1	71	0	31
chr2	59932171	59933670	2	2	1	12	0	39
chr2	59933439	59933670	2	2	1	79	0	30
chr2	71849507	71853533	1	1	1	32	0	39
chr2	71849507	71855853	1	1	1	1528	0	44
chr2	71853664	71855853	1	1	1	33	0	41
chr2	75662926	75663570	1	1	1	4	0	40
chr2	91001089	91001461	1	1	1	548	0	34
chr2	91001089	91003299	1	1	0	4	0	33
chr2	91001511	91003210	1	1	1	541	0	25
chr2	91003238	91003810	1	1	0	1	0	27
chr2	91003346	91003810	1	1	1	9	0	36
chr2	91159306	91160316	2	2	1	8	0	47
chr2	91159306	91162027	2	2	1	183	0	47
chr2	91160371	91162027	2	2	1	8	0	39
chr2	91681696	91684668	2	2	1	546	0	50
chr2	153670448	153670848	1	1	1	76	0	45
chr2	153670909	153672215	1	1	1	76	0	50
chr2	168752741	168754433	2	2	1	12522	9	46
chr2	168754480	168788998	2	2	0	1	0	12
chr3	60613521	60614682	1	1	1	106	1	44
chr3	60613521	60615619	1	1	1	33	0	44
chr3	60614737	60615619	1	1	1	104	1	38
chr3	87733505	87734423	1	1	1	2	0	39
chr3	87733505	87735344	1	1	0	150	0	44
chr3	87734553	87735344	1	1	1	2	0	37
chr3	88483947	88484046	2	2	1	106	1	37
chr3	88484155	88484614	2	2	1	106	1	40
chr3	119724187	119724611	2	2	1	1528	0	34
chr3	119724187	119726065	2	2	1	1	0	29
chr3	119724646	119726065	2	2	1	1565	0	38
chr3	142948246	142963375	2	2	0	0	1	13
chr4	31992517	31993403	1	1	0	1	0	21
chr4	31992517	31994873	1	1	1	1355	0	39
chr4	31992517	32002088	1	1	1	692	1	49
chr4	31993425	31994873	1	1	0	1	0	17
chr4	31994955	32002088	1	1	1	1354	0	49
chr4	107009769	107027216	1	1	1	29	1	39
chr4	107009769	107028192	1	1	1	192	0	42
chr4	107027298	107028192	1	1	1	31	1	41
chr4	107031092	107036935	1	1	1	1	0	29
chr5	23565266	23616326	2	2	1	228	1	46
chr5	72958287	72965803	1	1	1	2	0	37
chr5	72958287	72974530	1	1	1	35	0	42
chr5	72965882	72974530	1	1	1	2	0	41
chr5	116482537	116591333	2	2	1	1	0	32
chr5	122284910	122308130	1	1	1	1	0	39
chr5	149184807	149187707	1	1	1	34	0	44
chr5	149184807	149188344	1	1	1	169	1	44
chr5	149187806	149188344	1	1	0	1	0	39
chr5	149187835	149188344	1	1	1	3	0	39
chr5	149187864	149188344	1	1	0	1	0	39
chr5	149187877	149188344	1	1	1	29	0	39
chr6	47577668	47594893	2	2	1	1	0	26
chr6	51464548	51465178	2	2	1	1	0	12
chr6	51465242	51466141	2	2	1	1	0	42
chr6	72633011	72633215	2	2	1	1	0	6
chr6	72634233	72634303	2	2	0	1	0	37
chr6	72634233	72648800	2	2	1	3367	2	42
chr6	72634233	72649119	2	2	1	6703	6	50
chr6	72634351	72649119	2	2	0	1	0	40
chr6	72648843	72649119	2	2	1	3350	1	42
chr6	98939789	98940994	2	2	1	2	0	45
chr6	98939789	98941535	2	2	1	78	0	45
chr6	98939789	98944618	2	2	0	31	0	45
chr6	98941165	98944618	2	2	0	2	0	36
chr6	98941658	98944618	2	2	1	77	0	36
chr6	125162102	125162211	2	2	1	432	15	43
chr6	128371086	128371967	1	1	1	1531	1	41
chr6	128371086	128372530	1	1	1	80	0	49
chr6	128371086	128372533	1	1	1	737	0	46
chr6	128372013	128372504	1	1	0	3	0	26
chr6	128372013	128372530	1	1	1	173	0	49
chr6	128372013	128372533	1	1	1	1337	1	46
chr6	128372018	128372530	1	1	0	1	0	49
chr6	128372018	128372533	1	1	0	21	0	46
chr7	67240441	67244520	2	2	1	3	0	24
chr7	67240441	67251656	2	2	1	518	0	49
chr7	67244545	67251656	2	2	1	3	0	24
chr7	101288340	102001612	1	3	0	9	0	12
chr7	102001660	102002294	1	1	1	223	0	42
chr7	102001660	102007485	1	1	1	3165	0	45
chr7	102002337	102007485	1	1	1	225	0	40
chr7	112839481	112841887	1	1	1	14	0	41
chr7	112839481	112842039	1	1	1	113	0	42
chr7	112839481	112856052	1	1	1	1	0	12
chr7	112839481	112856776	1	1	0	1	0	41
chr7	112839481	112856797	1	1	1	13	0	41
chr7	112841951	112856052	1	1	1	4	0	12
chr7	112841951	112856797	1	1	0	7	0	37
chr7	112842103	112856052	1	1	1	14	0	12
chr7	112842103	112856797	1	1	1	103	0	43
chr7	112856065	112856797	1	1	1	20	0	12
chr7	127974435	127975887	1	1	1	1	0	29
chr7	127975921	127977217	1	1	1	1	0	27
chr7	127980247	127981190	1	1	1	10	0	22
chr7	127981292	127981410	1	1	1	9	0	6
chr7	144861833	144862231	1	1	1	1226	1	39
chr7	144861837	144862231	1	1	0	1	0	32
chr7	144862267	144862764	1	1	0	1	0	35
chr7	144862331	144862764	1	1	0	1	0	37
chr7	144862336	144862764	1	1	1	1209	1	43
chr7	144862377	144862764	1	1	0	2	0	43
chr8	25532429	25557730	1	1	1	3	0	44
chr8	72219861	72219940	1	1	1	1	0	30
chr8	95100453	95100646	2	2	1	281	1	30
chr8	95100453	95101408	2	2	0	639	0	46
chr8	95100674	95101408	2	2	1	281	1	42
chr8	95101447	95139983	2	2	0	0	1	15
chr8	123268550	123268744	2	2	1	85	1	46
chr9	43027296	43040539	2	2	1	26	0	38
chr9	43027296	43042590	2	2	1	238	0	45
chr9	43040597	43042590	2	2	1	27	0	45
chr9	80093642	80098885	1	1	1	1411	0	26
chr9	80093642	80098892	1	1	0	18	0	14
chr9	80093642	80103693	1	1	1	6914	4	46
chr9	80098907	80103693	1	1	1	1430	0	29
chr9	114597607	114597794	2	2	1	254	0	38
chr9	114597607	114598704	2	2	0	309	0	43
chr9	114597831	114598704	2	2	1	253	0	36
chr11	26778879	26787397	2	2	0	0	1	12
chr11	79458907	79463232	1	1	1	23	0	43
chr11	79458907	79468716	1	1	1	37	0	42
chr11	79463296	79468716	1	1	1	23	0	39
chr11	83497297	83497893	1	1	1	1	0	33
chr11	83497927	83499072	1	1	1	1	0	33
chr11	94112147	94113262	1	1	1	11	0	21
chr11	94112147	94114172	1	1	1	228	0	32
chr11	94113302	94114172	1	1	1	12	0	39
chr11	97778379	97781333	2	2	1	1	0	26
chr11	102310577	102310925	2	2	1	81	0	43
chr11	102310577	102311379	2	2	1	205	0	45
chr11	102311037	102311379	2	2	1	81	0	45
chr12	71952560	71959805	1	1	1	188	0	46
chr12	71952560	71959809	1	1	0	1	0	45
chr12	83811361	83825258	2	2	1	147	0	33
chr12	83811361	83831921	2	2	1	181	1	41
chr12	83825292	83831921	2	2	1	147	0	33
chr12	113133338	113133495	1	1	0	11	0	42
chr12	113133338	113133540	1	1	1	263	0	42
chr12	113133338	113134186	1	1	0	3	0	42
chr12	113133338	113135796	1	1	1	827	0	29
chr12	113133577	113135796	1	1	1	263	0	29
chr12	113134231	113135796	1	1	0	3	0	29
chr13	46778990	46785245	2	2	0	2	0	44
chr13	46778994	46780625	2	2	1	601	0	43
chr13	46778994	46785245	2	2	1	2215	1	46
chr13	46780665	46785245	2	2	1	602	0	39
chr13	56084286	56089757	2	2	1	15	0	40
chr13	56084286	56096123	2	2	0	1	0	40
chr13	56089858	56096123	2	2	1	17	0	41
chr14	57643224	57643334	2	2	1	1	0	39
chr14	57643224	57648418	2	2	1	105	0	40
chr14	57643490	57648418	2	2	1	1	0	38
chr14	101654106	101654207	1	1	1	1	0	12
chr14	101654220	101665760	1	1	1	1	0	12
chr14	120389164	120395711	1	1	1	228	0	39
chr14	120389164	120396450	1	1	1	56	0	48
chr14	120395766	120396450	1	1	1	236	0	48
chr15	77102940	77105576	2	2	1	115	0	41
chr15	77102940	77113604	2	2	1	17	0	48
chr15	77105670	77113604	2	2	1	115	0	48
chr16	57176351	57177977	2	2	0	1	0	15
chr16	57178021	57181491	2	2	1	21	0	43
chr16	57178021	57182850	2	2	1	998	1	44
chr16	57181537	57182850	2	2	1	21	0	33
chr16	94686604	94691580	1	1	1	1	0	45
chr17	12979205	13846588	1	1	0	34	2	12
chr17	13846640	13848354	1	1	1	464	3	24
chr17	13846640	13849107	1	1	1	11293	14	45
chr17	13846640	13849113	1	1	0	67	0	47
chr17	13846640	13849116	1	1	0	5	0	50
chr17	13848376	13849107	1	1	1	465	3	26
chr17	45570567	45570665	2	2	1	509	3	39
chr17	45570800	45571017	2	2	1	569	2	24
chr17	56578845	56578920	2	2	1	2	0	18
chr17	56578986	56582983	2	2	1	2	0	42
chr18	10726534	10740982	1	1	1	1	0	15
chr18	53948155	53948644	1	1	1	1544	2	28
chr18	53948155	53949213	1	1	0	2	0	39
chr18	53948155	53949550	1	1	0	5	0	39
chr18	53948155	53953244	1	1	1	10619	11	46
chr18	53948669	53949213	1	1	0	1	0	15
chr18	53948669	53953244	1	1	1	1541	2	24
chr18	53949263	53953244	1	1	0	3	0	37
chr18	53949588	53953244	1	1	0	5	0	37
chr19	5287285	5287534	2	2	1	1	0	45
chr19	7281256	7281797	2	4	1	115	0	44
chr19	7281256	7282725	2	2	1	353	0	36
chr19	7281960	7282725	2	2	1	121	0	35
