chr1	34295537	34296741	1	1	1	49	0	18
chr1	34295537	34299720	1	1	1	234	0	39
chr1	34296760	34299720	1	1	1	49	0	18
chr1	40010678	40011649	1	1	1	42	0	21
chr1	40010678	40011811	1	1	0	4	0	26
chr1	40010678	40014105	1	1	1	62	1	32
chr1	40011842	40014105	1	1	1	47	0	38
chr1	82735508	82747082	1	1	1	4	0	40
chr1	82735508	82750519	1	1	1	81	0	41
chr1	82747143	82750519	1	1	1	4	0	38
chr2	32292216	32293314	1	1	1	2	0	43
chr2	32292216	32296625	1	1	1	105	0	43
chr2	32293396	32296625	1	1	1	2	0	38
chr2	32297578	32297753	1	1	1	1	0	25
chr2	59932171	59933405	2	2	0	3	0	33
chr2	59932171	59933411	2	2	1	67	0	31
chr2	59932171	59933670	2	2	1	8	0	36
chr2	59933439	59933670	2	2	1	69	0	28
chr2	71849507	71853533	1	1	1	47	0	42
chr2	71849507	71855853	1	1	1	2495	3	44
chr2	71853664	71855853	1	1	1	50	0	41
chr2	75662926	75663570	1	1	1	8	0	39
chr2	91001089	91001461	1	1	1	771	0	27
chr2	91001089	91003299	1	1	0	2	0	33
chr2	91001511	91003210	1	1	1	761	0	25
chr2	91001511	91003299	1	1	0	1	0	46
chr2	91003238	91003810	1	1	0	5	0	27
chr2	91003346	91003810	1	1	1	23	0	36
chr2	91159300	91162027	2	2	0	3	0	41
chr2	91159306	91160316	2	2	1	10	0	47
chr2	91159306	91162027	2	2	1	228	0	47
chr2	91160371	91162027	2	2	1	10	0	38
chr2	91681696	91682025	2	2	1	1	0	50
chr2	91681696	91684668	2	2	1	933	0	50
chr2	91682110	91684668	2	2	0	1	0	38
chr2	118408505	118410882	1	1	1	1	0	30
chr2	153670448	153670848	1	1	1	69	2	43
chr2	153670866	153672215	1	1	0	2	0	17
chr2	153670909	153672215	1	1	1	66	2	50
chr2	153670909	153714954	1	1	0	0	1	50
chr2	168752741	168754433	2	2	1	19383	28	46
chr2	168754471	168860933	2	2	0	0	6	20
chr3	60613521	60614682	1	1	1	180	1	44
chr3	60613521	60615619	1	1	1	37	0	44
chr3	60614737	60615619	1	1	1	183	1	39
chr3	87733505	87734423	1	1	1	1	0	39
chr3	87733505	87735344	1	1	0	210	1	40
chr3	87734553	87735344	1	1	1	1	0	37
chr3	88483947	88484046	2	2	1	133	0	38
chr3	88483947	88484614	2	2	0	1	0	38
chr3	88484155	88484614	2	2	1	133	0	41
chr3	119724187	119724611	2	2	1	2436	1	34
chr3	119724187	119726065	2	2	1	6	0	29
chr3	119724646	119726065	2	2	1	2489	1	38
chr3	119726116	120643502	2	2	0	4	0	13
chr3	133003793	133005387	2	2	1	1	0	15
chr3	133005433	133005559	2	2	1	1	0	30
chr3	133005676	133062565	2	2	1	1	0	16
chr4	31992517	31994873	1	1	1	1842	2	41
chr4	31992517	32002088	1	1	1	953	0	49
chr4	31994955	32002088	1	1	1	1835	2	49
chr4	107009769	107027216	1	1	1	53	0	39
chr4	107009769	107028192	1	1	1	325	0	45
chr4	107027298	107028192	1	1	1	58	0	41
chr5	23565266	23616326	2	2	1	302	0	45
chr5	72958287	72965803	1	1	1	3	0	37
chr5	72958287	72974530	1	1	1	40	0	41
chr5	72965882	72974530	1	1	1	2	0	41
chr5	116482537	116591333	2	2	1	9	0	50
chr5	124346155	124348600	2	2	1	0	1	37
chr5	149184807	149185484	1	1	1	2	0	43
chr5	149184807	149187707	1	1	1	59	0	45
chr5	149184807	149188344	1	1	1	292	1	45
chr5	149185662	149188344	1	1	0	1	0	39
chr5	149187806	149188344	1	1	0	2	0	39
chr5	149187835	149188344	1	1	1	12	0	39
chr5	149187877	149188344	1	1	1	45	0	39
chr6	72634209	72634303	2	2	0	3	0	40
chr6	72634233	72634303	2	2	0	2	0	37
chr6	72634233	72648800	2	2	1	5233	7	42
chr6	72634233	72649119	2	2	1	9558	9	50
chr6	72634351	72649119	2	2	0	5	0	40
chr6	72648843	72649119	2	2	1	5206	7	42
chr6	98939789	98940994	2	2	1	6	0	45
chr6	98939789	98941535	2	2	1	114	0	46
chr6	98939789	98944618	2	2	0	31	0	45
chr6	98941089	98944618	2	2	0	2	0	36
chr6	98941165	98944618	2	2	0	4	0	36
chr6	98941658	98944618	2	2	1	113	0	37
chr6	125162102	125162211	2	2	1	613	22	36
chr6	128371086	128371967	1	1	1	2089	2	44
chr6	128371086	128372530	1	1	1	94	0	49
chr6	128371086	128372533	1	1	1	917	1	46
chr6	128371086	128372536	1	1	0	2	0	43
chr6	128372013	128372504	1	1	0	3	0	26
chr6	128372013	128372530	1	1	1	250	0	49
chr6	128372013	128372533	1	1	1	1815	2	46
chr6	128372013	128372536	1	1	0	2	0	43
chr6	128372018	128372530	1	1	0	5	0	49
chr6	128372018	128372533	1	1	0	20	0	46
chr7	25724845	25725923	2	2	1	1	0	37
chr7	67240441	67244520	2	2	1	14	0	28
chr7	67240441	67251656	2	2	1	719	1	44
chr7	67244545	67251656	2	2	1	14	0	24
chr7	101474369	102001612	1	1	0	7	0	12
chr7	102001660	102002294	1	1	1	373	0	43
chr7	102001660	102007485	1	1	1	4559	3	45
chr7	102002337	102007485	1	1	1	375	0	41
chr7	102002538	102007485	1	1	0	1	0	38
chr7	102005972	102007485	1	1	0	1	0	38
chr7	112839481	112841887	1	1	1	10	1	41
chr7	112839481	112842039	1	1	1	188	2	41
chr7	112839481	112856052	1	1	1	5	0	12
chr7	112839481	112856797	1	1	1	28	0	41
chr7	112841906	112842057	1	1	0	0	1	18
chr7	112841951	112856052	1	1	1	1	0	12
chr7	112841951	112856797	1	1	0	5	0	38
chr7	112842103	112856052	1	1	1	18	0	12
chr7	112842103	112856797	1	1	1	170	2	45
chr7	112856065	112856797	1	1	1	27	0	14
chr7	127980247	127981190	1	1	1	23	0	5
chr7	127981292	127981410	1	1	1	25	0	28
chr7	144861833	144862231	1	1	1	2432	3	32
chr7	144862267	144862764	1	1	0	11	0	35
chr7	144862336	144862764	1	1	1	2404	3	45
chr7	144862377	144862764	1	1	0	2	0	37
chr8	25532429	25555507	1	1	1	2	0	44
chr8	25532429	25557730	1	1	1	8	0	44
chr8	25555775	25557730	1	1	1	5	0	38
chr8	72219861	72219940	1	1	1	1	0	24
chr8	95100453	95100646	2	2	1	459	0	31
chr8	95100453	95101408	2	2	0	947	0	46
chr8	95100674	95101408	2	2	1	459	0	43
chr8	123268550	123268744	2	2	1	96	0	46
chr9	43027296	43040539	2	2	1	15	0	38
chr9	43027296	43042590	2	2	1	310	0	46
chr9	43040597	43042590	2	2	1	14	0	45
chr9	80093642	80098885	1	1	1	1977	2	26
chr9	80093642	80098892	1	1	0	34	0	14
chr9	80093642	80103693	1	1	1	10555	11	45
chr9	80093642	80103698	1	1	0	1	0	44
chr9	80098907	80099016	1	1	0	1	0	14
chr9	80098907	80103693	1	1	1	2007	2	23
chr9	80099049	80103693	1	1	0	1	0	37
chr9	114597607	114597794	2	2	1	385	0	38
chr9	114597607	114598704	2	2	0	458	1	42
chr9	114597831	114598704	2	2	1	385	0	38
chr11	79458907	79463232	1	1	1	46	0	42
chr11	79458907	79468113	1	1	1	1	0	41
chr11	79458907	79468716	1	1	1	64	0	42
chr11	79463296	79468716	1	1	1	46	0	41
chr11	79468155	79468716	1	1	1	2	0	38
chr11	94112147	94113262	1	1	1	22	0	21
chr11	94112147	94114172	1	1	1	327	1	32
chr11	94113302	94114172	1	1	1	23	0	39
chr11	100479298	100481376	2	2	1	1	0	30
chr11	100481848	100482144	2	2	1	1	0	35
chr11	102310577	102310925	2	2	1	113	0	42
chr11	102310577	102311379	2	2	1	313	0	45
chr11	102311037	102311379	2	2	1	112	0	45
chr12	71952560	71959805	1	1	1	267	0	45
chr12	83811361	83825258	2	2	1	170	0	37
chr12	83811361	83831921	2	2	1	208	0	41
chr12	83825292	83831921	2	2	1	169	0	34
chr12	83825319	83831921	2	2	0	1	0	38
chr12	104697145	104700364	2	2	1	1	0	39
chr12	113133338	113133495	1	1	0	13	0	44
chr12	113133338	113133540	1	1	1	275	0	43
chr12	113133338	113134186	1	1	0	1	0	42
chr12	113133338	113135796	1	1	1	1015	1	29
chr12	113133577	113135796	1	1	1	264	0	29
chr13	46778994	46780625	2	2	1	948	1	44
chr13	46778994	46785245	2	2	1	3697	9	47
chr13	46780665	46785245	2	2	1	948	1	40
chr13	56084286	56089757	2	2	1	27	0	40
chr13	56084286	56096123	2	2	0	2	0	40
chr13	56089858	56096123	2	2	1	27	0	41
chr14	57643224	57648418	2	2	1	220	0	47
chr14	120389164	120395711	1	1	1	384	1	39
chr14	120389164	120395717	1	1	0	1	0	38
chr14	120389164	120396450	1	1	1	86	0	48
chr14	120395766	120396450	1	1	1	401	1	48
chr15	77102940	77105576	2	2	1	188	0	41
chr15	77102940	77113604	2	2	1	25	0	44
chr15	77105670	77113604	2	2	1	189	0	48
chr15	103242719	103243624	1	1	1	0	2	33
chr16	57178021	57181491	2	2	1	44	0	44
chr16	57178021	57182850	2	2	1	1285	2	44
chr16	57181537	57182850	2	2	1	44	0	33
chr16	84831508	84834808	2	2	1	2	0	44
chr16	94686604	94691580	1	1	1	4	0	45
chr17	12979205	13846588	1	1	0	11	0	12
chr17	13846640	13848354	1	1	1	544	1	22
chr17	13846640	13849107	1	1	1	15569	13	46
chr17	13846640	13849113	1	1	0	91	0	47
chr17	13848376	13849107	1	1	1	540	1	29
chr17	45570567	45570665	2	2	1	612	0	39
chr17	45570800	45571017	2	2	1	723	0	23
chr18	5090960	5092844	1	1	1	1	0	5
chr18	53948155	53948644	1	1	1	2434	4	28
chr18	53948155	53949213	1	1	0	1	0	39
chr18	53948155	53949550	1	1	0	1	0	37
chr18	53948155	53953244	1	1	1	15820	9	46
chr18	53948666	53953244	1	1	0	2	0	21
chr18	53948669	53953244	1	1	1	2428	4	37
chr18	53949263	53953244	1	1	0	2	0	37
chr18	53949588	53953244	1	1	0	1	0	37
chr19	7281256	7281797	2	4	1	197	1	39
chr19	7281256	7282725	2	2	1	681	0	36
chr19	7281960	7282725	2	2	1	204	1	35
chr19	23687546	23694320	1	1	1	2	0	37
