chr1	34295537	34296741	1	1	1	84	0	18
chr1	34295537	34299720	1	1	1	18	0	39
chr1	34296760	34299720	1	1	1	84	0	19
chr1	40010678	40011649	1	1	1	100	0	28
chr1	40010678	40011787	1	1	0	1	0	21
chr1	40010678	40011811	1	1	0	1	0	21
chr1	40010678	40014105	1	1	1	37	3	32
chr1	40011842	40014105	1	1	1	101	0	38
chr1	82735508	82741817	1	1	1	1	0	20
chr1	82735508	82747082	1	1	1	2	0	40
chr1	82735508	82750519	1	1	1	49	0	41
chr1	82747143	82750519	1	1	1	2	0	38
chr1	91500911	91501004	1	1	1	1	0	29
chr2	32292216	32293314	1	1	1	22	0	43
chr2	32292216	32296625	1	1	1	102	0	44
chr2	32293396	32296625	1	1	1	21	0	40
chr2	59932171	59933405	2	2	0	87	0	33
chr2	59932171	59933411	2	2	1	439	0	31
chr2	59932171	59933670	2	2	1	3	0	38
chr2	59933439	59933670	2	2	1	524	0	31
chr2	71849507	71853533	1	1	1	900	0	41
chr2	71849507	71853820	1	1	0	1	0	37
chr2	71849507	71853890	1	1	0	3	0	39
chr2	71849507	71855853	1	1	1	3267	1	43
chr2	71849507	71855868	1	1	0	7	0	46
chr2	71853641	71855853	1	1	0	1	0	40
chr2	71853664	71855853	1	1	1	924	0	42
chr2	71853891	71855853	1	1	0	1	0	40
chr2	71853948	71855853	1	1	0	3	0	40
chr2	75662926	75663570	1	1	1	12	3	36
chr2	91001089	91001461	1	1	1	581	0	34
chr2	91001089	91003299	1	1	0	1	0	33
chr2	91001511	91003210	1	1	1	579	0	25
chr2	91003238	91003810	1	1	0	2	0	27
chr2	91003346	91003810	1	1	1	7	0	36
chr2	91159300	91160316	2	2	0	1	0	41
chr2	91159300	91162027	2	2	0	3	0	41
chr2	91159306	91160316	2	2	1	219	0	47
chr2	91159306	91162027	2	2	1	432	0	47
chr2	91160371	91162027	2	2	1	218	0	39
chr2	91681696	91682025	2	2	1	1	0	50
chr2	91681696	91684668	2	2	1	232	0	50
chr2	91682137	91684668	2	2	1	1	0	38
chr2	153670448	153672215	1	1	1	0	1	50
chr2	153713625	153714954	1	1	1	0	1	50
chr3	60422418	60613472	1	1	0	0	4	15
chr3	60613521	60614682	1	1	1	1454	4	45
chr3	60613521	60615619	1	1	1	1536	1	45
chr3	60614737	60615619	1	1	1	1455	4	40
chr3	87733505	87734423	1	1	1	13	0	39
chr3	87733505	87735344	1	1	0	5	0	40
chr3	87734553	87735344	1	1	1	14	0	37
chr3	88483947	88484046	2	2	1	293	0	39
chr3	88483947	88484055	2	2	0	1	0	37
chr3	88484155	88484614	2	2	1	288	0	40
chr3	119724187	119724611	2	2	1	6884	4	34
chr3	119724187	119726065	2	2	1	15	0	29
chr3	119724646	119726065	2	2	1	7029	5	38
chr3	129825617	129826823	2	2	1	2	0	36
chr4	31992517	31994873	1	1	1	229	0	39
chr4	31992517	32002088	1	1	1	3971	4	49
chr4	31994955	32002088	1	1	1	232	0	49
chr4	107009769	107027216	1	1	1	5	1	39
chr4	107009769	107028192	1	1	1	151	1	42
chr4	107027298	107028192	1	1	1	7	1	41
chr4	149222365	149223229	2	2	1	1	0	28
chr5	23565266	23616326	2	2	1	764	2	46
chr5	72958287	72974530	1	1	1	71	0	42
chr5	86804592	86815628	1	1	1	2	0	36
chr5	86815731	86816463	1	1	1	1	0	21
chr5	116482532	116591333	2	2	0	3	0	27
chr5	116482537	116513708	2	2	0	1	0	50
chr5	116482537	116591333	2	2	1	1141	6	50
chr5	149184807	149185349	1	1	0	1	0	43
chr5	149184807	149187707	1	1	1	16	0	43
chr5	149184807	149188344	1	1	1	654	1	45
chr5	149185405	149188344	1	1	0	1	0	39
chr5	149187835	149188344	1	1	1	2	0	39
chr5	149187864	149188344	1	1	0	1	0	39
chr5	149187877	149188344	1	1	1	14	0	39
chr6	47577668	47594893	2	2	1	3	0	24
chr6	98935441	98939718	2	2	1	1	0	24
chr6	98939789	98940994	2	2	1	2	0	45
chr6	98939789	98941535	2	2	1	118	1	46
chr6	98939789	98944618	2	2	0	2	0	45
chr6	98941165	98944618	2	2	0	2	0	36
chr6	98941658	98944618	2	2	1	121	1	36
chr6	125162102	125162211	2	2	1	277	9	36
chr6	128371086	128371967	1	1	1	3372	3	43
chr6	128371086	128372533	1	1	1	13	0	46
chr6	128372013	128372278	1	1	0	1	0	27
chr6	128372013	128372504	1	1	0	19	0	26
chr6	128372013	128372509	1	1	0	6	0	31
chr6	128372013	128372530	1	1	1	417	0	49
chr6	128372013	128372533	1	1	1	2904	3	46
chr6	128372013	128372539	1	1	0	1	0	40
chr6	128372018	128372530	1	1	0	9	0	49
chr6	128372018	128372533	1	1	0	33	0	46
chr6	128372306	128372533	1	1	0	1	0	27
chr7	25724845	25725923	2	2	1	1	0	39
chr7	67240441	67244520	2	2	1	159	0	24
chr7	67240441	67251656	2	2	1	1202	0	45
chr7	67244545	67251656	2	2	1	159	0	24
chr7	99849060	99858763	2	2	1	1	0	43
chr7	101956449	102001614	1	1	0	1	0	14
chr7	101963861	102001614	1	1	0	1	0	14
chr7	102001660	102002294	1	1	1	1506	2	43
chr7	102001660	102007485	1	1	1	531	0	43
chr7	102001665	102002300	1	1	0	1	1	36
chr7	102002337	102007485	1	1	1	1516	2	42
chr7	102003812	102007485	1	1	0	1	0	38
chr7	112839481	112841887	1	1	1	8	0	41
chr7	112839481	112842039	1	1	1	120	0	41
chr7	112839481	112856052	1	1	1	6	0	12
chr7	112839481	112856797	1	1	1	5	0	41
chr7	112841951	112856052	1	1	1	4	0	12
chr7	112842103	112856052	1	1	1	121	0	12
chr7	112842103	112856797	1	1	1	1	0	37
chr7	112856065	112856797	1	1	1	134	0	14
chr7	127980247	127981190	1	1	1	8	0	30
chr7	127981292	127981410	1	1	1	7	0	6
chr8	25532429	25555507	1	1	1	1	0	44
chr8	25532429	25557730	1	1	1	2	0	44
chr8	25555775	25557730	1	1	1	1	0	38
chr8	91688606	91932332	1	1	0	5	0	13
chr8	95100453	95100646	2	2	1	1058	1	31
chr8	95100453	95101408	2	2	0	116	0	46
chr8	95100674	95101408	2	2	1	1058	1	41
chr8	95101447	95139983	2	2	0	0	1	15
chr8	121628690	121651724	2	2	1	1	0	20
chr8	123268550	123268744	2	2	1	188	0	46
chr9	43027296	43029555	2	2	0	1	0	38
chr9	43027296	43040539	2	2	1	99	0	41
chr9	43027296	43042590	2	2	1	125	0	45
chr9	43040593	43042590	2	2	0	3	0	45
chr9	43040597	43042590	2	2	1	97	0	46
chr9	80093642	80098847	1	1	0	1	0	44
chr9	80093642	80098885	1	1	1	8318	6	27
chr9	80093642	80098892	1	1	0	183	0	19
chr9	80093642	80103693	1	1	1	256	0	45
chr9	80098907	80099016	1	1	0	2	0	21
chr9	80098907	80103693	1	1	1	8503	6	37
chr9	80098907	80103698	1	1	0	4	0	21
chr9	80099049	80103693	1	1	0	2	0	37
chr9	114597607	114597790	2	2	0	1	0	40
chr9	114597607	114597794	2	2	1	423	0	38
chr9	114597607	114598704	2	2	0	13	0	42
chr9	114597825	114598704	2	2	0	5	0	30
chr9	114597831	114598704	2	2	1	418	0	38
chr11	79458907	79463232	1	1	1	12	0	42
chr11	79458907	79468716	1	1	1	169	0	42
chr11	79463296	79468716	1	1	1	12	0	38
chr11	83497297	83497893	1	1	1	2	0	33
chr11	83497927	83499072	1	1	1	2	0	33
chr11	94112147	94113262	1	1	1	90	0	21
chr11	94112147	94114172	1	1	1	338	0	32
chr11	94113302	94114172	1	1	1	91	0	39
chr11	102310577	102310925	2	2	1	52	0	43
chr11	102310577	102311379	2	2	1	773	1	46
chr11	102311037	102311379	2	2	1	53	0	45
chr12	71952560	71958746	1	1	1	60	0	27
chr12	71952560	71959805	1	1	1	60	0	43
chr12	71958774	71959805	1	1	1	60	0	27
chr12	83811361	83825258	2	2	1	30	0	33
chr12	83811361	83831921	2	2	1	374	1	41
chr12	83825292	83831921	2	2	1	30	0	33
chr12	113133338	113133447	1	1	0	1	0	42
chr12	113133338	113133495	1	1	0	109	8	43
chr12	113133338	113133540	1	1	1	1680	63	41
chr12	113133338	113135796	1	1	1	12	0	29
chr12	113133577	113134186	1	1	0	2	0	28
chr12	113133577	113134761	1	1	0	1	0	21
chr12	113133577	113134800	1	1	0	8	0	12
chr12	113133577	113135796	1	1	1	1720	71	29
chr12	113134231	113135796	1	1	0	2	0	29
chr12	113134813	113135796	1	1	0	9	0	29
chr13	46777214	46778893	2	2	1	1	0	9
chr13	46778994	46780545	2	2	0	1	0	40
chr13	46778994	46780625	2	2	1	766	1	41
chr13	46778994	46785245	2	2	1	2632	9	44
chr13	46780665	46785245	2	2	1	768	1	40
chr13	56084286	56089757	2	2	1	61	0	40
chr13	56089858	56096123	2	2	1	62	0	41
chr14	57643224	57648418	2	2	1	123	0	40
chr14	120389164	120395711	1	1	1	202	0	39
chr14	120389164	120395717	1	1	0	3	0	38
chr14	120389164	120396450	1	1	1	493	0	48
chr14	120395766	120396450	1	1	1	212	0	48
chr15	77102940	77105576	2	2	1	161	0	41
chr15	77102940	77113604	2	2	1	18	0	48
chr15	77105670	77113604	2	2	1	162	0	48
chr15	103242719	103243624	1	1	1	1	1	33
chr16	57178021	57179009	2	2	0	1	0	16
chr16	57178021	57181491	2	2	1	253	2	45
chr16	57178021	57182850	2	2	1	100	0	44
chr16	57179026	57181491	2	2	0	1	0	16
chr16	57181537	57182850	2	2	1	253	2	37
chr17	12882755	13846588	1	1	0	3	2	12
chr17	12979205	13846588	1	1	0	55	4	12
chr17	13846613	13848354	1	1	0	5	0	21
chr17	13846640	13848354	1	1	1	5125	15	22
chr17	13846640	13848361	1	1	0	8	0	14
chr17	13846640	13849107	1	1	1	5200	12	45
chr17	13846640	13849113	1	1	0	25	0	47
chr17	13848376	13849107	1	1	1	5130	15	29
chr17	13848376	13849113	1	1	0	5	0	21
chr17	45570567	45570665	2	2	1	690	1	44
chr17	45570800	45571017	2	2	1	780	1	21
chr17	56578845	56578920	2	2	1	1	0	18
chr17	56578986	56582983	2	2	1	1	0	42
chr18	53948155	53948644	1	1	1	16082	12	33
chr18	53948155	53948651	1	1	0	5	0	17
chr18	53948155	53949681	1	1	0	1	0	23
chr18	53948155	53953244	1	1	1	2500	1	45
chr18	53948162	53948651	1	1	0	1	0	17
chr18	53948666	53953244	1	1	0	11	0	21
chr18	53948669	53949213	1	1	0	1	0	15
chr18	53948669	53949681	1	1	0	1	0	14
chr18	53948669	53953244	1	1	1	16056	12	37
chr18	53948669	53953268	1	1	0	1	0	24
chr18	53948673	53953244	1	1	0	2	0	28
chr18	53949263	53953244	1	1	0	1	0	37
chr18	53949705	53953244	1	1	0	2	0	23
chr19	7281251	7282725	2	2	0	2	0	26
chr19	7281256	7281797	2	4	1	194	0	39
chr19	7281256	7282725	2	2	1	1464	0	36
chr19	7281960	7282725	2	2	1	201	0	35
