chr1	34295537	34296741	1	1	1	63	0	18
chr1	34295537	34299720	1	1	1	51	0	40
chr1	34296760	34299720	1	1	1	63	0	18
chr1	40010678	40011649	1	1	1	119	0	21
chr1	40010678	40011811	1	1	0	4	0	21
chr1	40010678	40014105	1	1	1	43	4	32
chr1	40011842	40014105	1	1	1	119	0	38
chr1	82735508	82741817	1	1	1	2	0	40
chr1	82735508	82747082	1	1	1	1	0	40
chr1	82735508	82750519	1	1	1	50	0	40
chr1	82741977	82750519	1	1	1	1	0	38
chr1	82747143	82750519	1	1	1	2	0	38
chr2	32292216	32293314	1	1	1	7	0	43
chr2	32292216	32296625	1	1	1	119	0	43
chr2	32293396	32296625	1	1	1	7	0	38
chr2	59932171	59933405	2	2	0	69	0	37
chr2	59932171	59933411	2	2	1	445	0	31
chr2	59932171	59933670	2	2	1	4	0	38
chr2	59933439	59933670	2	2	1	504	0	30
chr2	71849507	71853533	1	1	1	398	0	40
chr2	71849507	71853890	1	1	0	4	0	39
chr2	71849507	71855853	1	1	1	7811	10	46
chr2	71853664	71855853	1	1	1	405	0	41
chr2	71853948	71855853	1	1	0	4	0	40
chr2	75662926	75663570	1	1	1	4	0	25
chr2	91001089	91001461	1	1	1	649	1	25
chr2	91001511	91003210	1	1	1	648	1	29
chr2	91001511	91003299	1	1	0	1	0	46
chr2	91003238	91003810	1	1	0	1	0	27
chr2	91003346	91003810	1	1	1	15	0	36
chr2	91159306	91160316	2	2	1	184	0	47
chr2	91159306	91162027	2	2	1	360	0	47
chr2	91159320	91160316	2	2	0	1	0	40
chr2	91160371	91162027	2	2	1	189	0	39
chr2	91681696	91682025	2	2	1	1	0	50
chr2	91681696	91684668	2	2	1	240	1	50
chr2	91682110	91684668	2	2	0	1	0	38
chr2	153670448	153670848	1	1	1	1	0	42
chr2	153670448	153672215	1	1	1	2	0	50
chr2	153670909	153672215	1	1	1	1	0	50
chr3	60613521	60614682	1	1	1	1046	1	46
chr3	60613521	60614688	1	1	0	2	0	38
chr3	60613521	60615619	1	1	1	600	0	45
chr3	60614737	60615619	1	1	1	1042	1	38
chr3	78904652	78918022	2	2	0	1	0	12
chr3	87733505	87734423	1	1	1	8	0	39
chr3	87733505	87735344	1	1	0	10	0	39
chr3	87734553	87735344	1	1	1	8	0	37
chr3	88483947	88484046	2	2	1	242	0	39
chr3	88484155	88484614	2	2	1	239	0	39
chr3	119724187	119724611	2	2	1	6500	3	34
chr3	119724187	119726065	2	2	1	26	0	29
chr3	119724646	119726065	2	2	1	6691	3	38
chr3	119726116	119820407	2	2	0	5	0	13
chr4	31992517	31994873	1	1	1	295	0	40
chr4	31992517	32002088	1	1	1	3729	4	49
chr4	31994955	32002088	1	1	1	290	0	49
chr4	107009769	107027216	1	1	1	22	0	39
chr4	107009769	107028192	1	1	1	102	0	41
chr4	107027298	107028192	1	1	1	24	0	42
chr4	139473637	139476130	1	1	1	1	0	8
chr5	23565266	23568151	2	2	0	1	0	37
chr5	23565266	23616326	2	2	1	951	1	49
chr5	23568264	23616326	2	2	0	1	0	45
chr5	72958287	72974530	1	1	1	71	0	43
chr5	116482537	116591333	2	2	1	1059	2	50
chr5	149184807	149185484	1	1	1	1	0	43
chr5	149184807	149187707	1	1	1	26	0	44
chr5	149184807	149188344	1	1	1	583	5	45
chr5	149187835	149188344	1	1	1	3	0	39
chr5	149187864	149188344	1	1	0	1	0	39
chr5	149187877	149188344	1	1	1	23	0	39
chr6	47577668	47594893	2	2	1	1	0	12
chr6	72634233	72648800	2	2	1	1	0	37
chr6	72648843	72649119	2	2	1	1	0	40
chr6	98939789	98941535	2	2	1	159	0	46
chr6	98939789	98944618	2	2	0	28	0	45
chr6	98941658	98944618	2	2	1	156	0	37
chr6	125162102	125162211	2	2	1	295	16	36
chr6	128371086	128371885	1	1	0	1	0	39
chr6	128371086	128371967	1	1	1	3169	4	44
chr6	128371086	128372504	1	1	0	1	0	39
chr6	128371086	128372533	1	1	1	26	0	46
chr6	128372013	128372504	1	1	0	14	0	26
chr6	128372013	128372509	1	1	0	9	0	31
chr6	128372013	128372530	1	1	1	445	2	47
chr6	128372013	128372533	1	1	1	2665	3	46
chr6	128372018	128372530	1	1	0	3	0	49
chr6	128372018	128372533	1	1	0	32	0	46
chr7	16378477	16387640	2	2	1	1	0	11
chr7	30192593	30192866	2	2	1	1	0	32
chr7	30192901	30193877	2	2	1	1	0	18
chr7	67240441	67244520	2	2	1	215	0	24
chr7	67240441	67251656	2	2	1	1764	5	45
chr7	67244545	67251656	2	2	1	215	0	24
chr7	101973352	102001612	1	1	0	1	0	12
chr7	102001660	102002294	1	1	1	779	0	42
chr7	102001660	102007485	1	1	1	903	1	45
chr7	102002337	102007485	1	1	1	788	0	40
chr7	112839481	112841887	1	1	1	7	2	41
chr7	112839481	112842039	1	1	1	135	2	42
chr7	112839481	112856797	1	1	1	2	0	41
chr7	112841906	112842057	1	1	0	0	2	18
chr7	112841951	112856052	1	1	1	3	0	12
chr7	112842103	112856052	1	1	1	128	2	12
chr7	112842103	112856797	1	1	1	11	0	37
chr7	112856065	112856797	1	1	1	132	2	14
chr7	123124333	123124667	1	1	1	1	0	8
chr7	123124716	123143749	1	1	1	1	0	33
chr7	127980247	127981190	1	1	1	12	0	8
chr7	127981292	127981410	1	1	1	12	0	6
chr8	25532429	25555507	1	1	1	2	0	44
chr8	25532429	25557730	1	1	1	1	0	44
chr8	25555775	25557730	1	1	1	4	0	38
chr8	33386064	33386329	1	1	0	2	0	46
chr8	95100453	95100646	2	2	1	818	0	31
chr8	95100453	95101408	2	2	0	177	0	46
chr8	95100674	95101408	2	2	1	818	0	42
chr8	120569377	120570716	1	1	1	1	0	13
chr8	123268550	123268744	2	2	1	166	0	46
chr9	43027296	43029555	2	2	0	1	0	18
chr9	43027296	43040539	2	2	1	88	1	39
chr9	43027296	43042590	2	2	1	104	0	46
chr9	43029574	43040539	2	2	0	1	0	18
chr9	43040597	43042590	2	2	1	87	1	45
chr9	80093642	80098885	1	1	1	7619	4	30
chr9	80093642	80098892	1	1	0	157	0	19
chr9	80093642	80103693	1	1	1	237	0	45
chr9	80098907	80101831	1	1	0	1	0	21
chr9	80098907	80103693	1	1	1	7780	4	24
chr9	80098907	80103698	1	1	0	1	0	21
chr9	80101891	80103693	1	1	0	1	0	37
chr9	114597607	114597794	2	2	1	448	0	39
chr9	114597607	114598704	2	2	0	35	1	42
chr9	114597825	114598704	2	2	0	2	0	30
chr9	114597831	114598704	2	2	1	446	0	36
chr11	20335249	20831974	1	1	0	1	3	13
chr11	79458907	79463232	1	1	1	18	0	42
chr11	79458907	79468716	1	1	1	131	0	43
chr11	79463296	79468716	1	1	1	18	0	38
chr11	83497297	83497893	1	1	1	2	0	33
chr11	83497927	83499072	1	1	1	2	0	33
chr11	85005929	85006992	2	2	1	1	0	14
chr11	94112147	94113262	1	1	1	93	0	23
chr11	94112147	94114172	1	1	1	361	0	32
chr11	94113302	94114172	1	1	1	94	0	39
chr11	102310577	102310925	2	2	1	39	0	42
chr11	102310577	102311379	2	2	1	576	0	46
chr11	102311037	102311379	2	2	1	39	0	45
chr12	71952560	71958746	1	1	1	45	0	27
chr12	71952560	71959805	1	1	1	44	0	43
chr12	71958774	71959805	1	1	1	45	0	27
chr12	83811361	83825258	2	2	1	73	0	33
chr12	83811361	83831921	2	2	1	298	1	41
chr12	83825292	83831921	2	2	1	73	0	33
chr12	113133338	113133495	1	1	0	115	12	44
chr12	113133338	113133540	1	1	1	1815	34	43
chr12	113133338	113135796	1	1	1	58	0	29
chr12	113133577	113134761	1	1	0	1	0	21
chr12	113133577	113134800	1	1	0	7	0	12
chr12	113133577	113135796	1	1	1	1843	46	29
chr12	113134813	113135796	1	1	0	8	0	29
chr13	46778994	46780625	2	2	1	332	0	40
chr13	46778994	46785245	2	2	1	2988	3	50
chr13	46780665	46785245	2	2	1	336	0	40
chr13	56084286	56089757	2	2	1	39	0	40
chr13	56089858	56096123	2	2	1	38	0	41
chr14	57643224	57643334	2	2	1	1	0	39
chr14	57643224	57648418	2	2	1	67	0	47
chr14	57643490	57648418	2	2	1	1	0	38
chr14	120389164	120395711	1	1	1	287	0	38
chr14	120389164	120396450	1	1	1	343	0	48
chr14	120395766	120396450	1	1	1	298	0	48
chr15	77102940	77105576	2	2	1	174	0	41
chr15	77102940	77113604	2	2	1	9	0	48
chr15	77105670	77113604	2	2	1	176	0	48
chr15	103242719	103243624	1	1	1	0	1	33
chr16	57178021	57181491	2	2	1	238	0	44
chr16	57178021	57182850	2	2	1	284	1	44
chr16	57181537	57182850	2	2	1	238	0	42
chr17	12979205	13846588	1	1	0	76	0	12
chr17	13846613	13848354	1	1	0	3	0	21
chr17	13846640	13848354	1	1	1	3193	3	22
chr17	13846640	13848358	1	1	0	2	0	17
chr17	13846640	13849107	1	1	1	5554	11	47
chr17	13846640	13849113	1	1	0	34	0	47
chr17	13848376	13849107	1	1	1	3193	3	29
chr17	45570567	45570665	2	2	1	585	1	39
chr17	45570800	45571017	2	2	1	637	1	23
chr18	10726534	10740982	1	1	1	1	0	15
chr18	53948155	53948644	1	1	1	14400	5	28
chr18	53948155	53948655	1	1	0	1	0	13
chr18	53948155	53953244	1	1	1	3210	0	45
chr18	53948162	53948644	1	1	0	2	0	24
chr18	53948666	53953244	1	1	0	9	0	21
chr18	53948669	53953244	1	1	1	14381	5	37
chr18	53948669	53953268	1	1	0	4	0	24
chr18	64512050	64515325	2	2	1	1	0	16
chr18	64515409	64516415	2	2	1	2	0	39
chr19	7281251	7282725	2	2	0	1	0	21
chr19	7281256	7281797	2	4	1	280	0	39
chr19	7281256	7282725	2	2	1	1208	1	36
chr19	7281960	7282725	2	2	1	289	0	35
