chr1	34295537	34296741	1	1	1	65	1	18
chr1	34295537	34299720	1	1	1	241	1	40
chr1	34296760	34299720	1	1	1	65	1	20
chr1	40010678	40011649	1	1	1	28	0	21
chr1	40010678	40014105	1	1	1	79	1	32
chr1	40011842	40014105	1	1	1	26	0	37
chr1	72626646	72628100	1	1	1	1	0	17
chr1	82735508	82741817	1	1	1	1	0	40
chr1	82735508	82747082	1	1	1	1	0	40
chr1	82735508	82750519	1	1	1	54	0	42
chr1	82747143	82750519	1	1	1	2	0	38
chr1	178329408	178329867	2	2	1	1	0	14
chr2	32292216	32293314	1	1	1	2	0	43
chr2	32292216	32296625	1	1	1	66	0	43
chr2	32293396	32296625	1	1	1	2	0	38
chr2	59932171	59933405	2	2	0	17	0	37
chr2	59932171	59933411	2	2	1	94	0	27
chr2	59932171	59933670	2	2	1	8	0	38
chr2	59933439	59933670	2	2	1	111	0	28
chr2	71849507	71853533	1	1	1	54	0	39
chr2	71849507	71855853	1	1	1	2216	4	42
chr2	71853664	71855853	1	1	1	58	0	41
chr2	75662926	75663570	1	1	1	9	1	38
chr2	75663715	75665027	1	1	1	1	0	3
chr2	75665151	75665233	1	1	1	1	0	17
chr2	75665302	75665397	1	1	1	1	0	8
chr2	91001089	91001461	1	1	1	660	1	33
chr2	91001511	91003210	1	1	1	657	1	25
chr2	91003238	91003810	1	1	0	5	0	27
chr2	91003346	91003810	1	1	1	26	0	36
chr2	91159300	91162027	2	2	0	2	0	41
chr2	91159306	91160316	2	2	1	2	0	47
chr2	91159306	91162027	2	2	1	219	0	47
chr2	91160371	91162027	2	2	1	2	0	38
chr2	91681696	91682025	2	2	1	1	0	50
chr2	91681696	91684668	2	2	1	729	3	50
chr2	153670448	153670848	1	1	1	50	0	45
chr2	153670448	153672215	1	1	1	1	0	50
chr2	153670909	153672215	1	1	1	50	0	50
chr2	168752741	168754433	2	2	1	15956	22	46
chr3	60613521	60614682	1	1	1	209	0	45
chr3	60613521	60615619	1	1	1	34	0	44
chr3	60614737	60615619	1	1	1	207	0	38
chr3	87733505	87734257	1	1	0	1	0	39
chr3	87733505	87734423	1	1	1	2	0	39
chr3	87733505	87735344	1	1	0	191	0	40
chr3	87734302	87735344	1	1	0	1	0	37
chr3	87734553	87735344	1	1	1	2	0	37
chr3	88483947	88484046	2	2	1	123	0	40
chr3	88484155	88484614	2	2	1	122	0	39
chr3	119724187	119724611	2	2	1	1540	3	34
chr3	119724187	119726065	2	2	1	4	0	29
chr3	119724646	119726065	2	2	1	1577	3	38
chr3	129825617	129826823	2	2	1	1	0	36
chr4	31992517	31993403	1	1	0	2	0	21
chr4	31992517	31994873	1	1	1	1530	1	40
chr4	31992517	32002088	1	1	1	877	1	49
chr4	31993425	31994873	1	1	0	2	0	17
chr4	31994955	32002088	1	1	1	1529	1	49
chr4	107009769	107027216	1	1	1	70	0	40
chr4	107009769	107028192	1	1	1	437	0	50
chr4	107027298	107028192	1	1	1	74	0	41
chr5	23565266	23616326	2	2	1	217	1	45
chr5	72958287	72965803	1	1	1	2	0	40
chr5	72958287	72974530	1	1	1	48	0	41
chr5	72965882	72974530	1	1	1	2	0	41
chr5	116482537	116591333	2	2	1	5	0	50
chr5	149184807	149185536	1	1	0	1	0	43
chr5	149184807	149187707	1	1	1	73	0	43
chr5	149184807	149188344	1	1	1	106	0	44
chr5	149187835	149188344	1	1	1	9	0	39
chr5	149187877	149188344	1	1	1	66	0	39
chr6	47576665	47577543	2	2	1	1	0	41
chr6	47577668	47594893	2	2	1	1	0	26
chr6	51464212	51464427	2	2	1	1	0	20
chr6	51465242	51466141	2	2	1	1	0	39
chr6	72634233	72634303	2	2	0	1	0	37
chr6	72634233	72648800	2	2	1	3850	7	42
chr6	72634233	72649119	2	2	1	8413	7	50
chr6	72648843	72649119	2	2	1	3822	4	42
chr6	98939789	98940994	2	2	1	7	0	45
chr6	98939789	98941535	2	2	1	95	2	46
chr6	98939789	98944618	2	2	0	20	0	45
chr6	98941165	98944618	2	2	0	6	0	37
chr6	98941658	98944618	2	2	1	93	1	36
chr6	125162102	125162211	2	2	1	551	16	36
chr6	125184353	125184434	2	2	1	1	0	5
chr6	128371086	128371967	1	1	1	2069	1	45
chr6	128371086	128372530	1	1	1	80	0	49
chr6	128371086	128372533	1	1	1	796	0	46
chr6	128372013	128372504	1	1	0	7	0	26
chr6	128372013	128372509	1	1	0	1	0	31
chr6	128372013	128372530	1	1	1	273	0	47
chr6	128372013	128372533	1	1	1	1765	2	46
chr6	128372013	128372536	1	1	0	3	0	43
chr6	128372018	128372533	1	1	0	26	0	46
chr7	67240441	67244520	2	2	1	9	0	24
chr7	67240441	67251656	2	2	1	804	2	45
chr7	67244545	67251656	2	2	1	9	0	24
chr7	101405603	102001614	1	1	0	4	0	13
chr7	101448787	102001614	1	1	0	5	0	14
chr7	102001660	102002294	1	1	1	339	0	42
chr7	102001660	102007485	1	1	1	4081	2	45
chr7	102002337	102007485	1	1	1	343	0	40
chr7	112839481	112841887	1	1	1	15	0	41
chr7	112839481	112842039	1	1	1	188	0	41
chr7	112839481	112856797	1	1	1	30	0	41
chr7	112841951	112856052	1	1	1	1	0	12
chr7	112841951	112856797	1	1	0	11	0	38
chr7	112842103	112856052	1	1	1	8	0	12
chr7	112842103	112856797	1	1	1	181	0	45
chr7	112856065	112856797	1	1	1	10	0	14
chr7	127980247	127981190	1	1	1	25	0	5
chr7	127981292	127981410	1	1	1	28	0	6
chr7	144861833	144862231	1	1	1	1361	2	29
chr7	144861837	144862231	1	1	0	3	0	32
chr7	144862267	144862764	1	1	0	4	0	35
chr7	144862336	144862764	1	1	1	1349	2	43
chr8	25532429	25555507	1	1	1	2	0	44
chr8	25555775	25557730	1	1	1	2	0	37
chr8	91688606	91932332	1	1	0	5	0	13
chr8	95100453	95100646	2	2	1	391	0	31
chr8	95100453	95101408	2	2	0	786	0	46
chr8	95100674	95101408	2	2	1	391	0	43
chr8	123268550	123268744	2	2	1	90	0	46
chr9	43027296	43029555	2	2	0	1	0	38
chr9	43027296	43040539	2	2	1	26	0	38
chr9	43027296	43042590	2	2	1	301	0	46
chr9	43029610	43042590	2	2	0	1	0	43
chr9	43040597	43042590	2	2	1	25	0	45
chr9	80093642	80098885	1	1	1	1437	0	26
chr9	80093642	80098892	1	1	0	28	0	14
chr9	80093642	80103693	1	1	1	9505	4	46
chr9	80093642	80103698	1	1	0	4	0	44
chr9	80098907	80099016	1	1	0	1	0	21
chr9	80098907	80103693	1	1	1	1464	0	23
chr9	80099049	80103693	1	1	0	1	0	37
chr9	80103765	80111310	1	1	1	1	0	14
chr9	114597607	114597794	2	2	1	328	0	38
chr9	114597607	114598704	2	2	0	296	0	42
chr9	114597825	114598704	2	2	0	2	0	30
chr9	114597831	114598704	2	2	1	326	0	36
chr11	79458907	79463232	1	1	1	30	0	43
chr11	79458907	79468716	1	1	1	49	0	43
chr11	79463296	79468716	1	1	1	30	0	39
chr11	94112147	94113262	1	1	1	17	0	21
chr11	94112147	94114172	1	1	1	317	0	32
chr11	94113302	94114172	1	1	1	18	0	39
chr11	102310577	102310925	2	2	1	96	0	42
chr11	102310577	102311379	2	2	1	269	1	45
chr11	102311037	102311379	2	2	1	95	0	46
chr12	71952560	71959805	1	1	1	242	1	44
chr12	83811361	83825258	2	2	1	172	0	33
chr12	83811361	83831921	2	2	1	232	0	41
chr12	83825292	83831921	2	2	1	172	0	38
chr12	113133338	113133495	1	1	0	5	0	42
chr12	113133338	113133540	1	1	1	319	1	42
chr12	113133338	113135796	1	1	1	826	0	32
chr12	113133577	113135796	1	1	1	314	1	29
chr12	113135829	113136280	1	1	1	1	0	10
chr12	113136433	113136517	1	1	1	1	0	37
chr13	46777214	46778893	2	2	1	1	0	21
chr13	46778990	46785245	2	2	0	2	0	44
chr13	46778994	46780625	2	2	1	876	2	42
chr13	46778994	46785245	2	2	1	2853	7	47
chr13	46780665	46785245	2	2	1	882	2	39
chr13	56084286	56089757	2	2	1	16	0	40
chr13	56084286	56096123	2	2	0	1	0	40
chr13	56089858	56096123	2	2	1	15	0	38
chr14	57643224	57643334	2	2	1	2	0	39
chr14	57643224	57648418	2	2	1	139	0	40
chr14	57643490	57648418	2	2	1	2	0	38
chr14	120389164	120395711	1	1	1	462	0	39
chr14	120389164	120395717	1	1	0	3	0	38
chr14	120389164	120396450	1	1	1	135	0	48
chr14	120395766	120396450	1	1	1	480	0	48
chr15	77102940	77105576	2	2	1	138	0	40
chr15	77102940	77113604	2	2	1	17	0	44
chr15	77105670	77113604	2	2	1	139	0	48
chr15	103242719	103243624	1	1	1	0	1	33
chr16	57178021	57181491	2	2	1	15	0	43
chr16	57178021	57182850	2	2	1	1111	4	44
chr16	57181537	57182850	2	2	1	13	0	33
chr16	84831503	84834808	2	2	0	1	0	44
chr16	94686604	94691580	1	1	1	1	0	45
chr17	12979205	13846588	1	1	0	35	0	12
chr17	13846640	13848354	1	1	1	497	0	22
chr17	13846640	13849107	1	1	1	14557	19	49
chr17	13846640	13849113	1	1	0	80	0	47
chr17	13848376	13849107	1	1	1	497	0	26
chr17	26922724	26922904	1	1	1	0	1	9
chr17	33884987	33885167	2	2	1	0	1	9
chr17	45570567	45570665	2	2	1	569	0	37
chr17	45570800	45571017	2	2	1	606	0	21
chr18	10726534	10740982	1	1	1	1	0	15
chr18	53948155	53948381	1	1	0	1	0	39
chr18	53948155	53948644	1	1	1	2081	1	28
chr18	53948155	53949213	1	1	0	2	0	39
chr18	53948155	53953244	1	1	1	14575	7	45
chr18	53948453	53953244	1	1	0	1	0	37
chr18	53948669	53953244	1	1	1	2077	1	26
chr18	53949263	53953244	1	1	0	2	0	37
chr19	7281251	7281793	2	2	0	1	0	43
chr19	7281256	7281797	2	4	1	200	0	42
chr19	7281256	7282725	2	2	1	561	3	36
chr19	7281960	7282725	2	2	1	214	0	26
chr19	53529697	53533825	1	1	1	1	0	39
chrX	163957996	163958273	2	2	1	1	0	2
