chr1	34295537	34296741	1	1	1	111	0	18
chr1	34295537	34299720	1	1	1	31	0	40
chr1	34296760	34299720	1	1	1	111	0	18
chr1	40010678	40011649	1	1	1	120	0	32
chr1	40010678	40011787	1	1	0	1	0	21
chr1	40010678	40011811	1	1	0	1	0	21
chr1	40010678	40014105	1	1	1	59	1	32
chr1	40011842	40014105	1	1	1	123	0	37
chr1	82735508	82747082	1	1	1	1	0	40
chr1	82735508	82750519	1	1	1	64	0	41
chr1	82747143	82750519	1	1	1	1	0	38
chr2	32292216	32293314	1	1	1	8	0	43
chr2	32292216	32296625	1	1	1	109	0	43
chr2	32293396	32296625	1	1	1	8	0	38
chr2	59932171	59933405	2	2	0	103	0	37
chr2	59932171	59933411	2	2	1	522	0	31
chr2	59932171	59933670	2	2	1	5	0	39
chr2	59933439	59933670	2	2	1	615	0	28
chr2	71849491	71855853	1	1	0	5	0	40
chr2	71849507	71853533	1	1	1	475	0	41
chr2	71849507	71853820	1	1	0	2	0	37
chr2	71849507	71853875	1	1	0	2	0	15
chr2	71849507	71853890	1	1	0	3	0	39
chr2	71849507	71855853	1	1	1	5961	5	43
chr2	71849507	71855868	1	1	0	2	0	46
chr2	71853664	71855853	1	1	1	490	0	41
chr2	71853891	71855853	1	1	0	4	0	40
chr2	71853948	71855853	1	1	0	3	0	40
chr2	75662926	75663570	1	1	1	6	0	40
chr2	91001089	91001461	1	1	1	739	1	27
chr2	91001089	91003299	1	1	0	1	0	24
chr2	91001511	91003210	1	1	1	722	1	25
chr2	91001511	91003299	1	1	0	6	0	46
chr2	91003238	91003810	1	1	0	1	0	27
chr2	91003346	91003810	1	1	1	17	0	36
chr2	91159300	91162027	2	2	0	3	0	41
chr2	91159306	91160316	2	2	1	264	0	47
chr2	91159306	91162027	2	2	1	574	0	47
chr2	91160371	91162027	2	2	1	261	0	39
chr2	91681696	91684668	2	2	1	195	0	50
chr2	153670448	153672215	1	1	1	3	0	50
chr3	60422418	60613472	1	1	0	0	3	15
chr3	60613521	60614682	1	1	1	1389	3	45
chr3	60613521	60614688	1	1	0	1	0	38
chr3	60613521	60615619	1	1	1	853	3	45
chr3	60614737	60615619	1	1	1	1397	3	41
chr3	87733505	87734423	1	1	1	14	0	39
chr3	87733505	87735344	1	1	0	16	0	39
chr3	87734553	87735344	1	1	1	15	0	38
chr3	88483947	88484046	2	2	1	311	1	41
chr3	88484155	88484614	2	2	1	304	1	41
chr3	119724187	119724611	2	2	1	7148	4	34
chr3	119724187	119726065	2	2	1	23	0	29
chr3	119724646	119726065	2	2	1	7363	4	38
chr4	31992517	31994873	1	1	1	259	0	39
chr4	31992517	32002088	1	1	1	3485	2	49
chr4	31994955	32002088	1	1	1	256	0	49
chr4	107009769	107027216	1	1	1	13	0	38
chr4	107009769	107028192	1	1	1	131	1	42
chr4	107027298	107028192	1	1	1	15	0	41
chr4	107031092	107036911	1	1	1	1	0	36
chr5	23565266	23616326	2	2	1	943	2	46
chr5	23615795	23616326	2	2	0	1	0	45
chr5	65388442	65388561	2	2	1	1	0	29
chr5	72958287	72965803	1	1	1	2	0	37
chr5	72958287	72974530	1	1	1	72	1	42
chr5	72965882	72974530	1	1	1	2	0	41
chr5	116475248	116477058	2	2	1	1	0	16
chr5	116482537	116591333	2	2	1	1038	7	50
chr5	149184807	149185484	1	1	1	1	0	42
chr5	149184807	149187707	1	1	1	27	1	43
chr5	149184807	149188344	1	1	1	612	1	45
chr5	149187835	149188344	1	1	1	2	0	39
chr5	149187877	149188344	1	1	1	25	1	39
chr5	149188474	149193839	1	1	1	1	0	25
chr6	47577668	47594893	2	2	1	3	0	26
chr6	98939789	98941535	2	2	1	157	0	46
chr6	98939789	98944618	2	2	0	24	0	46
chr6	98941658	98944618	2	2	1	156	0	37
chr6	125162102	125162211	2	2	1	292	14	36
chr6	128371086	128371967	1	1	1	4013	4	43
chr6	128371086	128372278	1	1	0	1	0	27
chr6	128371086	128372504	1	1	0	1	0	39
chr6	128371086	128372533	1	1	1	48	0	46
chr6	128372013	128372504	1	1	0	18	0	26
chr6	128372013	128372509	1	1	0	9	0	31
chr6	128372013	128372530	1	1	1	491	1	48
chr6	128372013	128372533	1	1	1	3441	3	46
chr6	128372018	128372530	1	1	0	6	0	49
chr6	128372018	128372533	1	1	0	41	0	46
chr6	128372018	128372539	1	1	0	1	0	40
chr6	128372306	128372533	1	1	0	1	0	27
chr7	25724845	25725923	2	2	1	1	0	37
chr7	67240441	67244520	2	2	1	211	0	24
chr7	67240441	67251656	2	2	1	1944	0	45
chr7	67244545	67251656	2	2	1	211	0	24
chr7	101975388	102001612	1	1	0	1	0	12
chr7	102001660	102002294	1	1	1	1203	1	43
chr7	102001660	102007485	1	1	1	831	0	44
chr7	102001665	102002300	1	1	0	0	1	36
chr7	102002337	102007485	1	1	1	1209	1	42
chr7	112839481	112841887	1	1	1	1	0	41
chr7	112839481	112842039	1	1	1	87	0	41
chr7	112839481	112856797	1	1	1	7	0	41
chr7	112842103	112856052	1	1	1	80	0	12
chr7	112842103	112856797	1	1	1	4	0	37
chr7	112856065	112856797	1	1	1	82	0	14
chr7	127972771	127975887	1	1	1	0	1	1
chr7	127980247	127981190	1	1	1	17	0	3
chr7	127981292	127981410	1	1	1	20	0	6
chr8	25532429	25557730	1	1	1	3	0	44
chr8	72219861	72219940	1	1	1	1	0	30
chr8	95100453	95100646	2	2	1	737	1	31
chr8	95100453	95101408	2	2	0	320	0	46
chr8	95100674	95101408	2	2	1	738	1	42
chr8	95101447	95139983	2	2	0	0	1	15
chr8	123268550	123268744	2	2	1	180	2	47
chr9	43027296	43040539	2	2	1	99	0	40
chr9	43027296	43042590	2	2	1	193	0	45
chr9	43040593	43042590	2	2	0	3	0	43
chr9	43040597	43042590	2	2	1	96	0	46
chr9	80093642	80098885	1	1	1	8005	2	31
chr9	80093642	80098892	1	1	0	246	0	19
chr9	80093642	80103693	1	1	1	210	2	45
chr9	80098907	80099016	1	1	0	2	0	21
chr9	80098907	80101831	1	1	0	2	0	21
chr9	80098907	80103693	1	1	1	8247	2	27
chr9	80098907	80103698	1	1	0	3	0	21
chr9	80099049	80103693	1	1	0	2	0	37
chr9	80101891	80103693	1	1	0	2	0	37
chr9	80103765	80111310	1	1	1	1	0	14
chr9	80111454	80113726	1	1	1	1	0	11
chr9	114597607	114597794	2	2	1	379	1	38
chr9	114597607	114598704	2	2	0	22	0	40
chr9	114597825	114598704	2	2	0	4	0	30
chr9	114597831	114598704	2	2	1	375	1	38
chr11	26778879	26787397	2	2	0	0	1	13
chr11	68790741	68791862	1	1	1	0	1	2
chr11	79458907	79463232	1	1	1	22	0	42
chr11	79458907	79468113	1	1	1	1	0	41
chr11	79458907	79468716	1	1	1	170	0	43
chr11	79463296	79468716	1	1	1	22	0	39
chr11	79468155	79468716	1	1	1	1	0	39
chr11	94112147	94113262	1	1	1	88	1	22
chr11	94112147	94114172	1	1	1	556	0	32
chr11	94113302	94114172	1	1	1	89	1	39
chr11	100481848	100482144	2	2	1	1	0	36
chr11	102310577	102310925	2	2	1	48	1	43
chr11	102310577	102311379	2	2	1	663	1	46
chr11	102311037	102311379	2	2	1	47	1	45
chr12	71952560	71958746	1	1	1	71	0	27
chr12	71952560	71959805	1	1	1	58	0	43
chr12	71958774	71959805	1	1	1	71	0	27
chr12	83811361	83811669	2	2	0	1	0	37
chr12	83811361	83825258	2	2	1	77	0	34
chr12	83811361	83831921	2	2	1	380	0	41
chr12	83811744	83831921	2	2	0	1	0	38
chr12	83825292	83831921	2	2	1	77	0	33
chr12	112928622	113133308	1	1	0	0	5	13
chr12	113133338	113133495	1	1	0	100	9	45
chr12	113133338	113133540	1	1	1	1859	48	43
chr12	113133338	113135796	1	1	1	30	0	29
chr12	113133577	113134186	1	1	0	1	0	29
chr12	113133577	113134800	1	1	0	15	0	14
chr12	113133577	113135796	1	1	1	1879	57	29
chr12	113134813	113135796	1	1	0	14	0	12
chr13	46778994	46780625	2	2	1	586	0	43
chr13	46778994	46785245	2	2	1	3719	10	46
chr13	46780665	46785245	2	2	1	584	0	39
chr13	56084286	56089757	2	2	1	37	0	41
chr13	56084286	56096123	2	2	0	1	0	40
chr13	56089858	56096123	2	2	1	38	0	39
chr14	55022207	55023049	1	1	1	1	0	31
chr14	57643224	57643334	2	2	1	2	0	39
chr14	57643224	57648418	2	2	1	96	0	47
chr14	57643490	57648418	2	2	1	3	0	38
chr14	120389164	120395711	1	1	1	158	0	38
chr14	120389164	120396450	1	1	1	266	0	48
chr14	120395766	120396450	1	1	1	167	0	48
chr15	77102940	77105576	2	2	1	161	0	41
chr15	77102940	77113604	2	2	1	7	0	44
chr15	77105670	77113604	2	2	1	161	0	48
chr15	103242719	103242921	1	1	1	1	0	11
chr15	103242719	103243624	1	1	1	0	1	33
chr16	57178021	57181491	2	2	1	291	2	45
chr16	57178021	57182850	2	2	1	230	0	43
chr16	57181537	57182850	2	2	1	289	2	34
chr16	84831508	84834808	2	2	1	1	0	14
chr17	12979205	13846588	1	1	0	60	1	12
chr17	13846613	13848354	1	1	0	4	0	21
chr17	13846640	13848354	1	1	1	3326	2	22
chr17	13846640	13848361	1	1	0	2	0	14
chr17	13846640	13849107	1	1	1	5683	4	45
chr17	13846640	13849113	1	1	0	50	0	48
chr17	13848376	13849107	1	1	1	3311	2	29
chr17	13848376	13849113	1	1	0	15	0	21
chr17	45570567	45570665	2	2	1	721	1	44
chr17	45570800	45571017	2	2	1	774	1	24
chr18	53948155	53948644	1	1	1	14227	12	28
chr18	53948155	53950254	1	1	0	1	0	38
chr18	53948155	53953244	1	1	1	2770	4	43
chr18	53948666	53953244	1	1	0	8	0	21
chr18	53948669	53949213	1	1	0	1	0	15
chr18	53948669	53953244	1	1	1	14213	9	37
chr18	53948669	53953268	1	1	0	2	0	24
chr18	53949263	53953244	1	1	0	1	0	37
chr18	53950327	53953244	1	1	0	1	0	37
chr19	7281251	7282725	2	2	0	3	0	26
chr19	7281256	7281797	2	4	1	232	0	39
chr19	7281256	7282725	2	2	1	1338	0	36
chr19	7281960	7282725	2	2	1	243	0	35
