chr1	34295537	34296741	1	1	1	59	0	18
chr1	34295537	34299720	1	1	1	235	0	41
chr1	34296760	34299720	1	1	1	59	0	19
chr1	40010678	40011649	1	1	1	32	0	21
chr1	40010678	40011811	1	1	0	1	0	21
chr1	40010678	40014105	1	1	1	68	0	32
chr1	40011842	40014105	1	1	1	34	0	38
chr1	82735508	82747082	1	1	1	4	0	40
chr1	82735508	82750519	1	1	1	66	0	41
chr1	82747143	82750519	1	1	1	4	0	38
chr2	32292216	32293314	1	1	1	1	0	43
chr2	32292216	32296625	1	1	1	85	0	43
chr2	32293396	32296625	1	1	1	1	0	38
chr2	59932171	59933405	2	2	0	6	0	33
chr2	59932171	59933411	2	2	1	57	0	31
chr2	59932171	59933670	2	2	1	7	0	38
chr2	59933439	59933670	2	2	1	63	0	28
chr2	71849507	71853533	1	1	1	55	0	39
chr2	71849507	71855853	1	1	1	2021	2	43
chr2	71853664	71855853	1	1	1	57	0	42
chr2	75662926	75663570	1	1	1	1	1	36
chr2	91001089	91001461	1	1	1	680	1	34
chr2	91001511	91003210	1	1	1	668	1	21
chr2	91003346	91003810	1	1	1	30	0	36
chr2	91159306	91160316	2	2	1	5	0	47
chr2	91159306	91162027	2	2	1	208	0	47
chr2	91160371	91162027	2	2	1	5	0	38
chr2	91681696	91682025	2	2	1	2	0	50
chr2	91681696	91684668	2	2	1	706	1	50
chr2	91682137	91684668	2	2	1	1	0	38
chr2	153670448	153670848	1	1	1	76	0	45
chr2	153670448	153672215	1	1	1	1	1	50
chr2	153670909	153672215	1	1	1	75	0	50
chr2	153713625	153714954	1	1	1	0	1	50
chr2	168752731	168754433	2	2	0	1	0	47
chr2	168752741	168754433	2	2	1	14573	15	46
chr3	60613521	60614682	1	1	1	146	0	44
chr3	60613521	60615619	1	1	1	28	0	44
chr3	60614737	60615619	1	1	1	147	0	39
chr3	87733505	87734423	1	1	1	1	0	39
chr3	87733505	87735344	1	1	0	143	0	40
chr3	87734553	87735344	1	1	1	1	0	37
chr3	88483947	88484046	2	2	1	133	1	37
chr3	88484155	88484614	2	2	1	132	1	39
chr3	119724187	119724611	2	2	1	1503	2	34
chr3	119724187	119726065	2	2	1	9	0	29
chr3	119724646	119726065	2	2	1	1535	2	38
chr3	119726116	119820407	2	2	0	2	0	13
chr4	31992517	31994873	1	1	1	1685	3	39
chr4	31992517	32002088	1	1	1	620	2	49
chr4	31994955	32002088	1	1	1	1668	3	49
chr4	107009769	107027216	1	1	1	68	0	40
chr4	107009769	107028192	1	1	1	270	0	44
chr4	107027298	107028192	1	1	1	74	0	43
chr5	23565266	23616326	2	2	1	237	0	45
chr5	33411673	33413898	1	1	1	1	0	11
chr5	33414074	33414797	1	1	1	1	0	42
chr5	65388442	65388561	2	2	1	1	0	29
chr5	72958287	72965803	1	1	1	1	0	37
chr5	72958287	72974530	1	1	1	34	0	41
chr5	72965882	72974530	1	1	1	1	0	41
chr5	116482537	116591333	2	2	1	5	0	50
chr5	149184807	149185484	1	1	1	1	0	43
chr5	149184807	149187707	1	1	1	41	0	45
chr5	149184807	149188344	1	1	1	252	0	44
chr5	149187806	149188344	1	1	0	1	0	39
chr5	149187835	149188344	1	1	1	6	0	39
chr5	149187864	149188344	1	1	0	1	0	39
chr5	149187877	149188344	1	1	1	34	0	39
chr6	72634227	72649113	1	1	0	1	0	45
chr6	72634233	72634303	2	2	0	1	0	37
chr6	72634233	72648800	2	2	1	3407	3	42
chr6	72634233	72649119	2	2	1	6466	7	50
chr6	72634351	72649119	2	2	0	1	0	40
chr6	72648843	72649119	2	2	1	3383	3	42
chr6	98939789	98940994	2	2	1	5	0	45
chr6	98939789	98941535	2	2	1	118	0	45
chr6	98939789	98944618	2	2	0	31	0	45
chr6	98941165	98944618	2	2	0	5	0	36
chr6	98941658	98944618	2	2	1	119	0	36
chr6	125162102	125162211	2	2	1	530	13	38
chr6	128371086	128371967	1	1	1	1691	1	45
chr6	128371086	128372504	1	1	0	1	0	39
chr6	128371086	128372530	1	1	1	88	0	49
chr6	128371086	128372533	1	1	1	812	1	46
chr6	128371086	128372536	1	1	0	2	0	43
chr6	128371086	128372539	1	1	0	4	0	40
chr6	128372013	128372530	1	1	1	242	0	49
chr6	128372013	128372533	1	1	1	1422	1	46
chr6	128372013	128372536	1	1	0	3	0	43
chr6	128372013	128372539	1	1	0	2	0	40
chr6	128372018	128372530	1	1	0	2	0	49
chr6	128372018	128372533	1	1	0	19	0	46
chr7	67240441	67244520	2	2	1	16	0	24
chr7	67240441	67251656	2	2	1	460	0	45
chr7	67240443	67251659	1	1	0	1	0	41
chr7	67244545	67251656	2	2	1	16	0	24
chr7	102001660	102002294	1	1	1	214	0	42
chr7	102001660	102007485	1	1	1	3404	4	49
chr7	102002337	102007485	1	1	1	216	0	42
chr7	112839481	112841887	1	1	1	6	1	41
chr7	112839481	112842039	1	1	1	182	1	41
chr7	112839481	112856052	1	1	1	1	0	12
chr7	112839481	112856797	1	1	1	30	0	41
chr7	112839481	112856803	1	1	0	2	0	43
chr7	112841906	112842057	1	1	0	0	1	18
chr7	112841951	112856052	1	1	1	1	0	12
chr7	112842103	112856052	1	1	1	17	0	13
chr7	112842103	112856797	1	1	1	177	1	45
chr7	112856065	112856797	1	1	1	16	0	12
chr7	127980247	127981190	1	1	1	23	0	30
chr7	127981292	127981410	1	1	1	19	0	33
chr7	144861833	144862231	1	1	1	1752	4	38
chr7	144861837	144862231	1	1	0	3	0	32
chr7	144862267	144862764	1	1	0	5	0	35
chr7	144862336	144862764	1	1	1	1728	4	44
chr7	144862377	144862764	1	1	0	1	0	37
chr8	25532429	25555507	1	1	1	1	0	44
chr8	25532429	25557730	1	1	1	2	0	44
chr8	25555775	25557730	1	1	1	4	0	37
chr8	72219861	72219940	1	1	1	4	0	30
chr8	95100453	95100646	2	2	1	339	0	31
chr8	95100453	95101408	2	2	0	624	0	46
chr8	95100674	95101408	2	2	1	339	0	42
chr8	123268550	123268744	2	2	1	97	0	46
chr9	43027296	43040539	2	2	1	27	0	38
chr9	43027296	43042590	2	2	1	295	0	46
chr9	43040597	43042590	2	2	1	27	0	45
chr9	59436916	59454401	2	2	1	1	0	13
chr9	59454470	59485978	2	2	1	1	0	8
chr9	80093642	80098885	1	1	1	1421	1	26
chr9	80093642	80098892	1	1	0	15	0	14
chr9	80093642	80103693	1	1	1	8053	2	45
chr9	80093642	80103698	1	1	0	4	0	44
chr9	80098907	80099016	1	1	0	3	0	21
chr9	80098907	80103693	1	1	1	1433	1	23
chr9	80098907	80103698	1	1	0	1	0	21
chr9	80099049	80103693	1	1	0	3	0	37
chr9	114597607	114597794	2	2	1	335	0	38
chr9	114597607	114598704	2	2	0	415	0	43
chr9	114597831	114598704	2	2	1	334	0	36
chr11	26541984	26787397	2	2	0	4	0	12
chr11	26778879	26787397	2	2	0	0	2	13
chr11	78233684	78245547	2	2	1	2	0	41
chr11	79458907	79463232	1	1	1	23	0	42
chr11	79458907	79468716	1	1	1	49	0	43
chr11	79463296	79468716	1	1	1	22	0	39
chr11	83497297	83497893	1	1	1	5	0	33
chr11	83497927	83499072	1	1	1	5	0	33
chr11	94112147	94113262	1	1	1	19	0	21
chr11	94112147	94114172	1	1	1	247	0	32
chr11	94113302	94114172	1	1	1	19	0	39
chr11	100479298	100481376	2	2	1	1	0	30
chr11	100481848	100482144	2	2	1	1	0	35
chr11	102310577	102310925	2	2	1	95	0	43
chr11	102310577	102311379	2	2	1	286	0	45
chr11	102311037	102311379	2	2	1	98	0	45
chr12	71952560	71959805	1	1	1	232	0	45
chr12	71959913	71971093	1	1	1	1	0	21
chr12	83811361	83825258	2	2	1	187	0	33
chr12	83811361	83831921	2	2	1	150	1	41
chr12	83825292	83831921	2	2	1	187	0	34
chr12	113133338	113133495	1	1	0	5	0	43
chr12	113133338	113133540	1	1	1	231	0	38
chr12	113133338	113135796	1	1	1	844	0	29
chr12	113133577	113135796	1	1	1	224	0	29
chr13	46778990	46785245	2	2	0	1	0	44
chr13	46778994	46780625	2	2	1	556	1	41
chr13	46778994	46785245	2	2	1	2815	8	49
chr13	46780665	46785245	2	2	1	558	1	39
chr13	56084286	56089757	2	2	1	12	0	40
chr13	56089858	56096123	2	2	1	11	0	38
chr14	57643224	57643334	2	2	1	1	0	39
chr14	57643224	57648418	2	2	1	172	0	47
chr14	57643490	57648418	2	2	1	1	0	38
chr14	120389164	120395711	1	1	1	457	1	39
chr14	120389164	120395717	1	1	0	2	0	38
chr14	120389164	120396450	1	1	1	89	0	48
chr14	120395766	120396450	1	1	1	469	1	48
chr15	77102940	77105576	2	2	1	149	0	41
chr15	77102940	77113604	2	2	1	16	0	48
chr15	77105670	77113604	2	2	1	151	0	48
chr16	57178021	57181491	2	2	1	31	0	43
chr16	57178021	57182850	2	2	1	1119	1	44
chr16	57181537	57182850	2	2	1	31	0	33
chr16	94686604	94691580	1	1	1	1	0	45
chr16	95361327	95368651	2	2	1	1	0	23
chr17	12979205	13846588	1	1	0	25	0	12
chr17	13846640	13848354	1	1	1	477	1	21
chr17	13846640	13849107	1	1	1	12625	16	45
chr17	13846640	13849113	1	1	0	75	0	48
chr17	13848376	13849107	1	1	1	474	1	26
chr17	13848376	13849113	1	1	0	3	0	21
chr17	45570567	45570665	2	2	1	657	3	42
chr17	45570800	45571017	2	2	1	699	1	24
chr17	56578845	56578920	2	2	1	1	0	31
chr17	56578986	56582983	2	2	1	1	0	42
chr18	10726534	10740982	1	1	1	1	0	15
chr18	53948155	53948644	1	1	1	1635	2	33
chr18	53948155	53949213	1	1	0	1	0	37
chr18	53948155	53953244	1	1	1	12463	9	45
chr18	53948669	53953244	1	1	1	1631	2	24
chr18	53948673	53953244	1	1	0	1	0	28
chr18	53949263	53953244	1	1	0	1	0	37
chr19	7281256	7281797	2	4	1	194	0	39
chr19	7281256	7282725	2	2	1	467	0	35
chr19	7281960	7282725	2	2	1	202	0	36
