chr1	34295537	34296741	1	1	1	73	0	18
chr1	34295537	34299720	1	1	1	23	0	38
chr1	34296760	34299720	1	1	1	73	0	19
chr1	40010678	40011649	1	1	1	59	0	21
chr1	40010678	40011811	1	1	0	1	0	21
chr1	40010678	40014105	1	1	1	41	0	32
chr1	40011842	40014105	1	1	1	58	0	38
chr1	82735508	82741817	1	1	1	1	0	40
chr1	82735508	82747082	1	1	1	1	0	40
chr1	82735508	82750519	1	1	1	58	0	40
chr1	82747143	82750519	1	1	1	2	0	38
chr2	32292216	32293314	1	1	1	17	0	43
chr2	32292216	32296625	1	1	1	101	0	43
chr2	32293396	32296625	1	1	1	17	0	38
chr2	59926161	59932104	2	2	1	1	0	34
chr2	59932171	59933405	2	2	0	57	0	37
chr2	59932171	59933411	2	2	1	361	1	31
chr2	59932171	59933670	2	2	1	1	0	38
chr2	59933439	59933670	2	2	1	413	1	30
chr2	71849507	71853533	1	1	1	717	0	43
chr2	71849507	71853875	1	1	0	1	0	15
chr2	71849507	71853890	1	1	0	1	0	39
chr2	71849507	71855853	1	1	1	2056	2	45
chr2	71853664	71855853	1	1	1	740	0	43
chr2	71853891	71855853	1	1	0	1	0	15
chr2	71853948	71855853	1	1	0	1	0	40
chr2	75662926	75663570	1	1	1	5	0	27
chr2	91001089	91001461	1	1	1	582	0	34
chr2	91001089	91003299	1	1	0	6	1	33
chr2	91001511	91003210	1	1	1	576	0	25
chr2	91001511	91003299	1	1	0	3	0	46
chr2	91003238	91003810	1	1	0	2	0	27
chr2	91003346	91003810	1	1	1	7	0	36
chr2	91159300	91162027	2	2	0	2	0	41
chr2	91159306	91160316	2	2	1	173	0	47
chr2	91159306	91162027	2	2	1	373	0	47
chr2	91160371	91162027	2	2	1	171	0	40
chr2	91681696	91682025	2	2	1	1	0	50
chr2	91681696	91684668	2	2	1	200	0	50
chr2	91681831	91684668	2	2	0	1	0	33
chr2	91682110	91684668	2	2	0	1	0	38
chr2	153670448	153672215	1	1	1	1	0	50
chr3	60613521	60614682	1	1	1	995	0	44
chr3	60613521	60614688	1	1	0	1	0	44
chr3	60613521	60615619	1	1	1	943	1	45
chr3	60614737	60615619	1	1	1	996	0	40
chr3	87733505	87734423	1	1	1	12	0	39
chr3	87733505	87735344	1	1	0	7	0	39
chr3	87734553	87735344	1	1	1	12	0	37
chr3	88483947	88484046	2	2	1	526	1	38
chr3	88483947	88484614	2	2	0	2	0	38
chr3	88484155	88484614	2	2	1	518	1	42
chr3	119724187	119724611	2	2	1	5020	4	34
chr3	119724187	119726065	2	2	1	7	0	29
chr3	119724646	119726065	2	2	1	5122	5	38
chr3	119726221	119740314	2	2	1	1	0	40
chr4	31992517	31994873	1	1	1	196	0	39
chr4	31992517	32002088	1	1	1	2956	6	49
chr4	31994955	32002088	1	1	1	195	0	49
chr4	107009769	107027216	1	1	1	8	0	39
chr4	107009769	107028192	1	1	1	100	0	43
chr4	107027298	107028192	1	1	1	9	0	41
chr5	23565266	23616326	2	2	1	520	1	49
chr5	72958287	72965803	1	1	1	1	0	37
chr5	72958287	72974530	1	1	1	89	0	42
chr5	72965882	72974530	1	1	1	1	0	41
chr5	116482537	116513708	2	2	0	1	0	50
chr5	116482537	116591333	2	2	1	867	6	50
chr5	143098506	143112898	2	2	1	1	0	30
chr5	149184807	149185484	1	1	1	1	0	43
chr5	149184807	149187707	1	1	1	28	0	44
chr5	149184807	149188344	1	1	1	551	0	44
chr5	149185662	149188344	1	1	0	1	0	39
chr5	149187835	149188344	1	1	1	3	0	39
chr5	149187877	149188344	1	1	1	25	0	40
chr6	47577668	47594893	2	2	1	2	0	39
chr6	98939789	98941535	2	2	1	153	0	45
chr6	98939789	98944618	2	2	0	12	0	45
chr6	98941658	98944618	2	2	1	148	0	37
chr6	125162102	125162211	2	2	1	275	8	36
chr6	128371086	128371967	1	1	1	2583	0	42
chr6	128371086	128371980	1	1	0	1	0	32
chr6	128371086	128372530	1	1	1	4	0	49
chr6	128371086	128372533	1	1	1	14	0	46
chr6	128372013	128372504	1	1	0	13	0	26
chr6	128372013	128372509	1	1	0	8	0	31
chr6	128372013	128372530	1	1	1	284	0	49
chr6	128372013	128372533	1	1	1	2244	0	46
chr6	128372013	128372536	1	1	0	6	0	43
chr6	128372018	128372530	1	1	0	2	0	49
chr6	128372018	128372533	1	1	0	30	0	46
chr7	25724845	25725923	2	2	1	2	0	41
chr7	67240441	67244520	2	2	1	78	0	24
chr7	67240441	67251656	2	2	1	768	1	44
chr7	67244545	67251656	2	2	1	78	0	24
chr7	101288340	102001612	1	3	0	4	0	12
chr7	102001660	102002294	1	1	1	1009	0	44
chr7	102001660	102007485	1	1	1	426	1	48
chr7	102002337	102007485	1	1	1	1020	0	40
chr7	112839481	112841887	1	1	1	5	0	41
chr7	112839481	112842039	1	1	1	94	0	41
chr7	112839481	112856052	1	1	1	7	0	12
chr7	112839481	112856797	1	1	1	6	0	41
chr7	112841951	112856052	1	1	1	3	0	12
chr7	112842103	112856052	1	1	1	92	0	12
chr7	112842103	112856797	1	1	1	3	0	37
chr7	112856065	112856797	1	1	1	103	0	14
chr7	127974435	127975887	1	1	1	1	0	24
chr7	127975921	127977217	1	1	1	1	0	17
chr7	127980247	127981190	1	1	1	9	0	18
chr7	127981292	127981410	1	1	1	9	0	6
chr8	25532429	25557730	1	1	1	4	0	44
chr8	95100453	95100646	2	2	1	741	0	31
chr8	95100453	95101408	2	2	0	85	0	46
chr8	95100674	95101408	2	2	1	741	0	42
chr8	121628690	121651724	2	2	1	2	0	39
chr8	123268550	123268744	2	2	1	253	0	47
chr9	43027296	43040539	2	2	1	87	0	39
chr9	43027296	43042590	2	2	1	126	0	46
chr9	43040597	43042590	2	2	1	86	0	46
chr9	80093642	80098885	1	1	1	6033	7	30
chr9	80093642	80098892	1	1	0	152	0	15
chr9	80093642	80103693	1	1	1	213	0	45
chr9	80098907	80099229	1	1	0	1	0	21
chr9	80098907	80101831	1	1	0	1	0	21
chr9	80098907	80103693	1	1	1	6187	7	29
chr9	80098907	80103698	1	1	0	2	0	21
chr9	80099305	80103693	1	1	0	1	0	37
chr9	80101891	80103693	1	1	0	1	0	37
chr9	114597607	114597790	2	2	0	1	0	40
chr9	114597607	114597794	2	2	1	391	0	38
chr9	114597607	114598704	2	2	0	5	0	40
chr9	114597825	114598704	2	2	0	8	0	30
chr9	114597831	114598704	2	2	1	381	0	38
chr11	78233684	78245547	2	2	1	1	0	18
chr11	79458907	79463232	1	1	1	10	0	42
chr11	79458907	79468716	1	1	1	163	0	42
chr11	79463296	79468716	1	1	1	10	0	38
chr11	94112147	94113262	1	1	1	79	0	21
chr11	94112147	94114172	1	1	1	252	0	32
chr11	94113302	94114172	1	1	1	82	0	39
chr11	100481848	100482144	2	2	1	1	0	39
chr11	102310577	102310925	2	2	1	58	0	42
chr11	102310577	102311379	2	2	1	703	1	45
chr11	102311037	102311379	2	2	1	57	0	45
chr12	71952560	71958746	1	1	1	49	0	27
chr12	71952560	71959805	1	1	1	37	0	43
chr12	71958774	71959805	1	1	1	49	0	27
chr12	83811361	83825258	2	2	1	51	0	33
chr12	83811361	83831921	2	2	1	303	0	41
chr12	83825292	83831921	2	2	1	51	0	33
chr12	112928622	113133308	1	1	0	0	6	13
chr12	113133338	113133495	1	1	0	94	11	44
chr12	113133338	113133540	1	1	1	1369	42	42
chr12	113133338	113135796	1	1	1	15	0	29
chr12	113133577	113134761	1	1	0	2	0	21
chr12	113133577	113134800	1	1	0	15	0	12
chr12	113133577	113135796	1	1	1	1403	53	29
chr12	113134813	113135796	1	1	0	17	0	29
chr13	46778994	46780625	2	2	1	401	0	41
chr13	46778994	46785245	2	2	1	1867	6	46
chr13	46780665	46785245	2	2	1	403	0	40
chr13	56084286	56089757	2	2	1	33	0	41
chr13	56084286	56096123	2	2	0	1	0	40
chr13	56089858	56096123	2	2	1	32	0	39
chr14	57643224	57643334	2	2	1	3	0	39
chr14	57643224	57648418	2	2	1	130	0	47
chr14	57643490	57648418	2	2	1	3	0	38
chr14	120389164	120395711	1	1	1	219	1	39
chr14	120389164	120395717	1	1	0	1	0	38
chr14	120389164	120396450	1	1	1	482	2	48
chr14	120395766	120396450	1	1	1	223	1	48
chr15	77102940	77105576	2	2	1	181	0	42
chr15	77102940	77112712	2	2	0	1	0	40
chr15	77102940	77113604	2	2	1	8	0	44
chr15	77105670	77113604	2	2	1	181	0	48
chr15	77112788	77113604	2	2	0	1	0	44
chr15	103242719	103242921	1	1	1	0	1	33
chr15	103243081	103243624	1	1	1	0	1	4
chr16	57178021	57181491	2	2	1	331	0	44
chr16	57178021	57182850	2	2	1	122	0	44
chr16	57181507	57182850	2	2	0	1	0	15
chr16	57181537	57182850	2	2	1	327	0	34
chr16	84831503	84834808	2	2	0	1	0	44
chr17	12979205	13846588	1	1	0	23	2	12
chr17	13846640	13848354	1	1	1	4204	14	22
chr17	13846640	13849107	1	1	1	3479	9	48
chr17	13846640	13849113	1	1	0	19	0	47
chr17	13848376	13849107	1	1	1	4187	14	29
chr17	13848376	13849113	1	1	0	4	0	21
chr17	45570567	45570665	2	2	1	472	3	42
chr17	45570800	45571017	2	2	1	540	2	21
chr17	56578845	56578920	2	2	1	1	0	18
chr17	56578986	56582983	2	2	1	1	0	42
chr18	10726534	10740982	1	1	1	2	0	15
chr18	53948155	53948644	1	1	1	11021	15	33
chr18	53948155	53953244	1	1	1	1934	3	44
chr18	53948167	53953244	1	1	0	3	0	37
chr18	53948666	53953244	1	1	0	4	0	21
chr18	53948669	53953244	1	1	1	11001	14	37
chr18	53948673	53953244	1	1	0	1	0	28
chr19	7281256	7281797	2	4	1	158	0	41
chr19	7281256	7282725	2	2	1	1162	0	36
chr19	7281960	7282725	2	2	1	162	0	36
KV575235.1	147143	149353	1	1	0	0	1	33
