chr1	34295537	34296741	1	1	1	105	0	18
chr1	34295537	34299720	1	1	1	59	0	39
chr1	34296760	34299720	1	1	1	105	0	19
chr1	40010678	40011649	1	1	1	131	0	28
chr1	40010678	40011783	1	1	0	1	0	21
chr1	40010678	40011811	1	1	0	1	0	21
chr1	40010678	40014105	1	1	1	52	1	32
chr1	40011842	40014105	1	1	1	130	0	37
chr1	58558058	58565856	2	2	1	1	0	3
chr1	58565955	58586211	2	2	1	1	0	49
chr1	82735508	82741817	1	1	1	3	0	40
chr1	82735508	82747082	1	1	1	1	0	40
chr1	82735508	82750519	1	1	1	82	0	41
chr1	82747143	82750519	1	1	1	2	0	38
chr2	32292216	32293314	1	1	1	13	0	43
chr2	32292216	32296625	1	1	1	146	0	44
chr2	32293396	32296625	1	1	1	13	0	38
chr2	59932171	59933405	2	2	0	66	0	37
chr2	59932171	59933411	2	2	1	372	0	31
chr2	59932171	59933670	2	2	1	3	0	38
chr2	59933439	59933670	2	2	1	430	0	32
chr2	71849507	71853533	1	1	1	734	1	43
chr2	71849507	71855853	1	1	1	4971	7	44
chr2	71849507	71855868	1	1	0	9	0	46
chr2	71853664	71855853	1	1	1	754	1	41
chr2	75662926	75663570	1	1	1	8	0	39
chr2	91001089	91001461	1	1	1	928	1	34
chr2	91001089	91003299	1	1	0	4	0	33
chr2	91001511	91003210	1	1	1	920	1	25
chr2	91001511	91003299	1	1	0	1	0	46
chr2	91003238	91003810	1	1	0	3	0	27
chr2	91003346	91003810	1	1	1	27	0	36
chr2	91159300	91162027	2	2	0	2	0	41
chr2	91159306	91160316	2	2	1	260	0	47
chr2	91159306	91162027	2	2	1	582	0	47
chr2	91160371	91162027	2	2	1	260	0	39
chr2	91681696	91684668	2	2	1	254	1	50
chr2	153670448	153672215	1	1	1	3	0	50
chr3	60422418	60613472	1	1	0	0	4	15
chr3	60613521	60614682	1	1	1	2265	6	46
chr3	60613521	60614688	1	1	0	2	0	38
chr3	60613521	60615619	1	1	1	1225	4	49
chr3	60614737	60615619	1	1	1	2265	6	43
chr3	87733505	87734423	1	1	1	18	0	39
chr3	87733505	87735344	1	1	0	8	0	39
chr3	87734553	87735344	1	1	1	18	0	37
chr3	88483947	88484046	2	2	1	261	1	38
chr3	88483947	88484614	2	2	0	3	0	38
chr3	88484155	88484614	2	2	1	260	1	39
chr3	119724187	119724611	2	2	1	7619	2	34
chr3	119724187	119726065	2	2	1	28	0	29
chr3	119724646	119726065	2	2	1	7823	4	38
chr3	119726116	120643502	2	2	0	4	0	13
chr4	31992517	31994873	1	1	1	262	0	40
chr4	31992517	32002088	1	1	1	3355	6	50
chr4	31994955	32002088	1	1	1	259	0	49
chr4	107009769	107027216	1	1	1	36	0	39
chr4	107009769	107028192	1	1	1	156	0	42
chr4	107027298	107028192	1	1	1	39	0	41
chr5	23565266	23576311	2	2	0	1	0	37
chr5	23565266	23610849	2	2	0	1	0	37
chr5	23565266	23616326	2	2	1	1528	4	46
chr5	23565266	23675719	2	2	1	1	0	42
chr5	23576386	23616326	2	2	0	1	0	38
chr5	23610909	23616326	2	2	0	1	0	45
chr5	23615795	23616326	2	2	0	1	0	45
chr5	72958287	72974530	1	1	1	155	0	45
chr5	116477146	116482389	2	2	1	2	0	33
chr5	116482532	116591333	2	2	0	3	0	45
chr5	116482537	116591333	2	2	1	972	4	50
chr5	121134147	121134735	2	2	1	1	0	35
chr5	149184807	149187707	1	1	1	12	0	45
chr5	149184807	149188344	1	1	1	1032	6	45
chr5	149187835	149188344	1	1	1	2	0	39
chr5	149187877	149188344	1	1	1	10	0	39
chr6	47577668	47594893	2	2	1	2	0	35
chr6	98939789	98940994	2	2	1	1	0	45
chr6	98939789	98941535	2	2	1	258	0	46
chr6	98939789	98944618	2	2	0	7	0	46
chr6	98941165	98944618	2	2	0	1	0	36
chr6	98941658	98944618	2	2	1	251	1	37
chr6	125162102	125162211	2	2	1	342	12	36
chr6	128371086	128371967	1	1	1	5267	3	44
chr6	128371086	128372530	1	1	1	7	0	49
chr6	128371086	128372533	1	1	1	20	0	46
chr6	128372013	128372504	1	1	0	23	0	26
chr6	128372013	128372509	1	1	0	7	0	31
chr6	128372013	128372530	1	1	1	632	1	49
chr6	128372013	128372533	1	1	1	4544	2	46
chr6	128372013	128372536	1	1	0	2	0	43
chr6	128372013	128372539	1	1	0	1	0	40
chr6	128372018	128372530	1	1	0	4	0	49
chr6	128372018	128372533	1	1	0	55	0	46
chr7	67240441	67244520	2	2	1	193	0	28
chr7	67240441	67251656	2	2	1	1724	0	44
chr7	67244545	67251656	2	2	1	193	0	24
chr7	102001660	102002294	1	1	1	1431	2	43
chr7	102001660	102007485	1	1	1	907	0	43
chr7	102001665	102002300	1	1	0	0	1	36
chr7	102002337	102007485	1	1	1	1435	2	42
chr7	102003812	102007485	1	1	0	2	0	38
chr7	112839481	112841887	1	1	1	4	2	41
chr7	112839481	112842039	1	1	1	146	3	41
chr7	112839481	112856052	1	1	1	5	0	12
chr7	112839481	112856797	1	1	1	5	0	41
chr7	112841906	112842057	1	1	0	0	2	18
chr7	112841951	112856052	1	1	1	1	0	12
chr7	112842103	112856052	1	1	1	136	2	12
chr7	112842103	112856797	1	1	1	10	1	45
chr7	112856065	112856797	1	1	1	146	2	14
chr7	127974435	127975887	1	1	1	1	0	29
chr7	127975921	127977217	1	1	1	1	0	27
chr7	127980247	127981190	1	1	1	12	0	5
chr7	127981292	127981410	1	1	1	13	0	6
chr8	25532429	25555507	1	1	1	1	0	37
chr8	25532429	25557730	1	1	1	2	0	44
chr8	25555775	25557730	1	1	1	1	0	37
chr8	91688606	91932332	1	1	0	9	1	13
chr8	95100453	95100646	2	2	1	847	2	31
chr8	95100453	95101408	2	2	0	310	0	46
chr8	95100674	95101408	2	2	1	847	2	42
chr8	95101447	95139983	2	2	0	0	1	15
chr8	123268550	123268744	2	2	1	192	0	47
chr9	43027296	43040539	2	2	1	172	0	39
chr9	43027296	43042590	2	2	1	248	0	45
chr9	43040593	43042590	2	2	0	4	0	43
chr9	43040597	43042590	2	2	1	168	0	45
chr9	47813946	47818733	1	1	1	1	0	35
chr9	67921016	67921839	1	1	1	1	0	40
chr9	80093642	80098885	1	1	1	9639	6	26
chr9	80093642	80098892	1	1	0	219	0	14
chr9	80093642	80103693	1	1	1	493	1	45
chr9	80098907	80099229	1	1	0	1	0	21
chr9	80098907	80103693	1	1	1	9857	6	37
chr9	80098907	80103698	1	1	0	4	0	21
chr9	80099337	80103693	1	1	0	1	0	37
chr9	80103747	80112190	1	1	0	1	0	12
chr9	80103765	80111310	1	1	1	1	0	22
chr9	107779649	107782609	2	2	1	1	0	10
chr9	114597607	114597794	2	2	1	602	1	38
chr9	114597607	114598704	2	2	0	35	0	42
chr9	114597825	114598704	2	2	0	7	0	30
chr9	114597831	114598704	2	2	1	595	1	39
chr11	79458907	79463232	1	1	1	11	0	42
chr11	79458907	79468716	1	1	1	237	0	43
chr11	79463296	79468716	1	1	1	11	0	38
chr11	83497297	83497893	1	1	1	1	0	33
chr11	83497927	83499072	1	1	1	1	0	33
chr11	94112147	94113262	1	1	1	68	0	23
chr11	94112147	94114172	1	1	1	414	1	32
chr11	94113302	94114172	1	1	1	71	0	39
chr11	100481848	100482144	2	2	1	1	0	39
chr11	102310577	102310925	2	2	1	75	0	44
chr11	102310577	102311379	2	2	1	918	1	46
chr11	102311037	102311379	2	2	1	75	0	45
chr12	71952560	71958746	1	1	1	65	0	27
chr12	71952560	71959805	1	1	1	69	0	43
chr12	71958774	71959805	1	1	1	65	0	27
chr12	83811361	83825258	2	2	1	66	0	37
chr12	83811361	83831921	2	2	1	620	1	41
chr12	83825292	83831921	2	2	1	65	0	33
chr12	83825334	83831921	2	2	0	1	0	38
chr12	112928622	113133308	1	1	0	2	2	13
chr12	113133338	113133495	1	1	0	173	16	44
chr12	113133338	113133540	1	1	1	3058	81	43
chr12	113133338	113135796	1	1	1	54	0	29
chr12	113133577	113134186	1	1	0	1	0	16
chr12	113133577	113134761	1	1	0	1	0	21
chr12	113133577	113134800	1	1	0	23	0	14
chr12	113133577	113135796	1	1	1	3100	96	30
chr12	113134231	113134800	1	1	0	1	0	12
chr12	113134813	113135796	1	1	0	24	0	29
chr13	46778990	46785245	2	2	0	3	0	44
chr13	46778994	46780545	2	2	0	2	0	40
chr13	46778994	46780625	2	2	1	536	1	41
chr13	46778994	46785245	2	2	1	2950	6	45
chr13	46780663	46785245	2	2	0	1	0	37
chr13	46780665	46785245	2	2	1	535	1	39
chr13	56084286	56089757	2	2	1	75	0	40
chr13	56084286	56096123	2	2	0	4	0	40
chr13	56089858	56096123	2	2	1	77	0	41
chr14	57643224	57643334	2	2	1	2	0	39
chr14	57643224	57648418	2	2	1	162	0	47
chr14	57643490	57648418	2	2	1	2	0	38
chr14	120389164	120395711	1	1	1	265	1	39
chr14	120389164	120396450	1	1	1	353	0	48
chr14	120395766	120396450	1	1	1	277	1	48
chr15	77102940	77105576	2	2	1	315	0	41
chr15	77102940	77113604	2	2	1	14	0	48
chr15	77105641	77113604	2	2	0	1	0	44
chr15	77105670	77113604	2	2	1	314	0	48
chr15	103242719	103243624	1	1	1	0	2	33
chr16	57178021	57181491	2	2	1	392	3	45
chr16	57178021	57182850	2	2	1	310	0	44
chr16	57181537	57182850	2	2	1	392	3	37
chr17	12979205	13846588	1	1	0	81	2	12
chr17	13846613	13848354	1	1	0	8	0	21
chr17	13846640	13848354	1	1	1	4053	5	24
chr17	13846640	13848358	1	1	0	1	0	17
chr17	13846640	13848361	1	1	0	2	0	14
chr17	13846640	13849107	1	1	1	6949	9	46
chr17	13846640	13849113	1	1	0	8	0	47
chr17	13848376	13849107	1	1	1	4062	5	29
chr17	13848376	13849113	1	1	0	2	0	21
chr17	45570567	45570665	2	2	1	970	5	42
chr17	45570800	45571017	2	2	1	1028	2	23
chr18	53948155	53948381	1	1	0	2	0	39
chr18	53948155	53948644	1	1	1	15163	11	29
chr18	53948155	53948651	1	1	0	2	0	17
chr18	53948155	53953244	1	1	1	3170	2	45
chr18	53948447	53953244	1	1	0	2	0	37
chr18	53948666	53953244	1	1	0	7	0	21
chr18	53948669	53949213	1	1	0	2	0	15
chr18	53948669	53953244	1	1	1	15140	11	38
chr18	53948669	53953268	1	1	0	2	0	24
chr18	53949263	53953244	1	1	0	2	0	37
chr19	7281251	7281791	2	2	0	1	0	43
chr19	7281251	7282725	2	2	0	1	0	26
chr19	7281256	7281797	2	4	1	318	0	39
chr19	7281256	7282725	2	2	1	1692	0	36
chr19	7281960	7282725	2	2	1	335	0	33
