chr1	34295537	34296741	1	1	1	53	0	18
chr1	34295537	34299720	1	1	1	11	0	38
chr1	34296760	34299720	1	1	1	53	0	18
chr1	40010678	40011649	1	1	1	100	0	22
chr1	40010678	40011787	1	1	0	1	0	21
chr1	40010678	40011811	1	1	0	1	0	21
chr1	40010678	40014105	1	1	1	33	3	32
chr1	40011842	40014105	1	1	1	101	0	37
chr1	82735508	82747082	1	1	1	2	0	40
chr1	82735508	82750519	1	1	1	50	0	43
chr1	82747143	82750519	1	1	1	2	0	38
chr2	32194997	32199000	1	1	1	1	0	37
chr2	32292216	32293314	1	1	1	8	0	44
chr2	32292216	32296625	1	1	1	80	0	43
chr2	32293396	32296625	1	1	1	8	0	38
chr2	59926161	59932104	2	2	1	2	0	23
chr2	59932171	59933405	2	2	0	38	0	33
chr2	59932171	59933411	2	2	1	333	0	31
chr2	59932171	59933670	2	2	1	3	0	28
chr2	59933439	59933670	2	2	1	359	0	30
chr2	71849507	71853533	1	1	1	649	1	40
chr2	71849507	71853890	1	1	0	2	0	39
chr2	71849507	71855853	1	1	1	2993	1	44
chr2	71853664	71855853	1	1	1	679	1	41
chr2	71853948	71855853	1	1	0	2	0	40
chr2	91001089	91001461	1	1	1	584	0	24
chr2	91001089	91003299	1	1	0	1	0	33
chr2	91001511	91003210	1	1	1	578	0	25
chr2	91001511	91003299	1	1	0	1	0	46
chr2	91003238	91003810	1	1	0	3	0	27
chr2	91003346	91003810	1	1	1	17	0	36
chr2	91159306	91160316	2	2	1	170	1	47
chr2	91159306	91162027	2	2	1	340	0	47
chr2	91160371	91162027	2	2	1	170	1	39
chr2	91681696	91682025	2	2	1	1	0	50
chr2	91681696	91684668	2	2	1	197	0	50
chr2	91682110	91684668	2	2	0	1	0	38
chr2	153670448	153672215	1	1	1	2	0	50
chr3	60422418	60613472	1	1	0	0	4	15
chr3	60613521	60614682	1	1	1	1439	3	45
chr3	60613521	60614688	1	1	0	1	0	42
chr3	60613521	60615619	1	1	1	1359	4	45
chr3	60614737	60615619	1	1	1	1435	3	39
chr3	78904652	78918022	2	2	0	1	0	12
chr3	87733505	87734423	1	1	1	10	0	39
chr3	87733505	87735344	1	1	0	7	0	39
chr3	87734553	87735344	1	1	1	10	0	37
chr3	88483947	88484046	2	2	1	299	0	38
chr3	88483947	88484055	2	2	0	1	0	37
chr3	88484155	88484614	2	2	1	297	0	40
chr3	119724187	119724611	2	2	1	4988	4	34
chr3	119724187	119726065	2	2	1	17	0	29
chr3	119724646	119726065	2	2	1	5122	5	38
chr3	119726116	119820407	2	2	0	2	0	13
chr4	31992517	31994873	1	1	1	170	0	39
chr4	31992517	32002088	1	1	1	3306	1	49
chr4	31994955	32002088	1	1	1	168	0	49
chr4	107009769	107027216	1	1	1	21	0	38
chr4	107009769	107028192	1	1	1	138	1	43
chr4	107027298	107028192	1	1	1	26	0	41
chr5	23565266	23576311	2	2	0	1	0	37
chr5	23565266	23610849	2	2	0	1	0	37
chr5	23565266	23616326	2	2	1	712	2	46
chr5	23576386	23616326	2	2	0	1	0	45
chr5	23610909	23616326	2	2	0	1	0	45
chr5	72958287	72965803	1	1	1	1	0	37
chr5	72958287	72974530	1	1	1	62	0	41
chr5	72965882	72974530	1	1	1	1	0	41
chr5	116482537	116591333	2	2	1	783	5	50
chr5	149184807	149187707	1	1	1	14	0	43
chr5	149184807	149188344	1	1	1	456	1	45
chr5	149187835	149188344	1	1	1	1	0	39
chr5	149187877	149188344	1	1	1	13	0	39
chr6	47577668	47594893	2	2	1	1	0	34
chr6	98939789	98941535	2	2	1	126	0	47
chr6	98939789	98944618	2	2	0	27	0	45
chr6	98941658	98944618	2	2	1	126	0	37
chr6	125162102	125162211	2	2	1	253	7	43
chr6	128371086	128371967	1	1	1	2472	2	45
chr6	128371086	128372530	1	1	1	1	0	49
chr6	128371086	128372533	1	1	1	7	0	46
chr6	128372013	128372278	1	1	0	1	0	27
chr6	128372013	128372504	1	1	0	6	0	26
chr6	128372013	128372509	1	1	0	3	0	31
chr6	128372013	128372530	1	1	1	298	0	47
chr6	128372013	128372533	1	1	1	2129	2	46
chr6	128372013	128372536	1	1	0	1	0	42
chr6	128372018	128372530	1	1	0	3	0	49
chr6	128372018	128372533	1	1	0	31	0	46
chr6	128372306	128372533	1	1	0	1	0	27
chr7	25724845	25725923	2	2	1	2	0	37
chr7	67240441	67244520	2	2	1	180	0	24
chr7	67240441	67251656	2	2	1	1312	3	49
chr7	67244545	67251656	2	2	1	179	0	24
chr7	101288340	102001612	1	3	0	5	0	12
chr7	102001660	102002294	1	1	1	1063	0	42
chr7	102001660	102007485	1	1	1	378	0	45
chr7	102002337	102007485	1	1	1	1062	0	42
chr7	112839481	112841887	1	1	1	4	0	41
chr7	112839481	112842039	1	1	1	93	1	42
chr7	112839481	112856052	1	1	1	5	0	12
chr7	112839481	112856797	1	1	1	3	0	41
chr7	112841951	112856052	1	1	1	1	0	12
chr7	112842103	112856052	1	1	1	92	1	12
chr7	112842103	112856797	1	1	1	1	0	37
chr7	112856065	112856797	1	1	1	101	1	14
chr7	127980247	127981190	1	1	1	13	0	35
chr7	127981292	127981410	1	1	1	15	0	6
chr8	25532429	25555507	1	1	1	1	0	44
chr8	25532429	25557730	1	1	1	2	0	44
chr8	25555775	25557730	1	1	1	1	0	38
chr8	95100453	95100646	2	2	1	658	0	31
chr8	95100453	95101408	2	2	0	160	0	46
chr8	95100674	95101408	2	2	1	658	0	42
chr8	123268550	123268744	2	2	1	146	0	50
chr9	43027296	43040539	2	2	1	82	0	38
chr9	43027296	43042590	2	2	1	75	0	46
chr9	43040597	43042590	2	2	1	80	0	45
chr9	80093642	80098885	1	1	1	6119	4	26
chr9	80093642	80098892	1	1	0	144	0	19
chr9	80093642	80103693	1	1	1	222	0	45
chr9	80098907	80103693	1	1	1	6262	4	24
chr9	80103765	80116531	1	1	1	2	0	30
chr9	114597607	114597794	2	2	1	367	0	38
chr9	114597607	114598704	2	2	0	14	0	41
chr9	114597825	114598704	2	2	0	5	0	30
chr9	114597831	114598704	2	2	1	363	0	36
chr11	79458907	79463232	1	1	1	12	0	42
chr11	79458907	79468716	1	1	1	123	0	42
chr11	79463296	79468716	1	1	1	13	0	39
chr11	94112147	94113262	1	1	1	78	1	22
chr11	94112147	94114172	1	1	1	270	0	32
chr11	94113302	94114172	1	1	1	82	1	39
chr11	102310577	102310925	2	2	1	41	0	42
chr11	102310577	102311379	2	2	1	663	0	46
chr11	102311037	102311379	2	2	1	41	0	45
chr12	71952560	71958746	1	1	1	38	0	27
chr12	71952560	71959805	1	1	1	39	0	45
chr12	71958774	71959805	1	1	1	38	0	27
chr12	83811361	83825258	2	2	1	42	0	37
chr12	83811361	83831921	2	2	1	267	0	41
chr12	83825292	83831921	2	2	1	39	0	33
chr12	83825319	83831921	2	2	0	2	0	38
chr12	83825334	83831921	2	2	0	1	0	38
chr12	113133338	113133495	1	1	0	102	14	43
chr12	113133338	113133540	1	1	1	1848	48	43
chr12	113133338	113134761	1	1	0	1	0	42
chr12	113133338	113135796	1	1	1	10	0	29
chr12	113133577	113134761	1	1	0	1	0	21
chr12	113133577	113134800	1	1	0	9	0	12
chr12	113133577	113135796	1	1	1	1897	61	29
chr12	113134813	113135796	1	1	0	11	0	29
chr13	46778990	46785245	2	2	0	2	0	44
chr13	46778994	46780625	2	2	1	560	1	40
chr13	46778994	46785245	2	2	1	1837	2	46
chr13	46780663	46785245	2	2	0	1	0	37
chr13	46780665	46785245	2	2	1	559	1	40
chr13	56084286	56089757	2	2	1	46	1	40
chr13	56084286	56096123	2	2	0	1	0	40
chr13	56089858	56096123	2	2	1	46	1	41
chr14	57643224	57643334	2	2	1	1	0	7
chr14	57643224	57648418	2	2	1	94	0	41
chr14	57643490	57648418	2	2	1	1	0	38
chr14	120389164	120395711	1	1	1	210	0	39
chr14	120389164	120396450	1	1	1	522	1	48
chr14	120395766	120396450	1	1	1	220	0	48
chr15	77102940	77105576	2	2	1	179	0	42
chr15	77102940	77113604	2	2	1	8	0	48
chr15	77105670	77113604	2	2	1	178	0	48
chr15	103242719	103243624	1	1	1	1	1	36
chr16	57178021	57181491	2	2	1	295	0	44
chr16	57178021	57182850	2	2	1	65	0	44
chr16	57181507	57182850	2	2	0	2	0	15
chr16	57181537	57182850	2	2	1	292	0	37
chr17	12979205	13846588	1	1	0	66	0	12
chr17	13846613	13848354	1	1	0	6	0	21
chr17	13846640	13848354	1	1	1	3429	4	22
chr17	13846640	13848358	1	1	0	3	0	17
chr17	13846640	13849107	1	1	1	4115	4	44
chr17	13846640	13849113	1	1	0	22	0	47
chr17	13848376	13849107	1	1	1	3438	4	41
chr17	13848376	13849113	1	1	0	1	0	21
chr17	45570567	45570665	2	2	1	446	0	37
chr17	45570800	45571017	2	2	1	513	0	21
chr18	53948155	53948644	1	1	1	11739	5	28
chr18	53948155	53953244	1	1	1	1922	3	44
chr18	53948155	53953268	1	1	0	1	0	40
chr18	53948666	53953244	1	1	0	11	0	21
chr18	53948669	53953244	1	1	1	11723	4	37
chr19	7281256	7281797	2	4	1	222	0	39
chr19	7281256	7282725	2	2	1	1246	1	36
chr19	7281960	7282725	2	2	1	228	0	35
chrX	159414893	159443922	1	1	1	1	0	35
