chr1	34295537	34296741	1	1	1	100	0	18
chr1	34295537	34299720	1	1	1	21	0	39
chr1	34296760	34299720	1	1	1	100	0	19
chr1	40010678	40011649	1	1	1	90	0	32
chr1	40010678	40011783	1	1	0	0	1	21
chr1	40010678	40011811	1	1	0	3	0	21
chr1	40010678	40014105	1	1	1	35	1	36
chr1	40011842	40014105	1	1	1	92	1	38
chr1	82735508	82741817	1	1	1	1	0	38
chr1	82735508	82747082	1	1	1	3	0	40
chr1	82735508	82750519	1	1	1	62	0	42
chr1	82741977	82750519	1	1	1	1	0	38
chr1	82747143	82750519	1	1	1	3	0	38
chr2	32292216	32293314	1	1	1	16	0	43
chr2	32292216	32296625	1	1	1	78	0	43
chr2	32293396	32296625	1	1	1	16	0	38
chr2	59926161	59932104	2	2	1	1	0	20
chr2	59932171	59933405	2	2	0	81	0	37
chr2	59932171	59933411	2	2	1	446	0	31
chr2	59932171	59933670	2	2	1	1	0	37
chr2	59933439	59933670	2	2	1	519	0	33
chr2	71849507	71853533	1	1	1	723	2	40
chr2	71849507	71853820	1	1	0	2	0	37
chr2	71849507	71853890	1	1	0	1	0	39
chr2	71849507	71855853	1	1	1	2549	3	44
chr2	71853664	71855853	1	1	1	750	2	42
chr2	71853891	71855853	1	1	0	2	0	40
chr2	71853948	71855853	1	1	0	1	0	40
chr2	75662926	75663570	1	1	1	6	0	40
chr2	91001089	91001461	1	1	1	680	0	27
chr2	91001511	91003210	1	1	1	676	0	25
chr2	91003238	91003810	1	1	0	4	0	27
chr2	91003346	91003810	1	1	1	20	0	36
chr2	91159300	91162027	2	2	0	1	0	41
chr2	91159306	91160316	2	2	1	240	0	47
chr2	91159306	91162027	2	2	1	486	1	47
chr2	91160371	91162027	2	2	1	238	0	39
chr2	91681696	91682025	2	2	1	1	0	50
chr2	91681696	91684668	2	2	1	194	0	50
chr2	153670448	153672215	1	1	1	2	0	50
chr3	60613513	60615612	2	2	0	1	0	30
chr3	60613521	60614682	1	1	1	1121	2	45
chr3	60613521	60615619	1	1	1	1137	1	45
chr3	60614737	60615619	1	1	1	1133	2	41
chr3	87733505	87734423	1	1	1	9	0	39
chr3	87733505	87735344	1	1	0	4	0	39
chr3	87734553	87735344	1	1	1	9	0	37
chr3	88483947	88484046	2	2	1	439	1	38
chr3	88483947	88484614	2	2	0	1	0	38
chr3	88484149	88484614	2	2	0	1	0	38
chr3	88484155	88484614	2	2	1	423	1	40
chr3	119724187	119724611	2	2	1	7418	4	34
chr3	119724187	119726065	2	2	1	10	0	29
chr3	119724646	119726065	2	2	1	7598	4	38
chr3	119726116	119820407	2	2	0	2	0	13
chr4	31992517	31994873	1	1	1	258	0	40
chr4	31992517	32002088	1	1	1	3580	5	49
chr4	31994955	32002088	1	1	1	259	0	49
chr4	107009769	107027216	1	1	1	14	0	39
chr4	107009769	107028192	1	1	1	110	0	41
chr4	107027298	107028192	1	1	1	18	0	41
chr5	23565266	23616326	2	2	1	690	1	46
chr5	72958287	72965803	1	1	1	2	0	37
chr5	72958287	72974530	1	1	1	98	0	42
chr5	72965882	72974530	1	1	1	2	0	41
chr5	116482537	116591333	2	2	1	902	2	50
chr5	149184807	149187707	1	1	1	21	0	43
chr5	149184807	149188344	1	1	1	587	1	44
chr5	149187835	149188344	1	1	1	2	0	39
chr5	149187864	149188344	1	1	0	1	0	39
chr5	149187877	149188344	1	1	1	18	0	39
chr6	47577668	47594893	2	2	1	1	0	26
chr6	98939789	98941535	2	2	1	131	0	46
chr6	98939789	98944618	2	2	0	15	0	45
chr6	98941658	98944618	2	2	1	129	0	36
chr6	125162102	125162211	2	2	1	381	11	37
chr6	128371086	128371967	1	1	1	2881	4	41
chr6	128371086	128371980	1	1	0	1	0	32
chr6	128371086	128372533	1	1	1	5	0	46
chr6	128372013	128372504	1	1	0	19	0	26
chr6	128372013	128372509	1	1	0	6	0	31
chr6	128372013	128372530	1	1	1	353	0	49
chr6	128372013	128372533	1	1	1	2473	4	46
chr6	128372013	128372536	1	1	0	1	0	43
chr6	128372013	128372539	1	1	0	1	0	40
chr6	128372018	128372533	1	1	0	26	0	46
chr7	67240441	67244520	2	2	1	129	0	24
chr7	67240441	67251656	2	2	1	1089	2	44
chr7	67244545	67251656	2	2	1	129	0	24
chr7	102001660	102002294	1	1	1	1360	1	42
chr7	102001660	102007485	1	1	1	451	0	44
chr7	102002337	102007485	1	1	1	1371	1	42
chr7	112839481	112841887	1	1	1	8	0	41
chr7	112839481	112842039	1	1	1	112	1	42
chr7	112839481	112856052	1	1	1	4	0	12
chr7	112839481	112856797	1	1	1	9	0	41
chr7	112842103	112856052	1	1	1	109	0	12
chr7	112842103	112856797	1	1	1	6	1	37
chr7	112856065	112856797	1	1	1	117	0	14
chr7	127980247	127981190	1	1	1	8	0	22
chr7	127981292	127981410	1	1	1	9	0	6
chr8	25532429	25557730	1	1	1	2	0	44
chr8	91688606	91932332	1	1	0	4	0	13
chr8	95100453	95100646	2	2	1	699	0	31
chr8	95100453	95101408	2	2	0	139	0	46
chr8	95100674	95101408	2	2	1	699	0	44
chr8	123268550	123268744	2	2	1	210	0	47
chr9	43027296	43040539	2	2	1	98	0	43
chr9	43027296	43042590	2	2	1	113	0	45
chr9	43040597	43042590	2	2	1	99	0	45
chr9	80093642	80098885	1	1	1	6703	6	26
chr9	80093642	80098892	1	1	0	168	0	19
chr9	80093642	80103693	1	1	1	208	0	45
chr9	80093642	80103698	1	1	0	1	0	44
chr9	80098907	80101831	1	1	0	1	0	21
chr9	80098907	80103693	1	1	1	6869	6	24
chr9	80101891	80103693	1	1	0	2	0	37
chr9	114597607	114597794	2	2	1	419	0	38
chr9	114597607	114598704	2	2	0	20	0	42
chr9	114597825	114598704	2	2	0	1	0	30
chr9	114597831	114598704	2	2	1	418	0	38
chr9	123011638	123013939	1	1	1	1	0	29
chr11	78233684	78245547	2	2	1	1	0	13
chr11	79458907	79463232	1	1	1	17	0	42
chr11	79458907	79468716	1	1	1	166	0	43
chr11	79463296	79468716	1	1	1	15	0	39
chr11	80227333	80233381	1	1	1	1	0	7
chr11	85005929	85006992	2	2	1	2	0	14
chr11	94112147	94113262	1	1	1	93	0	21
chr11	94112147	94114172	1	1	1	290	0	32
chr11	94113302	94114172	1	1	1	97	0	39
chr11	102310577	102310925	2	2	1	37	0	42
chr11	102310577	102311379	2	2	1	728	0	46
chr11	102311037	102311379	2	2	1	37	0	45
chr12	71952560	71958746	1	1	1	53	1	27
chr12	71952560	71959805	1	1	1	36	0	43
chr12	71958774	71959805	1	1	1	53	1	29
chr12	83811361	83811669	2	2	0	2	0	37
chr12	83811361	83825258	2	2	1	47	0	33
chr12	83811361	83831921	2	2	1	341	0	41
chr12	83811744	83831921	2	2	0	1	0	38
chr12	83825292	83831921	2	2	1	47	0	33
chr12	113133338	113133495	1	1	0	114	20	45
chr12	113133338	113133540	1	1	1	1797	57	42
chr12	113133338	113134728	1	1	0	1	0	42
chr12	113133338	113135796	1	1	1	17	0	29
chr12	113133577	113134800	1	1	0	16	0	12
chr12	113133577	113135796	1	1	1	1849	77	29
chr12	113134813	113135796	1	1	0	17	0	29
chr13	46777214	46778893	2	2	1	1	0	9
chr13	46778994	46780625	2	2	1	621	0	43
chr13	46778994	46785245	2	2	1	2252	2	46
chr13	46780665	46785245	2	2	1	618	0	40
chr13	56084286	56089757	2	2	1	58	0	40
chr13	56089858	56096123	2	2	1	56	0	41
chr14	57643224	57643334	2	2	1	2	0	39
chr14	57643224	57648418	2	2	1	99	0	47
chr14	57643490	57648418	2	2	1	2	0	38
chr14	120389164	120395711	1	1	1	193	0	39
chr14	120389164	120396450	1	1	1	552	0	48
chr14	120395766	120396450	1	1	1	198	0	48
chr15	77099493	77102878	2	2	1	1	0	1
chr15	77102940	77105576	2	2	1	203	0	40
chr15	77102940	77113604	2	2	1	12	0	48
chr15	77105670	77113604	2	2	1	199	0	48
chr16	57178021	57181491	2	2	1	320	0	45
chr16	57178021	57182850	2	2	1	88	0	43
chr16	57181507	57182850	2	2	0	1	0	15
chr16	57181537	57182850	2	2	1	319	0	33
chr17	12979205	13846588	1	1	0	37	1	12
chr17	13846613	13849107	1	1	0	1	0	37
chr17	13846640	13848354	1	1	1	4309	8	22
chr17	13846640	13849107	1	1	1	4880	5	45
chr17	13846640	13849113	1	1	0	29	0	47
chr17	13848376	13849107	1	1	1	4279	8	28
chr17	13848376	13849113	1	1	0	25	0	21
chr17	45570567	45570665	2	2	1	393	0	42
chr17	45570800	45571017	2	2	1	446	0	21
chr18	10726534	10740982	1	1	1	1	0	28
chr18	53948155	53948644	1	1	1	11517	12	33
chr18	53948155	53953244	1	1	1	1869	3	44
chr18	53948666	53953244	1	1	0	7	0	21
chr18	53948669	53953244	1	1	1	11502	10	37
chr18	53948673	53953244	1	1	0	2	0	28
chr19	7281251	7281791	2	2	0	1	0	43
chr19	7281256	7281797	2	4	1	180	0	43
chr19	7281256	7282725	2	2	1	1393	0	36
chr19	7281960	7282725	2	2	1	199	0	36
