chr1	34295537	34296741	1	1	1	39	1	18
chr1	34295537	34299720	1	1	1	193	0	39
chr1	34296760	34299720	1	1	1	39	1	19
chr1	40010678	40011649	1	1	1	18	0	21
chr1	40010678	40014105	1	1	1	57	0	32
chr1	40011842	40014105	1	1	1	15	0	37
chr1	82735508	82747082	1	1	1	2	0	40
chr1	82735508	82750519	1	1	1	68	0	42
chr1	82747143	82750519	1	1	1	2	0	38
chr2	32292216	32296625	1	1	1	77	0	44
chr2	59932171	59933405	2	2	0	11	0	33
chr2	59932171	59933411	2	2	1	74	0	27
chr2	59932171	59933670	2	2	1	2	0	38
chr2	59933439	59933670	2	2	1	85	0	30
chr2	71849507	71853533	1	1	1	38	0	40
chr2	71849507	71855853	1	1	1	1832	1	42
chr2	71853664	71855853	1	1	1	39	0	41
chr2	75662926	75663570	1	1	1	9	1	36
chr2	91001089	91001461	1	1	1	486	0	24
chr2	91001089	91003299	1	1	0	7	0	33
chr2	91001511	91003210	1	1	1	482	0	25
chr2	91003238	91003810	1	1	0	1	0	27
chr2	91003346	91003810	1	1	1	14	0	36
chr2	91159300	91162027	2	2	0	1	0	41
chr2	91159306	91160316	2	2	1	3	0	47
chr2	91159306	91162027	2	2	1	171	0	47
chr2	91160371	91162027	2	2	1	3	0	38
chr2	91681696	91684668	2	2	1	633	1	50
chr2	153670448	153670848	1	1	1	44	0	42
chr2	153670866	153672215	1	1	0	2	0	17
chr2	153670909	153672215	1	1	1	42	0	50
chr2	168752741	168754433	2	2	1	12287	9	46
chr3	60613521	60614682	1	1	1	69	0	44
chr3	60613521	60614688	1	1	0	1	0	38
chr3	60613521	60615619	1	1	1	13	0	44
chr3	60614737	60615619	1	1	1	69	0	42
chr3	87733505	87734423	1	1	1	1	0	39
chr3	87733505	87735344	1	1	0	185	0	43
chr3	87734553	87735344	1	1	1	1	0	37
chr3	88483947	88484046	2	2	1	176	0	40
chr3	88484155	88484614	2	2	1	175	0	39
chr3	119724187	119724611	2	2	1	1529	1	34
chr3	119724187	119726065	2	2	1	3	0	29
chr3	119724646	119726065	2	2	1	1555	1	38
chr3	129825617	129826823	2	2	1	1	0	36
chr4	31992517	31994873	1	1	1	1290	2	41
chr4	31992517	32002088	1	1	1	718	0	49
chr4	31994955	32002088	1	1	1	1285	1	50
chr4	107009769	107027216	1	1	1	37	0	39
chr4	107009769	107028192	1	1	1	229	0	45
chr4	107027298	107028192	1	1	1	41	0	41
chr5	23565266	23616326	2	2	1	161	0	46
chr5	28493655	28539334	2	2	0	0	1	13
chr5	34436599	34439310	1	1	1	1	0	21
chr5	72958287	72965803	1	1	1	2	0	40
chr5	72958287	72974530	1	1	1	44	0	41
chr5	72965882	72974530	1	1	1	2	0	41
chr5	149184807	149185484	1	1	1	1	0	42
chr5	149184807	149187707	1	1	1	29	0	43
chr5	149184807	149188344	1	1	1	248	0	44
chr5	149185662	149188344	1	1	0	1	0	39
chr5	149187806	149188344	1	1	0	2	0	39
chr5	149187877	149188344	1	1	1	27	0	39
chr6	47577668	47594893	2	2	1	1	0	38
chr6	72633011	72633215	2	2	1	2	0	6
chr6	72633262	72634099	2	2	1	1	0	34
chr6	72634233	72648800	2	2	1	3249	1	42
chr6	72634233	72649119	2	2	1	7252	4	50
chr6	72648843	72649119	2	2	1	3241	1	42
chr6	98939789	98941535	2	2	1	43	0	45
chr6	98939789	98944618	2	2	0	10	0	46
chr6	98941658	98944618	2	2	1	43	0	36
chr6	120951395	120952374	2	2	1	1	0	31
chr6	125162102	125162211	2	2	1	450	15	37
chr6	128371086	128371967	1	1	1	1720	1	44
chr6	128371086	128372530	1	1	1	108	0	49
chr6	128371086	128372533	1	1	1	834	1	46
chr6	128371086	128372536	1	1	0	4	0	43
chr6	128371086	128372539	1	1	0	3	0	40
chr6	128372013	128372504	1	1	0	5	0	26
chr6	128372013	128372530	1	1	1	217	1	47
chr6	128372013	128372533	1	1	1	1491	0	46
chr6	128372018	128372530	1	1	0	2	0	49
chr6	128372018	128372533	1	1	0	11	0	46
chr7	13289496	13291186	1	1	1	1	0	23
chr7	13291313	13291455	1	1	1	1	0	31
chr7	16342499	16342590	2	2	0	0	1	34
chr7	16342499	16342783	2	2	0	0	1	34
chr7	16342499	16342857	2	2	0	0	1	34
chr7	16342499	16342901	2	2	0	0	1	34
chr7	16342668	16342783	2	2	0	0	1	34
chr7	16342668	16342857	2	2	0	0	1	34
chr7	16342668	16342901	2	2	0	0	1	34
chr7	67240441	67244520	2	2	1	13	0	24
chr7	67240441	67251656	2	2	1	528	0	44
chr7	67244545	67251656	2	2	1	13	0	24
chr7	101288340	102001612	1	3	0	7	0	12
chr7	102001660	102002294	1	1	1	193	0	42
chr7	102001660	102007485	1	1	1	3861	4	45
chr7	102002337	102007485	1	1	1	195	0	38
chr7	112839481	112841887	1	1	1	7	0	41
chr7	112839481	112842039	1	1	1	157	1	49
chr7	112839481	112856797	1	1	1	31	0	41
chr7	112841951	112856797	1	1	0	5	0	37
chr7	112842103	112856052	1	1	1	11	0	12
chr7	112842103	112856797	1	1	1	146	1	42
chr7	112856065	112856797	1	1	1	11	0	12
chr7	127980247	127981190	1	1	1	10	1	5
chr7	127981292	127981410	1	1	1	10	1	6
chr7	144861833	144862231	1	1	1	891	0	39
chr7	144862267	144862764	1	1	0	2	0	35
chr7	144862336	144862764	1	1	1	885	0	44
chr8	25532429	25555507	1	1	1	1	0	44
chr8	25532429	25557730	1	1	1	2	0	44
chr8	25555775	25557730	1	1	1	2	1	38
chr8	46207621	46208397	2	2	1	1	0	31
chr8	95100453	95100646	2	2	1	516	0	46
chr8	95100453	95101408	2	2	0	1058	0	50
chr8	95100674	95101408	2	2	1	509	0	42
chr8	95100700	95101408	2	2	0	7	0	44
chr8	123268550	123268744	2	2	1	105	0	48
chr9	43027296	43029555	2	2	0	1	0	38
chr9	43027296	43040539	2	2	1	10	0	38
chr9	43027296	43042590	2	2	1	233	0	45
chr9	43029615	43042590	2	2	0	1	0	43
chr9	43040597	43042590	2	2	1	10	0	43
chr9	80093642	80098885	1	1	1	1718	0	26
chr9	80093642	80098892	1	1	0	42	0	14
chr9	80093642	80101831	1	1	0	1	0	44
chr9	80093642	80103693	1	1	1	6808	3	45
chr9	80093642	80103698	1	1	0	1	0	44
chr9	80098907	80099016	1	1	0	3	0	21
chr9	80098907	80103693	1	1	1	1758	0	24
chr9	80099049	80103693	1	1	0	3	0	37
chr9	80101891	80103693	1	1	0	1	0	37
chr9	114597607	114597790	2	2	0	1	0	40
chr9	114597607	114597794	2	2	1	228	0	38
chr9	114597607	114598704	2	2	0	231	0	42
chr9	114597825	114598704	2	2	0	1	0	30
chr9	114597831	114598704	2	2	1	228	0	38
chr9	123011638	123013939	1	1	1	1	0	14
chr9	123014013	123014468	1	1	1	1	0	21
chr11	79458907	79463232	1	1	1	29	0	42
chr11	79458907	79468716	1	1	1	42	0	42
chr11	79463296	79468716	1	1	1	29	0	39
chr11	83497297	83497893	1	1	1	3	0	33
chr11	83497927	83499072	1	1	1	3	0	33
chr11	94112147	94113262	1	1	1	17	0	21
chr11	94112147	94114172	1	1	1	275	0	32
chr11	94113302	94114172	1	1	1	17	0	39
chr11	102310577	102310925	2	2	1	82	0	42
chr11	102310577	102311379	2	2	1	286	0	45
chr11	102311037	102311379	2	2	1	82	0	45
chr12	71952560	71959805	1	1	1	249	0	46
chr12	83811361	83825258	2	2	1	192	0	37
chr12	83811361	83831921	2	2	1	172	0	41
chr12	83825292	83831921	2	2	1	191	0	34
chr12	83825319	83831921	2	2	0	2	0	38
chr12	104697145	104700364	2	2	1	1	0	39
chr12	113133338	113133495	1	1	0	9	0	42
chr12	113133338	113133540	1	1	1	299	0	43
chr12	113133338	113135796	1	1	1	865	0	29
chr12	113133571	113135796	1	1	0	1	0	29
chr12	113133577	113135796	1	1	1	281	0	29
chr13	46778990	46785245	2	2	0	4	0	44
chr13	46778994	46780625	2	2	1	719	1	40
chr13	46778994	46785245	2	2	1	2698	4	46
chr13	46780665	46785245	2	2	1	723	1	39
chr13	56084286	56089757	2	2	1	17	0	40
chr13	56089858	56096123	2	2	1	17	0	41
chr14	57643224	57643334	2	2	1	1	0	39
chr14	57643224	57648418	2	2	1	102	0	40
chr14	57643490	57648418	2	2	1	1	0	38
chr14	120389164	120395711	1	1	1	223	0	39
chr14	120389164	120395717	1	1	0	1	0	38
chr14	120389164	120396450	1	1	1	54	1	48
chr14	120395766	120396450	1	1	1	234	0	48
chr15	77102940	77105576	2	2	1	89	0	46
chr15	77102940	77113604	2	2	1	16	0	44
chr15	77105670	77113604	2	2	1	87	0	48
chr16	57178009	57182850	2	2	0	1	0	44
chr16	57178021	57181491	2	2	1	14	0	43
chr16	57178021	57182850	2	2	1	1228	1	44
chr16	57181537	57182850	2	2	1	14	0	33
chr16	84831508	84834808	2	2	1	1	0	44
chr17	12979205	13846588	1	1	0	37	0	12
chr17	13846640	13848354	1	1	1	391	0	21
chr17	13846640	13849107	1	1	1	12859	13	49
chr17	13846640	13849113	1	1	0	61	0	47
chr17	13848376	13849107	1	1	1	387	0	26
chr17	13848376	13849113	1	1	0	5	0	21
chr17	45570567	45570665	2	2	1	422	0	39
chr17	45570800	45571017	2	2	1	425	1	21
chr18	53948155	53948644	1	1	1	1561	0	28
chr18	53948155	53949550	1	1	0	1	0	35
chr18	53948155	53953244	1	1	1	11177	7	45
chr18	53948669	53953244	1	1	1	1557	0	27
chr18	53949588	53953244	1	1	0	1	0	37
chr18	77777689	77778461	1	1	1	1	0	37
chr19	7281256	7281797	2	4	1	102	0	41
chr19	7281256	7282725	2	2	1	300	0	36
chr19	7281960	7282725	2	2	1	106	0	26
