chr1	34295537	34296741	1	1	1	84	0	18
chr1	34295537	34299720	1	1	1	29	0	38
chr1	34296760	34299720	1	1	1	84	0	18
chr1	40010678	40011649	1	1	1	86	0	22
chr1	40010678	40011783	1	1	0	2	0	21
chr1	40010678	40011811	1	1	0	1	0	21
chr1	40010678	40014105	1	1	1	54	5	32
chr1	40011842	40014105	1	1	1	89	0	41
chr1	82735508	82741817	1	1	1	2	0	20
chr1	82735508	82747082	1	1	1	5	0	40
chr1	82735508	82750519	1	1	1	94	0	41
chr1	82747143	82750519	1	1	1	5	0	38
chr2	3489769	3490936	2	2	1	1	0	4
chr2	32292216	32293314	1	1	1	19	0	43
chr2	32292216	32296625	1	1	1	124	0	43
chr2	32293396	32296625	1	1	1	19	0	38
chr2	59932171	59933405	2	2	0	83	0	37
chr2	59932171	59933411	2	2	1	487	0	31
chr2	59932171	59933670	2	2	1	3	0	37
chr2	59933439	59933670	2	2	1	563	0	28
chr2	71849507	71853533	1	1	1	773	3	44
chr2	71849507	71853820	1	1	0	2	0	37
chr2	71849507	71853890	1	1	0	2	0	39
chr2	71849507	71855853	1	1	1	3777	4	44
chr2	71849507	71855868	1	1	0	2	0	46
chr2	71853664	71855853	1	1	1	800	3	41
chr2	71853891	71855853	1	1	0	2	0	40
chr2	71853948	71855853	1	1	0	2	0	40
chr2	75662926	75663570	1	1	1	4	0	27
chr2	91001089	91001461	1	1	1	685	0	24
chr2	91001089	91003299	1	1	0	0	1	33
chr2	91001511	91003210	1	1	1	675	0	25
chr2	91001511	91003299	1	1	0	1	0	46
chr2	91003238	91003810	1	1	0	1	0	27
chr2	91003346	91003810	1	1	1	15	0	36
chr2	91159306	91160316	2	2	1	203	0	47
chr2	91159306	91162027	2	2	1	508	1	47
chr2	91160371	91162027	2	2	1	204	0	39
chr2	91681696	91684668	2	2	1	211	1	50
chr2	153670448	153672215	1	1	1	6	0	50
chr3	60613521	60614682	1	1	1	1286	0	45
chr3	60613521	60615619	1	1	1	1117	4	46
chr3	60614737	60615619	1	1	1	1295	0	42
chr3	87733505	87734423	1	1	1	6	0	39
chr3	87733505	87735344	1	1	0	11	0	39
chr3	87734553	87735344	1	1	1	6	0	37
chr3	88483947	88484046	2	2	1	335	0	39
chr3	88483947	88484614	2	2	0	1	0	38
chr3	88484155	88484614	2	2	1	330	0	39
chr3	119724187	119724611	2	2	1	6754	3	34
chr3	119724187	119726065	2	2	1	21	1	29
chr3	119724646	119726065	2	2	1	6905	3	38
chr3	119726116	120643502	2	2	0	5	0	13
chr3	129825617	129826823	2	2	1	2	0	36
chr4	31992517	31994873	1	1	1	275	0	39
chr4	31992517	32002088	1	1	1	4212	6	49
chr4	31994955	32002088	1	1	1	272	0	49
chr4	107009769	107027216	1	1	1	15	0	39
chr4	107009769	107028192	1	1	1	126	0	43
chr4	107027298	107028192	1	1	1	19	0	42
chr5	23565266	23616326	2	2	1	762	2	46
chr5	72958287	72965803	1	1	1	4	0	37
chr5	72958287	72974530	1	1	1	123	0	42
chr5	72965882	72974530	1	1	1	4	0	43
chr5	116477146	116482389	2	2	1	1	0	33
chr5	116482532	116591333	2	2	0	4	0	45
chr5	116482537	116591333	2	2	1	1027	4	50
chr5	149184807	149187707	1	1	1	14	0	45
chr5	149184807	149188344	1	1	1	972	4	45
chr5	149187835	149188344	1	1	1	1	0	39
chr5	149187877	149188344	1	1	1	13	0	39
chr6	47577668	47594893	2	2	1	1	0	26
chr6	98939789	98941535	2	2	1	170	0	46
chr6	98939789	98944618	2	2	0	7	0	45
chr6	98941658	98944618	2	2	1	170	0	36
chr6	125162102	125162211	2	2	1	309	14	37
chr6	128371086	128371967	1	1	1	4029	5	44
chr6	128371086	128371980	1	1	0	2	0	32
chr6	128371086	128372504	1	1	0	2	0	39
chr6	128371086	128372509	1	1	0	1	0	39
chr6	128371086	128372530	1	1	1	3	0	49
chr6	128371086	128372533	1	1	1	15	0	47
chr6	128372013	128372278	1	1	0	1	0	27
chr6	128372013	128372504	1	1	0	25	0	26
chr6	128372013	128372509	1	1	0	5	0	31
chr6	128372013	128372530	1	1	1	500	1	47
chr6	128372013	128372533	1	1	1	3469	4	46
chr6	128372013	128372536	1	1	0	3	0	43
chr6	128372018	128372530	1	1	0	3	0	49
chr6	128372018	128372533	1	1	0	31	0	46
chr6	128372306	128372533	1	1	0	1	0	27
chr7	67240441	67244520	2	2	1	136	0	24
chr7	67240441	67251656	2	2	1	1469	0	45
chr7	67244545	67251656	2	2	1	136	0	24
chr7	101958298	102001614	1	1	0	0	1	14
chr7	102001660	102002294	1	1	1	1362	2	42
chr7	102001660	102007485	1	1	1	843	2	45
chr7	102001665	102002300	1	1	0	0	1	36
chr7	102002337	102007485	1	1	1	1365	2	42
chr7	102003812	102007485	1	1	0	1	0	38
chr7	112839481	112841887	1	1	1	5	0	41
chr7	112839481	112842039	1	1	1	138	0	41
chr7	112839481	112856052	1	1	1	1	0	12
chr7	112839481	112856797	1	1	1	8	0	41
chr7	112841951	112856052	1	1	1	2	0	12
chr7	112842103	112856052	1	1	1	132	0	12
chr7	112842103	112856797	1	1	1	4	0	37
chr7	112856065	112856797	1	1	1	136	0	15
chr7	112856065	112856803	1	1	0	1	0	12
chr7	127980247	127981190	1	1	1	7	0	2
chr7	127981292	127981410	1	1	1	6	0	6
chr8	25532429	25555507	1	1	1	3	0	44
chr8	25532429	25557730	1	1	1	2	0	44
chr8	25555775	25557730	1	1	1	6	0	38
chr8	91688606	91932332	1	1	0	6	0	13
chr8	95100453	95100646	2	2	1	864	1	31
chr8	95100453	95101408	2	2	0	163	0	46
chr8	95100674	95101408	2	2	1	864	1	44
chr8	95101447	95139983	2	2	0	0	1	15
chr8	123268550	123268744	2	2	1	172	0	47
chr9	43027296	43040539	2	2	1	112	0	38
chr9	43027296	43042590	2	2	1	160	0	45
chr9	43040597	43042590	2	2	1	111	0	45
chr9	80093642	80098885	1	1	1	7790	13	31
chr9	80093642	80098892	1	1	0	227	0	14
chr9	80093642	80103693	1	1	1	259	0	45
chr9	80098907	80103693	1	1	1	8026	13	24
chr9	80098907	80103698	1	1	0	3	0	24
chr9	114597607	114597794	2	2	1	439	1	38
chr9	114597607	114598704	2	2	0	20	0	43
chr9	114597825	114598704	2	2	0	6	0	30
chr9	114597831	114598704	2	2	1	431	1	38
chr11	79458907	79463232	1	1	1	15	0	42
chr11	79458907	79468716	1	1	1	188	0	43
chr11	79463296	79468716	1	1	1	15	0	39
chr11	94112147	94113262	1	1	1	95	0	23
chr11	94112147	94114172	1	1	1	346	0	32
chr11	94113302	94114172	1	1	1	97	0	39
chr11	100479298	100481376	2	2	1	1	0	30
chr11	100481848	100482144	2	2	1	1	0	35
chr11	102310577	102310925	2	2	1	66	0	43
chr11	102310577	102311379	2	2	1	958	3	45
chr11	102311037	102311379	2	2	1	65	0	45
chr12	71952560	71958746	1	1	1	43	0	27
chr12	71952560	71959805	1	1	1	43	0	43
chr12	71958774	71959805	1	1	1	43	0	27
chr12	83811361	83811669	2	2	0	1	0	37
chr12	83811361	83825258	2	2	1	45	0	33
chr12	83811361	83831921	2	2	1	367	1	43
chr12	83811744	83831921	2	2	0	1	0	38
chr12	83825292	83831921	2	2	1	45	0	34
chr12	112928622	113133308	1	1	0	0	4	13
chr12	113133338	113133495	1	1	0	115	13	45
chr12	113133338	113133540	1	1	1	2164	51	42
chr12	113133338	113135796	1	1	1	61	0	29
chr12	113133577	113134186	1	1	0	1	0	28
chr12	113133577	113134761	1	1	0	1	0	21
chr12	113133577	113134800	1	1	0	6	0	12
chr12	113133577	113135796	1	1	1	2210	64	29
chr12	113134231	113135796	1	1	0	1	0	29
chr12	113134813	113135796	1	1	0	7	0	29
chr13	46778994	46780625	2	2	1	572	0	40
chr13	46778994	46785245	2	2	1	3253	3	50
chr13	46780665	46785245	2	2	1	570	0	40
chr13	56084286	56089757	2	2	1	57	0	40
chr13	56084286	56096123	2	2	0	2	0	40
chr13	56089858	56096123	2	2	1	58	0	41
chr14	31257768	31257880	1	1	1	1	0	45
chr14	57643224	57648418	2	2	1	148	0	47
chr14	120389164	120395711	1	1	1	221	2	39
chr14	120389164	120395717	1	1	0	1	0	38
chr14	120389164	120396450	1	1	1	434	0	48
chr14	120395766	120396450	1	1	1	229	2	48
chr15	77102940	77105576	2	2	1	195	1	46
chr15	77102940	77113604	2	2	1	16	0	48
chr15	77105670	77113604	2	2	1	191	1	48
chr15	77108331	77113604	2	2	0	1	0	44
chr16	57178021	57181491	2	2	1	244	0	44
chr16	57178021	57182850	2	2	1	197	0	43
chr16	57181537	57182850	2	2	1	244	0	44
chr17	12979205	13846588	1	1	0	53	2	12
chr17	13846640	13848306	1	1	0	2	0	38
chr17	13846640	13848354	1	1	1	5308	4	24
chr17	13846640	13848358	1	1	0	6	0	17
chr17	13846640	13849107	1	1	1	5164	15	46
chr17	13846640	13849113	1	1	0	9	0	47
chr17	13848376	13849107	1	1	1	5296	4	41
chr17	13848376	13849113	1	1	0	22	0	21
chr17	45570567	45570665	2	2	1	402	1	42
chr17	45570800	45571017	2	2	1	437	1	21
chr18	10726534	10740982	1	1	1	1	0	15
chr18	53948155	53948381	1	1	0	1	0	39
chr18	53948155	53948644	1	1	1	15341	17	33
chr18	53948155	53948655	1	1	0	1	0	13
chr18	53948155	53953244	1	1	1	3243	7	45
chr18	53948162	53948644	1	1	0	1	0	24
chr18	53948453	53953244	1	1	0	1	0	37
chr18	53948666	53953244	1	1	0	8	0	21
chr18	53948669	53949213	1	1	0	1	0	15
chr18	53948669	53949681	1	1	0	1	0	15
chr18	53948669	53953244	1	1	1	15323	14	37
chr18	53948669	53953268	1	1	0	5	0	24
chr18	53948673	53953244	1	1	0	1	0	28
chr18	53949263	53953244	1	1	0	1	0	37
chr18	53949705	53953244	1	1	0	1	0	23
chr19	7281256	7281797	2	4	1	223	0	40
chr19	7281256	7282725	2	2	1	1865	1	36
chr19	7281960	7282725	2	2	1	226	0	35
KV575235.1	147143	149353	1	1	0	0	1	33
