chr1	34295537	34296741	1	1	1	20	0	18
chr1	34295537	34299720	1	1	1	7	0	38
chr1	34296760	34299720	1	1	1	20	0	19
chr1	40010678	40011649	1	1	1	34	0	24
chr1	40010678	40014105	1	1	1	16	0	32
chr1	40011842	40014105	1	1	1	33	0	37
chr1	82735508	82741817	1	1	1	1	0	40
chr1	82735508	82750519	1	1	1	15	0	41
chr1	82741977	82750519	1	1	1	1	0	38
chr2	30066894	30068268	1	1	1	2	0	20
chr2	32292216	32293314	1	1	1	10	0	43
chr2	32292216	32296625	1	1	1	53	0	43
chr2	32293396	32296625	1	1	1	10	0	38
chr2	59932171	59933405	2	2	0	25	0	33
chr2	59932171	59933411	2	2	1	173	0	31
chr2	59933439	59933670	2	2	1	196	0	28
chr2	71849507	71853533	1	1	1	339	1	40
chr2	71849507	71855853	1	1	1	1078	2	43
chr2	71849507	71855868	1	1	0	1	0	46
chr2	71853664	71855853	1	1	1	344	1	41
chr2	75662926	75663570	1	1	1	3	0	3
chr2	91001089	91001461	1	1	1	265	0	24
chr2	91001089	91003299	1	1	0	2	0	33
chr2	91001511	91003210	1	1	1	266	0	21
chr2	91003346	91003810	1	1	1	5	0	36
chr2	91159306	91160316	2	2	1	78	0	47
chr2	91159306	91162027	2	2	1	198	0	47
chr2	91160371	91162027	2	2	1	81	0	39
chr2	91681696	91684668	2	2	1	82	0	50
chr2	153670448	153672215	1	1	1	1	0	50
chr3	60613521	60614682	1	1	1	537	0	45
chr3	60613521	60615619	1	1	1	537	0	45
chr3	60614737	60615619	1	1	1	540	0	38
chr3	87733505	87734423	1	1	1	6	0	39
chr3	87733505	87734456	1	1	0	1	0	38
chr3	87733505	87735344	1	1	0	3	0	39
chr3	87734553	87735344	1	1	1	7	0	37
chr3	88483947	88484046	2	2	1	149	0	38
chr3	88484155	88484614	2	2	1	147	0	39
chr3	119724187	119724611	2	2	1	2991	1	34
chr3	119724187	119726065	2	2	1	7	0	29
chr3	119724646	119726065	2	2	1	3068	1	38
chr3	129825617	129826823	2	2	1	1	0	11
chr4	31992517	31994873	1	1	1	106	0	39
chr4	31992517	32002088	1	1	1	1719	2	49
chr4	31994955	32002088	1	1	1	106	0	48
chr4	107009769	107027216	1	1	1	5	0	38
chr4	107009769	107028192	1	1	1	47	0	41
chr4	107027298	107028192	1	1	1	6	0	41
chr5	23565266	23616326	2	2	1	259	0	46
chr5	72958287	72965803	1	1	1	2	0	37
chr5	72958287	72974530	1	1	1	41	0	41
chr5	72965882	72974530	1	1	1	2	0	41
chr5	116482537	116591333	2	2	1	391	5	50
chr5	149184807	149185349	1	1	0	1	0	43
chr5	149184807	149185484	1	1	1	1	0	43
chr5	149184807	149187707	1	1	1	4	0	43
chr5	149184807	149188344	1	1	1	327	0	44
chr5	149185405	149188344	1	1	0	1	0	39
chr5	149185662	149188344	1	1	0	1	0	39
chr5	149187877	149188344	1	1	1	4	0	39
chr6	72634233	72649119	2	2	1	1	0	37
chr6	98939789	98940994	2	2	1	1	0	45
chr6	98939789	98941535	2	2	1	52	0	45
chr6	98939789	98944618	2	2	0	4	0	45
chr6	98941165	98944618	2	2	0	1	0	36
chr6	98941658	98944618	2	2	1	53	0	36
chr6	125162102	125162211	2	2	1	134	5	36
chr6	128371086	128371967	1	1	1	1358	2	44
chr6	128371086	128372533	1	1	1	5	0	46
chr6	128372013	128372504	1	1	0	12	0	28
chr6	128372013	128372509	1	1	0	3	0	31
chr6	128372013	128372530	1	1	1	184	0	47
chr6	128372013	128372533	1	1	1	1148	2	46
chr6	128372013	128372539	1	1	0	1	0	40
chr6	128372018	128372533	1	1	0	15	0	46
chr7	67240441	67244520	2	2	1	56	0	40
chr7	67240441	67251656	2	2	1	434	0	47
chr7	67244545	67251656	2	2	1	55	0	24
chr7	67244580	67251656	2	2	0	1	0	38
chr7	102001660	102002294	1	1	1	630	2	42
chr7	102001660	102007485	1	1	1	220	1	44
chr7	102002337	102007485	1	1	1	635	2	42
chr7	112839481	112841887	1	1	1	3	0	41
chr7	112839481	112842039	1	1	1	51	0	41
chr7	112839481	112856052	1	1	1	3	0	12
chr7	112839481	112856797	1	1	1	2	0	41
chr7	112842103	112856052	1	1	1	49	0	12
chr7	112842103	112856797	1	1	1	6	0	37
chr7	112856065	112856797	1	1	1	54	0	14
chr7	127972771	127975887	1	1	1	0	1	1
chr7	127980247	127981190	1	1	1	3	0	2
chr7	127981292	127981410	1	1	1	4	0	6
chr8	25532429	25557730	1	1	1	4	0	44
chr8	95100453	95100646	2	2	1	497	0	31
chr8	95100453	95101408	2	2	0	72	0	45
chr8	95100674	95101408	2	2	1	497	0	42
chr8	123268550	123268744	2	2	1	95	0	49
chr9	43027296	43040539	2	2	1	40	0	38
chr9	43027296	43042590	2	2	1	77	0	45
chr9	43040597	43042590	2	2	1	40	0	45
chr9	80093642	80098885	1	1	1	3299	4	27
chr9	80093642	80098892	1	1	0	77	0	14
chr9	80093642	80103693	1	1	1	104	1	44
chr9	80098907	80103693	1	1	1	3376	4	24
chr9	80098907	80103698	1	1	0	1	0	21
chr9	80099049	80103693	1	1	0	1	0	37
chr9	80103765	80111310	1	1	1	1	0	23
chr9	114597607	114597794	2	2	1	148	0	38
chr9	114597607	114598704	2	2	0	11	0	40
chr9	114597831	114598704	2	2	1	150	0	36
chr11	79458907	79463232	1	1	1	9	0	42
chr11	79458907	79468716	1	1	1	58	0	42
chr11	79463296	79468716	1	1	1	8	0	39
chr11	94112147	94113262	1	1	1	32	0	21
chr11	94112147	94114172	1	1	1	116	0	32
chr11	94113302	94114172	1	1	1	33	0	39
chr11	102310577	102310925	2	2	1	20	0	42
chr11	102310577	102311379	2	2	1	404	2	45
chr11	102311037	102311379	2	2	1	19	0	45
chr12	71952560	71958746	1	1	1	23	0	27
chr12	71952560	71959805	1	1	1	16	0	43
chr12	71958774	71959805	1	1	1	23	0	27
chr12	83811361	83825258	2	2	1	20	0	37
chr12	83811361	83831921	2	2	1	175	0	42
chr12	83825292	83831921	2	2	1	19	0	33
chr12	83825319	83831921	2	2	0	1	0	38
chr12	113133338	113133495	1	1	0	44	5	44
chr12	113133338	113133540	1	1	1	842	20	39
chr12	113133338	113135796	1	1	1	5	0	29
chr12	113133577	113134800	1	1	0	3	0	12
chr12	113133577	113135796	1	1	1	853	25	29
chr12	113134813	113135796	1	1	0	3	0	12
chr13	46778994	46780625	2	2	1	283	0	40
chr13	46778994	46785245	2	2	1	1023	2	46
chr13	46780665	46785245	2	2	1	286	0	39
chr13	56084286	56089757	2	2	1	16	0	40
chr13	56089858	56096123	2	2	1	16	0	41
chr14	57643224	57648418	2	2	1	42	0	40
chr14	120389164	120395711	1	1	1	66	0	38
chr14	120389164	120396450	1	1	1	184	0	48
chr14	120395766	120396450	1	1	1	66	0	48
chr15	77102940	77105576	2	2	1	82	0	40
chr15	77102940	77113604	2	2	1	6	0	48
chr15	77105670	77113604	2	2	1	82	0	48
chr16	57178021	57181491	2	2	1	121	2	43
chr16	57178021	57182850	2	2	1	53	0	44
chr16	57181537	57182850	2	2	1	120	2	33
chr17	12979205	13846588	1	1	0	25	2	12
chr17	13846613	13848354	1	1	0	3	0	21
chr17	13846640	13848354	1	1	1	2020	1	22
chr17	13846640	13849107	1	1	1	2058	5	43
chr17	13846640	13849113	1	1	0	13	0	47
chr17	13848376	13849107	1	1	1	2014	1	29
chr17	13848376	13849113	1	1	0	1	0	21
chr17	13848376	13849116	1	1	0	1	0	21
chr17	45570567	45570665	2	2	1	308	1	42
chr17	45570800	45571017	2	2	1	327	1	24
chr18	53948155	53948644	1	1	1	6324	3	28
chr18	53948155	53948651	1	1	0	5	0	17
chr18	53948155	53953244	1	1	1	1074	0	45
chr18	53948669	53953244	1	1	1	6326	3	37
chr18	53948669	53953268	1	1	0	3	0	24
chr19	7281256	7281797	2	4	1	87	0	39
chr19	7281256	7282725	2	2	1	656	0	36
chr19	7281960	7282725	2	2	1	92	0	27
