chr1	34295537	34296741	1	1	1	43	0	18
chr1	34295537	34299720	1	1	1	12	0	38
chr1	34296760	34299720	1	1	1	43	0	19
chr1	40010678	40011649	1	1	1	53	0	24
chr1	40010678	40011811	1	1	0	1	0	21
chr1	40010678	40014105	1	1	1	29	3	32
chr1	40011842	40014105	1	1	1	52	0	38
chr1	82735508	82741817	1	1	1	1	0	18
chr1	82735508	82747082	1	1	1	1	0	40
chr1	82735508	82750519	1	1	1	42	0	40
chr1	82747143	82750519	1	1	1	1	0	38
chr2	32292216	32293314	1	1	1	9	0	43
chr2	32292216	32296625	1	1	1	73	0	43
chr2	32293396	32296625	1	1	1	9	0	38
chr2	59926161	59932104	2	2	1	2	0	7
chr2	59932171	59933405	2	2	0	60	0	33
chr2	59932171	59933411	2	2	1	318	1	31
chr2	59932171	59933670	2	2	1	1	0	26
chr2	59933439	59933670	2	2	1	371	1	28
chr2	71849507	71853533	1	1	1	368	2	42
chr2	71849507	71855853	1	1	1	2388	2	45
chr2	71853664	71855853	1	1	1	382	2	42
chr2	75662926	75663570	1	1	1	10	0	35
chr2	91001089	91001461	1	1	1	341	1	34
chr2	91001511	91003210	1	1	1	339	1	23
chr2	91003346	91003810	1	1	1	12	0	36
chr2	91159300	91162027	2	2	0	3	0	41
chr2	91159306	91160316	2	2	1	105	0	47
chr2	91159306	91162027	2	2	1	348	0	47
chr2	91160371	91162027	2	2	1	105	0	40
chr2	91681696	91684668	2	2	1	162	0	50
chr2	153670448	153672215	1	1	1	3	0	50
chr3	60422418	60613472	1	1	0	0	5	15
chr3	60613521	60614682	1	1	1	915	9	45
chr3	60613521	60614688	1	1	0	1	0	35
chr3	60613521	60615619	1	1	1	893	2	45
chr3	60614737	60615619	1	1	1	920	9	41
chr3	87733505	87734423	1	1	1	7	0	39
chr3	87733505	87735344	1	1	0	3	0	39
chr3	87734553	87735344	1	1	1	7	0	37
chr3	88483947	88484046	2	2	1	206	0	39
chr3	88483947	88484614	2	2	0	1	0	38
chr3	88484155	88484614	2	2	1	200	0	44
chr3	119724187	119724611	2	2	1	4065	0	34
chr3	119724187	119726065	2	2	1	12	0	29
chr3	119724646	119726065	2	2	1	4153	0	38
chr3	142948246	142963375	2	2	0	0	1	13
chr4	31992517	31994873	1	1	1	261	0	40
chr4	31992517	32002088	1	1	1	2478	3	49
chr4	31994955	32002088	1	1	1	261	0	49
chr4	107009769	107027216	1	1	1	5	0	38
chr4	107009769	107028192	1	1	1	65	0	41
chr4	107027298	107028192	1	1	1	7	0	41
chr5	23565266	23616326	2	2	1	470	1	46
chr5	72958287	72974530	1	1	1	64	0	42
chr5	116482537	116591333	2	2	1	740	3	50
chr5	149184807	149187707	1	1	1	5	0	43
chr5	149184807	149188344	1	1	1	475	0	44
chr5	149184865	149188344	1	1	0	1	0	39
chr5	149187835	149188344	1	1	1	2	0	39
chr5	149187877	149188344	1	1	1	3	0	39
chr6	47577668	47594893	2	2	1	2	0	26
chr6	98939789	98941535	2	2	1	95	0	46
chr6	98939789	98944618	2	2	0	9	0	45
chr6	98941658	98944618	2	2	1	94	0	36
chr6	125162102	125162211	2	2	1	223	4	37
chr6	125162102	125162309	2	2	0	1	0	35
chr6	128371086	128371967	1	1	1	2365	2	43
chr6	128371086	128372509	1	1	0	1	0	39
chr6	128371086	128372530	1	1	1	1	0	48
chr6	128371086	128372533	1	1	1	9	0	46
chr6	128372013	128372504	1	1	0	9	0	26
chr6	128372013	128372509	1	1	0	3	0	31
chr6	128372013	128372530	1	1	1	330	0	47
chr6	128372013	128372533	1	1	1	2002	2	46
chr6	128372013	128372536	1	1	0	1	0	43
chr6	128372018	128372504	1	1	0	1	0	26
chr6	128372018	128372530	1	1	0	1	0	49
chr6	128372018	128372533	1	1	0	22	0	46
chr7	67240441	67244520	2	2	1	91	2	24
chr7	67240441	67251656	2	2	1	955	2	45
chr7	67244545	67251656	2	2	1	91	2	24
chr7	102001660	102002294	1	1	1	975	0	43
chr7	102001660	102007485	1	1	1	419	0	44
chr7	102002337	102007485	1	1	1	980	0	42
chr7	112839481	112841887	1	1	1	4	0	41
chr7	112839481	112842039	1	1	1	71	0	41
chr7	112839481	112856052	1	1	1	1	0	12
chr7	112839481	112856797	1	1	1	8	0	41
chr7	112842103	112856052	1	1	1	66	0	12
chr7	112842103	112856797	1	1	1	4	0	37
chr7	112856065	112856797	1	1	1	69	0	12
chr7	127980247	127981190	1	1	1	4	0	8
chr7	127981292	127981410	1	1	1	6	0	6
chr8	11423625	11423716	1	1	1	1	0	19
chr8	25532429	25555507	1	1	1	1	0	19
chr8	25532429	25557730	1	1	1	4	0	44
chr8	25555775	25557730	1	1	1	1	0	38
chr8	95100453	95100646	2	2	1	680	1	31
chr8	95100453	95101408	2	2	0	89	0	46
chr8	95100674	95101408	2	2	1	680	1	42
chr8	123268550	123268744	2	2	1	163	0	46
chr9	43027296	43029555	2	2	0	1	0	18
chr9	43027296	43040539	2	2	1	73	0	39
chr9	43027296	43042590	2	2	1	118	1	45
chr9	43029574	43042590	2	2	0	1	0	18
chr9	43040593	43042590	2	2	0	1	0	43
chr9	43040597	43042590	2	2	1	73	0	45
chr9	80093642	80098885	1	1	1	5779	4	26
chr9	80093642	80098892	1	1	0	130	0	19
chr9	80093642	80103693	1	1	1	182	0	44
chr9	80098907	80099016	1	1	0	1	0	14
chr9	80098907	80103693	1	1	1	5907	4	24
chr9	80099049	80103693	1	1	0	1	0	37
chr9	114597607	114597794	2	2	1	254	0	38
chr9	114597607	114598704	2	2	0	22	0	42
chr9	114597831	114598704	2	2	1	253	0	36
chr11	26778879	26787397	2	2	0	0	1	13
chr11	79458907	79463232	1	1	1	8	0	42
chr11	79458907	79468716	1	1	1	128	0	42
chr11	79463296	79468716	1	1	1	7	0	39
chr11	94112147	94113262	1	1	1	67	0	21
chr11	94112147	94114172	1	1	1	274	0	32
chr11	94113302	94114172	1	1	1	67	0	39
chr11	100481848	100482144	2	2	1	1	0	36
chr11	102310577	102310925	2	2	1	43	0	42
chr11	102310577	102311379	2	2	1	703	2	46
chr11	102311037	102311379	2	2	1	42	0	46
chr12	71952560	71958746	1	1	1	44	0	27
chr12	71952560	71959805	1	1	1	43	0	43
chr12	71952560	71959809	1	1	0	1	0	36
chr12	71958774	71959805	1	1	1	44	0	27
chr12	83811361	83825258	2	2	1	25	0	33
chr12	83811361	83831921	2	2	1	292	0	41
chr12	83825292	83831921	2	2	1	25	0	33
chr12	113133338	113133495	1	1	0	65	8	44
chr12	113133338	113133540	1	1	1	1441	51	42
chr12	113133338	113135796	1	1	1	17	0	29
chr12	113133577	113134761	1	1	0	1	0	21
chr12	113133577	113134800	1	1	0	7	0	12
chr12	113133577	113135796	1	1	1	1460	59	29
chr12	113134813	113135796	1	1	0	8	0	29
chr13	46778994	46780625	2	2	1	409	0	40
chr13	46778994	46785245	2	2	1	2145	8	45
chr13	46780665	46785245	2	2	1	409	0	39
chr13	56084286	56089757	2	2	1	40	0	40
chr13	56089858	56096123	2	2	1	41	0	41
chr14	57643224	57648418	2	2	1	74	0	47
chr14	120389164	120395711	1	1	1	168	0	39
chr14	120389164	120396450	1	1	1	336	0	48
chr14	120395766	120396450	1	1	1	174	0	48
chr15	77102940	77105576	2	2	1	106	1	40
chr15	77102940	77113604	2	2	1	4	0	48
chr15	77105670	77113604	2	2	1	103	1	48
chr16	57178021	57181491	2	2	1	192	0	44
chr16	57178021	57182850	2	2	1	230	1	44
chr16	57181537	57182850	2	2	1	190	0	37
chr17	12979205	13846588	1	1	0	36	3	12
chr17	13846613	13848354	1	1	0	8	0	21
chr17	13846640	13848306	1	1	0	1	0	38
chr17	13846640	13848354	1	1	1	4096	4	25
chr17	13846640	13848358	1	1	0	2	0	17
chr17	13846640	13849107	1	1	1	3396	5	45
chr17	13846640	13849113	1	1	0	8	0	47
chr17	13848376	13849107	1	1	1	4079	4	41
chr17	13848376	13849113	1	1	0	5	0	21
chr17	45570567	45570665	2	2	1	397	1	37
chr17	45570800	45571017	2	2	1	433	0	21
chr17	51783067	51785528	2	2	1	1	0	40
chr17	51785641	51803430	2	2	1	1	0	14
chr18	10726534	10740982	1	1	1	1	0	15
chr18	53948155	53948644	1	1	1	8947	6	28
chr18	53948155	53953244	1	1	1	1854	3	45
chr18	53948666	53953244	1	1	0	7	0	21
chr18	53948669	53953244	1	1	1	8936	5	37
chr18	53948669	53953268	1	1	0	2	0	24
chr19	7281256	7281797	2	4	1	105	1	39
chr19	7281256	7282725	2	2	1	1272	1	36
chr19	7281960	7282725	2	2	1	108	1	26
chrX	159414893	159443922	1	1	1	1	0	35
