chr1	34295537	34296741	1	1	1	92	0	18
chr1	34295537	34299720	1	1	1	39	0	39
chr1	34296760	34299696	1	1	0	1	0	18
chr1	34296760	34299720	1	1	1	91	0	19
chr1	40010678	40011649	1	1	1	49	0	24
chr1	40010678	40011811	1	1	0	1	0	21
chr1	40010678	40014105	1	1	1	21	0	32
chr1	40011842	40014105	1	1	1	50	0	39
chr1	72626646	72628100	1	1	1	3	0	17
chr1	82735508	82741934	1	1	0	1	0	40
chr1	82735508	82747082	1	1	1	3	0	40
chr1	82735508	82750519	1	1	1	71	0	40
chr1	82747143	82750519	1	1	1	4	0	38
chr2	32292216	32293314	1	1	1	17	0	43
chr2	32292216	32296625	1	1	1	93	0	43
chr2	32293396	32296625	1	1	1	17	0	38
chr2	59926161	59932104	2	2	1	1	0	25
chr2	59932171	59933405	2	2	0	56	0	33
chr2	59932171	59933411	2	2	1	352	0	31
chr2	59932171	59933670	2	2	1	1	0	30
chr2	59933439	59933670	2	2	1	396	0	30
chr2	71849507	71853533	1	1	1	451	0	40
chr2	71849507	71853820	1	1	0	1	0	37
chr2	71849507	71855853	1	1	1	3178	1	43
chr2	71849507	71855868	1	1	0	8	0	46
chr2	71853664	71855853	1	1	1	475	0	41
chr2	71853891	71855853	1	1	0	2	0	40
chr2	75662926	75663570	1	1	1	6	0	40
chr2	91001089	91001461	1	1	1	516	0	25
chr2	91001089	91003299	1	1	0	5	0	33
chr2	91001511	91003210	1	1	1	510	0	25
chr2	91003238	91003810	1	1	0	2	0	27
chr2	91003346	91003810	1	1	1	14	0	36
chr2	91159306	91160316	2	2	1	216	0	47
chr2	91159306	91162027	2	2	1	342	1	47
chr2	91160371	91162027	2	2	1	212	0	38
chr2	91681696	91682025	2	2	1	1	0	50
chr2	91681696	91684668	2	2	1	251	1	50
chr2	91681831	91684668	2	2	0	1	0	38
chr2	91682137	91684668	2	2	1	1	0	38
chr2	153670448	153672215	1	1	1	2	0	50
chr3	60613521	60614682	1	1	1	996	1	45
chr3	60613521	60614688	1	1	0	1	0	38
chr3	60613521	60615619	1	1	1	592	0	45
chr3	60614737	60615619	1	1	1	1005	1	43
chr3	87733505	87734423	1	1	1	8	0	39
chr3	87733505	87735344	1	1	0	6	0	39
chr3	87734553	87735344	1	1	1	8	0	37
chr3	88483947	88484046	2	2	1	412	0	38
chr3	88483947	88484055	2	2	0	1	0	37
chr3	88484155	88484614	2	2	1	405	0	42
chr3	119724187	119724611	2	2	1	4500	1	34
chr3	119724187	119726065	2	2	1	7	0	29
chr3	119724646	119726065	2	2	1	4596	1	38
chr3	119726116	119820407	2	2	0	2	0	13
chr3	129825617	129826823	2	2	1	1	0	36
chr4	31992517	31994873	1	1	1	220	2	39
chr4	31992517	32002088	1	1	1	3043	8	50
chr4	31994955	32002088	1	1	1	221	2	49
chr4	107009769	107027216	1	1	1	9	0	38
chr4	107009769	107028192	1	1	1	70	0	41
chr4	107009769	107028217	1	1	0	1	0	35
chr4	107027298	107028192	1	1	1	10	0	41
chr5	13042670	13661475	1	1	0	4	0	13
chr5	23565266	23616326	2	2	1	582	1	46
chr5	72958287	72965803	1	1	1	1	0	37
chr5	72958287	72974530	1	1	1	84	0	42
chr5	72965882	72974530	1	1	1	1	0	41
chr5	116482532	116591333	2	2	0	4	0	45
chr5	116482537	116591333	2	2	1	644	1	50
chr5	149184807	149185349	1	1	0	1	0	43
chr5	149184807	149185484	1	1	1	2	0	43
chr5	149184807	149187707	1	1	1	22	0	44
chr5	149184807	149188344	1	1	1	579	2	45
chr5	149185405	149188344	1	1	0	1	0	39
chr5	149185662	149188344	1	1	0	2	0	39
chr5	149187835	149188344	1	1	1	1	0	39
chr5	149187877	149188344	1	1	1	20	0	39
chr6	47577668	47594893	2	2	1	3	0	12
chr6	98939789	98941535	2	2	1	104	1	46
chr6	98939789	98944618	2	2	0	20	0	45
chr6	98941658	98944618	2	2	1	103	1	36
chr6	125162102	125162211	2	2	1	288	10	43
chr6	128371086	128371967	1	1	1	2714	2	43
chr6	128371086	128372530	1	1	1	1	0	49
chr6	128371086	128372533	1	1	1	7	0	46
chr6	128372013	128372504	1	1	0	15	0	26
chr6	128372013	128372509	1	1	0	7	0	31
chr6	128372013	128372530	1	1	1	348	0	47
chr6	128372013	128372533	1	1	1	2307	2	46
chr6	128372013	128372536	1	1	0	2	0	43
chr6	128372018	128372530	1	1	0	3	0	49
chr6	128372018	128372533	1	1	0	35	0	46
chr7	25724845	25725923	2	2	1	1	0	41
chr7	67240441	67244520	2	2	1	91	0	24
chr7	67240441	67251656	2	2	1	956	1	45
chr7	67244545	67251656	2	2	1	91	0	24
chr7	102001660	102002294	1	1	1	1249	0	43
chr7	102001660	102007485	1	1	1	700	1	43
chr7	102001665	102007485	1	1	0	1	0	38
chr7	102002310	102007485	1	1	0	4	0	15
chr7	102002337	102007485	1	1	1	1251	0	42
chr7	112839481	112841887	1	1	1	6	0	41
chr7	112839481	112842039	1	1	1	111	0	41
chr7	112839481	112856052	1	1	1	1	0	12
chr7	112839481	112856797	1	1	1	4	0	41
chr7	112841951	112856052	1	1	1	1	0	12
chr7	112842103	112856052	1	1	1	111	0	12
chr7	112842103	112856797	1	1	1	2	0	37
chr7	112856065	112856797	1	1	1	111	0	12
chr7	112856065	112856803	1	1	0	2	0	12
chr7	127980247	127981190	1	1	1	4	0	5
chr7	127981292	127981410	1	1	1	4	0	6
chr8	25532429	25555507	1	1	1	1	0	44
chr8	25555775	25557730	1	1	1	3	0	38
chr8	47669337	47674505	2	2	1	1	0	17
chr8	95100453	95100646	2	2	1	870	0	31
chr8	95100453	95101408	2	2	0	124	0	46
chr8	95100674	95101408	2	2	1	871	0	44
chr8	123268550	123268744	2	2	1	211	0	47
chr9	43027296	43040539	2	2	1	47	0	42
chr9	43027296	43042590	2	2	1	85	0	45
chr9	43040593	43042590	2	2	0	1	0	45
chr9	43040597	43042590	2	2	1	45	0	45
chr9	55500165	55512030	2	2	1	1	0	28
chr9	80093642	80098885	1	1	1	5333	3	26
chr9	80093642	80098892	1	1	0	161	0	14
chr9	80093642	80103693	1	1	1	174	0	45
chr9	80098907	80099016	1	1	0	1	0	21
chr9	80098907	80101831	1	1	0	1	0	21
chr9	80098907	80103693	1	1	1	5496	3	24
chr9	80099049	80103693	1	1	0	1	0	37
chr9	80101891	80103693	1	1	0	1	0	37
chr9	114597607	114597794	2	2	1	352	0	38
chr9	114597607	114598704	2	2	0	4	0	40
chr9	114597825	114598704	2	2	0	3	0	30
chr9	114597831	114598704	2	2	1	345	0	38
chr11	79458907	79463232	1	1	1	6	0	42
chr11	79458907	79468716	1	1	1	180	0	43
chr11	79463296	79468716	1	1	1	6	0	38
chr11	94112147	94113262	1	1	1	45	0	21
chr11	94112147	94114172	1	1	1	353	0	32
chr11	94113302	94114172	1	1	1	46	0	39
chr11	102310577	102310925	2	2	1	46	0	42
chr11	102310577	102311379	2	2	1	627	0	45
chr11	102311037	102311379	2	2	1	44	0	45
chr12	71952560	71958746	1	1	1	46	0	27
chr12	71952560	71959805	1	1	1	61	0	43
chr12	71958774	71959805	1	1	1	46	0	27
chr12	83811361	83825258	2	2	1	34	0	37
chr12	83811361	83831921	2	2	1	376	0	41
chr12	83825292	83831921	2	2	1	33	0	33
chr12	83825319	83831921	2	2	0	1	0	38
chr12	112928622	113133308	1	1	0	0	4	13
chr12	113133338	113133495	1	1	0	91	16	44
chr12	113133338	113133540	1	1	1	1524	64	43
chr12	113133338	113135796	1	1	1	11	0	29
chr12	113133577	113134800	1	1	0	9	0	14
chr12	113133577	113135796	1	1	1	1565	80	29
chr12	113134813	113135796	1	1	0	8	0	12
chr13	46778994	46780625	2	2	1	342	0	40
chr13	46778994	46785245	2	2	1	2438	7	44
chr13	46780665	46785245	2	2	1	345	0	39
chr13	56084286	56089757	2	2	1	36	0	42
chr13	56089858	56096123	2	2	1	35	0	38
chr14	57643224	57643334	2	2	1	2	0	39
chr14	57643224	57648418	2	2	1	101	0	47
chr14	57643490	57648418	2	2	1	2	0	38
chr14	120389164	120395711	1	1	1	240	0	39
chr14	120389164	120395717	1	1	0	1	0	38
chr14	120389164	120396450	1	1	1	349	1	48
chr14	120395766	120396450	1	1	1	250	0	48
chr15	77102940	77105576	2	2	1	166	0	40
chr15	77102940	77113604	2	2	1	13	0	48
chr15	77105670	77113604	2	2	1	164	0	48
chr15	102484241	102487087	1	1	1	3	0	27
chr15	102487130	102488204	1	1	1	3	0	25
chr16	57178021	57181491	2	2	1	250	1	43
chr16	57178021	57182850	2	2	1	126	0	44
chr16	57181511	57182850	2	2	0	1	0	19
chr16	57181537	57182850	2	2	1	245	1	37
chr16	84831508	84834808	2	2	1	1	0	44
chr17	12979205	13846588	1	1	0	25	1	12
chr17	13846640	13848020	1	1	0	1	0	34
chr17	13846640	13848354	1	1	1	2852	7	24
chr17	13846640	13849107	1	1	1	4768	2	45
chr17	13846640	13849113	1	1	0	26	0	48
chr17	13848057	13849107	1	1	0	1	0	38
chr17	13848376	13849107	1	1	1	2847	7	27
chr17	13848376	13849113	1	1	0	6	0	21
chr17	45570567	45570665	2	2	1	330	0	37
chr17	45570800	45571017	2	2	1	346	0	21
chr18	10726534	10740982	1	1	1	2	0	15
chr18	53948155	53948644	1	1	1	11090	12	28
chr18	53948155	53953244	1	1	1	2220	3	44
chr18	53948666	53953244	1	1	0	9	0	21
chr18	53948669	53953244	1	1	1	11074	12	37
chr18	53948669	53953268	1	1	0	2	0	24
chr19	7281256	7281797	2	4	1	190	0	40
chr19	7281256	7282725	2	2	1	973	0	36
chr19	7281960	7282725	2	2	1	203	0	27
chrX	159414893	159443922	1	1	1	1	0	31
