chr1	34295537	34296741	1	1	1	144	0	18
chr1	34295537	34299720	1	1	1	64	0	39
chr1	34296760	34299720	1	1	1	144	0	19
chr1	40010678	40011649	1	1	1	172	0	22
chr1	40010678	40011787	1	1	0	1	0	22
chr1	40010678	40011811	1	1	0	3	0	21
chr1	40010678	40014105	1	1	1	95	1	32
chr1	40011842	40014105	1	1	1	176	0	40
chr1	82735508	82741817	1	1	1	2	0	40
chr1	82735508	82747082	1	1	1	2	0	40
chr1	82735508	82750519	1	1	1	93	0	41
chr1	82747143	82750519	1	1	1	2	0	38
chr2	32292216	32293314	1	1	1	5	0	43
chr2	32292216	32296625	1	1	1	138	0	43
chr2	32293396	32296625	1	1	1	6	0	38
chr2	59926161	59932104	2	2	1	1	0	33
chr2	59932171	59933405	2	2	0	95	0	37
chr2	59932171	59933411	2	2	1	664	0	31
chr2	59932171	59933670	2	2	1	3	0	38
chr2	59933439	59933670	2	2	1	748	0	28
chr2	71849507	71853533	1	1	1	553	0	44
chr2	71849507	71853890	1	1	0	3	0	39
chr2	71849507	71855853	1	1	1	6977	12	45
chr2	71853664	71855853	1	1	1	576	0	41
chr2	71853948	71855853	1	1	0	1	0	40
chr2	75662926	75663570	1	1	1	5	0	39
chr2	91001089	91001461	1	1	1	863	2	34
chr2	91001089	91003299	1	1	0	4	0	33
chr2	91001511	91003210	1	1	1	852	2	21
chr2	91003346	91003810	1	1	1	18	0	36
chr2	91159300	91162027	2	2	0	1	0	38
chr2	91159306	91160316	2	2	1	273	0	47
chr2	91159306	91162027	2	2	1	648	0	47
chr2	91160371	91162027	2	2	1	272	0	39
chr2	91681696	91682025	2	2	1	2	0	50
chr2	91681696	91684668	2	2	1	239	0	50
chr2	91682110	91684668	2	2	0	1	0	38
chr2	91682137	91684668	2	2	1	1	0	38
chr2	155419025	155420966	2	2	1	1	0	44
chr3	60422418	60613472	1	1	0	0	3	15
chr3	60613521	60614682	1	1	1	1897	1	45
chr3	60613521	60614688	1	1	0	3	0	38
chr3	60613521	60615619	1	1	1	1285	4	46
chr3	60614737	60615619	1	1	1	1909	1	39
chr3	87733505	87734423	1	1	1	18	0	44
chr3	87733505	87735344	1	1	0	17	0	44
chr3	87734553	87735344	1	1	1	16	0	37
chr3	88483947	88484046	2	2	1	245	0	40
chr3	88484155	88484614	2	2	1	244	0	39
chr3	119724187	119724611	2	2	1	5204	0	34
chr3	119724187	119726065	2	2	1	23	0	29
chr3	119724646	119726065	2	2	1	5346	0	38
chr3	119726116	120643502	2	2	0	7	0	13
chr3	129825617	129826823	2	2	1	1	0	23
chr4	31992517	31994873	1	1	1	368	0	40
chr4	31992517	32002088	1	1	1	4270	7	49
chr4	31994955	32002088	1	1	1	367	0	49
chr4	46468788	46469882	1	1	1	1	0	31
chr4	107009769	107027216	1	1	1	33	0	38
chr4	107009769	107028192	1	1	1	120	0	42
chr4	107027298	107028192	1	1	1	35	0	41
chr4	107030929	107031014	1	1	1	1	0	42
chr4	107031092	107036935	1	1	1	1	0	29
chr4	139473637	139476130	1	1	1	1	0	8
chr4	139476350	139477127	1	1	1	1	0	38
chr5	23565266	23616326	2	2	1	1117	1	46
chr5	72958287	72965803	1	1	1	1	0	37
chr5	72958287	72974530	1	1	1	76	0	41
chr5	72965882	72974530	1	1	1	1	0	41
chr5	116477146	116482389	2	2	1	1	0	33
chr5	116482537	116513708	2	2	0	1	0	32
chr5	116482537	116591333	2	2	1	1119	4	50
chr5	149184807	149185484	1	1	1	1	0	43
chr5	149184807	149187707	1	1	1	17	0	43
chr5	149184807	149188344	1	1	1	973	2	46
chr5	149184865	149188344	1	1	0	1	0	39
chr5	149185662	149188344	1	1	0	1	0	39
chr5	149187877	149188344	1	1	1	17	0	39
chr6	98939789	98941535	2	2	1	214	1	46
chr6	98939789	98944618	2	2	0	18	0	45
chr6	98941658	98944618	2	2	1	214	1	36
chr6	125162102	125162211	2	2	1	338	8	36
chr6	128371086	128371967	1	1	1	4918	3	44
chr6	128371086	128371980	1	1	0	1	0	32
chr6	128371086	128372530	1	1	1	4	0	49
chr6	128371086	128372533	1	1	1	19	0	46
chr6	128372013	128372504	1	1	0	25	0	26
chr6	128372013	128372509	1	1	0	8	0	31
chr6	128372013	128372530	1	1	1	631	0	47
chr6	128372013	128372533	1	1	1	4189	4	46
chr6	128372013	128372536	1	1	0	1	0	43
chr6	128372018	128372504	1	1	0	1	0	26
chr6	128372018	128372530	1	1	0	7	0	49
chr6	128372018	128372533	1	1	0	48	0	47
chr7	67240441	67244520	2	2	1	182	0	25
chr7	67240441	67251656	2	2	1	2344	3	44
chr7	67244545	67251656	2	2	1	182	0	24
chr7	99849060	99858763	2	2	1	1	0	38
chr7	101405603	102001614	1	1	0	9	0	13
chr7	102001660	102002294	1	1	1	1713	1	42
chr7	102001660	102007485	1	1	1	1087	0	44
chr7	102001665	102002300	1	1	0	0	1	36
chr7	102002337	102007485	1	1	1	1717	1	42
chr7	102003812	102007485	1	1	0	1	0	38
chr7	112839481	112841887	1	1	1	5	1	41
chr7	112839481	112842039	1	1	1	215	1	49
chr7	112839481	112856052	1	1	1	5	0	12
chr7	112839481	112856797	1	1	1	4	0	41
chr7	112841906	112842057	1	1	0	0	1	18
chr7	112841951	112856052	1	1	1	1	0	12
chr7	112842103	112856052	1	1	1	203	1	12
chr7	112842103	112856797	1	1	1	12	0	37
chr7	112856065	112856797	1	1	1	210	1	13
chr7	112856065	112856803	1	1	0	1	0	12
chr7	127980247	127981190	1	1	1	20	0	5
chr7	127981292	127981410	1	1	1	20	0	6
chr8	25532429	25555507	1	1	1	1	0	44
chr8	25532429	25557730	1	1	1	1	0	44
chr8	25555775	25557730	1	1	1	1	0	38
chr8	46207621	46208397	2	2	1	3	0	31
chr8	95100453	95100646	2	2	1	1020	0	31
chr8	95100453	95101408	2	2	0	279	0	46
chr8	95100674	95101408	2	2	1	1020	0	43
chr8	121628690	121651724	2	2	1	1	0	20
chr8	123268550	123268744	2	2	1	227	0	46
chr9	43027296	43040539	2	2	1	118	0	38
chr9	43027296	43042590	2	2	1	161	0	46
chr9	43040593	43042590	2	2	0	1	0	43
chr9	43040597	43042590	2	2	1	117	0	45
chr9	80093642	80098885	1	1	1	10278	6	30
chr9	80093642	80098892	1	1	0	274	0	19
chr9	80093642	80103693	1	1	1	474	0	45
chr9	80098907	80103693	1	1	1	10559	6	29
chr9	114597607	114597794	2	2	1	581	0	38
chr9	114597607	114598704	2	2	0	29	0	42
chr9	114597825	114598704	2	2	0	5	0	30
chr9	114597831	114598704	2	2	1	578	0	38
chr10	4089396	4089995	1	1	1	1	0	33
chr11	79458907	79463232	1	1	1	23	0	42
chr11	79458907	79468716	1	1	1	279	1	49
chr11	79463296	79468716	1	1	1	22	0	39
chr11	94112147	94113262	1	1	1	132	0	21
chr11	94112147	94114172	1	1	1	583	0	32
chr11	94113302	94114172	1	1	1	135	0	39
chr11	100481848	100482144	2	2	1	2	0	36
chr11	102310577	102310925	2	2	1	74	1	43
chr11	102310577	102311379	2	2	1	949	0	46
chr11	102311037	102311379	2	2	1	75	0	45
chr12	71952560	71958746	1	1	1	98	0	27
chr12	71952560	71959805	1	1	1	137	0	43
chr12	71958774	71959805	1	1	1	98	0	27
chr12	83811361	83825258	2	2	1	90	1	34
chr12	83811361	83831921	2	2	1	469	0	44
chr12	83825292	83831921	2	2	1	90	1	33
chr12	112928622	113133308	1	1	0	0	4	13
chr12	113133338	113133495	1	1	0	132	9	43
chr12	113133338	113133540	1	1	1	2192	62	42
chr12	113133338	113135796	1	1	1	59	0	29
chr12	113133577	113134800	1	1	0	13	0	14
chr12	113133577	113135796	1	1	1	2199	71	29
chr12	113134813	113135796	1	1	0	12	0	12
chr13	46778994	46780625	2	2	1	575	1	41
chr13	46778994	46785245	2	2	1	3284	4	46
chr13	46780665	46785245	2	2	1	577	1	39
chr13	56084286	56088251	2	2	1	1	0	40
chr13	56084286	56089757	2	2	1	60	0	40
chr13	56084286	56096123	2	2	0	3	0	40
chr13	56088343	56096123	2	2	1	1	0	38
chr13	56089858	56096123	2	2	1	61	0	41
chr14	8171531	8172763	2	2	1	1	0	40
chr14	8172818	8172890	2	2	1	1	0	41
chr14	57643224	57643334	2	2	1	5	0	39
chr14	57643224	57648418	2	2	1	146	0	39
chr14	57643490	57648418	2	2	1	5	0	38
chr14	120389164	120395711	1	1	1	205	0	39
chr14	120389164	120396450	1	1	1	501	0	48
chr14	120395766	120396450	1	1	1	215	0	48
chr15	77102940	77105576	2	2	1	300	0	42
chr15	77102940	77113604	2	2	1	18	0	48
chr15	77105670	77113604	2	2	1	301	0	48
chr15	103242719	103243624	1	1	1	2	2	36
chr16	57178021	57181491	2	2	1	370	2	45
chr16	57178021	57182850	2	2	1	266	0	44
chr16	57181507	57182850	2	2	0	1	0	15
chr16	57181537	57182850	2	2	1	368	2	33
chr17	12979205	13846588	1	1	0	79	1	12
chr17	13846613	13848354	1	1	0	5	0	21
chr17	13846640	13848306	1	1	0	1	0	38
chr17	13846640	13848354	1	1	1	5795	6	24
chr17	13846640	13849107	1	1	1	7031	10	46
chr17	13846640	13849113	1	1	0	61	0	47
chr17	13848376	13849107	1	1	1	5784	6	41
chr17	13848376	13849113	1	1	0	7	0	21
chr17	45570567	45570665	2	2	1	761	3	37
chr17	45570800	45571017	2	2	1	819	1	24
chr17	51783067	51785528	2	2	1	1	0	40
chr17	51785641	51803430	2	2	1	1	0	14
chr18	10726534	10740982	1	1	1	1	0	15
chr18	53948155	53948644	1	1	1	17725	24	28
chr18	53948155	53948651	1	1	0	2	0	17
chr18	53948155	53953244	1	1	1	3334	6	44
chr18	53948666	53953244	1	1	0	7	0	21
chr18	53948669	53949681	1	1	0	1	0	15
chr18	53948669	53953244	1	1	1	17700	19	37
chr18	53948669	53953268	1	1	0	1	0	24
chr18	53949705	53953244	1	1	0	1	0	23
chr19	7281256	7281797	2	4	1	262	1	45
chr19	7281256	7282725	2	2	1	1559	0	36
chr19	7281960	7282725	2	2	1	273	1	26
