chr1	34295537	34296741	1	1	1	44	0	18
chr1	34295537	34299720	1	1	1	171	0	39
chr1	34296760	34299720	1	1	1	44	0	18
chr1	40010678	40011649	1	1	1	23	0	21
chr1	40010678	40014105	1	1	1	44	0	32
chr1	40011842	40014105	1	1	1	19	0	37
chr1	58565955	58586211	2	2	1	1	0	46
chr1	82735508	82747082	1	1	1	10	0	40
chr1	82735508	82750519	1	1	1	67	0	40
chr1	82747143	82750519	1	1	1	10	0	38
chr2	32292216	32293314	1	1	1	2	0	43
chr2	32292216	32296625	1	1	1	45	0	43
chr2	32293396	32296625	1	1	1	2	0	38
chr2	59932171	59933405	2	2	0	11	0	33
chr2	59932171	59933411	2	2	1	54	0	30
chr2	59932171	59933670	2	2	1	13	0	38
chr2	59933439	59933670	2	2	1	64	0	28
chr2	71849507	71853533	1	1	1	30	0	42
chr2	71849507	71855853	1	1	1	1294	1	42
chr2	71853664	71855853	1	1	1	32	0	41
chr2	75662926	75663570	1	1	1	4	0	39
chr2	91001089	91001461	1	1	1	554	0	34
chr2	91001511	91003210	1	1	1	545	0	25
chr2	91003238	91003810	1	1	0	1	0	27
chr2	91003346	91003810	1	1	1	8	0	36
chr2	91159300	91162027	2	2	0	1	0	41
chr2	91159306	91160316	2	2	1	6	0	47
chr2	91159306	91162027	2	2	1	133	0	47
chr2	91160371	91162027	2	2	1	6	0	38
chr2	91681696	91682025	2	2	1	2	0	50
chr2	91681696	91684668	2	2	1	541	0	50
chr2	91681831	91684668	2	2	0	1	0	38
chr2	91682110	91684668	2	2	0	1	0	37
chr2	91682137	91684668	2	2	1	1	0	38
chr2	153670448	153670848	1	1	1	48	0	42
chr2	153670909	153672215	1	1	1	45	0	50
chr2	153670909	153714954	1	1	0	1	0	50
chr2	168752741	168754433	2	2	1	12362	7	46
chr3	60613521	60614682	1	1	1	143	0	44
chr3	60613521	60615619	1	1	1	45	0	44
chr3	60614737	60615619	1	1	1	143	0	38
chr3	87733505	87735344	1	1	0	140	1	44
chr3	88483947	88484046	2	2	1	81	0	37
chr3	88484155	88484614	2	2	1	82	0	39
chr3	94770169	94770492	2	4	1	1	0	15
chr3	119724187	119724611	2	2	1	1410	1	34
chr3	119724187	119726065	2	2	1	2	0	29
chr3	119724646	119726065	2	2	1	1440	1	38
chr3	129825617	129826823	2	2	1	1	0	36
chr3	139632407	139650143	2	2	0	0	1	13
chr4	31992517	31993403	1	1	0	1	0	21
chr4	31992517	31994873	1	1	1	1343	2	40
chr4	31992517	32002088	1	1	1	467	0	49
chr4	31993425	31994873	1	1	0	1	0	17
chr4	31994955	32002088	1	1	1	1341	2	49
chr4	107009769	107027216	1	1	1	51	0	38
chr4	107009769	107028192	1	1	1	238	0	45
chr4	107027298	107028192	1	1	1	60	0	43
chr5	23565266	23616326	2	2	1	164	0	45
chr5	72958287	72974530	1	1	1	20	0	42
chr5	116482537	116591333	2	2	1	7	0	50
chr5	149184807	149185484	1	1	1	1	0	43
chr5	149184807	149187707	1	1	1	44	0	44
chr5	149184807	149188344	1	1	1	179	0	45
chr5	149185662	149188344	1	1	0	1	0	34
chr5	149187835	149188344	1	1	1	9	0	39
chr5	149187877	149188344	1	1	1	36	0	40
chr6	47577668	47594893	2	2	1	1	0	34
chr6	72634233	72648800	2	2	1	3091	1	42
chr6	72634233	72649119	2	2	1	5343	2	49
chr6	72648843	72649119	2	2	1	3081	0	42
chr6	72648843	72650179	2	2	0	0	1	42
chr6	98939789	98940994	2	2	1	7	0	45
chr6	98939789	98941535	2	2	1	95	0	45
chr6	98939789	98944618	2	2	0	17	0	45
chr6	98941165	98944618	2	2	0	7	0	36
chr6	98941658	98944618	2	2	1	95	0	36
chr6	125162102	125162211	2	2	1	462	13	36
chr6	128371086	128371967	1	1	1	1044	0	41
chr6	128371086	128372530	1	1	1	39	0	49
chr6	128371086	128372533	1	1	1	339	0	46
chr6	128371086	128372536	1	1	0	1	0	43
chr6	128372013	128372509	1	1	0	1	0	31
chr6	128372013	128372530	1	1	1	150	0	49
chr6	128372013	128372533	1	1	1	878	0	46
chr6	128372013	128372536	1	1	0	3	0	43
chr6	128372018	128372533	1	1	0	14	0	46
chr7	25724845	25725923	2	2	1	1	0	38
chr7	67240441	67244520	2	2	1	5	0	24
chr7	67240441	67251656	2	2	1	367	0	45
chr7	67244545	67251656	2	2	1	5	0	24
chr7	101288340	102001612	1	3	0	5	0	12
chr7	102001660	102002294	1	1	1	186	0	43
chr7	102001660	102007485	1	1	1	2606	2	45
chr7	102002337	102007485	1	1	1	187	0	42
chr7	112839481	112841887	1	1	1	10	0	41
chr7	112839481	112842039	1	1	1	137	0	41
chr7	112839481	112856052	1	1	1	3	0	12
chr7	112839481	112856776	1	1	0	1	0	41
chr7	112839481	112856797	1	1	1	12	0	43
chr7	112841951	112856052	1	1	1	1	0	12
chr7	112841951	112856797	1	1	0	4	0	37
chr7	112842103	112856052	1	1	1	12	0	12
chr7	112842103	112856797	1	1	1	132	0	45
chr7	112856065	112856797	1	1	1	16	0	12
chr7	127980247	127981190	1	1	1	12	0	5
chr7	127981292	127981410	1	1	1	13	1	6
chr7	144847532	144862231	1	1	1	2	0	3
chr7	144861833	144862231	1	1	1	1765	4	39
chr7	144861837	144862231	1	1	0	2	0	32
chr7	144862267	144862764	1	1	0	4	0	35
chr7	144862336	144862764	1	1	1	1739	4	43
chr7	144862377	144862764	1	1	0	1	0	37
chr8	25532429	25555507	1	1	1	2	0	44
chr8	25532429	25557730	1	1	1	3	0	44
chr8	25555775	25557730	1	1	1	3	0	37
chr8	95100453	95100646	2	2	1	298	1	31
chr8	95100453	95101408	2	2	0	431	1	46
chr8	95100674	95101408	2	2	1	298	1	42
chr8	95101447	95139983	2	2	0	1	0	15
chr8	120569377	120570716	1	1	1	1	0	13
chr8	123268550	123268744	2	2	1	66	0	46
chr9	43027296	43040539	2	2	1	13	0	38
chr9	43027296	43042590	2	2	1	182	1	46
chr9	43040597	43042590	2	2	1	12	0	45
chr9	80093642	80098885	1	1	1	1131	0	26
chr9	80093642	80098892	1	1	0	10	0	14
chr9	80093642	80103693	1	1	1	6108	5	45
chr9	80093642	80103698	1	1	0	2	0	43
chr9	80098907	80103693	1	1	1	1143	0	29
chr9	114597607	114597794	2	2	1	272	0	38
chr9	114597607	114598704	2	2	0	289	1	42
chr9	114597825	114598704	2	2	0	2	0	30
chr9	114597831	114598704	2	2	1	269	0	36
chr11	20335249	20831974	1	1	0	1	3	13
chr11	79458907	79463232	1	1	1	18	1	42
chr11	79458907	79468716	1	1	1	45	0	42
chr11	79463296	79468716	1	1	1	19	1	39
chr11	83497297	83497893	1	1	1	1	0	33
chr11	83497927	83499072	1	1	1	1	0	33
chr11	94112147	94113262	1	1	1	15	0	21
chr11	94112147	94114172	1	1	1	149	0	32
chr11	94113302	94114172	1	1	1	15	0	39
chr11	102310577	102310925	2	2	1	90	0	43
chr11	102310577	102311379	2	2	1	201	0	46
chr11	102311037	102311379	2	2	1	90	0	45
chr12	71952560	71959805	1	1	1	126	0	44
chr12	83811361	83825258	2	2	1	126	0	37
chr12	83811361	83831921	2	2	1	160	0	41
chr12	83825292	83831921	2	2	1	125	0	34
chr12	83825319	83831921	2	2	0	1	0	38
chr12	113133338	113133495	1	1	0	11	0	43
chr12	113133338	113133540	1	1	1	258	0	38
chr12	113133338	113135796	1	1	1	570	0	29
chr12	113133577	113135796	1	1	1	251	0	29
chr13	46778990	46785245	2	2	0	3	0	44
chr13	46778994	46780625	2	2	1	604	0	42
chr13	46778994	46785245	2	2	1	1958	5	47
chr13	46780665	46785245	2	2	1	605	0	39
chr13	56084286	56089757	2	2	1	19	0	40
chr13	56084286	56096123	2	2	0	3	0	40
chr13	56089858	56096123	2	2	1	18	0	41
chr14	57643224	57643334	2	2	1	2	0	39
chr14	57643224	57648418	2	2	1	119	0	47
chr14	57643490	57648418	2	2	1	2	0	38
chr14	120389164	120395711	1	1	1	386	0	39
chr14	120389164	120395717	1	1	0	2	0	38
chr14	120389164	120396450	1	1	1	78	0	48
chr14	120395766	120396450	1	1	1	396	0	48
chr15	77102940	77105576	2	2	1	146	0	41
chr15	77102940	77113604	2	2	1	22	0	47
chr15	77105670	77113604	2	2	1	147	0	48
chr15	103242719	103243624	1	1	1	0	1	36
chr16	57178021	57181491	2	2	1	12	0	44
chr16	57178021	57182850	2	2	1	704	0	44
chr16	57181537	57182850	2	2	1	12	0	33
chr16	77076522	77077003	1	1	1	1	0	29
chr16	84831508	84834808	2	2	1	2	0	44
chr16	94686604	94691580	1	1	1	3	0	45
chr17	12979205	13846588	1	1	0	24	1	12
chr17	13846640	13848354	1	1	1	333	1	22
chr17	13846640	13849107	1	1	1	8543	14	50
chr17	13846640	13849113	1	1	0	71	0	47
chr17	13848376	13849107	1	1	1	332	1	26
chr17	13848376	13849113	1	1	0	1	0	21
chr17	45570567	45570665	2	2	1	497	0	39
chr17	45570800	45571017	2	2	1	553	0	23
chr17	46590452	46590758	2	2	1	1	0	11
chr17	56578845	56578920	2	2	1	1	0	18
chr17	56578986	56582983	2	2	1	1	0	42
chr18	53948155	53948644	1	1	1	1872	0	28
chr18	53948155	53949213	1	1	0	2	0	39
chr18	53948155	53952820	1	1	0	1	0	39
chr18	53948155	53953244	1	1	1	9627	12	45
chr18	53948666	53953244	1	1	0	1	0	21
chr18	53948669	53953244	1	1	1	1865	0	27
chr18	53949263	53953244	1	1	0	2	0	37
chr18	53952864	53953244	1	1	0	1	0	37
chr19	7281256	7281797	2	4	1	164	0	39
chr19	7281256	7282725	2	2	1	274	0	35
chr19	7281960	7282725	2	2	1	170	0	33
chr19	30158650	30174423	2	2	1	1	0	34
