chr1	34295537	34296741	1	1	1	36	1	18
chr1	34295537	34299720	1	1	1	165	0	42
chr1	34296760	34299720	1	1	1	36	1	19
chr1	40010678	40011649	1	1	1	30	0	21
chr1	40010678	40014105	1	1	1	75	1	32
chr1	40011842	40014105	1	1	1	30	0	37
chr1	82735508	82747082	1	1	1	2	0	40
chr1	82735508	82750519	1	1	1	61	0	40
chr1	82747143	82750519	1	1	1	2	0	38
chr2	32292216	32296625	1	1	1	72	0	43
chr2	59926161	59932104	2	2	1	3	0	31
chr2	59932171	59933405	2	2	0	7	0	37
chr2	59932171	59933411	2	2	1	78	0	31
chr2	59932171	59933670	2	2	1	11	0	39
chr2	59933439	59933670	2	2	1	83	0	33
chr2	71849507	71853533	1	1	1	39	0	39
chr2	71849507	71855853	1	1	1	2101	0	44
chr2	71849511	71855853	1	1	0	6	0	40
chr2	71853664	71855853	1	1	1	40	0	41
chr2	75662926	75663570	1	1	1	2	0	27
chr2	91001089	91001461	1	1	1	553	0	34
chr2	91001089	91003299	1	1	0	2	0	33
chr2	91001511	91003210	1	1	1	545	0	25
chr2	91003238	91003810	1	1	0	2	0	27
chr2	91003346	91003810	1	1	1	15	0	36
chr2	91159306	91160316	2	2	1	4	0	47
chr2	91159306	91162027	2	2	1	242	1	47
chr2	91160371	91162027	2	2	1	4	0	38
chr2	91681696	91684668	2	2	1	834	1	50
chr2	153670448	153670848	1	1	1	58	0	42
chr2	153670448	153672215	1	1	1	2	0	50
chr2	153670909	153672215	1	1	1	58	0	50
chr2	168752741	168754433	2	2	1	18718	18	48
chr3	60613521	60614682	1	1	1	140	0	44
chr3	60613521	60615619	1	1	1	37	0	44
chr3	60614737	60615619	1	1	1	140	0	37
chr3	87733505	87734423	1	1	1	1	0	39
chr3	87733505	87735344	1	1	0	171	0	44
chr3	87734553	87735344	1	1	1	1	0	37
chr3	88483947	88484046	2	2	1	100	0	37
chr3	88484155	88484614	2	2	1	100	0	39
chr3	119724187	119724611	2	2	1	1737	1	34
chr3	119724187	119726065	2	2	1	8	0	29
chr3	119724646	119726065	2	2	1	1771	1	38
chr3	119726116	119820407	2	2	0	2	0	13
chr4	31992517	31993403	1	1	0	1	0	21
chr4	31992517	31994873	1	1	1	1497	2	43
chr4	31992517	32002088	1	1	1	993	2	50
chr4	31993425	31994873	1	1	0	1	0	17
chr4	31994955	32002088	1	1	1	1505	2	49
chr4	107009769	107027216	1	1	1	39	0	41
chr4	107009769	107028192	1	1	1	329	0	44
chr4	107027298	107028192	1	1	1	42	0	41
chr5	23565266	23616326	2	2	1	195	0	46
chr5	72958287	72974530	1	1	1	30	0	42
chr5	116482537	116591333	2	2	1	9	0	50
chr5	149184807	149185484	1	1	1	1	0	43
chr5	149184807	149187707	1	1	1	59	0	44
chr5	149184807	149188344	1	1	1	227	0	45
chr5	149187806	149188344	1	1	0	1	0	37
chr5	149187835	149188344	1	1	1	11	0	39
chr5	149187877	149188344	1	1	1	47	0	40
chr6	47577668	47594893	2	2	1	1	0	17
chr6	72634233	72648800	2	2	1	4514	7	42
chr6	72634233	72649119	2	2	1	9281	5	50
chr6	72634351	72649119	2	2	0	1	0	40
chr6	72648843	72649119	2	2	1	4483	6	42
chr6	98939789	98940994	2	2	1	6	0	45
chr6	98939789	98941535	2	2	1	64	0	45
chr6	98939789	98944618	2	2	0	10	0	45
chr6	98941165	98944618	2	2	0	7	0	36
chr6	98941658	98944618	2	2	1	64	0	36
chr6	125162102	125162211	2	2	1	550	16	38
chr6	128371086	128371967	1	1	1	2073	1	45
chr6	128371086	128372530	1	1	1	97	0	49
chr6	128371086	128372533	1	1	1	840	0	46
chr6	128372013	128372504	1	1	0	2	0	26
chr6	128372013	128372509	1	1	0	3	0	31
chr6	128372013	128372530	1	1	1	289	0	49
chr6	128372013	128372533	1	1	1	1748	1	46
chr6	128372013	128372539	1	1	0	1	0	40
chr6	128372018	128372530	1	1	0	6	0	49
chr6	128372018	128372533	1	1	0	28	0	46
chr7	67240441	67244520	2	2	1	10	0	24
chr7	67240441	67251656	2	2	1	584	0	44
chr7	67244545	67251656	2	2	1	10	0	24
chr7	101405603	102001614	1	1	0	7	0	13
chr7	102001660	102002294	1	1	1	312	0	42
chr7	102001660	102007485	1	1	1	3908	5	46
chr7	102002337	102007485	1	1	1	312	0	40
chr7	112839481	112841887	1	1	1	5	0	41
chr7	112839481	112842039	1	1	1	147	0	41
chr7	112839481	112856052	1	1	1	3	0	12
chr7	112839481	112856797	1	1	1	18	0	43
chr7	112841951	112856797	1	1	0	3	0	37
chr7	112842103	112856052	1	1	1	14	0	12
chr7	112842103	112856797	1	1	1	136	0	45
chr7	112856065	112856797	1	1	1	17	0	12
chr7	127980247	127981190	1	1	1	9	0	30
chr7	127981292	127981410	1	1	1	10	0	6
chr7	144847532	144862231	1	1	1	1	0	3
chr7	144861833	144862231	1	1	1	1994	1	39
chr7	144861837	144862231	1	1	0	2	0	32
chr7	144862267	144862764	1	1	0	8	0	35
chr7	144862336	144862764	1	1	1	1976	1	49
chr7	144862377	144862764	1	1	0	1	0	37
chr8	25532429	25555507	1	1	1	4	0	44
chr8	25532429	25557730	1	1	1	1	0	43
chr8	25555775	25557730	1	1	1	6	0	38
chr8	95100453	95100646	2	2	1	487	0	31
chr8	95100453	95101408	2	2	0	839	0	46
chr8	95100674	95101408	2	2	1	488	0	43
chr8	123268550	123268744	2	2	1	127	0	46
chr9	43027296	43040539	2	2	1	19	0	38
chr9	43027296	43042590	2	2	1	241	0	45
chr9	43040597	43042590	2	2	1	18	0	45
chr9	80093642	80098885	1	1	1	1851	0	31
chr9	80093642	80098892	1	1	0	53	0	14
chr9	80093642	80103693	1	1	1	9810	9	45
chr9	80098907	80103693	1	1	1	1904	0	24
chr9	114597607	114597794	2	2	1	327	2	38
chr9	114597607	114598704	2	2	0	363	0	43
chr9	114597825	114598704	2	2	0	2	0	30
chr9	114597831	114598704	2	2	1	324	2	36
chr11	79458907	79463232	1	1	1	33	0	42
chr11	79458907	79468716	1	1	1	50	0	42
chr11	79463296	79468716	1	1	1	29	0	39
chr11	79468155	79468716	1	1	1	1	0	38
chr11	94112147	94113262	1	1	1	22	0	23
chr11	94112147	94114172	1	1	1	281	0	32
chr11	94113302	94114172	1	1	1	26	0	39
chr11	102310577	102310925	2	2	1	106	0	42
chr11	102310577	102311379	2	2	1	330	0	45
chr11	102311037	102311379	2	2	1	107	0	45
chr12	71952560	71959805	1	1	1	222	0	46
chr12	83811361	83825258	2	2	1	153	0	37
chr12	83811361	83831921	2	2	1	167	1	42
chr12	83825292	83831921	2	2	1	151	0	34
chr12	83825334	83831921	2	2	0	1	0	38
chr12	104697145	104700364	2	2	1	1	0	39
chr12	113133338	113133495	1	1	0	4	0	42
chr12	113133338	113133540	1	1	1	303	0	42
chr12	113133338	113135796	1	1	1	805	0	29
chr12	113133577	113135796	1	1	1	291	0	29
chr13	46778994	46780625	2	2	1	654	1	43
chr13	46778994	46785245	2	2	1	3035	5	46
chr13	46780663	46785245	2	2	0	1	0	37
chr13	46780665	46785245	2	2	1	651	0	40
chr13	56084286	56088255	2	2	0	1	0	40
chr13	56084286	56089757	2	2	1	22	0	41
chr13	56084286	56096123	2	2	0	1	0	38
chr13	56088343	56096123	2	2	1	1	0	38
chr13	56089858	56096123	2	2	1	22	0	41
chr14	57643224	57643334	2	2	1	2	0	39
chr14	57643224	57648418	2	2	1	128	1	47
chr14	57643490	57648418	2	2	1	2	0	38
chr14	120389164	120395711	1	1	1	328	1	44
chr14	120389164	120396450	1	1	1	126	0	48
chr14	120395766	120396450	1	1	1	341	1	48
chr15	5117423	5117618	1	1	1	1	0	20
chr15	77102940	77105576	2	2	1	123	0	40
chr15	77102940	77113604	2	2	1	15	0	44
chr15	77105670	77113604	2	2	1	125	0	48
chr16	57178021	57181491	2	2	1	49	0	43
chr16	57178021	57182850	2	2	1	1340	3	44
chr16	57181537	57182850	2	2	1	49	0	33
chr16	94686604	94691580	1	1	1	3	0	45
chr17	12979205	13846588	1	1	0	39	0	12
chr17	13846640	13848354	1	1	1	766	2	21
chr17	13846640	13849107	1	1	1	14793	21	47
chr17	13846640	13849113	1	1	0	86	0	47
chr17	13848376	13849107	1	1	1	758	2	26
chr17	13848376	13849113	1	1	0	8	0	21
chr17	45570567	45570665	2	2	1	515	0	42
chr17	45570800	45571017	2	2	1	550	0	21
chr17	66438392	66448316	2	2	1	1	0	34
chr18	10726534	10740982	1	1	1	1	0	15
chr18	53948155	53948644	1	1	1	2259	1	28
chr18	53948155	53949213	1	1	0	1	0	39
chr18	53948155	53949550	1	1	0	1	0	39
chr18	53948155	53953244	1	1	1	14898	14	45
chr18	53948167	53948644	1	1	0	1	0	27
chr18	53948669	53953244	1	1	1	2255	1	26
chr18	53949263	53953244	1	1	0	1	0	37
chr18	53949588	53953244	1	1	0	1	0	37
chr19	7281256	7281797	2	4	1	163	0	39
chr19	7281256	7282725	2	2	1	480	1	35
chr19	7281960	7282725	2	2	1	175	0	35
