chr1	34295537	34296741	1	1	1	54	0	18
chr1	34295537	34299720	1	1	1	23	0	39
chr1	34296760	34299720	1	1	1	54	0	19
chr1	40010678	40011649	1	1	1	146	0	21
chr1	40010678	40011783	1	1	0	1	0	21
chr1	40010678	40011811	1	1	0	1	0	21
chr1	40010678	40014105	1	1	1	35	1	32
chr1	40011842	40014105	1	1	1	145	0	39
chr1	82735508	82741817	1	1	1	4	0	40
chr1	82735508	82741934	1	1	0	1	0	40
chr1	82735508	82747082	1	1	1	3	0	40
chr1	82735508	82750519	1	1	1	49	0	41
chr1	82741977	82750519	1	1	1	1	0	38
chr1	82747143	82750519	1	1	1	5	0	41
chr2	32292216	32293314	1	1	1	5	0	43
chr2	32292216	32296625	1	1	1	66	0	44
chr2	32293396	32296625	1	1	1	5	0	38
chr2	59932171	59933405	2	2	0	50	0	37
chr2	59932171	59933411	2	2	1	345	0	31
chr2	59932171	59933670	2	2	1	3	0	38
chr2	59933439	59933670	2	2	1	387	0	31
chr2	71849507	71853533	1	1	1	720	1	40
chr2	71849507	71853890	1	1	0	5	0	39
chr2	71849507	71855853	1	1	1	3274	5	45
chr2	71849507	71855868	1	1	0	4	0	46
chr2	71853664	71855853	1	1	1	741	1	42
chr2	71853891	71855853	1	1	0	1	0	40
chr2	71853948	71855853	1	1	0	5	0	40
chr2	75662926	75663570	1	1	1	2	0	39
chr2	91001089	91001461	1	1	1	503	0	34
chr2	91001511	91003210	1	1	1	507	0	25
chr2	91003238	91003810	1	1	0	1	0	27
chr2	91003346	91003810	1	1	1	14	0	36
chr2	91159300	91162027	2	2	0	6	0	41
chr2	91159306	91160316	2	2	1	192	1	47
chr2	91159306	91162027	2	2	1	407	1	47
chr2	91160371	91162027	2	2	1	189	1	38
chr2	91681696	91684668	2	2	1	180	0	50
chr3	60613521	60614682	1	1	1	1321	1	49
chr3	60613521	60615619	1	1	1	828	0	45
chr3	60614737	60615619	1	1	1	1319	1	39
chr3	78910078	78918024	2	2	0	0	1	15
chr3	87733505	87734423	1	1	1	5	0	39
chr3	87733505	87735344	1	1	0	7	0	39
chr3	87734553	87735344	1	1	1	6	0	37
chr3	88483947	88484046	2	2	1	324	3	38
chr3	88484155	88484614	2	2	1	322	3	40
chr3	88484666	88537145	2	2	0	0	3	12
chr3	119724187	119724611	2	2	1	4994	0	34
chr3	119724187	119726065	2	2	1	14	0	29
chr3	119724646	119726065	2	2	1	5117	1	38
chr3	119726116	120643502	2	2	0	4	0	13
chr4	31992517	31994873	1	1	1	190	0	39
chr4	31992517	32002088	1	1	1	3580	6	49
chr4	31994955	32002088	1	1	1	191	0	49
chr4	107009769	107027216	1	1	1	17	0	39
chr4	107009769	107028192	1	1	1	135	0	41
chr4	107027298	107028192	1	1	1	17	0	41
chr5	23565266	23616326	2	2	1	783	0	46
chr5	72958287	72965803	1	1	1	4	0	37
chr5	72958287	72974530	1	1	1	83	0	42
chr5	72965882	72974530	1	1	1	4	0	41
chr5	116475248	116477058	2	2	1	1	0	25
chr5	116477146	116482389	2	2	1	1	0	33
chr5	116482537	116591333	2	2	1	799	5	50
chr5	149184807	149185484	1	1	1	2	0	44
chr5	149184807	149187707	1	1	1	17	0	43
chr5	149184807	149188344	1	1	1	691	2	45
chr5	149185662	149188344	1	1	0	1	0	39
chr5	149187835	149188344	1	1	1	2	0	39
chr5	149187877	149188344	1	1	1	15	0	39
chr6	47577668	47594893	2	2	1	1	0	39
chr6	72634233	72648800	2	2	1	2	0	37
chr6	72634233	72649119	2	2	1	2	0	40
chr6	72648843	72649119	2	2	1	2	0	40
chr6	98939789	98940994	2	2	1	1	0	45
chr6	98939789	98941535	2	2	1	120	0	46
chr6	98939789	98944618	2	2	0	15	0	45
chr6	98941165	98944618	2	2	0	1	0	36
chr6	98941658	98944618	2	2	1	120	0	36
chr6	125162102	125162211	2	2	1	258	9	35
chr6	128371086	128371967	1	1	1	3123	2	45
chr6	128371086	128372530	1	1	1	1	0	49
chr6	128371086	128372533	1	1	1	15	0	46
chr6	128372013	128372504	1	1	0	22	0	26
chr6	128372013	128372509	1	1	0	7	0	32
chr6	128372013	128372530	1	1	1	411	0	47
chr6	128372013	128372533	1	1	1	2653	2	46
chr6	128372013	128372536	1	1	0	1	0	43
chr6	128372018	128372530	1	1	0	5	0	49
chr6	128372018	128372533	1	1	0	28	0	46
chr7	67240441	67244520	2	2	1	195	1	24
chr7	67240441	67251656	2	2	1	1098	3	44
chr7	67244545	67251656	2	2	1	195	1	24
chr7	102001660	102002294	1	1	1	895	0	42
chr7	102001660	102007485	1	1	1	594	0	44
chr7	102002337	102007485	1	1	1	897	0	40
chr7	112839481	112841887	1	1	1	5	1	41
chr7	112839481	112842039	1	1	1	140	2	41
chr7	112839481	112856052	1	1	1	2	0	12
chr7	112839481	112856797	1	1	1	1	0	41
chr7	112841906	112842057	1	1	0	0	1	18
chr7	112841951	112856052	1	1	1	2	0	12
chr7	112842103	112856052	1	1	1	139	2	12
chr7	112842103	112856797	1	1	1	6	0	37
chr7	112856065	112856797	1	1	1	144	2	17
chr7	127977322	127978140	1	1	1	1	0	9
chr7	127980247	127981190	1	1	1	5	0	8
chr7	127981292	127981410	1	1	1	6	0	6
chr8	25532429	25555507	1	1	1	5	0	44
chr8	25555775	25557730	1	1	1	5	0	37
chr8	95100453	95100646	2	2	1	832	0	31
chr8	95100453	95101408	2	2	0	215	0	46
chr8	95100674	95101408	2	2	1	832	0	42
chr8	123268550	123268744	2	2	1	143	0	47
chr9	43027296	43040539	2	2	1	114	0	40
chr9	43027296	43042590	2	2	1	113	0	46
chr9	43040597	43042590	2	2	1	111	0	46
chr9	80093642	80098885	1	1	1	7123	3	26
chr9	80093642	80098892	1	1	0	171	0	14
chr9	80093642	80103693	1	1	1	250	0	45
chr9	80098907	80099016	1	1	0	1	0	14
chr9	80098907	80101831	1	1	0	3	0	21
chr9	80098907	80103693	1	1	1	7287	3	29
chr9	80098907	80103698	1	1	0	5	0	21
chr9	80099049	80103693	1	1	0	1	0	37
chr9	80101891	80103693	1	1	0	3	0	37
chr9	114597607	114597794	2	2	1	393	0	38
chr9	114597607	114598704	2	2	0	13	0	42
chr9	114597825	114598704	2	2	0	1	0	30
chr9	114597831	114598704	2	2	1	390	0	36
chr11	26778879	26787397	2	2	0	0	1	13
chr11	75186116	75190398	2	2	1	1	0	35
chr11	79458907	79463232	1	1	1	15	0	42
chr11	79458907	79468113	1	1	1	1	0	41
chr11	79458907	79468716	1	1	1	128	1	42
chr11	79463296	79468716	1	1	1	17	0	39
chr11	79468155	79468716	1	1	1	1	0	38
chr11	83497297	83497893	1	1	1	1	0	33
chr11	83497927	83499072	1	1	1	1	0	33
chr11	94112147	94113262	1	1	1	87	0	21
chr11	94112147	94114172	1	1	1	269	0	32
chr11	94113302	94114172	1	1	1	90	0	39
chr11	102310577	102310925	2	2	1	43	1	42
chr11	102310577	102311379	2	2	1	548	0	46
chr11	102311037	102311379	2	2	1	43	0	45
chr12	71952560	71958746	1	1	1	58	0	27
chr12	71952560	71959805	1	1	1	50	0	44
chr12	71958774	71959805	1	1	1	58	0	29
chr12	83811361	83825258	2	2	1	92	0	33
chr12	83811361	83831921	2	2	1	349	0	41
chr12	83825292	83831921	2	2	1	92	0	33
chr12	113133338	113133495	1	1	0	113	19	44
chr12	113133338	113133540	1	1	1	1565	42	42
chr12	113133338	113135796	1	1	1	6	0	29
chr12	113133577	113134186	1	1	0	3	0	28
chr12	113133577	113134800	1	1	0	8	0	14
chr12	113133577	113135796	1	1	1	1605	61	29
chr12	113134231	113135796	1	1	0	3	0	29
chr12	113134813	113135796	1	1	0	7	0	12
chr13	46778994	46780545	2	2	0	3	0	40
chr13	46778994	46780625	2	2	1	537	3	44
chr13	46778994	46785245	2	2	1	1995	6	49
chr13	46780665	46785245	2	2	1	540	3	39
chr13	56084286	56089757	2	2	1	40	0	40
chr13	56084286	56096123	2	2	0	3	0	40
chr13	56089858	56096123	2	2	1	40	0	41
chr14	57643224	57643334	2	2	1	4	0	39
chr14	57643224	57648418	2	2	1	96	0	47
chr14	57643490	57648418	2	2	1	4	0	38
chr14	120389164	120395711	1	1	1	288	0	39
chr14	120389164	120395717	1	1	0	1	0	38
chr14	120389164	120396450	1	1	1	416	1	48
chr14	120395766	120396450	1	1	1	301	0	48
chr15	77102940	77105576	2	2	1	198	1	41
chr15	77102940	77110164	2	2	0	1	0	40
chr15	77102940	77113604	2	2	1	25	0	48
chr15	77105670	77113604	2	2	1	200	1	48
chr15	77110206	77113604	2	2	0	1	0	44
chr16	57178021	57181491	2	2	1	316	0	46
chr16	57178021	57182850	2	2	1	121	0	44
chr16	57181537	57182850	2	2	1	316	0	44
chr17	12979205	13846588	1	1	0	60	1	12
chr17	13846640	13848354	1	1	1	2861	2	22
chr17	13846640	13849107	1	1	1	3974	6	46
chr17	13846640	13849113	1	1	0	25	0	47
chr17	13848376	13849107	1	1	1	2856	2	29
chr17	13848376	13849116	1	1	0	5	0	21
chr17	45570567	45570665	2	2	1	488	2	37
chr17	45570800	45571017	2	2	1	511	1	21
chr18	10726534	10740982	1	1	1	3	0	15
chr18	53948155	53948644	1	1	1	13867	5	28
chr18	53948155	53953244	1	1	1	2676	2	44
chr18	53948666	53953244	1	1	0	18	0	21
chr18	53948669	53953244	1	1	1	13840	5	37
chr18	53948669	53953268	1	1	0	9	0	24
chr18	64515406	64516415	2	2	1	1	0	28
chr19	7281251	7282725	2	2	0	1	0	26
chr19	7281256	7281797	2	4	1	242	0	39
chr19	7281256	7282725	2	2	1	947	0	36
chr19	7281960	7282725	2	2	1	249	0	35
