chr1	34295537	34296741	1	1	1	101	1	18
chr1	34295537	34299720	1	1	1	27	0	39
chr1	34296760	34299720	1	1	1	101	1	20
chr1	40010678	40011649	1	1	1	121	0	21
chr1	40010678	40011811	1	1	0	4	0	21
chr1	40010678	40014105	1	1	1	75	1	37
chr1	40011842	40014105	1	1	1	122	0	38
chr1	82735508	82741817	1	1	1	4	0	40
chr1	82735508	82747082	1	1	1	1	0	40
chr1	82735508	82750519	1	1	1	89	0	41
chr1	82741977	82750519	1	1	1	3	0	38
chr1	82747143	82750519	1	1	1	1	0	38
chr2	32292216	32293314	1	1	1	23	0	43
chr2	32292216	32296625	1	1	1	87	0	43
chr2	32293396	32296625	1	1	1	23	0	39
chr2	59932171	59933405	2	2	0	74	0	37
chr2	59932171	59933411	2	2	1	543	0	31
chr2	59932171	59933670	2	2	1	3	0	38
chr2	59933439	59933670	2	2	1	606	0	28
chr2	71849507	71851882	1	1	0	1	0	35
chr2	71849507	71853533	1	1	1	978	0	44
chr2	71849507	71853820	1	1	0	1	0	37
chr2	71849507	71853890	1	1	0	1	0	39
chr2	71849507	71855853	1	1	1	5189	11	45
chr2	71849511	71853895	1	1	0	1	0	35
chr2	71853664	71855853	1	1	1	1019	0	44
chr2	71853891	71855853	1	1	0	3	0	40
chr2	71853948	71855853	1	1	0	1	0	40
chr2	75662926	75663570	1	1	1	3	0	35
chr2	91001089	91001461	1	1	1	939	1	34
chr2	91001511	91003210	1	1	1	937	1	40
chr2	91001511	91003299	1	1	0	1	0	46
chr2	91003238	91003810	1	1	0	2	0	27
chr2	91003346	91003810	1	1	1	30	0	36
chr2	91159300	91162027	2	2	0	2	0	41
chr2	91159306	91160316	2	2	1	266	0	47
chr2	91159306	91162027	2	2	1	609	1	47
chr2	91160371	91162027	2	2	1	266	0	39
chr2	91681696	91684668	2	2	1	308	0	50
chr2	91681831	91684668	2	2	0	1	0	38
chr2	153670448	153672215	1	1	1	5	0	50
chr3	60613521	60614682	1	1	1	2135	0	45
chr3	60613521	60614688	1	1	0	6	0	42
chr3	60613521	60615619	1	1	1	2130	6	45
chr3	60614737	60615619	1	1	1	2156	0	39
chr3	78904652	78918022	2	2	0	1	0	12
chr3	87733505	87734423	1	1	1	14	0	39
chr3	87733505	87735344	1	1	0	23	0	39
chr3	87734553	87735344	1	1	1	14	0	37
chr3	88483947	88484046	2	2	1	287	0	38
chr3	88484155	88484614	2	2	1	281	0	43
chr3	119724187	119724611	2	2	1	5414	4	34
chr3	119724187	119726065	2	2	1	25	0	29
chr3	119724646	119726065	2	2	1	5542	4	38
chr3	119726116	119820407	2	2	0	2	0	13
chr3	119726116	120643502	2	2	0	5	0	13
chr3	129825617	129826823	2	2	1	1	0	36
chr4	31992517	31994873	1	1	1	354	0	39
chr4	31992517	32002088	1	1	1	4733	7	49
chr4	31994955	32002088	1	1	1	350	0	49
chr4	107009769	107027216	1	1	1	20	0	38
chr4	107009769	107028192	1	1	1	209	0	44
chr4	107027298	107028192	1	1	1	26	0	42
chr5	23565266	23616326	2	2	1	1296	1	46
chr5	23615795	23616326	2	2	0	1	0	45
chr5	72958287	72965803	1	1	1	1	0	37
chr5	72958287	72974530	1	1	1	127	0	43
chr5	72965882	72974530	1	1	1	1	0	41
chr5	116477146	116482389	2	2	1	1	0	39
chr5	116482537	116591333	2	2	1	1214	4	50
chr5	149184807	149187707	1	1	1	27	0	43
chr5	149184807	149188344	1	1	1	793	4	45
chr5	149187835	149188344	1	1	1	4	0	39
chr5	149187877	149188344	1	1	1	23	0	40
chr6	47577668	47594893	2	2	1	1	0	20
chr6	98939789	98941535	2	2	1	215	2	45
chr6	98939789	98944618	2	2	0	29	0	45
chr6	98941658	98944618	2	2	1	215	2	37
chr6	125162102	125162211	2	2	1	419	11	36
chr6	125184353	125184434	2	2	1	1	0	5
chr6	128371086	128371967	1	1	1	5101	1	45
chr6	128371086	128372530	1	1	1	1	0	49
chr6	128371086	128372533	1	1	1	33	0	46
chr6	128372013	128372278	1	1	0	1	0	25
chr6	128372013	128372504	1	1	0	29	0	26
chr6	128372013	128372509	1	1	0	10	0	31
chr6	128372013	128372530	1	1	1	635	0	49
chr6	128372013	128372533	1	1	1	4358	1	46
chr6	128372013	128372536	1	1	0	3	0	43
chr6	128372013	128372539	1	1	0	6	0	40
chr6	128372018	128372504	1	1	0	2	0	26
chr6	128372018	128372530	1	1	0	9	0	49
chr6	128372018	128372533	1	1	0	53	0	46
chr6	128372018	128372539	1	1	0	1	0	40
chr6	128372306	128372530	1	1	0	1	0	27
chr7	25724845	25725923	2	2	1	2	0	37
chr7	67240441	67244520	2	2	1	244	1	24
chr7	67240441	67251656	2	2	1	2278	1	50
chr7	67240443	67251659	1	1	0	1	0	41
chr7	67244545	67251656	2	2	1	244	1	24
chr7	102001660	102002294	1	1	1	1694	3	43
chr7	102001660	102007485	1	1	1	717	0	43
chr7	102002337	102007485	1	1	1	1695	3	40
chr7	102003812	102007485	1	1	0	1	0	38
chr7	112839481	112841887	1	1	1	5	0	41
chr7	112839481	112842039	1	1	1	135	0	41
chr7	112839481	112856052	1	1	1	4	0	12
chr7	112839481	112856797	1	1	1	12	0	41
chr7	112841951	112856052	1	1	1	2	0	12
chr7	112842103	112856052	1	1	1	132	0	12
chr7	112842103	112856797	1	1	1	4	0	37
chr7	112856065	112856797	1	1	1	139	0	12
chr7	127980247	127981190	1	1	1	20	0	30
chr7	127981292	127981410	1	1	1	20	0	6
chr8	25532429	25557730	1	1	1	10	0	44
chr8	33386064	33386329	1	1	0	1	0	46
chr8	91688606	91932332	1	1	0	8	0	13
chr8	95100453	95100646	2	2	1	1213	3	31
chr8	95100453	95101408	2	2	0	183	0	46
chr8	95100674	95101408	2	2	1	1213	3	44
chr8	95101447	95139983	2	2	0	0	1	15
chr8	121628690	121651724	2	2	1	4	0	20
chr8	123268550	123268744	2	2	1	235	1	46
chr9	43027296	43040539	2	2	1	143	0	39
chr9	43027296	43042590	2	2	1	210	0	45
chr9	43040593	43042590	2	2	0	1	0	43
chr9	43040597	43042590	2	2	1	142	0	46
chr9	80093642	80098885	1	1	1	9887	7	30
chr9	80093642	80098892	1	1	0	220	0	14
chr9	80093642	80103693	1	1	1	351	0	45
chr9	80098907	80103693	1	1	1	10106	7	24
chr9	80098907	80103698	1	1	0	3	0	21
chr9	80101891	80103693	1	1	0	1	0	37
chr9	114597607	114597794	2	2	1	626	3	38
chr9	114597607	114598704	2	2	0	22	0	42
chr9	114597825	114598704	2	2	0	14	0	30
chr9	114597831	114598704	2	2	1	609	3	38
chr11	79458907	79463232	1	1	1	20	0	42
chr11	79458907	79468716	1	1	1	223	0	43
chr11	79463296	79468716	1	1	1	20	0	39
chr11	83497297	83497893	1	1	1	1	0	33
chr11	83497927	83499072	1	1	1	1	0	33
chr11	94112147	94113262	1	1	1	144	0	21
chr11	94112147	94114172	1	1	1	495	0	32
chr11	94113302	94114172	1	1	1	144	0	39
chr11	100481848	100482144	2	2	1	1	0	39
chr11	102310577	102310925	2	2	1	68	0	44
chr11	102310577	102311379	2	2	1	879	2	46
chr11	102311037	102311360	2	2	0	1	0	27
chr11	102311037	102311379	2	2	1	67	0	45
chr12	71952560	71958746	1	1	1	64	0	27
chr12	71952560	71959805	1	1	1	87	0	44
chr12	71958774	71959805	1	1	1	64	0	28
chr12	83811361	83825258	2	2	1	39	0	33
chr12	83811361	83831921	2	2	1	542	0	41
chr12	83825292	83831921	2	2	1	40	0	33
chr12	104697145	104700364	2	2	1	1	0	39
chr12	113133338	113133447	1	1	0	1	0	42
chr12	113133338	113133495	1	1	0	128	10	45
chr12	113133338	113133540	1	1	1	2674	79	43
chr12	113133338	113135796	1	1	1	18	0	29
chr12	113133577	113134761	1	1	0	1	0	21
chr12	113133577	113134800	1	1	0	9	0	12
chr12	113133577	113135796	1	1	1	2708	89	29
chr12	113134813	113135796	1	1	0	10	0	29
chr13	46778990	46785245	2	2	0	3	0	44
chr13	46778994	46780545	2	2	0	2	0	40
chr13	46778994	46780625	2	2	1	679	1	43
chr13	46778994	46785245	2	2	1	3325	4	46
chr13	46780665	46785245	2	2	1	685	1	40
chr13	56084286	56089757	2	2	1	87	0	41
chr13	56084286	56096123	2	2	0	1	0	40
chr13	56089858	56096123	2	2	1	86	0	41
chr14	57643224	57643334	2	2	1	1	0	39
chr14	57643224	57648418	2	2	1	139	0	40
chr14	57643490	57648418	2	2	1	1	0	38
chr14	101654106	101654207	1	1	1	1	0	5
chr14	120389164	120395711	1	1	1	258	0	39
chr14	120389164	120396450	1	1	1	720	0	48
chr14	120395766	120396450	1	1	1	273	0	48
chr15	58126715	58128208	2	2	1	1	0	35
chr15	77102940	77105576	2	2	1	223	0	42
chr15	77102940	77113604	2	2	1	30	0	48
chr15	77105670	77113604	2	2	1	222	0	48
chr16	57178021	57181491	2	2	1	416	1	44
chr16	57178021	57182850	2	2	1	242	0	44
chr16	57181537	57182850	2	2	1	414	1	33
chr17	12979205	13846588	1	1	0	85	1	12
chr17	13846613	13848354	1	1	0	3	0	21
chr17	13846640	13848354	1	1	1	6566	8	24
chr17	13846640	13848884	1	1	0	1	0	38
chr17	13846640	13849107	1	1	1	5986	3	48
chr17	13846640	13849113	1	1	0	27	0	47
chr17	13848376	13849107	1	1	1	6551	8	29
chr17	13848376	13849113	1	1	0	24	0	26
chr17	45570567	45570665	2	2	1	768	0	37
chr17	45570800	45571017	2	2	1	855	0	21
chr18	10726534	10740982	1	1	1	1	0	15
chr18	53948155	53948381	1	1	0	3	0	39
chr18	53948155	53948644	1	1	1	16842	19	33
chr18	53948155	53953244	1	1	1	3368	3	44
chr18	53948155	53953268	1	1	0	1	0	40
chr18	53948447	53953244	1	1	0	2	0	37
chr18	53948666	53953244	1	1	0	13	0	21
chr18	53948669	53949681	1	1	0	1	0	14
chr18	53948669	53953244	1	1	1	16809	19	37
chr18	53948669	53953268	1	1	0	3	0	24
chr18	53948673	53953244	1	1	0	2	0	28
chr18	53949263	53953244	1	1	0	1	0	37
chr18	53949705	53953244	1	1	0	1	0	23
chr19	7281251	7282725	2	2	0	1	0	26
chr19	7281256	7281797	2	4	1	236	0	39
chr19	7281256	7282725	2	2	1	2238	2	36
chr19	7281960	7282725	2	2	1	253	0	35
chr19	23687546	23694320	1	1	1	2	0	37
