chr1	34295537	34296741	1	1	1	105	0	18
chr1	34295537	34299720	1	1	1	15	0	38
chr1	34296760	34299696	1	1	0	1	0	18
chr1	34296760	34299720	1	1	1	104	0	19
chr1	40010678	40011649	1	1	1	72	1	21
chr1	40010678	40011811	1	1	0	1	0	21
chr1	40010678	40014105	1	1	1	36	1	32
chr1	40011842	40014105	1	1	1	70	0	40
chr1	82735508	82741817	1	1	1	2	0	40
chr1	82735508	82750519	1	1	1	54	0	41
chr1	82747143	82750519	1	1	1	1	0	38
chr2	30066894	30068268	1	1	1	2	0	29
chr2	32292216	32293314	1	1	1	13	0	43
chr2	32292216	32296625	1	1	1	72	0	43
chr2	32293396	32296625	1	1	1	13	0	38
chr2	59926161	59932104	2	2	1	1	0	33
chr2	59932171	59933405	2	2	0	78	0	37
chr2	59932171	59933411	2	2	1	378	0	31
chr2	59932171	59933670	2	2	1	1	0	32
chr2	59933439	59933670	2	2	1	452	0	28
chr2	71849507	71853533	1	1	1	975	1	44
chr2	71849507	71855853	1	1	1	2778	3	44
chr2	71849507	71855868	1	1	0	1	0	46
chr2	71853664	71855853	1	1	1	1000	1	42
chr2	75662926	75663570	1	1	1	7	0	39
chr2	91001089	91001461	1	1	1	603	0	24
chr2	91001089	91003210	1	1	0	0	1	24
chr2	91001089	91003299	1	1	0	1	0	33
chr2	91001511	91003210	1	1	1	604	0	23
chr2	91001511	91003299	1	1	0	1	0	46
chr2	91003346	91003810	1	1	1	21	0	36
chr2	91159306	91160316	2	2	1	209	1	47
chr2	91159306	91162027	2	2	1	512	2	47
chr2	91160371	91162027	2	2	1	208	0	39
chr2	91681696	91682025	2	2	1	1	0	50
chr2	91681696	91684668	2	2	1	217	0	50
chr2	91682137	91684668	2	2	1	1	0	38
chr2	153670448	153670848	1	1	1	1	0	42
chr2	153670909	153672215	1	1	1	1	0	50
chr2	168752741	168754433	2	2	1	2	0	44
chr3	60613521	60614682	1	1	1	1385	2	45
chr3	60613521	60614688	1	1	0	1	0	44
chr3	60613521	60615619	1	1	1	1713	3	45
chr3	60614737	60615619	1	1	1	1392	2	45
chr3	78904652	78918022	2	2	0	1	0	12
chr3	87733505	87734423	1	1	1	14	0	39
chr3	87733505	87735344	1	1	0	13	0	39
chr3	87734553	87735344	1	1	1	14	0	37
chr3	88483947	88484046	2	2	1	258	0	38
chr3	88484155	88484614	2	2	1	254	0	40
chr3	119724187	119724611	2	2	1	4369	3	34
chr3	119724187	119726065	2	2	1	21	0	29
chr3	119724646	119726065	2	2	1	4506	3	38
chr3	129825617	129826823	2	2	1	1	0	36
chr4	31992517	31994873	1	1	1	228	0	39
chr4	31992517	32002088	1	1	1	4293	5	49
chr4	31994955	32002088	1	1	1	226	0	49
chr4	107009769	107027216	1	1	1	18	0	39
chr4	107009769	107028192	1	1	1	184	1	43
chr4	107027298	107028192	1	1	1	19	0	41
chr5	23565266	23616326	2	2	1	1081	2	49
chr5	72958287	72965803	1	1	1	3	0	37
chr5	72958287	72974530	1	1	1	111	1	43
chr5	72965882	72974530	1	1	1	3	0	41
chr5	116482537	116591333	2	2	1	809	3	50
chr5	149184807	149187707	1	1	1	16	0	43
chr5	149184807	149188311	1	1	0	1	0	43
chr5	149184807	149188344	1	1	1	550	1	46
chr5	149187864	149188344	1	1	0	1	0	39
chr5	149187877	149188344	1	1	1	15	0	39
chr6	47577668	47594893	2	2	1	3	0	27
chr6	98939789	98941535	2	2	1	175	0	45
chr6	98939789	98944618	2	2	0	9	0	45
chr6	98941658	98944618	2	2	1	176	0	36
chr6	125162102	125162211	2	2	1	328	7	36
chr6	128371086	128371967	1	1	1	3845	3	45
chr6	128371086	128372530	1	1	1	4	0	49
chr6	128371086	128372533	1	1	1	13	0	46
chr6	128372013	128372504	1	1	0	25	0	26
chr6	128372013	128372509	1	1	0	6	0	31
chr6	128372013	128372530	1	1	1	463	0	49
chr6	128372013	128372533	1	1	1	3309	3	46
chr6	128372013	128372539	1	1	0	4	0	40
chr6	128372018	128372530	1	1	0	3	0	49
chr6	128372018	128372533	1	1	0	42	0	46
chr6	128372018	128372536	1	1	0	1	0	43
chr7	25724845	25725923	2	2	1	1	0	41
chr7	43311186	43312993	2	2	1	1	0	17
chr7	67240441	67244520	2	2	1	162	0	24
chr7	67240441	67251656	2	2	1	1664	0	47
chr7	67244545	67251656	2	2	1	162	0	24
chr7	102001660	102002294	1	1	1	1385	1	43
chr7	102001660	102007485	1	1	1	490	0	44
chr7	102001665	102002300	1	1	0	0	1	36
chr7	102002310	102007485	1	1	0	1	0	15
chr7	102002337	102007485	1	1	1	1391	1	42
chr7	102003812	102007485	1	1	0	1	0	38
chr7	112839481	112841887	1	1	1	6	0	41
chr7	112839481	112842039	1	1	1	119	0	41
chr7	112839481	112856052	1	1	1	7	0	12
chr7	112839481	112856797	1	1	1	6	0	41
chr7	112841951	112856052	1	1	1	1	0	12
chr7	112842103	112856052	1	1	1	116	0	12
chr7	112842103	112856797	1	1	1	4	0	37
chr7	112856065	112856797	1	1	1	128	0	14
chr7	127980247	127981190	1	1	1	11	0	22
chr7	127981292	127981410	1	1	1	10	0	6
chr8	25532429	25557730	1	1	1	5	0	44
chr8	46207621	46208397	2	2	1	1	0	31
chr8	91688606	91932332	1	1	0	4	0	13
chr8	95100453	95100646	2	2	1	799	2	31
chr8	95100453	95101408	2	2	0	98	0	46
chr8	95100674	95101408	2	2	1	799	2	42
chr8	123268550	123268744	2	2	1	186	0	48
chr9	43027296	43040539	2	2	1	92	1	40
chr9	43027296	43042590	2	2	1	126	1	46
chr9	43040597	43042590	2	2	1	93	1	46
chr9	80093642	80098885	1	1	1	7459	7	26
chr9	80093642	80098892	1	1	0	183	0	14
chr9	80093642	80099016	1	1	0	1	0	32
chr9	80093642	80103693	1	1	1	314	0	45
chr9	80098907	80099016	1	1	0	1	0	21
chr9	80098907	80101831	1	1	0	2	0	21
chr9	80098907	80103693	1	1	1	7638	7	24
chr9	80098907	80103698	1	1	0	6	0	21
chr9	80099049	80103693	1	1	0	2	0	37
chr9	80101891	80103693	1	1	0	2	0	37
chr9	114597607	114597794	2	2	1	456	0	39
chr9	114597607	114598704	2	2	0	7	0	40
chr9	114597825	114598704	2	2	0	5	0	30
chr9	114597831	114598704	2	2	1	450	0	36
chr11	26778879	26787397	2	2	0	0	1	13
chr11	79006898	79458862	1	1	0	0	4	15
chr11	79458907	79463232	1	1	1	14	0	42
chr11	79458907	79468716	1	1	1	174	4	42
chr11	79463296	79468716	1	1	1	13	0	39
chr11	83497297	83497893	1	1	1	1	0	33
chr11	83497927	83499072	1	1	1	1	0	33
chr11	94112147	94113262	1	1	1	107	0	21
chr11	94112147	94114172	1	1	1	278	0	32
chr11	94113302	94114172	1	1	1	110	0	39
chr11	102310577	102310925	2	2	1	47	0	42
chr11	102310577	102311360	2	2	0	1	0	42
chr11	102310577	102311379	2	2	1	781	0	47
chr11	102311037	102311379	2	2	1	46	0	45
chr12	71952560	71958746	1	1	1	41	0	27
chr12	71952560	71959805	1	1	1	48	0	43
chr12	71958774	71959805	1	1	1	41	0	29
chr12	83811361	83811669	2	2	0	4	0	37
chr12	83811361	83825258	2	2	1	57	0	33
chr12	83811361	83831921	2	2	1	463	0	41
chr12	83811744	83831921	2	2	0	4	0	38
chr12	83825292	83831921	2	2	1	56	0	33
chr12	113133338	113133495	1	1	0	96	16	46
chr12	113133338	113133540	1	1	1	1850	49	43
chr12	113133338	113135796	1	1	1	6	0	29
chr12	113133577	113134186	1	1	0	2	0	28
chr12	113133577	113134761	1	1	0	1	0	21
chr12	113133577	113134800	1	1	0	10	0	12
chr12	113133577	113135796	1	1	1	1866	65	29
chr12	113134231	113135796	1	1	0	3	0	29
chr12	113134813	113135796	1	1	0	12	0	29
chr13	46778990	46785245	2	2	0	1	0	44
chr13	46778994	46779694	2	2	0	1	0	39
chr13	46778994	46780625	2	2	1	889	3	41
chr13	46778994	46785245	2	2	1	2605	6	46
chr13	46780665	46785245	2	2	1	893	3	39
chr13	56084286	56088251	2	2	1	1	0	40
chr13	56084286	56089757	2	2	1	43	0	41
chr13	56088343	56096123	2	2	1	1	0	38
chr13	56089858	56096123	2	2	1	46	0	41
chr14	57643224	57643334	2	2	1	2	0	39
chr14	57643224	57648418	2	2	1	82	0	39
chr14	57643490	57648418	2	2	1	2	0	38
chr14	120389164	120395711	1	1	1	189	0	38
chr14	120389164	120396450	1	1	1	699	1	48
chr14	120395766	120396450	1	1	1	195	0	48
chr15	77102940	77105576	2	2	1	183	0	41
chr15	77102940	77113604	2	2	1	13	0	47
chr15	77105670	77113604	2	2	1	183	0	48
chr15	103242719	103242921	1	1	1	0	1	42
chr15	103242719	103243624	1	1	1	0	1	36
chr16	57178021	57181491	2	2	1	300	0	44
chr16	57178021	57182850	2	2	1	118	0	44
chr16	57181537	57182850	2	2	1	300	0	41
chr17	12979205	13846588	1	1	0	54	1	12
chr17	13846613	13848354	1	1	0	5	0	21
chr17	13846640	13848354	1	1	1	4602	3	24
chr17	13846640	13848361	1	1	0	4	0	14
chr17	13846640	13849107	1	1	1	4288	4	46
chr17	13846640	13849113	1	1	0	35	0	47
chr17	13848376	13849107	1	1	1	4608	3	41
chr17	13848376	13849113	1	1	0	8	0	21
chr17	45570567	45570665	2	2	1	513	0	38
chr17	45570800	45571017	2	2	1	537	1	21
chr18	10726534	10740982	1	1	1	1	0	15
chr18	53948155	53948644	1	1	1	11942	10	28
chr18	53948155	53948651	1	1	0	1	0	17
chr18	53948155	53953244	1	1	1	2148	2	43
chr18	53948666	53953244	1	1	0	5	0	21
chr18	53948669	53949681	1	1	0	1	0	15
chr18	53948669	53953244	1	1	1	11931	9	37
chr18	53948669	53953268	1	1	0	2	0	24
chr18	53949705	53953244	1	1	0	1	0	23
chr18	64515409	64516415	2	2	1	1	0	37
chr19	7281256	7281797	2	4	1	209	0	39
chr19	7281256	7282331	2	2	0	1	0	38
chr19	7281256	7282725	2	2	1	1487	0	35
chr19	7281960	7282725	2	2	1	216	0	35
chr19	7282449	7282725	2	2	0	1	0	26
KV575235.1	147143	149264	1	1	0	0	1	24
