chr1	34295537	34296741	1	1	1	58	0	18
chr1	34295537	34299720	1	1	1	9	0	38
chr1	34296760	34299720	1	1	1	58	0	19
chr1	40010678	40011649	1	1	1	44	0	22
chr1	40010678	40011811	1	1	0	1	0	21
chr1	40010678	40014105	1	1	1	15	1	32
chr1	40011842	40014105	1	1	1	43	0	37
chr1	55088413	55089050	1	1	1	1	0	13
chr1	58565955	58586211	2	2	1	1	0	42
chr1	82735508	82741817	1	1	1	1	0	20
chr1	82735508	82750519	1	1	1	22	0	40
chr2	32292216	32293314	1	1	1	2	0	43
chr2	32292216	32296625	1	1	1	54	0	43
chr2	32293396	32296625	1	1	1	2	0	38
chr2	59932171	59933405	2	2	0	41	0	37
chr2	59932171	59933411	2	2	1	224	0	31
chr2	59933439	59933670	2	2	1	261	0	30
chr2	71849507	71853533	1	1	1	351	0	41
chr2	71849507	71855853	1	1	1	1324	3	42
chr2	71849507	71855868	1	1	0	2	0	46
chr2	71853664	71855853	1	1	1	370	0	41
chr2	75662926	75663570	1	1	1	2	0	31
chr2	91001089	91001461	1	1	1	300	1	34
chr2	91001089	91003299	1	1	0	3	0	33
chr2	91001511	91003210	1	1	1	289	1	20
chr2	91001511	91003299	1	1	0	1	0	46
chr2	91003346	91003810	1	1	1	3	0	36
chr2	91159306	91160316	2	2	1	140	0	47
chr2	91159306	91162027	2	2	1	235	0	47
chr2	91160371	91162027	2	2	1	141	0	39
chr2	91681696	91684668	2	2	1	110	0	50
chr2	153670448	153672215	1	1	1	4	0	50
chr3	60422418	60613472	1	1	0	0	3	15
chr3	60613521	60614682	1	1	1	738	1	44
chr3	60613521	60615619	1	1	1	926	3	45
chr3	60614737	60615619	1	1	1	740	1	44
chr3	87733505	87734423	1	1	1	6	0	39
chr3	87733505	87735344	1	1	0	2	0	39
chr3	87734553	87735344	1	1	1	7	0	37
chr3	88483947	88484046	2	2	1	173	0	43
chr3	88484077	88484614	2	2	0	1	0	30
chr3	88484155	88484614	2	2	1	169	0	39
chr3	119724187	119724611	2	2	1	2778	4	34
chr3	119724187	119726065	2	2	1	9	0	29
chr3	119724646	119726065	2	2	1	2831	4	38
chr3	129825617	129826823	2	2	1	1	0	11
chr4	31992517	31994873	1	1	1	93	0	40
chr4	31992517	32002088	1	1	1	1998	3	49
chr4	31994955	32002088	1	1	1	94	0	48
chr4	107009769	107027216	1	1	1	3	0	38
chr4	107009769	107028192	1	1	1	67	0	41
chr4	107027298	107028192	1	1	1	3	0	41
chr5	23565266	23616326	2	2	1	421	0	45
chr5	72958287	72965803	1	1	1	1	0	37
chr5	72958287	72974530	1	1	1	48	0	41
chr5	72965882	72974530	1	1	1	1	0	41
chr5	113758264	113759220	2	2	1	2	0	10
chr5	116482537	116591333	2	2	1	563	3	50
chr5	149184807	149187707	1	1	1	8	0	43
chr5	149184807	149188344	1	1	1	169	0	45
chr5	149187835	149188344	1	1	1	1	0	39
chr5	149187877	149188344	1	1	1	7	0	39
chr6	98939789	98941535	2	2	1	76	0	45
chr6	98939789	98944618	2	2	0	1	0	45
chr6	98941658	98944618	2	2	1	77	0	36
chr6	125162102	125162211	2	2	1	185	8	36
chr6	128371086	128371967	1	1	1	1790	0	43
chr6	128371086	128372530	1	1	1	1	0	49
chr6	128371086	128372533	1	1	1	6	0	46
chr6	128372013	128372504	1	1	0	7	0	26
chr6	128372013	128372509	1	1	0	5	0	31
chr6	128372013	128372530	1	1	1	242	0	49
chr6	128372013	128372533	1	1	1	1521	0	46
chr6	128372018	128372533	1	1	0	17	0	46
chr7	67240441	67244520	2	2	1	67	0	24
chr7	67240441	67251656	2	2	1	617	2	47
chr7	67244545	67251656	2	2	1	67	0	24
chr7	102001660	102002294	1	1	1	794	1	42
chr7	102001660	102007485	1	1	1	241	0	43
chr7	102001665	102002300	1	1	0	0	1	36
chr7	102002337	102007485	1	1	1	794	1	41
chr7	112839481	112841887	1	1	1	2	0	41
chr7	112839481	112842039	1	1	1	62	0	41
chr7	112839481	112856052	1	1	1	6	0	12
chr7	112839481	112856797	1	1	1	6	0	41
chr7	112841951	112856052	1	1	1	1	0	12
chr7	112842103	112856052	1	1	1	60	0	12
chr7	112842103	112856797	1	1	1	1	0	37
chr7	112856065	112856797	1	1	1	67	0	14
chr7	112856065	112856803	1	1	0	2	0	12
chr7	127979994	127980209	1	1	1	1	0	6
chr7	127980247	127981190	1	1	1	11	0	37
chr7	127981292	127981410	1	1	1	11	0	6
chr8	25532429	25557730	1	1	1	1	0	41
chr8	25555775	25557730	1	1	1	1	0	37
chr8	95100453	95100646	2	2	1	626	0	31
chr8	95100453	95101408	2	2	0	79	0	44
chr8	95100674	95101408	2	2	1	627	0	42
chr8	121628690	121651724	2	2	1	1	0	20
chr8	123268550	123268744	2	2	1	120	0	48
chr9	43027296	43029555	2	2	0	1	0	38
chr9	43027296	43040539	2	2	1	62	0	38
chr9	43027296	43042590	2	2	1	72	0	45
chr9	43029615	43042590	2	2	0	1	0	43
chr9	43040597	43042590	2	2	1	62	0	45
chr9	80093642	80098847	1	1	0	1	0	44
chr9	80093642	80098885	1	1	1	3976	2	26
chr9	80093642	80098892	1	1	0	120	0	19
chr9	80093642	80103693	1	1	1	162	0	45
chr9	80098907	80103693	1	1	1	4096	2	37
chr9	80098907	80103698	1	1	0	1	0	21
chr9	114597607	114597794	2	2	1	215	0	38
chr9	114597607	114598704	2	2	0	5	0	40
chr9	114597825	114598704	2	2	0	1	0	30
chr9	114597831	114598704	2	2	1	212	0	36
chr11	78488129	78490566	2	2	1	1	0	4
chr11	79458907	79463232	1	1	1	13	0	42
chr11	79458907	79468716	1	1	1	109	0	42
chr11	79463296	79468716	1	1	1	14	0	38
chr11	94112147	94113262	1	1	1	56	0	21
chr11	94112147	94114172	1	1	1	173	0	32
chr11	94113302	94114172	1	1	1	59	0	39
chr11	102310577	102310925	2	2	1	31	0	42
chr11	102310577	102311379	2	2	1	413	1	46
chr11	102311037	102311379	2	2	1	32	0	45
chr12	71952560	71958746	1	1	1	34	0	27
chr12	71952560	71959805	1	1	1	38	0	44
chr12	71958774	71959805	1	1	1	34	0	27
chr12	83811361	83811669	2	2	0	1	0	37
chr12	83811361	83825258	2	2	1	28	0	37
chr12	83811361	83831921	2	2	1	194	0	41
chr12	83811744	83831921	2	2	0	1	0	38
chr12	83825292	83831921	2	2	1	27	0	33
chr12	83825334	83831921	2	2	0	1	0	38
chr12	113133338	113133495	1	1	0	59	7	43
chr12	113133338	113133540	1	1	1	944	32	42
chr12	113133338	113135796	1	1	1	9	0	29
chr12	113133577	113134761	1	1	0	1	0	21
chr12	113133577	113134800	1	1	0	4	0	12
chr12	113133577	113135796	1	1	1	967	39	29
chr12	113134813	113135796	1	1	0	5	0	29
chr13	46778994	46780545	2	2	0	1	0	40
chr13	46778994	46780625	2	2	1	379	1	43
chr13	46778994	46785245	2	2	1	1342	2	46
chr13	46779023	46785245	2	2	0	1	0	39
chr13	46780663	46785245	2	2	0	0	1	37
chr13	46780665	46785245	2	2	1	379	1	40
chr13	54683763	54683960	2	2	1	1	0	45
chr13	56084286	56089757	2	2	1	16	0	40
chr13	56089858	56096123	2	2	1	16	0	38
chr14	57643224	57648418	2	2	1	54	0	40
chr14	120389164	120395711	1	1	1	101	0	38
chr14	120389164	120396450	1	1	1	371	1	48
chr14	120395766	120396450	1	1	1	105	0	48
chr15	77102940	77105576	2	2	1	110	0	41
chr15	77102940	77113604	2	2	1	7	0	48
chr15	77105670	77113604	2	2	1	110	0	48
chr15	103242719	103243624	1	1	1	0	1	33
chr16	57178021	57181491	2	2	1	219	0	45
chr16	57178021	57182850	2	2	1	59	0	44
chr16	57181511	57182850	2	2	0	2	0	19
chr16	57181537	57182850	2	2	1	216	0	37
chr17	12979205	13846588	1	1	0	19	0	12
chr17	13846613	13848354	1	1	0	1	0	21
chr17	13846640	13848354	1	1	1	2499	3	21
chr17	13846640	13848358	1	1	0	1	0	17
chr17	13846640	13849107	1	1	1	2444	3	45
chr17	13846640	13849113	1	1	0	3	0	47
chr17	13848376	13849107	1	1	1	2497	3	26
chr17	13848376	13849113	1	1	0	1	0	21
chr17	45570567	45570665	2	2	1	306	1	39
chr17	45570800	45571017	2	2	1	344	0	24
chr18	10726534	10740982	1	1	1	1	0	15
chr18	53948155	53948644	1	1	1	7699	8	33
chr18	53948155	53953244	1	1	1	921	4	42
chr18	53948666	53953244	1	1	0	3	0	21
chr18	53948669	53953244	1	1	1	7695	5	37
chr18	64515409	64516415	2	2	1	1	0	38
chr19	7281256	7281797	2	4	1	117	0	39
chr19	7281256	7282725	2	2	1	707	0	36
chr19	7281960	7282725	2	2	1	124	0	35
