chr1	34295537	34296741	1	1	1	52	0	18
chr1	34295537	34299720	1	1	1	11	0	38
chr1	34296760	34299720	1	1	1	52	0	19
chr1	40010678	40011649	1	1	1	57	0	21
chr1	40010678	40011811	1	1	0	1	0	21
chr1	40010678	40014105	1	1	1	35	0	32
chr1	40011842	40014105	1	1	1	58	0	38
chr1	82735508	82741934	1	1	0	1	0	40
chr1	82735508	82747082	1	1	1	3	0	40
chr1	82735508	82750519	1	1	1	70	0	40
chr1	82747143	82750519	1	1	1	4	0	38
chr2	32292216	32293314	1	1	1	14	0	43
chr2	32292216	32296625	1	1	1	87	0	44
chr2	32293396	32296625	1	1	1	14	0	38
chr2	59932171	59933405	2	2	0	60	0	37
chr2	59932171	59933411	2	2	1	426	0	31
chr2	59932171	59933670	2	2	1	2	0	38
chr2	59933439	59933670	2	2	1	484	0	28
chr2	71849507	71853533	1	1	1	434	1	40
chr2	71849507	71853820	1	1	0	1	0	32
chr2	71849507	71855853	1	1	1	2522	2	45
chr2	71853664	71855853	1	1	1	449	1	41
chr2	71853891	71855853	1	1	0	1	0	40
chr2	75662926	75663570	1	1	1	4	1	40
chr2	91001089	91001461	1	1	1	435	0	24
chr2	91001089	91003299	1	1	0	1	0	33
chr2	91001511	91003210	1	1	1	441	0	25
chr2	91003238	91003810	1	1	0	1	0	27
chr2	91003346	91003810	1	1	1	13	0	36
chr2	91159300	91162027	2	2	0	1	0	41
chr2	91159306	91160316	2	2	1	111	0	47
chr2	91159306	91162027	2	2	1	292	0	47
chr2	91160371	91162027	2	2	1	112	0	38
chr2	91681696	91682025	2	2	1	1	0	50
chr2	91681696	91684668	2	2	1	198	0	50
chr2	91682110	91684668	2	2	0	1	0	38
chr2	119754674	119755130	2	2	1	1	0	35
chr2	153670448	153672215	1	1	1	1	0	50
chr3	60613521	60614682	1	1	1	933	2	46
chr3	60613521	60614688	1	1	0	1	0	38
chr3	60613521	60615619	1	1	1	849	1	45
chr3	60614737	60615619	1	1	1	936	2	42
chr3	78904652	78918022	2	2	0	1	0	12
chr3	87733505	87734423	1	1	1	4	0	39
chr3	87733505	87735344	1	1	0	3	0	39
chr3	87734553	87735344	1	1	1	4	0	37
chr3	88483947	88484046	2	2	1	242	2	41
chr3	88484155	88484614	2	2	1	242	2	39
chr3	119724187	119724611	2	2	1	4987	1	34
chr3	119724187	119726065	2	2	1	13	0	29
chr3	119724646	119726065	2	2	1	5092	1	38
chr3	129825617	129826823	2	2	1	2	0	36
chr3	142948246	142963375	2	2	0	0	1	13
chr4	31992517	31994873	1	1	1	205	0	39
chr4	31992517	32002088	1	1	1	3362	4	49
chr4	31994955	32002088	1	1	1	203	0	49
chr4	107009769	107027216	1	1	1	13	0	38
chr4	107009769	107028192	1	1	1	96	1	41
chr4	107027298	107028192	1	1	1	13	0	41
chr5	23565266	23616326	2	2	1	503	0	46
chr5	72958287	72974530	1	1	1	72	1	45
chr5	72965882	72974530	1	1	1	1	0	41
chr5	116482537	116591333	2	2	1	932	5	50
chr5	116566843	116591333	2	2	0	1	0	43
chr5	149184807	149187707	1	1	1	10	1	43
chr5	149184807	149188344	1	1	1	519	0	44
chr5	149187877	149188344	1	1	1	10	1	39
chr5	149188474	149193839	1	1	1	1	0	25
chr6	22343320	22355994	2	2	1	1	0	34
chr6	47577668	47594893	2	2	1	1	0	26
chr6	98939789	98941535	2	2	1	103	0	46
chr6	98939789	98944618	2	2	0	16	0	45
chr6	98941658	98944618	2	2	1	101	0	36
chr6	118403247	118404255	2	2	1	1	0	21
chr6	125162102	125162211	2	2	1	231	7	36
chr6	128371086	128371967	1	1	1	2871	2	43
chr6	128371086	128372509	1	1	0	1	0	39
chr6	128371086	128372530	1	1	1	4	0	49
chr6	128371086	128372533	1	1	1	18	0	46
chr6	128372013	128372504	1	1	0	11	0	26
chr6	128372013	128372509	1	1	0	3	0	31
chr6	128372013	128372530	1	1	1	361	0	49
chr6	128372013	128372533	1	1	1	2455	2	46
chr6	128372013	128372536	1	1	0	2	0	43
chr6	128372018	128372530	1	1	0	4	0	49
chr6	128372018	128372533	1	1	0	33	0	46
chr7	51708182	51747461	2	2	0	0	1	13
chr7	67240441	67244520	2	2	1	113	0	24
chr7	67240441	67251656	2	2	1	862	1	45
chr7	67244545	67251656	2	2	1	113	0	24
chr7	101288340	102001612	1	3	0	4	0	12
chr7	102001660	102002294	1	1	1	1073	1	42
chr7	102001660	102007485	1	1	1	491	0	43
chr7	102001665	102002300	1	1	0	1	0	33
chr7	102002337	102007485	1	1	1	1072	1	40
chr7	102003812	102007485	1	1	0	1	0	38
chr7	112839481	112841887	1	1	1	5	0	41
chr7	112839481	112842039	1	1	1	79	0	41
chr7	112839481	112856052	1	1	1	3	0	12
chr7	112839481	112856797	1	1	1	8	0	41
chr7	112842103	112856052	1	1	1	83	0	12
chr7	112842103	112856797	1	1	1	1	0	37
chr7	112856065	112856797	1	1	1	86	0	15
chr7	112856065	112856803	1	1	0	1	0	12
chr7	127980247	127981190	1	1	1	7	0	20
chr7	127981292	127981410	1	1	1	7	0	6
chr8	25532429	25557730	1	1	1	1	0	44
chr8	33386064	33386329	1	1	0	1	0	46
chr8	95100443	95100636	2	2	0	1	0	36
chr8	95100453	95100646	2	2	1	730	1	31
chr8	95100453	95101408	2	2	0	133	0	46
chr8	95100674	95101408	2	2	1	731	1	44
chr8	95101447	95139983	2	2	0	0	1	15
chr8	121628690	121651724	2	2	1	1	0	38
chr8	123268550	123268744	2	2	1	147	0	47
chr9	43027296	43029555	2	2	0	1	0	38
chr9	43027296	43040539	2	2	1	71	0	38
chr9	43027296	43042590	2	2	1	115	0	48
chr9	43040593	43042590	2	2	0	1	0	45
chr9	43040597	43042590	2	2	1	68	0	46
chr9	80093642	80098885	1	1	1	6368	6	27
chr9	80093642	80098892	1	1	0	143	0	15
chr9	80093642	80103693	1	1	1	192	0	45
chr9	80098907	80103693	1	1	1	6509	6	29
chr9	80098907	80103698	1	1	0	3	0	21
chr9	114597607	114597794	2	2	1	285	0	38
chr9	114597607	114598704	2	2	0	6	1	40
chr9	114597825	114598704	2	2	0	5	0	30
chr9	114597831	114598704	2	2	1	279	0	40
chr10	128519214	128519427	2	2	1	1	0	30
chr11	79458907	79463232	1	1	1	11	0	42
chr11	79458907	79468716	1	1	1	155	1	42
chr11	79463296	79468716	1	1	1	11	0	39
chr11	94112147	94113262	1	1	1	73	0	21
chr11	94112147	94114172	1	1	1	223	1	32
chr11	94113302	94114172	1	1	1	74	0	39
chr11	100481848	100482144	2	2	1	7	0	36
chr11	102310577	102310925	2	2	1	34	0	42
chr11	102310577	102311379	2	2	1	755	1	45
chr11	102311037	102311360	2	2	0	1	0	27
chr11	102311037	102311379	2	2	1	33	0	45
chr12	71952560	71958746	1	1	1	43	0	27
chr12	71952560	71959805	1	1	1	65	0	45
chr12	71958774	71959805	1	1	1	43	0	27
chr12	83811361	83825258	2	2	1	49	0	33
chr12	83811361	83831921	2	2	1	278	1	41
chr12	83825292	83831921	2	2	1	49	0	33
chr12	113133338	113133495	1	1	0	88	9	45
chr12	113133338	113133540	1	1	1	1561	63	43
chr12	113133338	113133551	1	1	0	3	0	25
chr12	113133338	113135796	1	1	1	13	0	29
chr12	113133577	113134761	1	1	0	3	0	21
chr12	113133577	113134800	1	1	0	12	0	12
chr12	113133577	113135796	1	1	1	1589	72	29
chr12	113134813	113135796	1	1	0	15	0	29
chr13	46778990	46785245	2	2	0	1	0	44
chr13	46778994	46780625	2	2	1	436	0	44
chr13	46778994	46785245	2	2	1	2229	3	44
chr13	46780665	46785245	2	2	1	439	0	39
chr13	56084286	56089757	2	2	1	38	0	40
chr13	56089858	56096123	2	2	1	38	0	41
chr14	57643224	57643334	2	2	1	1	0	39
chr14	57643224	57648418	2	2	1	92	0	47
chr14	57643490	57648418	2	2	1	1	0	38
chr14	120389164	120395711	1	1	1	146	0	40
chr14	120389164	120395717	1	1	0	1	0	38
chr14	120389164	120396450	1	1	1	420	1	48
chr14	120395766	120396450	1	1	1	159	0	48
chr15	77102940	77105576	2	2	1	168	0	41
chr15	77102940	77113604	2	2	1	19	0	48
chr15	77105670	77113604	2	2	1	167	0	48
chr15	103242719	103243624	1	1	1	1	1	33
chr16	57178021	57181491	2	2	1	271	0	45
chr16	57178021	57182850	2	2	1	107	0	44
chr16	57181537	57182850	2	2	1	271	0	42
chr17	12979205	13846588	1	1	0	28	1	12
chr17	13846613	13848354	1	1	0	6	0	21
chr17	13846640	13847273	1	1	0	1	0	37
chr17	13846640	13848354	1	1	1	4517	6	22
chr17	13846640	13849107	1	1	1	3603	7	46
chr17	13846640	13849113	1	1	0	22	0	48
chr17	13846644	13848358	1	1	0	1	0	17
chr17	13847311	13848354	1	1	0	1	0	20
chr17	13848376	13849107	1	1	1	4511	6	29
chr17	13848376	13849113	1	1	0	4	0	21
chr17	13848376	13849116	1	1	0	4	0	21
chr17	45570567	45570665	2	2	1	448	2	37
chr17	45570800	45571017	2	2	1	507	3	21
chr18	53948155	53948644	1	1	1	11459	10	33
chr18	53948155	53953244	1	1	1	2033	2	45
chr18	53948666	53953244	1	1	0	11	0	21
chr18	53948669	53953244	1	1	1	11443	9	37
chr18	53948669	53953268	1	1	0	1	0	24
chr18	53948673	53953244	1	1	0	1	0	28
chr18	64515409	64516415	2	2	1	1	0	39
chr19	7281256	7281797	2	4	1	142	0	39
chr19	7281256	7282725	2	2	1	1172	0	35
chr19	7281960	7282725	2	2	1	157	0	26
