chr1	34295537	34296741	1	1	1	99	0	18
chr1	34295537	34299720	1	1	1	25	0	39
chr1	34296760	34299720	1	1	1	99	0	19
chr1	40010678	40011649	1	1	1	85	1	21
chr1	40010678	40011733	1	1	0	1	0	21
chr1	40010678	40011811	1	1	0	2	0	21
chr1	40010678	40014105	1	1	1	22	1	32
chr1	40011842	40014105	1	1	1	83	1	37
chr1	82735508	82741817	1	1	1	3	0	40
chr1	82735508	82750519	1	1	1	48	0	40
chr1	82747143	82750519	1	1	1	1	0	38
chr2	30066894	30068268	1	1	1	1	0	20
chr2	32292216	32293314	1	1	1	17	0	43
chr2	32292216	32296625	1	1	1	61	0	44
chr2	32293396	32296625	1	1	1	18	0	38
chr2	59932171	59933405	2	2	0	77	0	37
chr2	59932171	59933411	2	2	1	416	0	31
chr2	59932171	59933670	2	2	1	2	0	37
chr2	59933439	59933670	2	2	1	485	0	30
chr2	71849507	71853533	1	1	1	544	0	40
chr2	71849507	71853875	1	1	0	1	0	39
chr2	71849507	71855853	1	1	1	1985	6	44
chr2	71849507	71855868	1	1	0	5	0	46
chr2	71853664	71855853	1	1	1	569	0	41
chr2	71853891	71855853	1	1	0	1	0	40
chr2	71853948	71855853	1	1	0	1	0	40
chr2	75662926	75663570	1	1	1	8	1	41
chr2	91001089	91001461	1	1	1	574	1	24
chr2	91001511	91003210	1	1	1	571	1	25
chr2	91001511	91003299	1	1	0	2	0	46
chr2	91003238	91003810	1	1	0	1	0	27
chr2	91003346	91003810	1	1	1	20	0	36
chr2	91159306	91160316	2	2	1	232	0	47
chr2	91159306	91162027	2	2	1	224	2	47
chr2	91160371	91162027	2	2	1	229	0	40
chr2	91681696	91682025	2	2	1	1	0	50
chr2	91681696	91684668	2	2	1	202	0	50
chr2	91681831	91684668	2	2	0	1	0	37
chr2	91682110	91684668	2	2	0	1	0	38
chr2	153670448	153672215	1	1	1	1	0	50
chr2	168752741	168754433	2	2	1	3	0	44
chr3	60201323	60613472	1	1	0	0	4	14
chr3	60422418	60613472	1	1	0	0	3	15
chr3	60613521	60614682	1	1	1	1224	5	45
chr3	60613521	60614688	1	1	0	1	0	38
chr3	60613521	60615619	1	1	1	1384	7	45
chr3	60614737	60615619	1	1	1	1229	5	41
chr3	87733505	87734423	1	1	1	9	0	39
chr3	87733505	87735344	1	1	0	7	0	39
chr3	87734553	87735344	1	1	1	8	0	37
chr3	88483947	88484046	2	2	1	201	1	38
chr3	88483947	88484614	2	2	0	1	0	38
chr3	88484155	88484614	2	2	1	202	1	42
chr3	119724187	119724611	2	2	1	3527	2	34
chr3	119724187	119726065	2	2	1	23	0	29
chr3	119724646	119726065	2	2	1	3602	4	38
chr3	129825617	129826823	2	2	1	1	0	1
chr4	31992517	31994873	1	1	1	172	0	39
chr4	31992517	32002088	1	1	1	3868	8	49
chr4	31994955	32002088	1	1	1	171	0	50
chr4	107009769	107027216	1	1	1	5	0	38
chr4	107009769	107028192	1	1	1	118	0	42
chr4	107027298	107028192	1	1	1	7	0	41
chr5	23565266	23616326	2	2	1	686	0	46
chr5	72958287	72965803	1	1	1	2	0	37
chr5	72958287	72974530	1	1	1	96	0	41
chr5	72965882	72974530	1	1	1	2	0	41
chr5	116482537	116591333	2	2	1	887	3	50
chr5	149184807	149187707	1	1	1	9	0	43
chr5	149184807	149188344	1	1	1	563	3	45
chr5	149187864	149188344	1	1	0	1	0	39
chr5	149187877	149188344	1	1	1	8	0	39
chr6	47577668	47594893	2	2	1	1	0	24
chr6	98939789	98941535	2	2	1	153	0	46
chr6	98939789	98944618	2	2	0	9	0	45
chr6	98941658	98944618	2	2	1	152	0	39
chr6	125162102	125162211	2	2	1	271	8	36
chr6	128371086	128371967	1	1	1	2975	4	45
chr6	128371086	128371980	1	1	0	1	0	32
chr6	128371086	128372533	1	1	1	10	0	46
chr6	128372013	128372504	1	1	0	22	0	26
chr6	128372013	128372509	1	1	0	4	0	31
chr6	128372013	128372530	1	1	1	402	0	49
chr6	128372013	128372533	1	1	1	2518	3	46
chr6	128372018	128372530	1	1	0	2	0	49
chr6	128372018	128372533	1	1	0	37	0	46
chr7	28174893	28174983	1	1	1	2	0	32
chr7	67240441	67244520	2	2	1	117	0	24
chr7	67240441	67251656	2	2	1	1032	0	45
chr7	67244545	67251656	2	2	1	117	0	24
chr7	99849060	99858763	2	2	1	1	0	44
chr7	101288340	102001612	1	3	0	5	0	12
chr7	102001660	102002294	1	1	1	1471	0	42
chr7	102001660	102007485	1	1	1	355	0	43
chr7	102001665	102002300	1	1	0	1	0	32
chr7	102002337	102007485	1	1	1	1475	0	42
chr7	112839481	112841887	1	1	1	4	0	41
chr7	112839481	112842039	1	1	1	98	0	41
chr7	112839481	112856052	1	1	1	9	0	12
chr7	112839481	112856797	1	1	1	10	0	41
chr7	112841951	112856797	1	1	0	1	0	37
chr7	112842103	112856052	1	1	1	94	0	12
chr7	112842103	112856797	1	1	1	5	0	43
chr7	112856065	112856797	1	1	1	104	0	15
chr7	127972771	127975887	1	1	1	0	1	1
chr7	127980247	127981190	1	1	1	12	0	6
chr7	127981292	127981410	1	1	1	12	0	15
chr8	25532429	25557730	1	1	1	6	0	44
chr8	25555775	25557730	1	1	1	2	0	37
chr8	33386064	33386329	1	1	0	1	0	39
chr8	95100453	95100646	2	2	1	926	1	31
chr8	95100453	95101408	2	2	0	109	0	46
chr8	95100674	95101408	2	2	1	926	1	42
chr8	123268550	123268744	2	2	1	208	0	48
chr9	43027296	43040539	2	2	1	108	0	39
chr9	43027296	43042590	2	2	1	107	0	45
chr9	43040597	43042590	2	2	1	108	0	46
chr9	80093642	80098885	1	1	1	7061	2	26
chr9	80093642	80098892	1	1	0	135	0	14
chr9	80093642	80103693	1	1	1	309	0	45
chr9	80098907	80101831	1	1	0	1	0	21
chr9	80098907	80103693	1	1	1	7191	2	29
chr9	80098907	80103698	1	1	0	3	0	21
chr9	80099049	80103693	1	1	0	1	0	37
chr9	80101891	80103693	1	1	0	1	0	37
chr9	114597607	114597794	2	2	1	361	0	39
chr9	114597607	114598704	2	2	0	14	0	42
chr9	114597825	114598704	2	2	0	3	0	30
chr9	114597831	114598704	2	2	1	355	0	38
chr11	79458907	79463232	1	1	1	14	0	42
chr11	79458907	79468716	1	1	1	189	0	44
chr11	79463296	79468716	1	1	1	14	0	39
chr11	94112147	94113262	1	1	1	86	0	21
chr11	94112147	94114172	1	1	1	200	0	32
chr11	94113302	94114172	1	1	1	89	0	39
chr11	102310577	102310925	2	2	1	52	0	42
chr11	102310577	102311379	2	2	1	705	0	45
chr11	102311037	102311379	2	2	1	50	0	45
chr12	71952560	71958746	1	1	1	47	0	27
chr12	71952560	71959805	1	1	1	52	0	43
chr12	71958774	71959805	1	1	1	47	0	27
chr12	83811361	83825258	2	2	1	44	0	33
chr12	83811361	83831921	2	2	1	360	0	42
chr12	83825292	83831921	2	2	1	44	0	33
chr12	113133338	113133495	1	1	0	86	5	44
chr12	113133338	113133540	1	1	1	1643	48	42
chr12	113133338	113135796	1	1	1	9	0	29
chr12	113133577	113134800	1	1	0	8	0	12
chr12	113133577	113135796	1	1	1	1663	53	29
chr12	113134813	113135796	1	1	0	8	0	12
chr13	46778994	46780625	2	2	1	754	1	42
chr13	46778994	46785245	2	2	1	2231	3	48
chr13	46780663	46785245	2	2	0	2	0	37
chr13	46780665	46785245	2	2	1	747	1	40
chr13	56084286	56089757	2	2	1	33	0	40
chr13	56089858	56096123	2	2	1	33	0	39
chr14	57643224	57643334	2	2	1	1	0	39
chr14	57643224	57648418	2	2	1	117	0	47
chr14	57643490	57648418	2	2	1	1	0	38
chr14	120389164	120395711	1	1	1	167	0	39
chr14	120389164	120396450	1	1	1	637	0	48
chr14	120395766	120396450	1	1	1	174	0	48
chr15	77102940	77105576	2	2	1	165	0	40
chr15	77102940	77113604	2	2	1	9	0	48
chr15	77105670	77113604	2	2	1	165	0	48
chr16	57178021	57181491	2	2	1	310	1	45
chr16	57178021	57182850	2	2	1	96	0	44
chr16	57181507	57182850	2	2	0	1	0	15
chr16	57181537	57182850	2	2	1	305	1	42
chr17	12979205	13846588	1	1	0	36	1	12
chr17	13846613	13848354	1	1	0	10	0	21
chr17	13846640	13848354	1	1	1	4521	6	22
chr17	13846640	13849107	1	1	1	3762	6	48
chr17	13846640	13849113	1	1	0	31	0	47
chr17	13846644	13848358	1	1	0	1	0	17
chr17	13848376	13849107	1	1	1	4518	6	29
chr17	13848376	13849113	1	1	0	10	0	21
chr17	45570567	45570665	2	2	1	455	0	39
chr17	45570800	45571017	2	2	1	494	0	23
chr18	53948155	53948644	1	1	1	10965	6	33
chr18	53948155	53948651	1	1	0	1	0	17
chr18	53948155	53948655	1	1	0	1	0	13
chr18	53948155	53953244	1	1	1	1527	3	49
chr18	53948666	53953244	1	1	0	8	0	21
chr18	53948669	53953244	1	1	1	10947	6	37
chr18	53948669	53953268	1	1	0	1	0	24
chr18	53948673	53953244	1	1	0	5	0	28
chr19	7281251	7282725	2	2	0	1	0	26
chr19	7281256	7281797	2	4	1	126	0	40
chr19	7281256	7282725	2	2	1	1544	3	36
chr19	7281960	7282725	2	2	1	131	0	35
chrX	159414893	159443922	1	1	1	2	0	27
