chr1	34295537	34296741	1	1	1	70	0	18
chr1	34295537	34299720	1	1	1	25	0	39
chr1	34296760	34299720	1	1	1	70	0	18
chr1	38021812	38022163	1	1	1	1	0	14
chr1	40010678	40011649	1	1	1	131	0	28
chr1	40010678	40014105	1	1	1	29	0	32
chr1	40011842	40014105	1	1	1	129	0	40
chr1	55088413	55089050	1	1	1	1	0	30
chr1	82735508	82741817	1	1	1	3	0	20
chr1	82735508	82747082	1	1	1	2	0	40
chr1	82735508	82750519	1	1	1	59	0	41
chr1	82735556	82750519	1	1	0	1	0	38
chr1	82747143	82750519	1	1	1	2	0	38
chr1	180573818	180577582	1	1	1	1	0	11
chr2	32292216	32293314	1	1	1	4	0	43
chr2	32292216	32296625	1	1	1	89	0	44
chr2	32293396	32296625	1	1	1	4	0	38
chr2	59932171	59933405	2	2	0	56	0	33
chr2	59932171	59933411	2	2	1	278	0	31
chr2	59933439	59933670	2	2	1	324	0	31
chr2	71849507	71853533	1	1	1	664	0	40
chr2	71849507	71855853	1	1	1	2184	4	45
chr2	71853664	71855853	1	1	1	677	0	41
chr2	75662926	75663570	1	1	1	3	0	38
chr2	91001089	91001461	1	1	1	465	1	34
chr2	91001089	91003299	1	1	0	4	0	33
chr2	91001511	91003210	1	1	1	458	1	32
chr2	91003238	91003810	1	1	0	1	0	27
chr2	91003346	91003810	1	1	1	13	0	36
chr2	91159306	91160316	2	2	1	151	0	47
chr2	91159306	91162027	2	2	1	444	1	47
chr2	91160371	91162027	2	2	1	150	0	38
chr2	91681696	91684668	2	2	1	163	0	50
chr3	60613521	60614682	1	1	1	1451	3	46
chr3	60613521	60614688	1	1	0	4	0	44
chr3	60613521	60615619	1	1	1	2133	1	45
chr3	60614737	60615619	1	1	1	1450	3	42
chr3	87733505	87734423	1	1	1	9	0	39
chr3	87733505	87735344	1	1	0	36	0	42
chr3	87734553	87735344	1	1	1	9	0	37
chr3	88483947	88484046	2	2	1	194	0	40
chr3	88484155	88484614	2	2	1	190	0	39
chr3	119724187	119724611	2	2	1	4445	1	34
chr3	119724187	119726065	2	2	1	22	0	29
chr3	119724646	119726065	2	2	1	4572	1	38
chr3	119726116	119820407	2	2	0	2	0	13
chr3	119726116	120643502	2	2	0	4	0	13
chr4	31992517	31994873	1	1	1	203	0	40
chr4	31992517	32002088	1	1	1	3491	5	49
chr4	31994955	32002088	1	1	1	204	0	49
chr4	107009769	107027216	1	1	1	17	0	39
chr4	107009769	107028192	1	1	1	147	0	41
chr4	107027298	107028192	1	1	1	25	0	41
chr5	23565266	23616326	2	2	1	787	1	46
chr5	33614835	33628852	2	2	1	2	0	7
chr5	33628978	33629336	2	2	1	1	0	22
chr5	72958287	72974530	1	1	1	97	0	42
chr5	116477146	116482389	2	2	1	1	0	33
chr5	116482532	116591333	2	2	0	3	0	27
chr5	116482537	116591333	2	2	1	879	7	50
chr5	149184807	149187707	1	1	1	39	0	45
chr5	149184807	149188344	1	1	1	557	0	44
chr5	149187835	149188344	1	1	1	4	0	39
chr5	149187864	149188344	1	1	0	2	0	39
chr5	149187877	149188344	1	1	1	32	0	39
chr6	47577668	47594893	2	2	1	3	0	26
chr6	98939789	98941535	2	2	1	179	1	45
chr6	98939789	98944618	2	2	0	7	0	45
chr6	98941658	98944618	2	2	1	181	1	36
chr6	125162102	125162211	2	2	1	244	10	36
chr6	128371086	128371967	1	1	1	3348	3	45
chr6	128371086	128372533	1	1	1	10	0	46
chr6	128372013	128372504	1	1	0	19	0	26
chr6	128372013	128372509	1	1	0	7	0	31
chr6	128372013	128372530	1	1	1	415	1	47
chr6	128372013	128372533	1	1	1	2877	3	46
chr6	128372013	128372536	1	1	0	1	0	43
chr6	128372013	128372539	1	1	0	1	0	40
chr6	128372018	128372530	1	1	0	6	0	49
chr6	128372018	128372533	1	1	0	19	0	46
chr7	25724845	25725923	2	2	1	1	0	41
chr7	67240441	67244520	2	2	1	248	0	24
chr7	67240441	67251656	2	2	1	1618	0	45
chr7	67240443	67251659	1	1	0	1	0	41
chr7	67244545	67251656	2	2	1	248	0	24
chr7	102001660	102002294	1	1	1	1072	1	44
chr7	102001660	102007485	1	1	1	405	0	44
chr7	102001665	102002300	1	1	0	1	0	36
chr7	102002310	102007485	1	1	0	5	0	15
chr7	102002337	102007485	1	1	1	1067	1	42
chr7	112839481	112841887	1	1	1	7	0	41
chr7	112839481	112842039	1	1	1	124	0	42
chr7	112839481	112856052	1	1	1	3	0	12
chr7	112839481	112856797	1	1	1	14	0	41
chr7	112841951	112856052	1	1	1	2	0	12
chr7	112841951	112856797	1	1	0	1	0	37
chr7	112842103	112856052	1	1	1	114	0	12
chr7	112842103	112856797	1	1	1	6	0	37
chr7	112856065	112856797	1	1	1	124	0	14
chr7	127980247	127981190	1	1	1	10	0	30
chr7	127981292	127981410	1	1	1	7	0	6
chr8	25532429	25557730	1	1	1	8	0	44
chr8	46207621	46208397	2	2	1	1	0	31
chr8	95100453	95100646	2	2	1	648	2	27
chr8	95100453	95101408	2	2	0	200	0	46
chr8	95100674	95101408	2	2	1	649	2	44
chr8	95101447	95139983	2	2	0	0	1	15
chr8	123268550	123268744	2	2	1	142	0	47
chr9	43027296	43040539	2	2	1	85	0	38
chr9	43027296	43042590	2	2	1	156	0	46
chr9	43040593	43042590	2	2	0	1	0	43
chr9	43040597	43042590	2	2	1	83	0	46
chr9	80093642	80094508	1	1	0	1	0	44
chr9	80093642	80098885	1	1	1	7499	5	26
chr9	80093642	80098892	1	1	0	185	0	19
chr9	80093642	80103693	1	1	1	211	0	45
chr9	80094574	80098885	1	1	0	1	0	16
chr9	80098907	80099016	1	1	0	2	0	21
chr9	80098907	80101831	1	1	0	1	0	21
chr9	80098907	80103693	1	1	1	7689	5	24
chr9	80098907	80103698	1	1	0	3	0	21
chr9	80099049	80103693	1	1	0	2	0	37
chr9	80101891	80103693	1	1	0	1	0	37
chr9	114597607	114597794	2	2	1	435	1	38
chr9	114597607	114598704	2	2	0	36	0	40
chr9	114597825	114598704	2	2	0	2	0	30
chr9	114597831	114598704	2	2	1	432	1	36
chr11	79458907	79463232	1	1	1	6	0	42
chr11	79458907	79468113	1	1	1	1	0	41
chr11	79458907	79468716	1	1	1	121	0	43
chr11	79463296	79468716	1	1	1	6	0	39
chr11	79468155	79468716	1	1	1	2	0	38
chr11	94112147	94113262	1	1	1	43	0	21
chr11	94112147	94114172	1	1	1	232	0	32
chr11	94113302	94114172	1	1	1	45	0	39
chr11	102310577	102310925	2	2	1	70	0	46
chr11	102310577	102311379	2	2	1	394	1	47
chr11	102311037	102311379	2	2	1	68	0	45
chr12	71952560	71958746	1	1	1	49	0	27
chr12	71952560	71959805	1	1	1	76	0	44
chr12	71958774	71959805	1	1	1	49	0	27
chr12	83811361	83811669	2	2	0	3	0	37
chr12	83811361	83825258	2	2	1	20	0	33
chr12	83811361	83831921	2	2	1	362	0	42
chr12	83811744	83831921	2	2	0	3	0	38
chr12	83825292	83831921	2	2	1	20	0	33
chr12	110694705	110695051	2	2	1	1	0	30
chr12	113133338	113133495	1	1	0	105	18	43
chr12	113133338	113133540	1	1	1	1971	46	42
chr12	113133338	113135796	1	1	1	37	0	29
chr12	113133577	113134761	1	1	0	1	0	21
chr12	113133577	113134800	1	1	0	7	0	12
chr12	113133577	113135796	1	1	1	1981	64	29
chr12	113134813	113135796	1	1	0	10	0	29
chr13	46777214	46778893	2	2	1	1	0	13
chr13	46778994	46780625	2	2	1	283	0	40
chr13	46778994	46785245	2	2	1	2355	5	45
chr13	46780665	46785245	2	2	1	281	0	40
chr13	56084286	56089757	2	2	1	57	0	41
chr13	56084286	56096123	2	2	0	1	0	40
chr13	56089858	56096123	2	2	1	57	0	39
chr14	57643224	57643334	2	2	1	3	0	40
chr14	57643224	57648418	2	2	1	77	0	44
chr14	57643490	57648418	2	2	1	3	0	38
chr14	120389164	120395711	1	1	1	126	0	39
chr14	120389164	120396450	1	1	1	395	0	48
chr14	120395766	120396450	1	1	1	129	0	48
chr15	77102940	77105576	2	2	1	154	0	40
chr15	77102940	77113604	2	2	1	145	0	48
chr15	77105670	77113604	2	2	1	154	0	48
chr16	57178021	57181491	2	2	1	198	1	43
chr16	57178021	57182850	2	2	1	258	1	43
chr16	57181537	57182850	2	2	1	197	1	37
chr17	12979205	13846588	1	1	0	84	1	12
chr17	13846613	13849107	1	1	0	2	0	37
chr17	13846640	13848354	1	1	1	3736	5	22
chr17	13846640	13849107	1	1	1	5056	9	43
chr17	13846640	13849113	1	1	0	19	0	47
chr17	13848376	13849107	1	1	1	3710	5	26
chr17	13848376	13849113	1	1	0	25	0	21
chr17	45570567	45570665	2	2	1	631	3	39
chr17	45570800	45571017	2	2	1	700	1	24
chr18	10726534	10740982	1	1	1	2	0	15
chr18	53948155	53948644	1	1	1	15795	16	33
chr18	53948155	53948651	1	1	0	4	0	17
chr18	53948155	53953244	1	1	1	2853	3	44
chr18	53948162	53948644	1	1	0	2	0	24
chr18	53948666	53953244	1	1	0	17	0	21
chr18	53948669	53953244	1	1	1	15746	14	37
chr18	53948673	53953244	1	1	0	1	0	28
chr18	64515409	64516415	2	2	1	2	0	39
chr19	4098138	4098497	1	1	1	1	0	34
chr19	7281251	7282725	2	2	0	2	0	26
chr19	7281256	7281797	2	4	1	236	0	39
chr19	7281256	7282725	2	2	1	1341	0	36
chr19	7281960	7282725	2	2	1	253	0	33
