chr1	34295537	34296741	1	1	1	67	0	18
chr1	34295537	34299720	1	1	1	15	0	38
chr1	34296760	34299720	1	1	1	67	0	19
chr1	40010678	40011649	1	1	1	67	0	22
chr1	40010678	40011811	1	1	0	1	0	21
chr1	40010678	40014105	1	1	1	33	1	32
chr1	40011842	40014105	1	1	1	66	0	37
chr1	82735508	82741817	1	1	1	1	0	40
chr1	82735508	82747082	1	1	1	3	0	40
chr1	82735508	82750519	1	1	1	65	0	41
chr1	82741977	82750519	1	1	1	1	0	38
chr1	82747143	82750519	1	1	1	3	0	38
chr2	32292216	32293314	1	1	1	9	0	43
chr2	32292216	32296625	1	1	1	30	0	43
chr2	32293396	32296625	1	1	1	10	0	38
chr2	59932171	59933405	2	2	0	84	0	36
chr2	59932171	59933411	2	2	1	371	0	31
chr2	59932171	59933670	2	2	1	3	0	38
chr2	59933439	59933670	2	2	1	450	0	30
chr2	71849507	71853533	1	1	1	769	2	43
chr2	71849507	71853820	1	1	0	1	0	37
chr2	71849507	71855853	1	1	1	3146	4	45
chr2	71853664	71855853	1	1	1	780	2	41
chr2	71853891	71855853	1	1	0	2	0	40
chr2	91001089	91001461	1	1	1	596	2	25
chr2	91001511	91003210	1	1	1	597	2	21
chr2	91003346	91003810	1	1	1	13	0	36
chr2	91159306	91160316	2	2	1	194	0	47
chr2	91159306	91162027	2	2	1	411	1	47
chr2	91160371	91162027	2	2	1	195	0	39
chr2	91681696	91682025	2	2	1	1	0	50
chr2	91681696	91684668	2	2	1	231	0	50
chr2	91682110	91684668	2	2	0	1	0	38
chr2	153670448	153672215	1	1	1	2	0	50
chr3	60613521	60614682	1	1	1	1147	0	45
chr3	60613521	60614688	1	1	0	5	0	44
chr3	60613521	60615619	1	1	1	1366	2	48
chr3	60614737	60615619	1	1	1	1155	0	39
chr3	87733505	87734423	1	1	1	7	0	39
chr3	87733505	87735344	1	1	0	13	0	39
chr3	87734553	87735344	1	1	1	7	0	37
chr3	88483947	88484046	2	2	1	189	4	38
chr3	88483947	88484614	2	2	0	1	0	38
chr3	88484155	88484614	2	2	1	187	4	40
chr3	88484666	88537145	2	2	0	0	4	12
chr3	119724187	119724611	2	2	1	5979	3	34
chr3	119724187	119726065	2	2	1	23	1	29
chr3	119724646	119726065	2	2	1	6143	3	38
chr4	31992517	31994873	1	1	1	216	0	39
chr4	31992517	32002088	1	1	1	3865	3	49
chr4	31994955	32002088	1	1	1	215	0	49
chr4	107009769	107027216	1	1	1	10	0	38
chr4	107009769	107028192	1	1	1	146	0	43
chr4	107027298	107028192	1	1	1	11	0	41
chr4	149222365	149223229	2	2	1	2	0	31
chr5	23565266	23616326	2	2	1	803	0	46
chr5	72958287	72965803	1	1	1	2	0	37
chr5	72958287	72974530	1	1	1	83	0	42
chr5	72965882	72974530	1	1	1	2	0	41
chr5	116477146	116482389	2	2	1	2	0	33
chr5	116482537	116591333	2	2	1	588	2	50
chr5	149184807	149185484	1	1	1	2	0	43
chr5	149184807	149187707	1	1	1	28	0	44
chr5	149184807	149188344	1	1	1	679	1	44
chr5	149185662	149188344	1	1	0	2	0	39
chr5	149187806	149188344	1	1	0	1	0	39
chr5	149187835	149188344	1	1	1	2	0	39
chr5	149187877	149188344	1	1	1	25	0	39
chr6	98939789	98941535	2	2	1	143	0	46
chr6	98939789	98944618	2	2	0	6	0	45
chr6	98941658	98944618	2	2	1	144	0	36
chr6	125162102	125162211	2	2	1	207	5	36
chr6	128371086	128371967	1	1	1	3529	1	45
chr6	128371086	128372509	1	1	0	2	0	39
chr6	128371086	128372530	1	1	1	1	0	49
chr6	128371086	128372533	1	1	1	15	0	46
chr6	128372013	128372504	1	1	0	11	0	26
chr6	128372013	128372509	1	1	0	5	0	31
chr6	128372013	128372530	1	1	1	432	0	49
chr6	128372013	128372533	1	1	1	3040	0	46
chr6	128372018	128372530	1	1	0	3	0	49
chr6	128372018	128372533	1	1	0	34	1	46
chr7	28331530	28338351	2	2	1	1	0	39
chr7	67240441	67244520	2	2	1	216	0	24
chr7	67240441	67251656	2	2	1	1322	1	45
chr7	67240443	67251659	1	1	0	1	0	41
chr7	67244545	67251656	2	2	1	216	0	24
chr7	99849060	99858763	2	2	1	1	0	44
chr7	102001660	102002294	1	1	1	932	0	44
chr7	102001660	102007485	1	1	1	319	0	43
chr7	102002337	102007485	1	1	1	934	0	41
chr7	112839481	112841887	1	1	1	5	0	41
chr7	112839481	112842039	1	1	1	95	0	49
chr7	112839481	112856052	1	1	1	4	0	12
chr7	112839481	112856797	1	1	1	8	0	41
chr7	112841951	112856052	1	1	1	1	0	12
chr7	112842103	112856052	1	1	1	94	0	12
chr7	112842103	112856797	1	1	1	5	0	37
chr7	112856065	112856797	1	1	1	99	0	12
chr7	127972284	127980194	1	1	1	1	0	4
chr7	127980247	127981190	1	1	1	7	0	35
chr7	127981292	127981410	1	1	1	8	0	6
chr8	25532429	25557730	1	1	1	3	0	44
chr8	95100453	95100646	2	2	1	630	0	32
chr8	95100453	95101408	2	2	0	79	0	46
chr8	95100674	95101408	2	2	1	630	0	42
chr8	123268550	123268744	2	2	1	119	1	46
chr9	43027296	43040539	2	2	1	88	1	38
chr9	43027296	43042590	2	2	1	104	0	45
chr9	43040597	43042590	2	2	1	88	1	46
chr9	59436916	59454401	2	2	1	1	0	13
chr9	59454470	59485978	2	2	1	1	0	8
chr9	80093642	80097341	1	1	0	1	0	44
chr9	80093642	80098885	1	1	1	6021	2	26
chr9	80093642	80098892	1	1	0	105	0	19
chr9	80093642	80103693	1	1	1	237	0	45
chr9	80097402	80098885	1	1	0	1	0	16
chr9	80098907	80103693	1	1	1	6128	2	37
chr9	80098907	80103698	1	1	0	3	0	21
chr9	114597607	114597794	2	2	1	399	0	38
chr9	114597607	114598704	2	2	0	11	0	42
chr9	114597825	114598704	2	2	0	2	0	30
chr9	114597831	114598704	2	2	1	395	0	36
chr11	26778879	26787397	2	2	0	0	1	13
chr11	79458907	79463232	1	1	1	8	0	42
chr11	79458907	79468716	1	1	1	154	0	43
chr11	79463296	79468716	1	1	1	8	0	38
chr11	94112147	94113262	1	1	1	128	0	21
chr11	94112147	94114172	1	1	1	338	0	32
chr11	94113302	94114172	1	1	1	133	0	39
chr11	102310333	102310442	2	2	1	1	0	36
chr11	102310577	102310925	2	2	1	44	0	42
chr11	102310577	102311379	2	2	1	717	0	46
chr11	102311037	102311379	2	2	1	44	0	45
chr12	71952560	71958746	1	1	1	49	0	27
chr12	71952560	71959805	1	1	1	39	0	43
chr12	71958774	71959805	1	1	1	49	0	29
chr12	83811361	83825258	2	2	1	48	0	33
chr12	83811361	83831921	2	2	1	299	1	41
chr12	83825292	83831921	2	2	1	46	0	33
chr12	113133338	113133495	1	1	0	83	9	44
chr12	113133338	113133540	1	1	1	1764	62	42
chr12	113133338	113135796	1	1	1	8	0	29
chr12	113133577	113134800	1	1	0	5	0	12
chr12	113133577	113135796	1	1	1	1802	71	29
chr12	113134813	113135796	1	1	0	5	0	12
chr13	46778994	46780625	2	2	1	648	1	44
chr13	46778994	46785245	2	2	1	1912	5	45
chr13	46780665	46785245	2	2	1	653	1	39
chr13	56084286	56089757	2	2	1	56	0	40
chr13	56089858	56096123	2	2	1	56	0	38
chr14	57643224	57643334	2	2	1	3	0	39
chr14	57643224	57648418	2	2	1	94	0	47
chr14	57643490	57648418	2	2	1	3	0	38
chr14	120389164	120395711	1	1	1	200	0	41
chr14	120389164	120396450	1	1	1	508	1	48
chr14	120395766	120396450	1	1	1	210	0	48
chr15	77102940	77105576	2	2	1	181	1	41
chr15	77102940	77113604	2	2	1	8	0	46
chr15	77105670	77113604	2	2	1	182	1	48
chr15	103242719	103243624	1	1	1	1	2	33
chr15	103243781	103243958	1	1	1	1	0	39
chr16	57178021	57181491	2	2	1	248	0	44
chr16	57178021	57182850	2	2	1	104	0	43
chr16	57181507	57182850	2	2	0	1	0	15
chr16	57181537	57182850	2	2	1	246	0	34
chr17	12979205	13846588	1	1	0	64	3	12
chr17	13846640	13848354	1	1	1	3718	6	22
chr17	13846640	13849107	1	1	1	2951	2	45
chr17	13846640	13849113	1	1	0	6	0	47
chr17	13848376	13849107	1	1	1	3701	5	27
chr17	13848376	13849113	1	1	0	15	0	21
chr17	45570567	45570665	2	2	1	279	0	37
chr17	45570800	45571017	2	2	1	298	0	21
chr18	53948155	53948644	1	1	1	13333	12	28
chr18	53948155	53948651	1	1	0	4	0	17
chr18	53948155	53953244	1	1	1	2008	2	44
chr18	53948666	53953244	1	1	0	9	0	21
chr18	53948669	53953244	1	1	1	13310	12	37
chr19	7281251	7282725	2	2	0	1	0	26
chr19	7281256	7281797	2	4	1	132	0	39
chr19	7281256	7282725	2	2	1	1396	0	36
chr19	7281960	7282725	2	2	1	144	0	26
