chr1	34295537	34296741	1	1	1	60	0	18
chr1	34295537	34299720	1	1	1	6	0	38
chr1	34296760	34299720	1	1	1	60	0	18
chr1	40010678	40011649	1	1	1	84	0	21
chr1	40010678	40011811	1	1	0	1	0	21
chr1	40010678	40014105	1	1	1	31	2	32
chr1	40011842	40014105	1	1	1	79	0	37
chr1	82735508	82741817	1	1	1	2	0	40
chr1	82735508	82741934	1	1	0	1	0	40
chr1	82735508	82747082	1	1	1	3	0	40
chr1	82735508	82750519	1	1	1	43	0	41
chr1	82747143	82750519	1	1	1	4	0	38
chr2	32292216	32293314	1	1	1	7	0	43
chr2	32292216	32296625	1	1	1	72	0	43
chr2	32293396	32296625	1	1	1	7	0	38
chr2	59926161	59932104	2	2	1	2	0	20
chr2	59932171	59933405	2	2	0	57	0	37
chr2	59932171	59933411	2	2	1	317	1	31
chr2	59932171	59933670	2	2	1	2	0	38
chr2	59933439	59933670	2	2	1	366	1	28
chr2	71849507	71853533	1	1	1	809	3	43
chr2	71849507	71853890	1	1	0	1	0	39
chr2	71849507	71855853	1	1	1	2450	5	44
chr2	71849507	71855868	1	1	0	1	0	46
chr2	71853664	71855853	1	1	1	831	3	43
chr2	71853891	71855853	1	1	0	1	0	40
chr2	71853948	71855853	1	1	0	1	0	40
chr2	75662926	75663570	1	1	1	4	0	38
chr2	91001089	91001461	1	1	1	628	2	34
chr2	91001511	91003210	1	1	1	626	2	20
chr2	91003346	91003810	1	1	1	11	0	36
chr2	91159306	91160316	2	2	1	201	0	47
chr2	91159306	91162027	2	2	1	367	0	47
chr2	91160371	91162027	2	2	1	199	0	39
chr2	91681696	91682025	2	2	1	1	0	50
chr2	91681696	91684668	2	2	1	176	0	50
chr2	91682110	91684668	2	2	0	1	0	38
chr2	153670448	153672215	1	1	1	4	0	50
chr3	60613513	60615612	2	2	0	1	0	30
chr3	60613521	60614682	1	1	1	1498	0	45
chr3	60613521	60614688	1	1	0	4	0	44
chr3	60613521	60615619	1	1	1	1562	1	45
chr3	60614737	60615619	1	1	1	1508	0	43
chr3	87733505	87734423	1	1	1	6	0	39
chr3	87733505	87735344	1	1	0	8	0	39
chr3	87734553	87735344	1	1	1	6	0	37
chr3	88483947	88484046	2	2	1	188	0	40
chr3	88484155	88484614	2	2	1	186	0	39
chr3	119724187	119724611	2	2	1	6266	5	34
chr3	119724187	119726065	2	2	1	17	0	29
chr3	119724646	119726065	2	2	1	6456	5	38
chr3	129825617	129826823	2	2	1	1	0	28
chr4	31992517	31994873	1	1	1	243	0	39
chr4	31992517	32002088	1	1	1	3159	1	49
chr4	31994955	32002088	1	1	1	244	0	49
chr4	107009769	107027216	1	1	1	14	0	38
chr4	107009769	107028192	1	1	1	164	0	42
chr4	107027298	107028192	1	1	1	14	0	41
chr4	149262279	149262698	2	2	1	1	0	43
chr5	23565266	23616326	2	2	1	804	0	46
chr5	72958287	72965803	1	1	1	1	0	40
chr5	72958287	72974530	1	1	1	55	0	42
chr5	72965882	72974530	1	1	1	1	0	41
chr5	116482537	116591333	2	2	1	779	6	50
chr5	149184807	149187707	1	1	1	14	0	44
chr5	149184807	149188344	1	1	1	469	0	44
chr5	149187835	149188344	1	1	1	1	0	39
chr5	149187877	149188344	1	1	1	13	0	39
chr6	98939789	98940994	2	2	1	1	0	45
chr6	98939789	98941535	2	2	1	130	0	46
chr6	98939789	98944618	2	2	0	9	0	45
chr6	98941165	98944618	2	2	0	1	0	32
chr6	98941658	98944618	2	2	1	130	0	37
chr6	125162102	125162211	2	2	1	223	8	39
chr6	128371086	128371967	1	1	1	2922	1	45
chr6	128371086	128372530	1	1	1	3	0	49
chr6	128371086	128372533	1	1	1	6	0	46
chr6	128372013	128372504	1	1	0	21	0	26
chr6	128372013	128372509	1	1	0	2	0	31
chr6	128372013	128372530	1	1	1	368	1	49
chr6	128372013	128372533	1	1	1	2479	0	46
chr6	128372013	128372536	1	1	0	1	0	43
chr6	128372013	128372539	1	1	0	2	0	40
chr6	128372018	128372530	1	1	0	6	0	49
chr6	128372018	128372533	1	1	0	34	0	46
chr6	128372208	128372533	1	1	0	1	0	46
chr7	67240441	67244520	2	2	1	211	0	24
chr7	67240441	67251656	2	2	1	1402	1	45
chr7	67240443	67251659	1	1	0	1	0	41
chr7	67244545	67251656	2	2	1	211	0	24
chr7	102001660	102002294	1	1	1	931	2	43
chr7	102001660	102007485	1	1	1	245	0	43
chr7	102001665	102002300	1	1	0	0	1	36
chr7	102002337	102007485	1	1	1	929	2	42
chr7	112839481	112841887	1	1	1	6	0	41
chr7	112839481	112842039	1	1	1	81	0	41
chr7	112839481	112856052	1	1	1	3	0	12
chr7	112839481	112856797	1	1	1	9	0	41
chr7	112841951	112856052	1	1	1	1	0	12
chr7	112842103	112856052	1	1	1	83	0	12
chr7	112842103	112856797	1	1	1	3	0	37
chr7	112856065	112856797	1	1	1	87	0	12
chr7	127980247	127981190	1	1	1	12	0	5
chr7	127981292	127981410	1	1	1	13	0	7
chr8	25532429	25557730	1	1	1	6	0	44
chr8	33386064	33386329	1	1	0	1	0	46
chr8	95100453	95100646	2	2	1	640	0	31
chr8	95100453	95101408	2	2	0	78	0	46
chr8	95100674	95101408	2	2	1	640	0	42
chr8	123268550	123268744	2	2	1	133	0	46
chr9	43027296	43040539	2	2	1	79	0	38
chr9	43027296	43042590	2	2	1	78	0	45
chr9	43040597	43042590	2	2	1	79	0	46
chr9	80093642	80098885	1	1	1	6674	7	31
chr9	80093642	80098892	1	1	0	204	0	14
chr9	80093642	80103693	1	1	1	207	0	45
chr9	80098907	80099016	1	1	0	2	0	21
chr9	80098907	80103693	1	1	1	6879	7	24
chr9	80098907	80103698	1	1	0	1	0	14
chr9	80099049	80103693	1	1	0	2	0	37
chr9	80101891	80103693	1	1	0	1	0	37
chr9	114597607	114597794	2	2	1	409	0	38
chr9	114597607	114598704	2	2	0	16	0	42
chr9	114597825	114598704	2	2	0	2	0	30
chr9	114597831	114598704	2	2	1	406	0	36
chr11	79458907	79463232	1	1	1	5	0	42
chr11	79458907	79468716	1	1	1	133	0	43
chr11	79463296	79468716	1	1	1	5	0	38
chr11	83497297	83497893	1	1	1	1	0	33
chr11	83497927	83499072	1	1	1	1	0	33
chr11	94112147	94113262	1	1	1	83	0	21
chr11	94112147	94114172	1	1	1	299	0	32
chr11	94113302	94114172	1	1	1	90	0	39
chr11	102310577	102310925	2	2	1	36	0	42
chr11	102310577	102311379	2	2	1	571	0	46
chr11	102310577	102311403	2	2	0	3	0	27
chr11	102311037	102311379	2	2	1	36	0	45
chr12	71952560	71958746	1	1	1	51	0	27
chr12	71952560	71959805	1	1	1	41	0	43
chr12	71958774	71959805	1	1	1	51	0	27
chr12	83811361	83825258	2	2	1	25	0	33
chr12	83811361	83831921	2	2	1	308	1	41
chr12	83825292	83831921	2	2	1	25	0	33
chr12	100945909	100947099	2	2	1	1	0	32
chr12	113133338	113133495	1	1	0	94	9	45
chr12	113133338	113133540	1	1	1	1546	52	43
chr12	113133338	113135796	1	1	1	5	0	29
chr12	113133577	113134186	1	1	0	1	0	28
chr12	113133577	113134761	1	1	0	2	0	21
chr12	113133577	113134800	1	1	0	7	0	12
chr12	113133577	113135796	1	1	1	1589	61	29
chr12	113134231	113135796	1	1	0	1	0	29
chr12	113134813	113135796	1	1	0	9	0	29
chr13	46778994	46780625	2	2	1	687	0	41
chr13	46778994	46785245	2	2	1	1983	9	45
chr13	46780665	46785245	2	2	1	685	0	39
chr13	56084286	56089757	2	2	1	34	0	41
chr13	56089858	56096123	2	2	1	34	0	41
chr14	57643224	57648418	2	2	1	77	0	40
chr14	120389164	120395711	1	1	1	171	0	39
chr14	120389164	120396450	1	1	1	364	0	48
chr14	120395766	120396450	1	1	1	178	0	48
chr15	77102940	77105576	2	2	1	174	1	41
chr15	77102940	77113604	2	2	1	18	0	48
chr15	77105670	77113604	2	2	1	174	1	48
chr15	103242719	103243624	1	1	1	3	0	34
chr15	103244029	103244255	1	1	1	1	0	33
chr16	57178021	57181491	2	2	1	252	1	44
chr16	57178021	57182850	2	2	1	98	0	43
chr16	57181537	57182850	2	2	1	252	1	37
chr16	84831508	84834808	2	2	1	1	0	11
chr17	12979205	13846588	1	1	0	56	0	12
chr17	13846613	13848354	1	1	0	2	0	21
chr17	13846640	13848354	1	1	1	3841	4	22
chr17	13846640	13849107	1	1	1	3555	8	47
chr17	13846640	13849113	1	1	0	21	0	47
chr17	13848376	13849107	1	1	1	3831	4	29
chr17	13848376	13849113	1	1	0	4	0	21
chr17	45570567	45570665	2	2	1	366	2	37
chr17	45570800	45571017	2	2	1	404	1	24
chr18	53948155	53948644	1	1	1	13507	10	28
chr18	53948155	53948651	1	1	0	1	0	17
chr18	53948155	53953244	1	1	1	2161	3	45
chr18	53948666	53953244	1	1	0	17	0	21
chr18	53948669	53953244	1	1	1	13488	10	37
chr18	64515409	64516415	2	2	1	1	0	39
chr19	7281251	7282725	2	2	0	1	0	26
chr19	7281256	7281797	2	4	1	153	0	39
chr19	7281256	7282725	2	2	1	1320	0	36
chr19	7281960	7282725	2	2	1	159	0	35
