chr1	34295537	34296741	1	1	1	10	0	18
chr1	34295537	34299720	1	1	1	103	0	44
chr1	34296760	34299720	1	1	1	10	0	18
chr1	40010678	40011649	1	1	1	8	0	21
chr1	40010678	40014105	1	1	1	41	3	32
chr1	40011842	40014105	1	1	1	6	0	37
chr1	82735508	82747082	1	1	1	4	0	40
chr1	82735508	82750519	1	1	1	35	0	41
chr1	82747143	82750519	1	1	1	4	0	38
chr2	32292216	32296625	1	1	1	48	0	43
chr2	59932171	59933405	2	2	0	1	0	33
chr2	59932171	59933411	2	2	1	42	0	27
chr2	59932171	59933670	2	2	1	7	0	38
chr2	59933439	59933670	2	2	1	43	0	28
chr2	71849507	71853533	1	1	1	17	0	39
chr2	71849507	71855853	1	1	1	1114	0	41
chr2	71853664	71855853	1	1	1	17	0	41
chr2	75662926	75663570	1	1	1	5	0	40
chr2	91001089	91001461	1	1	1	272	0	34
chr2	91001511	91003210	1	1	1	270	0	35
chr2	91003238	91003810	1	1	0	1	0	27
chr2	91003346	91003810	1	1	1	12	0	36
chr2	91159306	91160316	2	2	1	3	0	47
chr2	91159306	91162027	2	2	1	153	0	47
chr2	91160371	91162027	2	2	1	3	0	38
chr2	91681696	91684668	2	2	1	463	1	50
chr2	104275539	104292338	2	2	0	1	0	12
chr2	153670448	153670848	1	1	1	21	1	42
chr2	153670448	153672215	1	1	1	1	0	50
chr2	153670909	153672215	1	1	1	21	1	50
chr2	165787248	165791904	2	2	1	1	0	42
chr2	168752741	168754433	2	2	1	9221	14	46
chr2	168754471	168860933	2	2	0	0	3	20
chr3	60613521	60614682	1	1	1	50	0	44
chr3	60613521	60615619	1	1	1	14	0	44
chr3	60614737	60615619	1	1	1	48	0	37
chr3	87733505	87735344	1	1	0	111	0	41
chr3	88483947	88484046	2	2	1	101	0	37
chr3	88484155	88484614	2	2	1	103	0	44
chr3	119724187	119724611	2	2	1	975	0	34
chr3	119724187	119726065	2	2	1	2	0	29
chr3	119724646	119726065	2	2	1	996	0	38
chr4	31992517	31994873	1	1	1	802	0	44
chr4	31992517	32002088	1	1	1	477	1	49
chr4	31994955	32002088	1	1	1	797	0	49
chr4	107009769	107027216	1	1	1	26	0	38
chr4	107009769	107028192	1	1	1	151	0	42
chr4	107027298	107028192	1	1	1	30	0	41
chr4	139473637	139476130	1	1	1	1	0	8
chr5	23565266	23616326	2	2	1	102	0	45
chr5	72958287	72965803	1	1	1	1	0	37
chr5	72958287	72974530	1	1	1	13	0	41
chr5	72965882	72974530	1	1	1	1	0	41
chr5	149184807	149187707	1	1	1	16	0	43
chr5	149184807	149188344	1	1	1	202	0	44
chr5	149187835	149188344	1	1	1	3	0	39
chr5	149187877	149188344	1	1	1	13	0	39
chr6	72634233	72634303	2	2	0	3	0	37
chr6	72634233	72648800	2	2	1	2223	1	42
chr6	72634233	72649119	2	2	1	4658	3	50
chr6	72634351	72649119	2	2	0	4	0	40
chr6	72648843	72649119	2	2	1	2216	1	42
chr6	98939789	98940994	2	2	1	2	0	45
chr6	98939789	98941535	2	2	1	35	0	46
chr6	98939789	98944618	2	2	0	5	0	45
chr6	98941165	98944618	2	2	0	2	0	36
chr6	98941658	98944618	2	2	1	34	0	36
chr6	125162102	125162211	2	2	1	360	13	36
chr6	128371086	128371967	1	1	1	926	2	41
chr6	128371086	128372530	1	1	1	54	0	49
chr6	128371086	128372533	1	1	1	408	0	46
chr6	128371086	128372536	1	1	0	2	0	43
chr6	128371086	128372539	1	1	0	1	0	40
chr6	128372013	128372504	1	1	0	3	0	26
chr6	128372013	128372530	1	1	1	104	0	47
chr6	128372013	128372533	1	1	1	808	2	46
chr6	128372013	128372536	1	1	0	1	0	43
chr6	128372018	128372533	1	1	0	10	0	46
chr7	67240441	67244520	2	2	1	2	0	24
chr7	67240441	67251656	2	2	1	315	0	44
chr7	67244545	67251656	2	2	1	2	0	24
chr7	101288340	102001612	1	3	0	6	0	12
chr7	102001660	102002294	1	1	1	165	0	43
chr7	102001660	102007485	1	1	1	2228	0	45
chr7	102002337	102007485	1	1	1	165	0	40
chr7	112839481	112841887	1	1	1	7	1	41
chr7	112839481	112842039	1	1	1	88	1	49
chr7	112839481	112856797	1	1	1	15	0	41
chr7	112841906	112842057	1	1	0	0	1	18
chr7	112841951	112856052	1	1	1	1	0	12
chr7	112841951	112856797	1	1	0	5	0	37
chr7	112842103	112856052	1	1	1	1	1	12
chr7	112842103	112856797	1	1	1	88	0	38
chr7	112856065	112856797	1	1	1	2	1	12
chr7	127980247	127981190	1	1	1	5	0	17
chr7	127981292	127981410	1	1	1	5	0	6
chr7	144861833	144862231	1	1	1	815	2	28
chr7	144861837	144862231	1	1	0	1	0	32
chr7	144862267	144862764	1	1	0	5	0	35
chr7	144862336	144862764	1	1	1	804	2	43
chr8	95100453	95100642	2	2	0	2	0	31
chr8	95100453	95100646	2	2	1	277	0	27
chr8	95100453	95101408	2	2	0	493	0	46
chr8	95100674	95101408	2	2	1	279	0	42
chr8	123268550	123268744	2	2	1	59	0	46
chr9	43027296	43040539	2	2	1	12	0	38
chr9	43027296	43042590	2	2	1	159	0	45
chr9	43040593	43042590	2	2	0	3	0	43
chr9	43040597	43042590	2	2	1	9	0	45
chr9	80093642	80098885	1	1	1	872	0	31
chr9	80093642	80098892	1	1	0	18	0	14
chr9	80093642	80103693	1	1	1	5002	4	45
chr9	80098907	80101831	1	1	0	1	0	21
chr9	80098907	80103693	1	1	1	888	0	23
chr9	80101891	80103693	1	1	0	1	0	37
chr9	114597607	114597794	2	2	1	157	1	38
chr9	114597607	114598704	2	2	0	167	0	42
chr9	114597825	114598704	2	2	0	1	0	30
chr9	114597831	114598704	2	2	1	156	1	38
chr11	79458907	79463232	1	1	1	26	0	43
chr11	79458907	79468716	1	1	1	36	0	43
chr11	79463296	79468716	1	1	1	26	0	39
chr11	94112147	94113262	1	1	1	7	0	21
chr11	94112147	94114172	1	1	1	130	0	32
chr11	94113302	94114172	1	1	1	8	0	39
chr11	102310577	102310925	2	2	1	57	0	42
chr11	102310577	102311379	2	2	1	144	0	46
chr11	102311037	102311379	2	2	1	57	0	45
chr12	71952560	71959805	1	1	1	126	0	43
chr12	83811361	83825258	2	2	1	87	0	33
chr12	83811361	83831921	2	2	1	129	0	42
chr12	83825292	83831921	2	2	1	87	0	33
chr12	113133338	113133495	1	1	0	6	0	42
chr12	113133338	113133540	1	1	1	246	0	41
chr12	113133338	113135796	1	1	1	569	0	29
chr12	113133577	113135796	1	1	1	239	0	29
chr13	46778994	46780625	2	2	1	365	0	43
chr13	46778994	46785245	2	2	1	1628	2	45
chr13	46780665	46785245	2	2	1	364	0	39
chr13	56084286	56089757	2	2	1	8	0	40
chr13	56084286	56096123	2	2	0	1	0	40
chr13	56089858	56096123	2	2	1	7	0	39
chr14	57643224	57643334	2	2	1	1	0	39
chr14	57643224	57648418	2	2	1	80	0	47
chr14	57643490	57648418	2	2	1	1	0	38
chr14	120389164	120395711	1	1	1	162	0	39
chr14	120389164	120396450	1	1	1	52	0	48
chr14	120395766	120396450	1	1	1	169	0	48
chr15	77102940	77105576	2	2	1	56	1	40
chr15	77102940	77113604	2	2	1	4	0	44
chr15	77105670	77113604	2	2	1	55	1	44
chr15	103242719	103243624	1	1	1	1	1	33
chr16	57178021	57181491	2	2	1	15	0	43
chr16	57178021	57182850	2	2	1	870	0	44
chr16	57181537	57182850	2	2	1	15	0	33
chr17	12979205	13846588	1	1	0	34	1	12
chr17	13846640	13848354	1	1	1	360	1	22
chr17	13846640	13849107	1	1	1	8616	5	46
chr17	13846640	13849113	1	1	0	28	0	47
chr17	13848376	13849107	1	1	1	362	1	26
chr17	45570567	45570665	2	2	1	299	1	40
chr17	45570800	45571017	2	2	1	325	0	21
chr18	53948155	53948644	1	1	1	1090	2	27
chr18	53948155	53953244	1	1	1	8027	5	47
chr18	53948666	53953244	1	1	0	2	0	21
chr18	53948669	53953244	1	1	1	1085	2	24
chr19	7281256	7281797	2	4	1	84	0	38
chr19	7281256	7282725	2	2	1	279	0	36
chr19	7281960	7282725	2	2	1	92	0	31
