chr1	34295537	34296741	1	1	1	153	0	18
chr1	34295537	34299720	1	1	1	22	0	39
chr1	34296760	34299720	1	1	1	153	0	19
chr1	40010678	40011649	1	1	1	163	0	32
chr1	40010678	40011783	1	1	0	1	0	21
chr1	40010678	40011811	1	1	0	1	0	21
chr1	40010678	40014105	1	1	1	86	5	32
chr1	40011842	40014105	1	1	1	166	0	43
chr1	82735508	82747082	1	1	1	1	0	40
chr1	82735508	82750519	1	1	1	85	0	40
chr1	82747143	82750519	1	1	1	1	0	38
chr2	32292216	32293314	1	1	1	22	0	43
chr2	32292216	32296625	1	1	1	149	0	43
chr2	32293396	32296625	1	1	1	22	0	39
chr2	59932171	59933405	2	2	0	102	0	37
chr2	59932171	59933411	2	2	1	619	0	31
chr2	59932171	59933670	2	2	1	3	0	32
chr2	59933439	59933670	2	2	1	710	0	32
chr2	71849507	71853533	1	1	1	1239	0	41
chr2	71849507	71853875	1	1	0	1	0	15
chr2	71849507	71855853	1	1	1	4435	3	45
chr2	71853664	71855853	1	1	1	1287	0	45
chr2	71853891	71855853	1	1	0	1	0	15
chr2	75662926	75663570	1	1	1	8	1	39
chr2	91001089	91001461	1	1	1	868	0	34
chr2	91001089	91003299	1	1	0	3	0	33
chr2	91001511	91003210	1	1	1	849	0	25
chr2	91001511	91003299	1	1	0	3	0	46
chr2	91003238	91003810	1	1	0	2	0	27
chr2	91003346	91003810	1	1	1	18	0	36
chr2	91003891	91004700	1	1	1	1	0	40
chr2	91159306	91160316	2	2	1	273	0	47
chr2	91159306	91162027	2	2	1	751	2	47
chr2	91160371	91162027	2	2	1	276	0	39
chr2	91681696	91682025	2	2	1	1	0	50
chr2	91681696	91684668	2	2	1	281	0	50
chr2	91681831	91684668	2	2	0	1	0	37
chr2	91682110	91684668	2	2	0	1	0	38
chr2	153670448	153672215	1	1	1	2	0	50
chr2	168752741	168754433	2	2	1	2	0	44
chr3	8509631	8541840	1	1	1	1	0	4
chr3	60613521	60614682	1	1	1	2025	1	45
chr3	60613521	60614688	1	1	0	2	0	38
chr3	60613521	60615619	1	1	1	2509	2	45
chr3	60614737	60615619	1	1	1	2031	1	44
chr3	87733505	87734423	1	1	1	16	0	39
chr3	87733505	87734456	1	1	0	3	0	39
chr3	87733505	87735344	1	1	0	17	0	44
chr3	87734553	87735344	1	1	1	19	0	37
chr3	88483947	88484046	2	2	1	514	1	40
chr3	88483947	88484614	2	2	0	2	0	38
chr3	88484077	88484614	2	2	0	1	0	30
chr3	88484155	88484614	2	2	1	509	1	39
chr3	119724187	119724611	2	2	1	5156	4	34
chr3	119724187	119726065	2	2	1	19	1	29
chr3	119724646	119726065	2	2	1	5307	4	38
chr3	119726116	119820407	2	2	0	2	0	13
chr4	31992517	31994873	1	1	1	317	0	39
chr4	31992517	32002088	1	1	1	5495	6	49
chr4	31994955	32002088	1	1	1	317	0	49
chr4	107009769	107027216	1	1	1	24	0	42
chr4	107009769	107028192	1	1	1	233	0	44
chr4	107027298	107028192	1	1	1	25	0	41
chr4	107031092	107036935	1	1	1	1	0	24
chr5	13042670	13661475	1	1	0	6	0	13
chr5	23565266	23610849	2	2	0	1	0	37
chr5	23565266	23616326	2	2	1	1194	2	46
chr5	23610909	23616326	2	2	0	1	0	45
chr5	72958287	72965803	1	1	1	2	0	37
chr5	72958287	72974530	1	1	1	160	0	44
chr5	72965882	72974530	1	1	1	2	0	41
chr5	74540990	74542008	1	1	1	1	0	15
chr5	116475248	116477058	2	2	1	1	0	16
chr5	116482537	116591333	2	2	1	1318	10	50
chr5	149184807	149185484	1	1	1	1	0	43
chr5	149184807	149187707	1	1	1	15	0	43
chr5	149184807	149188344	1	1	1	943	2	45
chr5	149185662	149188344	1	1	0	1	0	39
chr5	149187835	149188344	1	1	1	2	0	39
chr5	149187877	149188344	1	1	1	14	0	39
chr6	47577668	47590738	2	2	0	1	0	32
chr6	47577668	47594893	2	2	1	2	0	24
chr6	47590846	47594893	2	2	0	1	0	26
chr6	98939789	98941535	2	2	1	202	0	46
chr6	98939789	98944618	2	2	0	24	0	45
chr6	98941658	98944618	2	2	1	202	0	36
chr6	125162102	125162211	2	2	1	547	10	39
chr6	128371086	128371967	1	1	1	5022	3	43
chr6	128371086	128371980	1	1	0	1	0	32
chr6	128371086	128372530	1	1	1	3	0	49
chr6	128371086	128372533	1	1	1	21	0	46
chr6	128372013	128372504	1	1	0	25	1	26
chr6	128372013	128372509	1	1	0	5	0	31
chr6	128372013	128372530	1	1	1	616	1	47
chr6	128372013	128372533	1	1	1	4298	1	46
chr6	128372013	128372536	1	1	0	1	0	43
chr6	128372018	128372530	1	1	0	3	0	49
chr6	128372018	128372533	1	1	0	68	0	46
chr7	25724845	25725923	2	2	1	1	0	28
chr7	67240441	67244520	2	2	1	282	0	24
chr7	67240441	67251656	2	2	1	2279	0	48
chr7	67244545	67251656	2	2	1	282	0	24
chr7	101405603	102001614	1	1	0	3	2	13
chr7	101445671	102001612	1	1	0	4	0	12
chr7	102001660	102002294	1	1	1	2147	3	43
chr7	102001660	102007485	1	1	1	631	0	43
chr7	102002337	102007485	1	1	1	2147	3	42
chr7	112839481	112841887	1	1	1	7	0	41
chr7	112839481	112842039	1	1	1	141	0	41
chr7	112839481	112856052	1	1	1	7	0	12
chr7	112839481	112856797	1	1	1	10	0	41
chr7	112841951	112856052	1	1	1	3	0	12
chr7	112842103	112856052	1	1	1	141	0	12
chr7	112842103	112856797	1	1	1	4	0	37
chr7	112856065	112856797	1	1	1	152	0	14
chr7	127980247	127981190	1	1	1	9	0	8
chr7	127981292	127981410	1	1	1	11	0	6
chr8	25532429	25555507	1	1	1	1	0	44
chr8	25532429	25557730	1	1	1	5	0	44
chr8	25555775	25557730	1	1	1	2	0	37
chr8	72219861	72219940	1	1	1	1	0	30
chr8	91688606	91932332	1	1	0	13	0	13
chr8	95100443	95100636	2	2	0	1	0	36
chr8	95100453	95100646	2	2	1	1961	2	31
chr8	95100453	95101408	2	2	0	176	0	46
chr8	95100674	95101408	2	2	1	1962	2	44
chr8	123268550	123268744	2	2	1	282	0	47
chr9	43027296	43029555	2	2	0	1	0	38
chr9	43027296	43040539	2	2	1	178	1	39
chr9	43027296	43042590	2	2	1	200	0	45
chr9	43040593	43042590	2	2	0	1	0	45
chr9	43040597	43042590	2	2	1	179	1	46
chr9	55500165	55512030	2	2	1	0	2	5
chr9	80093642	80098885	1	1	1	10211	7	26
chr9	80093642	80098892	1	1	0	231	0	15
chr9	80093642	80103693	1	1	1	303	1	45
chr9	80098907	80099016	1	1	0	2	0	21
chr9	80098907	80101831	1	1	0	1	0	21
chr9	80098907	80103693	1	1	1	10436	7	24
chr9	80098907	80103698	1	1	0	9	0	21
chr9	80098907	80103722	1	1	0	2	0	21
chr9	80099049	80103693	1	1	0	2	0	37
chr9	80101891	80103693	1	1	0	1	0	37
chr9	114597607	114597794	2	2	1	627	0	39
chr9	114597607	114598704	2	2	0	21	0	42
chr9	114597825	114598704	2	2	0	8	0	30
chr9	114597831	114598704	2	2	1	619	0	38
chr11	78233684	78245547	2	2	1	1	0	13
chr11	79458907	79463232	1	1	1	12	0	42
chr11	79458907	79468716	1	1	1	218	0	43
chr11	79463296	79468716	1	1	1	12	0	39
chr11	94112147	94113262	1	1	1	173	0	23
chr11	94112147	94114172	1	1	1	346	0	32
chr11	94113302	94114172	1	1	1	179	0	39
chr11	97778379	97781333	2	2	1	3	0	15
chr11	102310577	102310925	2	2	1	65	1	42
chr11	102310577	102311379	2	2	1	1127	1	46
chr11	102311037	102311379	2	2	1	63	1	45
chr12	71952560	71958746	1	1	1	64	0	27
chr12	71952560	71959805	1	1	1	92	0	43
chr12	71958774	71959805	1	1	1	64	0	27
chr12	83811361	83811669	2	2	0	2	0	37
chr12	83811361	83825258	2	2	1	85	0	37
chr12	83811361	83831921	2	2	1	719	1	41
chr12	83811744	83831921	2	2	0	2	0	38
chr12	83825292	83831921	2	2	1	84	0	33
chr12	83825319	83831921	2	2	0	1	0	38
chr12	104697145	104700364	2	2	1	1	0	39
chr12	113133338	113133495	1	1	0	120	13	44
chr12	113133338	113133540	1	1	1	2538	66	43
chr12	113133338	113135796	1	1	1	18	0	29
chr12	113133577	113134186	1	1	0	1	0	28
chr12	113133577	113134761	1	1	0	6	0	21
chr12	113133577	113134800	1	1	0	16	0	12
chr12	113133577	113135796	1	1	1	2517	79	29
chr12	113134231	113135796	1	1	0	1	0	29
chr12	113134813	113135796	1	1	0	21	0	29
chr13	46778994	46780545	2	2	0	2	0	40
chr13	46778994	46780625	2	2	1	1227	3	41
chr13	46778994	46785245	2	2	1	3096	4	47
chr13	46780663	46785245	2	2	0	2	0	37
chr13	46780665	46785245	2	2	1	1226	3	40
chr13	56084286	56088251	2	2	1	1	0	40
chr13	56084286	56089757	2	2	1	62	0	40
chr13	56084286	56096123	2	2	0	2	0	40
chr13	56088343	56096123	2	2	1	1	0	41
chr13	56089858	56096123	2	2	1	63	0	39
chr14	57643224	57643334	2	2	1	2	0	39
chr14	57643224	57648418	2	2	1	161	0	40
chr14	57643490	57648418	2	2	1	2	0	38
chr14	101654106	101654207	1	1	1	1	0	4
chr14	101665890	101666511	1	1	1	2	0	7
chr14	120389164	120395711	1	1	1	271	1	42
chr14	120389164	120395717	1	1	0	1	0	38
chr14	120389164	120396450	1	1	1	825	3	48
chr14	120395766	120396450	1	1	1	290	1	48
chr15	77102940	77105576	2	2	1	294	1	44
chr15	77102940	77113604	2	2	1	14	0	44
chr15	77105670	77113604	2	2	1	293	1	48
chr15	103242473	103242643	1	1	1	1	0	21
chr15	103242719	103243624	1	1	1	1	1	33
chr16	57178009	57181491	2	2	0	1	0	45
chr16	57178021	57181491	2	2	1	442	1	44
chr16	57178021	57182850	2	2	1	187	0	43
chr16	57181537	57182850	2	2	1	440	1	37
chr16	84831508	84834808	2	2	1	1	0	44
chr17	12979205	13846588	1	1	0	72	1	12
chr17	13846613	13848354	1	1	0	2	0	21
chr17	13846640	13848020	1	1	0	1	0	37
chr17	13846640	13848354	1	1	1	7538	10	22
chr17	13846640	13849107	1	1	1	4981	4	46
chr17	13846640	13849113	1	1	0	37	0	47
chr17	13848057	13848354	1	1	0	1	0	20
chr17	13848376	13849107	1	1	1	7546	10	29
chr17	13848376	13849113	1	1	0	3	0	21
chr17	45570567	45570665	2	2	1	1016	4	39
chr17	45570800	45571017	2	2	1	1091	5	24
chr18	53948155	53948381	1	1	0	2	0	39
chr18	53948155	53948644	1	1	1	15220	18	33
chr18	53948155	53953244	1	1	1	2496	7	44
chr18	53948447	53948644	1	1	0	2	0	13
chr18	53948666	53953244	1	1	0	8	0	21
chr18	53948669	53952820	1	1	0	1	0	15
chr18	53948669	53953244	1	1	1	15197	15	37
chr18	53948669	53953268	1	1	0	1	0	24
chr18	53948673	53953244	1	1	0	1	0	28
chr18	53952864	53953244	1	1	0	1	0	37
chr19	7281251	7282725	2	2	0	2	0	26
chr19	7281256	7281797	2	4	1	289	1	39
chr19	7281256	7282725	2	2	1	1988	1	36
chr19	7281960	7282725	2	2	1	294	1	35
