chr1	34295537	34296741	1	1	1	81	0	18
chr1	34295537	34299720	1	1	1	3	0	38
chr1	34296760	34299720	1	1	1	81	0	18
chr1	40010678	40011649	1	1	1	64	0	32
chr1	40010678	40011787	1	1	0	1	0	21
chr1	40010678	40011811	1	1	0	3	0	21
chr1	40010678	40014105	1	1	1	58	4	32
chr1	40011842	40014105	1	1	1	66	0	37
chr1	82735508	82750519	1	1	1	52	0	40
chr2	32292216	32293314	1	1	1	5	0	43
chr2	32292216	32296625	1	1	1	56	0	43
chr2	32293396	32296625	1	1	1	5	0	38
chr2	59926161	59932104	2	2	1	2	0	23
chr2	59932171	59933405	2	2	0	83	0	33
chr2	59932171	59933411	2	2	1	435	0	31
chr2	59932171	59933670	2	2	1	2	0	39
chr2	59933439	59933670	2	2	1	511	0	28
chr2	71849507	71851882	1	1	0	1	0	39
chr2	71849507	71853533	1	1	1	305	1	40
chr2	71849507	71855853	1	1	1	2636	1	45
chr2	71852002	71855853	1	1	0	1	0	40
chr2	71853664	71855853	1	1	1	320	1	41
chr2	75662926	75663570	1	1	1	7	0	35
chr2	91001089	91001461	1	1	1	266	0	24
chr2	91001089	91003299	1	1	0	1	0	33
chr2	91001511	91003210	1	1	1	269	0	38
chr2	91003346	91003810	1	1	1	5	0	36
chr2	91159306	91160316	2	2	1	111	0	47
chr2	91159306	91162027	2	2	1	424	1	47
chr2	91160371	91162027	2	2	1	114	0	38
chr2	91681696	91684668	2	2	1	178	1	50
chr2	153670448	153672215	1	1	1	2	0	50
chr3	60422418	60613472	1	1	0	0	3	15
chr3	60613513	60615612	2	2	0	1	0	45
chr3	60613521	60614682	1	1	1	1255	2	45
chr3	60613521	60614688	1	1	0	1	0	32
chr3	60613521	60615619	1	1	1	1542	4	45
chr3	60614737	60615619	1	1	1	1268	2	38
chr3	87733505	87734423	1	1	1	5	0	39
chr3	87733505	87735344	1	1	0	21	0	39
chr3	87734553	87735344	1	1	1	5	0	37
chr3	88483947	88484046	2	2	1	140	0	37
chr3	88484155	88484614	2	2	1	137	0	39
chr3	119724187	119724611	2	2	1	3610	3	34
chr3	119724187	119726065	2	2	1	19	0	29
chr3	119724646	119726065	2	2	1	3698	3	38
chr3	129825617	129826823	2	2	1	1	0	30
chr4	31992517	31994873	1	1	1	312	1	40
chr4	31992517	32002088	1	1	1	2820	5	49
chr4	31994955	32002088	1	1	1	311	1	49
chr4	107009769	107027216	1	1	1	9	0	38
chr4	107009769	107028192	1	1	1	148	0	43
chr4	107027298	107028192	1	1	1	9	0	41
chr5	23565266	23576311	2	2	0	1	0	37
chr5	23565266	23610849	2	2	0	1	0	37
chr5	23565266	23616326	2	2	1	657	1	49
chr5	23576386	23616326	2	2	0	1	0	45
chr5	23610909	23616326	2	2	0	1	0	45
chr5	72958287	72965803	1	1	1	1	0	37
chr5	72958287	72974530	1	1	1	62	0	41
chr5	72965882	72974530	1	1	1	1	0	41
chr5	116475248	116477058	2	2	1	2	0	25
chr5	116482537	116591333	2	2	1	741	1	50
chr5	149184807	149187707	1	1	1	6	0	43
chr5	149184807	149188344	1	1	1	261	0	44
chr5	149187835	149188344	1	1	1	2	0	39
chr5	149187877	149188344	1	1	1	4	0	39
chr6	72634233	72648800	2	2	1	1	0	37
chr6	72648843	72649119	2	2	1	1	0	40
chr6	98939789	98941535	2	2	1	50	0	46
chr6	98939789	98944618	2	2	0	7	0	45
chr6	98941658	98944618	2	2	1	51	0	36
chr6	125162102	125162211	2	2	1	173	5	35
chr6	128371086	128371967	1	1	1	2779	0	44
chr6	128371086	128372530	1	1	1	3	0	49
chr6	128371086	128372533	1	1	1	10	0	46
chr6	128372013	128372504	1	1	0	16	0	26
chr6	128372013	128372509	1	1	0	4	0	31
chr6	128372013	128372530	1	1	1	367	0	49
chr6	128372013	128372533	1	1	1	2354	0	46
chr6	128372013	128372536	1	1	0	1	0	43
chr6	128372018	128372530	1	1	0	2	0	49
chr6	128372018	128372533	1	1	0	32	0	46
chr7	67240441	67244520	2	2	1	138	0	24
chr7	67240441	67251656	2	2	1	1476	1	45
chr7	67244545	67251656	2	2	1	138	0	25
chr7	102001660	102002294	1	1	1	819	0	42
chr7	102001660	102007485	1	1	1	308	1	43
chr7	102002337	102007485	1	1	1	819	0	42
chr7	112839481	112841887	1	1	1	7	1	41
chr7	112839481	112842039	1	1	1	69	1	41
chr7	112839481	112856052	1	1	1	2	0	12
chr7	112839481	112856797	1	1	1	8	0	41
chr7	112841906	112842057	1	1	0	0	1	18
chr7	112841951	112856052	1	1	1	3	0	12
chr7	112842103	112856052	1	1	1	71	1	12
chr7	112842103	112856797	1	1	1	1	0	37
chr7	112856065	112856797	1	1	1	77	1	14
chr7	127980247	127981190	1	1	1	11	0	19
chr7	127981292	127981410	1	1	1	9	1	6
chr8	25532429	25557730	1	1	1	8	0	44
chr8	91688606	91932332	1	1	0	5	0	13
chr8	95100448	95100642	2	2	0	1	0	31
chr8	95100453	95100646	2	2	1	845	2	31
chr8	95100453	95101408	2	2	0	72	0	46
chr8	95100674	95101408	2	2	1	846	2	42
chr8	95101447	95139983	2	2	0	0	1	15
chr8	123268550	123268744	2	2	1	259	1	47
chr9	43027296	43040539	2	2	1	53	0	38
chr9	43027296	43042590	2	2	1	113	1	45
chr9	43040597	43042590	2	2	1	52	0	45
chr9	80093642	80098885	1	1	1	6508	2	26
chr9	80093642	80098892	1	1	0	183	0	19
chr9	80093642	80103693	1	1	1	201	0	45
chr9	80098907	80099016	1	1	0	1	0	21
chr9	80098907	80103693	1	1	1	6692	2	24
chr9	80098907	80103698	1	1	0	1	0	21
chr9	80099049	80103693	1	1	0	1	0	37
chr9	114597607	114597790	2	2	0	1	0	40
chr9	114597607	114597794	2	2	1	289	0	38
chr9	114597607	114598704	2	2	0	9	0	42
chr9	114597825	114598704	2	2	0	6	0	30
chr9	114597831	114598704	2	2	1	284	0	38
chr11	79458907	79463232	1	1	1	8	0	42
chr11	79458907	79468113	1	1	1	1	0	41
chr11	79458907	79468716	1	1	1	119	0	42
chr11	79463296	79468716	1	1	1	8	0	38
chr11	79468155	79468716	1	1	1	1	0	38
chr11	83497297	83497893	1	1	1	1	0	33
chr11	83497927	83499072	1	1	1	1	0	33
chr11	94112147	94113262	1	1	1	79	0	21
chr11	94112147	94114172	1	1	1	260	0	32
chr11	94113302	94114172	1	1	1	84	0	39
chr11	100481848	100482144	2	2	1	1	0	39
chr11	102310577	102310925	2	2	1	30	0	42
chr11	102310577	102311379	2	2	1	775	1	46
chr11	102311037	102311379	2	2	1	30	0	45
chr12	71952560	71958746	1	1	1	24	0	27
chr12	71952560	71959805	1	1	1	49	0	43
chr12	71958774	71959805	1	1	1	24	0	29
chr12	83811361	83825258	2	2	1	17	0	33
chr12	83811361	83831921	2	2	1	359	0	41
chr12	83825292	83831921	2	2	1	17	0	33
chr12	113133338	113133495	1	1	0	53	7	43
chr12	113133338	113133540	1	1	1	1934	38	43
chr12	113133338	113135796	1	1	1	14	0	29
chr12	113133577	113134800	1	1	0	7	0	12
chr12	113133577	113135796	1	1	1	1898	44	29
chr12	113134813	113135796	1	1	0	7	0	12
chr13	46778994	46780625	2	2	1	473	0	42
chr13	46778994	46785245	2	2	1	2328	5	47
chr13	46779023	46785245	2	2	0	1	0	39
chr13	46780665	46785245	2	2	1	475	0	39
chr13	56084286	56089757	2	2	1	20	0	40
chr13	56089858	56096123	2	2	1	21	0	38
chr14	8171531	8172763	2	2	1	1	0	20
chr14	8172818	8172890	2	2	1	1	0	41
chr14	57643224	57648418	2	2	1	88	0	47
chr14	120389164	120395711	1	1	1	126	0	38
chr14	120389164	120395717	1	1	0	2	0	38
chr14	120389164	120396450	1	1	1	508	2	48
chr14	120395766	120396450	1	1	1	132	0	48
chr15	77102940	77105576	2	2	1	77	0	40
chr15	77102940	77113604	2	2	1	6	0	44
chr15	77105670	77113604	2	2	1	77	0	48
chr16	57178021	57181491	2	2	1	217	0	43
chr16	57178021	57182850	2	2	1	237	0	44
chr16	57181537	57182850	2	2	1	216	0	33
chr16	84831508	84834808	2	2	1	1	0	44
chr17	12979205	13846588	1	1	0	53	1	12
chr17	13846640	13848354	1	1	1	4949	6	24
chr17	13846640	13849107	1	1	1	2191	0	44
chr17	13846640	13849113	1	1	0	14	0	47
chr17	13846644	13848358	1	1	0	1	1	17
chr17	13848376	13849107	1	1	1	4944	6	29
chr17	13848376	13849113	1	1	0	5	0	21
chr17	45570567	45570665	2	2	1	402	3	44
chr17	45570800	45571017	2	2	1	442	3	23
chr18	10726534	10740982	1	1	1	3	0	15
chr18	53948155	53948644	1	1	1	10385	10	28
chr18	53948155	53953244	1	1	1	2204	4	44
chr18	53948167	53948644	1	1	0	2	0	24
chr18	53948666	53953244	1	1	0	4	0	21
chr18	53948669	53953244	1	1	1	10369	10	37
chr19	7281251	7282725	2	2	0	1	0	26
chr19	7281256	7281797	2	4	1	91	0	39
chr19	7281256	7282725	2	2	1	2057	0	36
chr19	7281960	7282725	2	2	1	96	0	35
