chr1	34295537	34296741	1	1	1	52	0	18
chr1	34295537	34299720	1	1	1	29	0	41
chr1	34296760	34299720	1	1	1	52	0	19
chr1	40010678	40011649	1	1	1	68	0	21
chr1	40010678	40014105	1	1	1	68	4	32
chr1	40011842	40014105	1	1	1	68	0	38
chr1	82735508	82741817	1	1	1	1	0	20
chr1	82735508	82741934	1	1	0	1	0	40
chr1	82735508	82747082	1	1	1	1	0	40
chr1	82735508	82750519	1	1	1	98	0	41
chr1	82747143	82750519	1	1	1	2	0	38
chr2	32292216	32293314	1	1	1	9	0	43
chr2	32292216	32296625	1	1	1	70	0	44
chr2	32293396	32296625	1	1	1	9	0	38
chr2	59926161	59932104	2	2	1	2	0	33
chr2	59932171	59933405	2	2	0	74	0	37
chr2	59932171	59933411	2	2	1	365	0	31
chr2	59932171	59933670	2	2	1	4	0	38
chr2	59933439	59933670	2	2	1	436	0	28
chr2	71849507	71853533	1	1	1	658	1	45
chr2	71849507	71853820	1	1	0	2	0	37
chr2	71849507	71853890	1	1	0	2	0	39
chr2	71849507	71855853	1	1	1	4971	8	46
chr2	71849507	71855868	1	1	0	4	0	46
chr2	71853664	71855853	1	1	1	679	1	42
chr2	71853891	71855853	1	1	0	3	0	40
chr2	71853948	71855853	1	1	0	2	0	40
chr2	75662926	75663570	1	1	1	7	3	39
chr2	91001089	91001461	1	1	1	603	1	27
chr2	91001089	91003299	1	1	0	4	2	34
chr2	91001511	91003210	1	1	1	598	1	26
chr2	91003346	91003810	1	1	1	18	0	36
chr2	91159306	91160316	2	2	1	162	0	47
chr2	91159306	91162027	2	2	1	618	0	47
chr2	91160371	91162027	2	2	1	163	0	39
chr2	91681696	91684668	2	2	1	226	0	50
chr2	153670448	153670848	1	1	1	1	0	42
chr2	153670909	153672215	1	1	1	1	0	25
chr3	60201323	60613472	1	1	0	0	4	14
chr3	60613521	60614682	1	1	1	1012	5	45
chr3	60613521	60614688	1	1	0	2	0	38
chr3	60613521	60615619	1	1	1	1480	3	46
chr3	60614737	60615619	1	1	1	1022	5	44
chr3	87733505	87734423	1	1	1	8	0	39
chr3	87733505	87735344	1	1	0	35	0	39
chr3	87734553	87735344	1	1	1	9	0	37
chr3	88483947	88484046	2	2	1	406	1	40
chr3	88483947	88484614	2	2	0	9	0	38
chr3	88484077	88484614	2	2	0	1	0	30
chr3	88484155	88484614	2	2	1	401	1	39
chr3	119724187	119724611	2	2	1	4123	0	34
chr3	119724187	119726065	2	2	1	38	0	29
chr3	119724646	119726065	2	2	1	4214	0	38
chr3	119726116	120643502	2	2	0	5	0	13
chr3	129825617	129826823	2	2	1	1	0	36
chr4	31992517	31994873	1	1	1	181	1	39
chr4	31992517	32002055	1	1	0	1	0	38
chr4	31992517	32002088	1	1	1	3567	8	49
chr4	31994955	32002088	1	1	1	179	1	48
chr4	46468788	46469882	1	1	1	2	0	6
chr4	107009769	107027216	1	1	1	12	0	39
chr4	107009769	107028192	1	1	1	126	0	42
chr4	107027298	107028192	1	1	1	15	0	41
chr5	23565266	23616326	2	2	1	493	0	46
chr5	72958287	72965803	1	1	1	5	0	37
chr5	72958287	72974530	1	1	1	93	0	45
chr5	72965882	72974530	1	1	1	4	0	42
chr5	74540990	74542008	1	1	1	1	0	15
chr5	116482537	116591333	2	2	1	849	7	50
chr5	149184807	149185349	1	1	0	1	0	43
chr5	149184807	149186622	1	1	0	1	0	43
chr5	149184807	149187707	1	1	1	26	0	44
chr5	149184807	149188344	1	1	1	894	3	47
chr5	149185405	149188344	1	1	0	1	0	39
chr5	149187835	149188344	1	1	1	9	0	39
chr5	149187877	149188344	1	1	1	18	0	39
chr6	47577668	47594893	2	2	1	2	0	39
chr6	51463255	51463410	2	2	1	1	0	23
chr6	98939789	98941535	2	2	1	115	0	46
chr6	98939789	98944618	2	2	0	39	0	46
chr6	98941658	98944618	2	2	1	113	0	39
chr6	125162102	125162211	2	2	1	337	14	36
chr6	128371086	128371967	1	1	1	2223	2	44
chr6	128371086	128372530	1	1	1	8	0	49
chr6	128371086	128372533	1	1	1	103	0	46
chr6	128372013	128372504	1	1	0	15	0	26
chr6	128372013	128372509	1	1	0	7	0	33
chr6	128372013	128372530	1	1	1	236	0	49
chr6	128372013	128372533	1	1	1	1937	2	46
chr6	128372013	128372536	1	1	0	3	0	43
chr6	128372013	128372539	1	1	0	3	0	40
chr6	128372018	128372530	1	1	0	1	0	49
chr6	128372018	128372533	1	1	0	27	0	46
chr7	16366907	16387640	2	2	0	1	0	43
chr7	25724845	25725923	2	2	1	1	0	41
chr7	67240441	67244520	2	2	1	97	0	24
chr7	67240441	67250479	2	2	0	1	0	40
chr7	67240441	67251656	2	2	1	1300	2	47
chr7	67244545	67251656	2	2	1	97	0	24
chr7	67250582	67251656	2	2	0	1	0	38
chr7	101288340	102001612	1	3	0	8	0	12
chr7	102001660	102002294	1	1	1	1216	0	42
chr7	102001660	102007485	1	1	1	637	0	43
chr7	102002310	102007485	1	1	0	2	0	15
chr7	102002337	102007485	1	1	1	1214	0	41
chr7	112839481	112841887	1	1	1	3	0	41
chr7	112839481	112842039	1	1	1	110	1	41
chr7	112839481	112856052	1	1	1	5	0	12
chr7	112839481	112856797	1	1	1	23	0	41
chr7	112842103	112856052	1	1	1	91	0	13
chr7	112842103	112856797	1	1	1	20	1	37
chr7	112856065	112856797	1	1	1	95	0	14
chr7	127980247	127981190	1	1	1	5	0	2
chr7	127981292	127981410	1	1	1	7	0	6
chr8	25532429	25557730	1	1	1	2	0	43
chr8	95100453	95100646	2	2	1	672	1	31
chr8	95100453	95101408	2	2	0	197	0	46
chr8	95100674	95101408	2	2	1	672	1	38
chr8	121628690	121651724	2	2	1	1	0	18
chr8	123268550	123268744	2	2	1	117	0	47
chr9	43027296	43040539	2	2	1	102	0	38
chr9	43027296	43042590	2	2	1	183	0	45
chr9	43040597	43042590	2	2	1	99	0	45
chr9	80093642	80098885	1	1	1	5334	6	26
chr9	80093642	80098892	1	1	0	143	0	14
chr9	80093642	80101831	1	1	0	1	0	44
chr9	80093642	80103693	1	1	1	1504	0	49
chr9	80093642	80103698	1	1	0	1	0	44
chr9	80098907	80099016	1	1	0	2	0	21
chr9	80098907	80101831	1	1	0	2	0	21
chr9	80098907	80103693	1	1	1	5477	6	24
chr9	80098907	80103698	1	1	0	4	0	21
chr9	80099049	80103693	1	1	0	2	0	37
chr9	80101891	80103693	1	1	0	3	0	37
chr9	114597607	114597794	2	2	1	336	0	38
chr9	114597607	114598704	2	2	0	51	0	42
chr9	114597825	114598704	2	2	0	1	0	30
chr9	114597831	114598704	2	2	1	335	0	38
chr11	79458907	79463232	1	1	1	4	0	43
chr11	79458907	79468113	1	1	1	1	0	41
chr11	79458907	79468716	1	1	1	129	0	43
chr11	79463296	79468716	1	1	1	4	0	39
chr11	79468155	79468716	1	1	1	1	0	38
chr11	94112147	94113262	1	1	1	39	0	23
chr11	94112147	94114172	1	1	1	261	0	32
chr11	94113302	94114172	1	1	1	40	0	39
chr11	102310577	102310925	2	2	1	63	0	42
chr11	102310577	102311379	2	2	1	742	2	46
chr11	102311037	102311379	2	2	1	62	0	45
chr11	116268388	116271912	2	2	1	1	0	41
chr12	71952560	71958746	1	1	1	40	0	27
chr12	71952560	71959805	1	1	1	52	0	43
chr12	71958774	71959805	1	1	1	40	0	27
chr12	83811361	83825258	2	2	1	38	1	37
chr12	83811361	83831921	2	2	1	526	1	41
chr12	83825292	83831921	2	2	1	37	1	33
chr12	83825334	83831921	2	2	0	1	0	38
chr12	113133338	113133495	1	1	0	68	11	44
chr12	113133338	113133540	1	1	1	1313	34	42
chr12	113133338	113134186	1	1	0	1	0	42
chr12	113133338	113135796	1	1	1	73	0	29
chr12	113133577	113134761	1	1	0	1	0	21
chr12	113133577	113134800	1	1	0	8	0	12
chr12	113133577	113135796	1	1	1	1322	44	29
chr12	113134231	113135796	1	1	0	1	0	29
chr12	113134813	113135796	1	1	0	9	0	29
chr13	46778994	46780545	2	2	0	1	0	40
chr13	46778994	46780625	2	2	1	359	0	40
chr13	46778994	46785245	2	2	1	2525	7	46
chr13	46780665	46785245	2	2	1	364	0	39
chr13	56084286	56089757	2	2	1	39	0	41
chr13	56084286	56096123	2	2	0	16	0	40
chr13	56089858	56096123	2	2	1	39	0	38
chr14	57643224	57643334	2	2	1	4	0	39
chr14	57643224	57648418	2	2	1	95	0	40
chr14	57643490	57648418	2	2	1	3	0	38
chr14	57643506	57648418	2	2	0	1	0	38
chr14	120389164	120395711	1	1	1	161	0	39
chr14	120389164	120396450	1	1	1	558	0	48
chr14	120395766	120396450	1	1	1	169	0	48
chr15	77102940	77105576	2	2	1	167	0	43
chr15	77102940	77113604	2	2	1	188	0	48
chr15	77105670	77113604	2	2	1	165	0	48
chr15	77112788	77113604	2	2	0	1	0	44
chr15	103242719	103243624	1	1	1	0	1	33
chr16	57178009	57181479	2	2	0	1	0	46
chr16	57178021	57181491	2	2	1	189	0	45
chr16	57178021	57182850	2	2	1	212	0	44
chr16	57181537	57182850	2	2	1	188	0	33
chr17	12979205	13846588	1	1	0	40	4	12
chr17	13846640	13848354	1	1	1	2418	5	24
chr17	13846640	13849107	1	1	1	5490	12	46
chr17	13846640	13849113	1	1	0	26	0	47
chr17	13848376	13849107	1	1	1	2404	5	29
chr17	13848376	13849113	1	1	0	2	0	21
chr17	45570567	45570665	2	2	1	473	0	37
chr17	45570800	45571017	2	2	1	540	0	24
chr18	53948155	53948381	1	1	0	1	0	39
chr18	53948155	53948419	1	1	0	1	0	33
chr18	53948155	53948644	1	1	1	10532	13	29
chr18	53948155	53949213	1	1	0	1	0	39
chr18	53948155	53953244	1	1	1	6596	13	45
chr18	53948155	53953268	1	1	0	2	0	40
chr18	53948447	53953244	1	1	0	1	0	37
chr18	53948453	53948644	1	1	0	1	0	14
chr18	53948666	53953244	1	1	0	7	0	21
chr18	53948669	53953244	1	1	1	10523	12	37
chr18	53948669	53953268	1	1	0	2	0	24
chr18	53949263	53953244	1	1	0	1	0	37
chr19	7281251	7282725	2	2	0	2	0	26
chr19	7281256	7281797	2	4	1	114	0	39
chr19	7281256	7282725	2	2	1	1267	0	36
chr19	7281960	7282725	2	2	1	121	0	26
KV575235.1	147143	149353	1	1	0	0	2	33
