chr1	34295537	34296741	1	1	1	157	0	18
chr1	34295537	34299720	1	1	1	16	0	38
chr1	34296760	34299720	1	1	1	157	0	19
chr1	40010678	40011649	1	1	1	107	0	24
chr1	40010678	40011811	1	1	0	6	0	21
chr1	40010678	40014105	1	1	1	67	3	32
chr1	40011842	40014105	1	1	1	113	0	39
chr1	82735508	82741817	1	1	1	2	0	40
chr1	82735508	82747082	1	1	1	3	0	40
chr1	82735508	82750519	1	1	1	79	0	40
chr1	82747143	82750519	1	1	1	4	0	38
chr2	32292216	32293314	1	1	1	15	0	43
chr2	32292216	32296625	1	1	1	119	0	43
chr2	32293396	32296625	1	1	1	15	0	38
chr2	59932171	59933405	2	2	0	109	0	37
chr2	59932171	59933411	2	2	1	584	1	32
chr2	59932171	59933670	2	2	1	4	0	35
chr2	59933436	59933670	2	2	0	1	0	24
chr2	59933439	59933670	2	2	1	680	1	30
chr2	71849507	71853533	1	1	1	1368	5	43
chr2	71849507	71853875	1	1	0	1	0	15
chr2	71849507	71853890	1	1	0	1	0	39
chr2	71849507	71855853	1	1	1	4268	3	42
chr2	71849507	71855868	1	1	0	3	0	46
chr2	71853664	71855853	1	1	1	1394	5	41
chr2	71853891	71855853	1	1	0	1	0	15
chr2	71853948	71855853	1	1	0	1	0	40
chr2	75662926	75663570	1	1	1	4	1	40
chr2	91001089	91001461	1	1	1	1100	0	34
chr2	91001089	91003299	1	1	0	1	1	33
chr2	91001511	91003210	1	1	1	1094	0	23
chr2	91001511	91003299	1	1	0	1	0	46
chr2	91003346	91003810	1	1	1	27	0	36
chr2	91003891	91004700	1	1	1	1	0	40
chr2	91159300	91162027	2	2	0	1	0	41
chr2	91159306	91160316	2	2	1	276	0	47
chr2	91159306	91162027	2	2	1	747	1	47
chr2	91160371	91162027	2	2	1	273	0	40
chr2	91681696	91682025	2	2	1	1	0	50
chr2	91681696	91684668	2	2	1	344	0	50
chr2	91682110	91684668	2	2	0	1	0	38
chr2	119754674	119755130	2	2	1	1	0	35
chr2	125848285	125849739	2	2	1	1	0	39
chr2	153670448	153670848	1	1	1	1	0	42
chr2	153670448	153672215	1	1	1	4	0	50
chr2	153670909	153672215	1	1	1	1	0	50
chr3	60613521	60614682	1	1	1	1951	0	45
chr3	60613521	60614688	1	1	0	5	0	44
chr3	60613521	60615619	1	1	1	2460	4	46
chr3	60614734	60615617	2	2	0	1	0	35
chr3	60614737	60615619	1	1	1	1964	0	39
chr3	87733505	87734423	1	1	1	19	0	39
chr3	87733505	87735344	1	1	0	23	0	40
chr3	87734553	87735344	1	1	1	18	0	37
chr3	88483947	88484046	2	2	1	352	0	40
chr3	88483947	88484614	2	2	0	1	0	38
chr3	88484155	88484614	2	2	1	348	0	39
chr3	119724187	119724611	2	2	1	7247	2	34
chr3	119724187	119726065	2	2	1	35	0	29
chr3	119724646	119726065	2	2	1	7451	2	38
chr3	119726116	119820407	2	2	0	3	0	13
chr3	129825617	129826823	2	2	1	2	0	36
chr4	31992517	31994873	1	1	1	348	1	41
chr4	31992517	32002088	1	1	1	6120	10	49
chr4	31994955	32002088	1	1	1	344	1	49
chr4	107009769	107027216	1	1	1	13	0	38
chr4	107009769	107028192	1	1	1	272	0	45
chr4	107027298	107028192	1	1	1	17	0	41
chr5	13042670	13661475	1	1	0	6	0	13
chr5	23565266	23616326	2	2	1	1368	1	49
chr5	65388442	65388561	2	2	1	1	0	29
chr5	72958287	72965803	1	1	1	1	0	37
chr5	72958287	72974530	1	1	1	113	0	45
chr5	72965882	72974530	1	1	1	1	0	41
chr5	116475248	116477058	2	2	1	1	0	18
chr5	116477146	116482389	2	2	1	1	0	33
chr5	116482532	116591333	2	2	0	10	0	45
chr5	116482537	116591333	2	2	1	1296	7	50
chr5	149184807	149187707	1	1	1	13	0	43
chr5	149184807	149188344	1	1	1	972	1	45
chr5	149187877	149188344	1	1	1	14	0	39
chr6	47577668	47594893	2	2	1	1	0	24
chr6	98939789	98941535	2	2	1	152	0	46
chr6	98941658	98944618	2	2	1	153	0	37
chr6	125162102	125162211	2	2	1	390	14	43
chr6	128371086	128371967	1	1	1	3825	3	45
chr6	128371086	128372533	1	1	1	18	0	46
chr6	128372013	128372504	1	1	0	18	0	26
chr6	128372013	128372509	1	1	0	9	0	31
chr6	128372013	128372530	1	1	1	493	1	48
chr6	128372013	128372533	1	1	1	3259	3	46
chr6	128372013	128372536	1	1	0	2	0	43
chr6	128372018	128372530	1	1	0	2	0	49
chr6	128372018	128372533	1	1	0	47	0	46
chr7	25724845	25725923	2	2	1	1	0	21
chr7	67240441	67244520	2	2	1	321	0	24
chr7	67240441	67251656	2	2	1	1950	0	45
chr7	67240443	67251659	1	1	0	1	0	41
chr7	67244545	67251656	2	2	1	321	0	24
chr7	101973352	102001612	1	1	0	1	0	12
chr7	102001660	102002294	1	1	1	2078	1	43
chr7	102001660	102007485	1	1	1	630	0	45
chr7	102001665	102002300	1	1	0	0	1	36
chr7	102002337	102007485	1	1	1	2078	1	43
chr7	102005972	102007485	1	1	0	1	0	38
chr7	112839481	112841887	1	1	1	7	0	41
chr7	112839481	112842039	1	1	1	166	0	41
chr7	112839481	112856052	1	1	1	7	0	12
chr7	112839481	112856797	1	1	1	9	0	41
chr7	112841951	112856052	1	1	1	1	0	12
chr7	112842103	112856052	1	1	1	163	0	12
chr7	112842103	112856797	1	1	1	3	0	37
chr7	112856065	112856797	1	1	1	174	0	14
chr7	127980247	127981190	1	1	1	14	0	22
chr7	127981292	127981410	1	1	1	16	0	6
chr8	25532429	25555507	1	1	1	2	0	44
chr8	25532429	25557730	1	1	1	3	0	44
chr8	25555775	25557730	1	1	1	2	0	38
chr8	72219861	72219940	1	1	1	1	0	30
chr8	91688606	91932332	1	1	0	3	1	13
chr8	92716164	92785597	1	1	0	2	0	12
chr8	95100453	95100646	2	2	1	1722	2	31
chr8	95100453	95101408	2	2	0	208	0	46
chr8	95100674	95101408	2	2	1	1722	2	42
chr8	121628690	121651724	2	2	1	1	0	38
chr8	123268550	123268744	2	2	1	359	0	46
chr9	43027296	43040539	2	2	1	126	0	38
chr9	43027296	43042590	2	2	1	185	0	46
chr9	43040593	43042590	2	2	0	1	0	43
chr9	43040597	43042590	2	2	1	124	0	45
chr9	80093642	80098885	1	1	1	10271	4	26
chr9	80093642	80098892	1	1	0	191	0	14
chr9	80093642	80103693	1	1	1	345	0	45
chr9	80098907	80099016	1	1	0	1	0	21
chr9	80098907	80101831	1	1	0	1	0	21
chr9	80098907	80102366	1	1	0	2	0	21
chr9	80098907	80103693	1	1	1	10462	4	24
chr9	80098907	80103698	1	1	0	3	0	21
chr9	80099049	80103693	1	1	0	1	0	37
chr9	80101891	80103693	1	1	0	1	0	37
chr9	80102408	80103693	1	1	0	2	0	37
chr9	80103765	80111310	1	1	1	1	0	14
chr9	114597607	114597794	2	2	1	667	0	39
chr9	114597607	114598704	2	2	0	17	0	42
chr9	114597825	114598704	2	2	0	8	0	30
chr9	114597831	114598704	2	2	1	656	0	36
chr11	78233684	78245547	2	2	1	1	0	41
chr11	79458907	79463232	1	1	1	18	0	42
chr11	79458907	79468716	1	1	1	205	0	43
chr11	79463296	79468716	1	1	1	18	0	39
chr11	94112147	94113262	1	1	1	164	0	21
chr11	94112147	94114172	1	1	1	388	2	32
chr11	94113302	94114172	1	1	1	168	0	39
chr11	102310577	102310925	2	2	1	64	0	43
chr11	102310577	102311379	2	2	1	1073	2	46
chr11	102310577	102311403	2	2	0	1	0	21
chr11	102311037	102311379	2	2	1	62	0	45
chr12	71952560	71958746	1	1	1	30	0	27
chr12	71952560	71959805	1	1	1	48	0	43
chr12	71958774	71959805	1	1	1	30	0	29
chr12	83811361	83825258	2	2	1	107	0	37
chr12	83811361	83831921	2	2	1	517	0	41
chr12	83825292	83831921	2	2	1	103	0	33
chr12	83825319	83831921	2	2	0	2	0	38
chr12	113133338	113133495	1	1	0	146	17	44
chr12	113133338	113133540	1	1	1	2906	77	43
chr12	113133338	113135796	1	1	1	14	0	29
chr12	113133577	113134800	1	1	0	14	0	14
chr12	113133577	113135796	1	1	1	2930	94	29
chr12	113134813	113135796	1	1	0	13	0	12
chr13	46778994	46779694	2	2	0	1	0	34
chr13	46778994	46780625	2	2	1	1248	1	42
chr13	46778994	46785245	2	2	1	2938	7	46
chr13	46780663	46785245	2	2	0	1	0	37
chr13	46780665	46785245	2	2	1	1254	1	40
chr13	56084286	56088251	2	2	1	2	0	41
chr13	56084286	56089757	2	2	1	48	0	41
chr13	56084286	56096123	2	2	0	3	0	40
chr13	56089858	56096123	2	2	1	49	0	41
chr14	20995103	20995844	1	1	1	5	0	26
chr14	57643224	57643334	2	2	1	3	0	47
chr14	57643224	57648418	2	2	1	144	0	40
chr14	57643490	57648418	2	2	1	3	0	38
chr14	120389164	120395711	1	1	1	298	0	39
chr14	120389164	120395717	1	1	0	6	0	38
chr14	120389164	120396450	1	1	1	904	1	48
chr14	120395766	120396450	1	1	1	312	0	48
chr15	77102940	77105576	2	2	1	290	0	41
chr15	77102940	77113604	2	2	1	29	0	48
chr15	77105670	77113604	2	2	1	286	0	48
chr15	103242719	103243624	1	1	1	2	0	43
chr16	57178021	57181491	2	2	1	456	0	44
chr16	57178021	57182850	2	2	1	151	0	44
chr16	57181507	57182850	2	2	0	1	0	15
chr16	57181537	57182850	2	2	1	454	0	37
chr16	84831508	84834808	2	2	1	1	0	44
chr16	84965771	84971407	2	2	1	1	0	30
chr16	84971462	84978063	2	2	1	1	0	37
chr17	12979205	13846588	1	1	0	101	2	12
chr17	13846640	13848354	1	1	1	6858	8	22
chr17	13846640	13849107	1	1	1	5150	6	45
chr17	13846640	13849113	1	1	0	13	0	47
chr17	13846644	13848358	1	1	0	1	0	17
chr17	13848376	13849107	1	1	1	6837	8	41
chr17	13848376	13849113	1	1	0	26	0	21
chr17	45570567	45570665	2	2	1	640	3	39
chr17	45570800	45571017	2	2	1	697	4	21
chr17	51783067	51785528	2	2	1	3	0	40
chr17	51785641	51803430	2	2	1	3	0	14
chr18	53948155	53948644	1	1	1	17323	9	28
chr18	53948155	53953244	1	1	1	2341	7	43
chr18	53948162	53948644	1	1	0	1	0	24
chr18	53948666	53953244	1	1	0	9	0	21
chr18	53948669	53953244	1	1	1	17307	6	37
chr18	53948669	53953268	1	1	0	3	0	24
chr18	64515409	64516415	2	2	1	1	0	38
chr19	7281251	7282725	2	2	0	2	0	26
chr19	7281256	7281797	2	4	1	236	0	49
chr19	7281256	7282725	2	2	1	2146	0	36
chr19	7281960	7282725	2	2	1	242	0	35
KV575235.1	147143	149353	1	1	0	0	1	33
