chr1	34295537	34296741	1	1	1	53	0	18
chr1	34295537	34299720	1	1	1	14	0	38
chr1	34296760	34299720	1	1	1	53	0	19
chr1	40010678	40011649	1	1	1	46	0	26
chr1	40010678	40011787	1	1	0	1	0	21
chr1	40010678	40011811	1	1	0	2	0	21
chr1	40010678	40014105	1	1	1	34	1	32
chr1	40011842	40014105	1	1	1	49	0	38
chr1	82735508	82750519	1	1	1	46	0	41
chr2	32292216	32293314	1	1	1	16	0	43
chr2	32292216	32296625	1	1	1	74	0	47
chr2	32293396	32296625	1	1	1	16	0	38
chr2	59926161	59932104	2	2	1	1	0	19
chr2	59932171	59933405	2	2	0	42	0	33
chr2	59932171	59933411	2	2	1	221	0	31
chr2	59932171	59933670	2	2	1	3	0	38
chr2	59933439	59933670	2	2	1	261	0	28
chr2	71849507	71853533	1	1	1	463	0	41
chr2	71849507	71855853	1	1	1	1598	3	44
chr2	71853664	71855853	1	1	1	474	0	42
chr2	75662926	75663570	1	1	1	8	0	30
chr2	91001089	91001461	1	1	1	442	0	29
chr2	91001089	91003299	1	1	0	6	0	33
chr2	91001511	91003210	1	1	1	438	0	20
chr2	91003346	91003810	1	1	1	9	0	36
chr2	91159300	91160316	2	2	0	1	0	41
chr2	91159300	91162027	2	2	0	2	0	41
chr2	91159306	91160316	2	2	1	124	0	47
chr2	91159306	91162027	2	2	1	229	0	47
chr2	91160371	91162027	2	2	1	125	0	39
chr2	91681696	91684668	2	2	1	138	1	50
chr2	91681831	91684668	2	2	0	1	0	38
chr2	153670448	153672215	1	1	1	1	0	50
chr3	60613521	60614682	1	1	1	871	0	44
chr3	60613521	60615619	1	1	1	820	1	45
chr3	60614737	60615619	1	1	1	872	0	44
chr3	87733505	87734423	1	1	1	5	0	39
chr3	87733505	87735344	1	1	0	3	0	39
chr3	87734553	87735344	1	1	1	5	0	37
chr3	88483947	88484046	2	2	1	300	1	39
chr3	88484155	88484614	2	2	1	301	1	41
chr3	119724187	119724611	2	2	1	3843	2	34
chr3	119724187	119726065	2	2	1	6	0	29
chr3	119724629	119726065	2	2	0	1	0	17
chr3	119724646	119726065	2	2	1	3908	2	38
chr3	119726116	119751462	2	2	0	1	0	13
chr3	119726116	119820407	2	2	0	2	0	13
chr3	129825617	129826823	2	2	1	4	0	36
chr4	31992517	31994873	1	1	1	131	0	39
chr4	31992517	32002088	1	1	1	2229	3	49
chr4	31994955	32002088	1	1	1	131	0	49
chr4	107009769	107027216	1	1	1	13	0	38
chr4	107009769	107028192	1	1	1	79	0	41
chr4	107027298	107028192	1	1	1	14	0	41
chr4	123351146	123351821	2	2	1	1	0	12
chr4	139473637	139476130	1	1	1	1	0	8
chr5	23565266	23616326	2	2	1	508	1	46
chr5	72958287	72965803	1	1	1	2	0	37
chr5	72958287	72974530	1	1	1	44	1	48
chr5	72965882	72974530	1	1	1	2	0	41
chr5	113758264	113759220	2	2	1	1	0	10
chr5	116482537	116591333	2	2	1	763	1	50
chr5	149184807	149187707	1	1	1	10	0	43
chr5	149184807	149188344	1	1	1	566	3	45
chr5	149187877	149188344	1	1	1	10	0	39
chr5	149188474	149193839	1	1	1	1	0	25
chr6	47577668	47594893	2	2	1	2	0	26
chr6	98939789	98940994	2	2	1	1	0	45
chr6	98939789	98941535	2	2	1	88	0	45
chr6	98939789	98944618	2	2	0	6	0	45
chr6	98941165	98944618	2	2	0	1	0	36
chr6	98941658	98944618	2	2	1	86	0	36
chr6	125162102	125162211	2	2	1	263	3	36
chr6	128371086	128371967	1	1	1	2041	1	43
chr6	128371086	128372533	1	1	1	3	0	46
chr6	128372013	128372504	1	1	0	11	0	26
chr6	128372013	128372509	1	1	0	1	0	31
chr6	128372013	128372530	1	1	1	244	0	49
chr6	128372013	128372533	1	1	1	1769	1	46
chr6	128372013	128372536	1	1	0	1	0	43
chr6	128372018	128372509	1	1	0	1	0	31
chr6	128372018	128372530	1	1	0	1	0	49
chr6	128372018	128372533	1	1	0	17	0	46
chr7	67240441	67244520	2	2	1	71	0	24
chr7	67240441	67251656	2	2	1	624	0	44
chr7	67244545	67251656	2	2	1	71	0	24
chr7	102001660	102002294	1	1	1	973	0	43
chr7	102001660	102007485	1	1	1	376	0	44
chr7	102002310	102007485	1	1	0	3	0	15
chr7	102002337	102007485	1	1	1	975	0	42
chr7	112839481	112841887	1	1	1	2	1	41
chr7	112839481	112842039	1	1	1	80	1	42
chr7	112839481	112856052	1	1	1	3	0	12
chr7	112839481	112856797	1	1	1	10	0	41
chr7	112841906	112842057	1	1	0	0	1	18
chr7	112842103	112856052	1	1	1	80	1	12
chr7	112842103	112856797	1	1	1	3	0	37
chr7	112856065	112856797	1	1	1	85	1	17
chr7	127980247	127981190	1	1	1	8	0	2
chr7	127981292	127981410	1	1	1	8	0	6
chr8	25532429	25557730	1	1	1	1	0	44
chr8	25555775	25557730	1	1	1	1	0	37
chr8	33386064	33386329	1	1	0	1	0	46
chr8	95100453	95100646	2	2	1	522	1	31
chr8	95100453	95101408	2	2	0	112	0	46
chr8	95100674	95101408	2	2	1	522	1	44
chr8	95101447	95139983	2	2	0	0	1	15
chr8	123268550	123268744	2	2	1	161	0	46
chr9	43027296	43040539	2	2	1	81	0	38
chr9	43027296	43042590	2	2	1	83	0	46
chr9	43040593	43042590	2	2	0	1	0	43
chr9	43040597	43042590	2	2	1	80	0	45
chr9	80093642	80098885	1	1	1	4990	7	26
chr9	80093642	80098892	1	1	0	130	0	19
chr9	80093642	80103693	1	1	1	218	0	45
chr9	80098907	80099016	1	1	0	1	0	21
chr9	80098907	80103693	1	1	1	5122	7	24
chr9	80098907	80103698	1	1	0	1	0	21
chr9	80099049	80103693	1	1	0	1	0	37
chr9	114597607	114597794	2	2	1	268	0	39
chr9	114597607	114598704	2	2	0	14	0	42
chr9	114597825	114598704	2	2	0	3	0	30
chr9	114597831	114598704	2	2	1	261	0	36
chr11	79458907	79463232	1	1	1	6	0	42
chr11	79458907	79468113	1	1	1	2	0	41
chr11	79458907	79468716	1	1	1	114	1	42
chr11	79463296	79468716	1	1	1	6	0	39
chr11	79468155	79468716	1	1	1	2	0	38
chr11	83497297	83497893	1	1	1	1	0	33
chr11	83497927	83499072	1	1	1	1	0	33
chr11	85005929	85006992	2	2	1	1	0	14
chr11	94112147	94113262	1	1	1	53	0	21
chr11	94112147	94114172	1	1	1	217	0	32
chr11	94113302	94114172	1	1	1	53	0	39
chr11	100481848	100482144	2	2	1	1	0	39
chr11	102310577	102310925	2	2	1	35	0	42
chr11	102310577	102311379	2	2	1	660	0	47
chr11	102311037	102311379	2	2	1	34	0	45
chr12	71952560	71958746	1	1	1	34	0	27
chr12	71952560	71959805	1	1	1	33	0	43
chr12	71958774	71959805	1	1	1	34	0	29
chr12	83811361	83825258	2	2	1	23	0	33
chr12	83811361	83831921	2	2	1	310	1	41
chr12	83825292	83831921	2	2	1	23	0	33
chr12	113133338	113133495	1	1	0	45	3	43
chr12	113133338	113133540	1	1	1	659	19	42
chr12	113133338	113134186	1	1	0	1	0	42
chr12	113133338	113135796	1	1	1	5	0	29
chr12	113133577	113134800	1	1	0	4	0	14
chr12	113133577	113135796	1	1	1	682	23	29
chr12	113134813	113135796	1	1	0	3	0	12
chr13	46778994	46780545	2	2	0	1	0	41
chr13	46778994	46780625	2	2	1	404	1	42
chr13	46778994	46785245	2	2	1	1840	3	46
chr13	46780665	46785245	2	2	1	403	1	39
chr13	56084286	56089757	2	2	1	32	0	40
chr13	56084286	56096123	2	2	0	1	0	40
chr13	56089858	56096123	2	2	1	32	0	39
chr14	57643224	57643334	2	2	1	1	0	39
chr14	57643224	57648418	2	2	1	104	0	47
chr14	57643490	57648418	2	2	1	1	0	38
chr14	120389164	120395711	1	1	1	116	0	39
chr14	120389164	120396450	1	1	1	306	1	48
chr14	120395766	120396450	1	1	1	120	0	48
chr15	77102940	77105576	2	2	1	135	0	41
chr15	77102940	77113604	2	2	1	21	0	48
chr15	77105670	77113604	2	2	1	135	0	48
chr15	103242719	103242921	1	1	1	2	0	13
chr16	57178021	57181491	2	2	1	261	0	44
chr16	57178021	57182850	2	2	1	86	0	44
chr16	57181507	57182850	2	2	0	2	0	15
chr16	57181537	57182850	2	2	1	258	0	42
chr17	12979205	13846588	1	1	0	36	0	12
chr17	13846640	13848354	1	1	1	2556	4	22
chr17	13846640	13849107	1	1	1	3321	4	46
chr17	13846640	13849113	1	1	0	8	0	47
chr17	13848376	13849107	1	1	1	2542	4	29
chr17	13848376	13849113	1	1	0	2	0	21
chr17	45570567	45570665	2	2	1	479	3	42
chr17	45570800	45571017	2	2	1	522	3	24
chr18	10726534	10740982	1	1	1	3	0	15
chr18	53948155	53948381	1	1	0	1	0	39
chr18	53948155	53948644	1	1	1	7204	8	28
chr18	53948155	53948651	1	1	0	1	0	17
chr18	53948155	53953244	1	1	1	1297	3	43
chr18	53948162	53948644	1	1	0	1	0	24
chr18	53948666	53953244	1	1	0	6	0	21
chr18	53948669	53953244	1	1	1	7194	5	37
chr18	53948669	53953268	1	1	0	1	0	24
chr19	7281251	7282725	2	2	0	1	0	35
chr19	7281256	7281797	2	4	1	96	0	39
chr19	7281256	7282725	2	2	1	1058	0	36
chr19	7281960	7282725	2	2	1	101	0	35
