chr1	34295537	34296741	1	1	1	74	0	18
chr1	34295537	34299720	1	1	1	8	0	42
chr1	34296760	34299720	1	1	1	73	0	18
chr1	37885317	37890159	2	2	1	1	0	37
chr1	40010678	40011649	1	1	1	93	0	28
chr1	40010678	40011787	1	1	0	1	0	21
chr1	40010678	40011811	1	1	0	2	0	21
chr1	40010678	40014105	1	1	1	40	0	32
chr1	40011842	40014105	1	1	1	93	0	39
chr1	82735508	82741817	1	1	1	1	0	40
chr1	82735508	82747082	1	1	1	7	0	40
chr1	82735508	82750519	1	1	1	42	0	41
chr1	82747143	82750519	1	1	1	8	0	38
chr2	32292216	32293314	1	1	1	21	0	43
chr2	32292216	32296625	1	1	1	91	0	43
chr2	32293396	32296625	1	1	1	21	0	38
chr2	59932171	59933405	2	2	0	49	0	37
chr2	59932171	59933411	2	2	1	344	0	31
chr2	59932171	59933670	2	2	1	2	0	38
chr2	59933439	59933670	2	2	1	388	0	30
chr2	71849507	71853533	1	1	1	1072	0	44
chr2	71849507	71855853	1	1	1	2854	6	43
chr2	71849507	71855868	1	1	0	4	0	46
chr2	71853664	71855853	1	1	1	1103	0	42
chr2	75662926	75663570	1	1	1	12	0	40
chr2	91001089	91001461	1	1	1	744	1	34
chr2	91001089	91003299	1	1	0	1	0	33
chr2	91001511	91003210	1	1	1	727	1	25
chr2	91003238	91003810	1	1	0	1	0	27
chr2	91003346	91003810	1	1	1	18	0	36
chr2	91159300	91162027	2	2	0	3	0	41
chr2	91159306	91160316	2	2	1	220	0	47
chr2	91159306	91162027	2	2	1	513	0	47
chr2	91160371	91162027	2	2	1	222	0	39
chr2	91681696	91684668	2	2	1	214	0	50
chr2	153670448	153672215	1	1	1	2	0	50
chr3	60613521	60614682	1	1	1	1380	3	45
chr3	60613521	60614688	1	1	0	1	0	38
chr3	60613521	60615619	1	1	1	1486	2	45
chr3	60614737	60615619	1	1	1	1393	3	42
chr3	87733505	87734423	1	1	1	22	0	39
chr3	87733505	87735344	1	1	0	12	0	39
chr3	87734553	87735344	1	1	1	22	0	37
chr3	88483947	88484046	2	2	1	502	2	38
chr3	88484155	88484614	2	2	1	493	2	42
chr3	119724187	119724611	2	2	1	5777	1	34
chr3	119724187	119726065	2	2	1	14	0	29
chr3	119724646	119726065	2	2	1	5912	1	39
chr3	119726116	119751462	2	2	0	1	0	13
chr4	31992517	31994873	1	1	1	230	1	39
chr4	31992517	32002088	1	1	1	3745	1	49
chr4	31994955	32002088	1	1	1	232	1	49
chr4	107009769	107027216	1	1	1	16	0	40
chr4	107009769	107028192	1	1	1	163	0	42
chr4	107027298	107028192	1	1	1	19	0	42
chr5	23565266	23616326	2	2	1	751	1	46
chr5	72958287	72965803	1	1	1	5	0	40
chr5	72958287	72974530	1	1	1	82	1	41
chr5	72965882	72974530	1	1	1	5	0	41
chr5	116482532	116591333	2	2	0	3	0	45
chr5	116482537	116591333	2	2	1	936	5	50
chr5	122284910	122308130	1	1	1	1	0	37
chr5	149184807	149187707	1	1	1	17	0	44
chr5	149184807	149188344	1	1	1	743	2	45
chr5	149187835	149188344	1	1	1	1	0	39
chr5	149187877	149188344	1	1	1	16	0	40
chr6	98939789	98941535	2	2	1	148	0	46
chr6	98939789	98944618	2	2	0	10	0	45
chr6	98941658	98944618	2	2	1	146	0	36
chr6	125162102	125162211	2	2	1	466	17	38
chr6	128371086	128371967	1	1	1	3088	2	44
chr6	128371086	128372533	1	1	1	8	0	46
chr6	128372013	128372504	1	1	0	15	0	26
chr6	128372013	128372509	1	1	0	5	0	31
chr6	128372013	128372530	1	1	1	377	0	49
chr6	128372013	128372533	1	1	1	2659	2	46
chr6	128372013	128372536	1	1	0	1	0	43
chr6	128372018	128372530	1	1	0	5	0	49
chr6	128372018	128372533	1	1	0	27	0	46
chr7	25724845	25725923	2	2	1	1	0	37
chr7	67240441	67244520	2	2	1	208	0	24
chr7	67240441	67251656	2	2	1	1714	2	45
chr7	67240443	67251659	1	1	0	2	0	41
chr7	67244545	67251656	2	2	1	208	0	24
chr7	102001660	102002294	1	1	1	1565	1	42
chr7	102001660	102007485	1	1	1	396	0	43
chr7	102002337	102007485	1	1	1	1566	1	42
chr7	102003812	102007485	1	1	0	1	0	38
chr7	112839481	112841887	1	1	1	10	1	41
chr7	112839481	112842039	1	1	1	83	1	41
chr7	112839481	112856052	1	1	1	1	0	12
chr7	112839481	112856797	1	1	1	11	0	41
chr7	112841906	112842057	1	1	0	0	1	18
chr7	112842103	112856052	1	1	1	87	1	12
chr7	112842103	112856797	1	1	1	7	0	37
chr7	112856065	112856797	1	1	1	90	1	14
chr7	127980247	127981190	1	1	1	11	0	22
chr7	127981292	127981410	1	1	1	11	0	6
chr8	25532429	25555507	1	1	1	1	0	41
chr8	25532429	25557730	1	1	1	5	0	44
chr8	25555775	25557730	1	1	1	4	0	37
chr8	47528031	47529328	2	2	1	1	0	4
chr8	95100443	95100636	2	2	0	1	0	36
chr8	95100453	95100646	2	2	1	1228	0	31
chr8	95100453	95101408	2	2	0	126	0	46
chr8	95100674	95101408	2	2	1	1229	0	42
chr8	123268550	123268744	2	2	1	215	0	46
chr9	21647676	21655626	1	1	1	1	0	43
chr9	43027296	43040539	2	2	1	91	1	39
chr9	43027296	43042590	2	2	1	67	0	45
chr9	43040597	43042590	2	2	1	90	1	45
chr9	80093642	80098885	1	1	1	7171	2	26
chr9	80093642	80098892	1	1	0	195	0	19
chr9	80093642	80103693	1	1	1	225	0	45
chr9	80098907	80099016	1	1	0	1	0	21
chr9	80098907	80103693	1	1	1	7365	2	24
chr9	80098907	80103698	1	1	0	4	0	21
chr9	80099049	80103693	1	1	0	1	0	37
chr9	114597607	114597794	2	2	1	418	0	38
chr9	114597607	114598704	2	2	0	12	0	42
chr9	114597825	114598704	2	2	0	3	0	30
chr9	114597831	114598704	2	2	1	414	0	36
chr11	79458907	79463232	1	1	1	18	0	42
chr11	79458907	79468716	1	1	1	170	0	42
chr11	79463296	79468716	1	1	1	17	0	41
chr11	83497297	83497893	1	1	1	1	0	33
chr11	83497927	83499072	1	1	1	1	0	33
chr11	94112147	94113262	1	1	1	103	0	21
chr11	94112147	94114172	1	1	1	227	0	32
chr11	94113302	94114172	1	1	1	106	0	39
chr11	102310577	102310925	2	2	1	65	0	42
chr11	102310577	102311379	2	2	1	731	0	46
chr11	102311037	102311379	2	2	1	65	0	45
chr12	71952560	71958746	1	1	1	53	0	27
chr12	71952560	71959805	1	1	1	64	0	43
chr12	71958774	71959805	1	1	1	53	0	27
chr12	83811361	83825258	2	2	1	68	0	33
chr12	83811361	83831921	2	2	1	457	0	41
chr12	83825292	83831921	2	2	1	68	0	33
chr12	98779268	98780047	1	1	1	1	0	21
chr12	112928622	113133308	1	1	0	0	5	13
chr12	113133338	113133495	1	1	0	109	16	43
chr12	113133338	113133540	1	1	1	2055	63	42
chr12	113133338	113135796	1	1	1	10	0	29
chr12	113133577	113134761	1	1	0	2	0	21
chr12	113133577	113134800	1	1	0	12	0	14
chr12	113133577	113135796	1	1	1	2090	79	29
chr12	113134813	113135796	1	1	0	13	0	29
chr13	46778994	46780625	2	2	1	795	2	44
chr13	46778994	46785245	2	2	1	2118	2	49
chr13	46780665	46785245	2	2	1	793	2	40
chr13	56084286	56088251	2	2	1	1	0	40
chr13	56084286	56089757	2	2	1	56	0	41
chr13	56088343	56096123	2	2	1	1	0	38
chr13	56089858	56096123	2	2	1	56	0	41
chr14	57643224	57648418	2	2	1	91	0	39
chr14	101654106	101654207	1	1	1	1	0	4
chr14	101665890	101666511	1	1	1	1	0	7
chr14	120389164	120395711	1	1	1	230	0	39
chr14	120389164	120396450	1	1	1	688	0	48
chr14	120395766	120396450	1	1	1	237	0	48
chr15	77102940	77105576	2	2	1	215	0	41
chr15	77102940	77113604	2	2	1	16	0	47
chr15	77105670	77113604	2	2	1	212	0	48
chr16	57178021	57181491	2	2	1	320	0	45
chr16	57178021	57182850	2	2	1	129	0	43
chr16	57181537	57182850	2	2	1	315	0	37
chr17	12979205	13846588	1	1	0	42	0	12
chr17	13846613	13848354	1	1	0	8	0	21
chr17	13846640	13848354	1	1	1	5503	10	22
chr17	13846640	13849107	1	1	1	4340	7	45
chr17	13846640	13849113	1	1	0	14	0	47
chr17	13848376	13849107	1	1	1	5494	10	29
chr17	13848376	13849113	1	1	0	15	0	21
chr17	45570567	45570665	2	2	1	513	1	42
chr17	45570800	45571017	2	2	1	599	0	24
chr18	53948155	53948644	1	1	1	12891	11	28
chr18	53948155	53948651	1	1	0	1	0	17
chr18	53948155	53952820	1	1	0	1	0	39
chr18	53948155	53953244	1	1	1	1819	4	43
chr18	53948666	53953244	1	1	0	10	0	21
chr18	53948669	53953244	1	1	1	12871	11	37
chr18	53948669	53953268	1	1	0	2	0	24
chr18	53952864	53953244	1	1	0	1	0	37
chr19	7281251	7282725	2	2	0	1	0	26
chr19	7281256	7281797	2	4	1	224	0	39
chr19	7281256	7282725	2	2	1	1655	1	36
chr19	7281960	7282725	2	2	1	227	0	35
chrX	74238228	74239098	2	2	1	1	0	32
