chr1	34295537	34296741	1	1	1	67	0	18
chr1	34295537	34299720	1	1	1	8	0	38
chr1	34296760	34299720	1	1	1	67	0	18
chr1	40010678	40011649	1	1	1	35	0	21
chr1	40010678	40011783	1	1	0	1	0	21
chr1	40010678	40014105	1	1	1	27	1	32
chr1	40011842	40014105	1	1	1	37	0	38
chr1	82735508	82741817	1	1	1	2	0	40
chr1	82735508	82747082	1	1	1	2	0	40
chr1	82735508	82750519	1	1	1	30	0	41
chr1	82741977	82750519	1	1	1	2	0	38
chr1	82747143	82750519	1	1	1	2	0	39
chr2	32292216	32293314	1	1	1	7	0	43
chr2	32292216	32296625	1	1	1	42	0	44
chr2	32293396	32296625	1	1	1	7	0	38
chr2	59926161	59932104	2	2	1	1	0	1
chr2	59932171	59933405	2	2	0	50	0	33
chr2	59932171	59933411	2	2	1	265	2	31
chr2	59932171	59933670	2	2	1	3	0	38
chr2	59933439	59933670	2	2	1	312	2	30
chr2	71849507	71853533	1	1	1	428	0	40
chr2	71849507	71855853	1	1	1	1483	1	45
chr2	71849507	71855868	1	1	0	1	0	46
chr2	71853664	71855853	1	1	1	446	0	41
chr2	75662926	75663570	1	1	1	1	0	15
chr2	91001089	91001461	1	1	1	441	1	27
chr2	91001511	91003210	1	1	1	432	1	25
chr2	91003238	91003810	1	1	0	1	0	27
chr2	91003346	91003810	1	1	1	16	0	36
chr2	91159306	91160316	2	2	1	156	0	47
chr2	91159306	91162027	2	2	1	250	0	47
chr2	91160371	91162027	2	2	1	161	0	40
chr2	91681696	91684668	2	2	1	162	1	50
chr2	153670448	153672215	1	1	1	1	0	50
chr3	60613521	60614682	1	1	1	1097	2	45
chr3	60613521	60614688	1	1	0	2	0	44
chr3	60613521	60615619	1	1	1	1104	3	45
chr3	60614737	60615619	1	1	1	1100	2	39
chr3	87733505	87734423	1	1	1	8	0	39
chr3	87733505	87735344	1	1	0	5	0	39
chr3	87734553	87735344	1	1	1	8	0	37
chr3	88483947	88484046	2	2	1	68	0	37
chr3	88484155	88484614	2	2	1	69	0	41
chr3	119721006	119724093	2	2	1	1	0	21
chr3	119724187	119724611	2	2	1	3906	1	34
chr3	119724187	119726065	2	2	1	9	0	29
chr3	119724646	119726065	2	2	1	4014	2	38
chr4	31992517	31994873	1	1	1	144	0	39
chr4	31992517	32002088	1	1	1	1642	3	49
chr4	31994955	32002088	1	1	1	145	0	49
chr4	107009769	107027216	1	1	1	6	0	38
chr4	107009769	107028192	1	1	1	125	0	47
chr4	107027298	107028192	1	1	1	8	0	41
chr5	23565266	23616326	2	2	1	698	1	49
chr5	72958287	72974530	1	1	1	65	0	41
chr5	116482537	116591333	2	2	1	494	5	50
chr5	149184807	149187707	1	1	1	7	0	43
chr5	149184807	149188344	1	1	1	230	0	44
chr5	149187877	149188344	1	1	1	7	0	39
chr6	47577668	47594893	2	2	1	1	0	20
chr6	98939789	98941535	2	2	1	145	0	46
chr6	98939789	98944618	2	2	0	10	0	45
chr6	98941658	98944618	2	2	1	147	0	37
chr6	125162102	125162211	2	2	1	94	2	36
chr6	128371086	128371967	1	1	1	2728	3	44
chr6	128371086	128372533	1	1	1	7	0	46
chr6	128372013	128372278	1	1	0	1	0	27
chr6	128372013	128372504	1	1	0	16	0	26
chr6	128372013	128372509	1	1	0	10	0	31
chr6	128372013	128372530	1	1	1	314	0	49
chr6	128372013	128372533	1	1	1	2359	3	46
chr6	128372013	128372536	1	1	0	3	0	43
chr6	128372013	128372539	1	1	0	1	0	40
chr6	128372018	128372530	1	1	0	4	0	49
chr6	128372018	128372533	1	1	0	20	0	46
chr6	128372306	128372533	1	1	0	1	0	27
chr7	67240441	67244520	2	2	1	79	0	24
chr7	67240441	67251656	2	2	1	1174	1	48
chr7	67244545	67251656	2	2	1	79	0	24
chr7	102001660	102002294	1	1	1	1030	1	42
chr7	102001660	102007485	1	1	1	280	0	45
chr7	102002337	102007485	1	1	1	1033	1	42
chr7	112839481	112841887	1	1	1	4	0	41
chr7	112839481	112842039	1	1	1	44	0	41
chr7	112839481	112856052	1	1	1	1	0	12
chr7	112839481	112856797	1	1	1	2	0	41
chr7	112841951	112856052	1	1	1	2	0	12
chr7	112842103	112856052	1	1	1	46	0	12
chr7	112842103	112856797	1	1	1	1	0	37
chr7	112856065	112856797	1	1	1	50	0	14
chr7	127972771	127974399	1	1	1	1	0	36
chr7	127980247	127981190	1	1	1	4	0	2
chr7	127981292	127981410	1	1	1	5	0	6
chr8	25532429	25555507	1	1	1	1	0	44
chr8	25532429	25557730	1	1	1	5	0	44
chr8	25555775	25557730	1	1	1	2	0	37
chr8	33386064	33386329	1	1	0	1	0	46
chr8	95100453	95100646	2	2	1	302	0	31
chr8	95100453	95101408	2	2	0	61	0	46
chr8	95100674	95101408	2	2	1	302	0	42
chr8	123268550	123268744	2	2	1	112	0	46
chr9	43027296	43040539	2	2	1	70	0	38
chr9	43027296	43042590	2	2	1	87	0	46
chr9	43040597	43042590	2	2	1	70	0	45
chr9	80093642	80098885	1	1	1	5334	7	26
chr9	80093642	80098892	1	1	0	151	0	19
chr9	80093642	80101831	1	1	0	1	0	44
chr9	80093642	80103693	1	1	1	189	0	44
chr9	80098907	80099016	1	1	0	1	0	21
chr9	80098907	80103693	1	1	1	5489	7	24
chr9	80099049	80103693	1	1	0	1	0	37
chr9	80101891	80103693	1	1	0	1	0	37
chr9	80103765	80111310	1	1	1	1	0	4
chr9	114597607	114597794	2	2	1	293	0	38
chr9	114597607	114598704	2	2	0	10	0	40
chr9	114597825	114598704	2	2	0	4	0	30
chr9	114597831	114598704	2	2	1	289	0	38
chr11	26778879	26787397	2	2	0	0	1	13
chr11	69361536	69361670	2	2	1	1	0	23
chr11	79458907	79463232	1	1	1	5	0	42
chr11	79458907	79468716	1	1	1	114	0	42
chr11	79463296	79468716	1	1	1	5	0	38
chr11	83497297	83497893	1	1	1	1	0	33
chr11	83497927	83499072	1	1	1	1	0	33
chr11	94112147	94113262	1	1	1	91	0	21
chr11	94112147	94114172	1	1	1	226	0	32
chr11	94113302	94114172	1	1	1	93	0	39
chr11	102310577	102310925	2	2	1	26	0	42
chr11	102310577	102311379	2	2	1	469	1	46
chr11	102311037	102311379	2	2	1	26	0	45
chr12	71952560	71958746	1	1	1	38	0	27
chr12	71952560	71959805	1	1	1	42	0	44
chr12	71958774	71959805	1	1	1	38	0	27
chr12	83811361	83825258	2	2	1	15	0	34
chr12	83811361	83831921	2	2	1	268	1	41
chr12	83825292	83831921	2	2	1	15	0	33
chr12	113133338	113133495	1	1	0	48	6	43
chr12	113133338	113133540	1	1	1	868	27	43
chr12	113133338	113135796	1	1	1	3	0	29
chr12	113133577	113134800	1	1	0	1	0	12
chr12	113133577	113135796	1	1	1	882	33	29
chr12	113134813	113135796	1	1	0	1	0	12
chr13	46778994	46780625	2	2	1	509	1	43
chr13	46778994	46785245	2	2	1	1757	3	45
chr13	46780665	46785245	2	2	1	508	1	39
chr13	56084286	56088251	2	2	1	1	0	40
chr13	56084286	56089757	2	2	1	30	0	42
chr13	56088343	56096123	2	2	1	1	0	38
chr13	56089858	56096123	2	2	1	30	0	38
chr14	57643224	57643334	2	2	1	1	0	39
chr14	57643224	57648418	2	2	1	44	0	40
chr14	57643506	57648418	2	2	0	1	0	38
chr14	120389164	120395711	1	1	1	74	0	39
chr14	120389164	120396450	1	1	1	246	1	48
chr14	120395766	120396450	1	1	1	74	0	48
chr15	77102940	77104480	2	2	0	1	0	33
chr15	77102940	77105576	2	2	1	98	0	41
chr15	77102940	77113604	2	2	1	6	0	48
chr15	77104512	77113604	2	2	0	1	0	31
chr15	77105670	77113604	2	2	1	98	0	48
chr15	103242719	103243624	1	1	1	1	1	34
chr16	57178021	57181491	2	2	1	192	1	43
chr16	57178021	57182850	2	2	1	45	0	44
chr16	57181507	57182850	2	2	0	2	0	15
chr16	57181537	57182850	2	2	1	190	1	37
chr16	84831508	84834808	2	2	1	1	0	35
chr17	12979205	13846588	1	1	0	37	1	12
chr17	13846640	13848354	1	1	1	4043	5	22
chr17	13846640	13849107	1	1	1	2193	2	44
chr17	13846640	13849113	1	1	0	27	0	47
chr17	13848376	13849107	1	1	1	4039	5	29
chr17	13848376	13849113	1	1	0	2	0	21
chr17	45570567	45570665	2	2	1	231	2	39
chr17	45570800	45571017	2	2	1	254	1	24
chr18	53948155	53948644	1	1	1	12071	9	28
chr18	53948155	53953244	1	1	1	1613	2	43
chr18	53948167	53948644	1	1	0	1	0	26
chr18	53948666	53953244	1	1	0	6	0	21
chr18	53948669	53953244	1	1	1	12040	9	39
chr19	7281256	7281797	2	4	1	81	0	40
chr19	7281256	7282725	2	2	1	1279	0	36
chr19	7281960	7282725	2	2	1	83	0	35
