chr1	34295537	34296741	1	1	1	71	0	18
chr1	34295537	34299720	1	1	1	13	0	38
chr1	34296760	34299720	1	1	1	71	0	19
chr1	40010678	40011649	1	1	1	44	0	21
chr1	40010678	40014105	1	1	1	28	1	32
chr1	40011842	40014105	1	1	1	45	0	38
chr1	82735508	82741817	1	1	1	1	0	40
chr1	82735508	82750519	1	1	1	36	0	41
chr1	82747143	82750519	1	1	1	1	0	38
chr2	32292216	32293314	1	1	1	9	0	43
chr2	32292216	32296625	1	1	1	46	0	43
chr2	32293396	32296625	1	1	1	9	0	38
chr2	59932171	59933405	2	2	0	36	0	33
chr2	59932171	59933411	2	2	1	248	0	31
chr2	59933439	59933670	2	2	1	280	0	28
chr2	71849507	71853533	1	1	1	431	0	44
chr2	71849507	71855853	1	1	1	883	4	46
chr2	71853664	71855853	1	1	1	451	0	41
chr2	75662926	75663570	1	1	1	0	1	36
chr2	91001089	91001461	1	1	1	257	0	34
chr2	91001089	91003299	1	1	0	3	0	33
chr2	91001511	91003210	1	1	1	248	0	21
chr2	91003346	91003810	1	1	1	6	0	36
chr2	91159300	91162027	2	2	0	1	0	41
chr2	91159306	91160316	2	2	1	118	0	47
chr2	91159306	91162027	2	2	1	256	2	47
chr2	91160371	91162027	2	2	1	117	0	38
chr2	91681696	91684668	2	2	1	133	0	50
chr3	60613521	60614682	1	1	1	583	2	44
chr3	60613521	60615619	1	1	1	892	0	45
chr3	60614737	60615619	1	1	1	580	2	38
chr3	87733505	87734423	1	1	1	10	0	39
chr3	87733505	87735344	1	1	0	7	0	39
chr3	87734553	87735344	1	1	1	10	0	38
chr3	88483947	88484046	2	2	1	231	0	41
chr3	88484155	88484614	2	2	1	228	0	41
chr3	119724187	119724611	2	2	1	3011	2	34
chr3	119724187	119726065	2	2	1	8	0	29
chr3	119724646	119726065	2	2	1	3077	3	38
chr3	139632407	139650143	2	2	0	0	1	13
chr4	31992517	31994873	1	1	1	175	1	39
chr4	31992517	32002088	1	1	1	1990	4	49
chr4	31994955	32002088	1	1	1	179	1	49
chr4	107009769	107027216	1	1	1	5	0	38
chr4	107009769	107028192	1	1	1	78	0	41
chr4	107027298	107028192	1	1	1	6	0	41
chr5	23565266	23616326	2	2	1	426	2	46
chr5	72958287	72965803	1	1	1	2	0	37
chr5	72958287	72974530	1	1	1	45	0	41
chr5	72965882	72974530	1	1	1	2	0	41
chr5	116482537	116591333	2	2	1	451	4	50
chr5	122284910	122308130	1	1	1	1	0	39
chr5	135168599	135171086	1	1	1	1	0	44
chr5	149184807	149185484	1	1	1	1	0	43
chr5	149184807	149187707	1	1	1	12	0	44
chr5	149184807	149188344	1	1	1	389	2	44
chr5	149185662	149188344	1	1	0	1	0	39
chr5	149187835	149188344	1	1	1	1	0	37
chr5	149187877	149188344	1	1	1	11	0	39
chr6	98939789	98940994	2	2	1	1	0	45
chr6	98939789	98941535	2	2	1	64	0	45
chr6	98939789	98944618	2	2	0	2	0	45
chr6	98941165	98944618	2	2	0	1	0	36
chr6	98941658	98944618	2	2	1	63	0	36
chr6	125162102	125162211	2	2	1	181	7	37
chr6	125162102	125162309	2	2	0	1	0	35
chr6	128371086	128371967	1	1	1	1817	1	41
chr6	128371086	128372533	1	1	1	8	0	46
chr6	128372013	128372278	1	1	0	1	0	27
chr6	128372013	128372504	1	1	0	14	0	26
chr6	128372013	128372509	1	1	0	3	0	31
chr6	128372013	128372530	1	1	1	227	0	48
chr6	128372013	128372533	1	1	1	1551	0	46
chr6	128372018	128372530	1	1	0	2	0	49
chr6	128372018	128372533	1	1	0	18	1	46
chr6	128372306	128372533	1	1	0	1	0	27
chr7	25724845	25725923	2	2	1	1	0	41
chr7	67240441	67244520	2	2	1	65	0	24
chr7	67240441	67251656	2	2	1	661	2	45
chr7	67244545	67251656	2	2	1	65	0	24
chr7	102001660	102002294	1	1	1	891	0	43
chr7	102001660	102007485	1	1	1	156	0	43
chr7	102002310	102007485	1	1	0	1	0	15
chr7	102002337	102007485	1	1	1	899	0	40
chr7	112839481	112841887	1	1	1	3	0	41
chr7	112839481	112842039	1	1	1	59	0	41
chr7	112839481	112856052	1	1	1	6	0	12
chr7	112839481	112856797	1	1	1	10	0	41
chr7	112841951	112856052	1	1	1	2	0	12
chr7	112842103	112856052	1	1	1	56	0	12
chr7	112856065	112856797	1	1	1	66	0	14
chr7	127980247	127981190	1	1	1	4	0	5
chr7	127981292	127981410	1	1	1	4	0	6
chr8	25532429	25557730	1	1	1	8	0	44
chr8	95100453	95100646	2	2	1	496	1	32
chr8	95100453	95101408	2	2	0	43	0	46
chr8	95100674	95101408	2	2	1	496	1	42
chr8	95101447	95139983	2	2	0	0	1	15
chr8	123268550	123268744	2	2	1	95	0	47
chr9	43027296	43040539	2	2	1	63	0	39
chr9	43027296	43042590	2	2	1	76	0	45
chr9	43040593	43042590	2	2	0	1	0	43
chr9	43040597	43042590	2	2	1	63	0	45
chr9	80093642	80098885	1	1	1	4006	5	26
chr9	80093642	80098892	1	1	0	110	0	20
chr9	80093642	80103693	1	1	1	94	0	45
chr9	80098907	80099016	1	1	0	1	0	14
chr9	80098907	80103693	1	1	1	4117	5	37
chr9	80099049	80103693	1	1	0	1	0	37
chr9	114597607	114597794	2	2	1	232	1	38
chr9	114597607	114598704	2	2	0	11	0	40
chr9	114597825	114598704	2	2	0	1	0	30
chr9	114597831	114598704	2	2	1	231	1	36
chr9	123011638	123013939	1	1	1	1	0	29
chr11	79458907	79463232	1	1	1	14	0	42
chr11	79458907	79468716	1	1	1	89	0	43
chr11	79463296	79468716	1	1	1	14	0	38
chr11	94112147	94113262	1	1	1	62	0	21
chr11	94112147	94114172	1	1	1	163	0	32
chr11	94113302	94114172	1	1	1	63	0	39
chr11	102310577	102310925	2	2	1	22	0	43
chr11	102310577	102311379	2	2	1	469	0	46
chr11	102311037	102311379	2	2	1	21	0	45
chr11	102311037	102311403	2	2	0	1	0	21
chr12	71952560	71958746	1	1	1	34	0	27
chr12	71952560	71959805	1	1	1	27	0	43
chr12	71958774	71959805	1	1	1	34	0	29
chr12	83811361	83825258	2	2	1	32	0	33
chr12	83811361	83831921	2	2	1	245	0	41
chr12	83825292	83831921	2	2	1	32	0	34
chr12	113133331	113133540	1	1	0	2	0	36
chr12	113133338	113133495	1	1	0	60	6	45
chr12	113133338	113133540	1	1	1	918	25	42
chr12	113133338	113135796	1	1	1	8	0	29
chr12	113133577	113134800	1	1	0	7	0	12
chr12	113133577	113135796	1	1	1	945	31	29
chr12	113134813	113135796	1	1	0	7	0	12
chr13	46778994	46780625	2	2	1	434	0	40
chr13	46778994	46785245	2	2	1	970	0	47
chr13	46780665	46785245	2	2	1	436	0	39
chr13	56084286	56089757	2	2	1	19	0	41
chr13	56089858	56096123	2	2	1	18	0	38
chr14	57643224	57648418	2	2	1	68	0	39
chr14	120389164	120395711	1	1	1	103	1	39
chr14	120389164	120396450	1	1	1	280	0	48
chr14	120395766	120396450	1	1	1	106	1	48
chr15	77102940	77105576	2	2	1	107	0	40
chr15	77102940	77112712	2	2	0	1	0	40
chr15	77102940	77113604	2	2	1	10	0	44
chr15	77105670	77113604	2	2	1	103	0	48
chr15	77112788	77113604	2	2	0	1	0	44
chr16	57178021	57181491	2	2	1	186	0	44
chr16	57178021	57182850	2	2	1	62	0	43
chr16	57181537	57182850	2	2	1	186	0	33
chr17	12979205	13846588	1	1	0	19	2	12
chr17	13846640	13848354	1	1	1	3053	6	24
chr17	13846640	13848361	1	1	0	2	0	14
chr17	13846640	13849107	1	1	1	1882	6	46
chr17	13846640	13849113	1	1	0	10	0	47
chr17	13848376	13849107	1	1	1	3056	6	27
chr17	13848376	13849113	1	1	0	1	0	21
chr17	45570567	45570665	2	2	1	163	0	37
chr17	45570800	45571017	2	2	1	171	0	21
chr18	53948155	53948644	1	1	1	7929	6	28
chr18	53948155	53953244	1	1	1	1085	4	44
chr18	53948155	53953268	1	1	0	2	0	40
chr18	53948162	53953244	1	1	0	3	0	37
chr18	53948666	53953244	1	1	0	5	0	21
chr18	53948669	53952820	1	1	0	1	0	15
chr18	53948669	53953244	1	1	1	7913	5	37
chr18	53948669	53953268	1	1	0	3	0	24
chr18	53948673	53953244	1	1	0	1	0	28
chr18	53952864	53953244	1	1	0	1	0	37
chr18	64511878	64511983	2	2	1	1	0	6
chr18	64512050	64515325	2	2	1	1	0	16
chr18	64515409	64516415	2	2	1	2	0	39
chr19	7281256	7281797	2	4	1	105	0	38
chr19	7281256	7282725	2	2	1	869	1	36
chr19	7281960	7282725	2	2	1	114	0	26
chrX	73952667	73952825	2	2	1	2	0	10
chrX	159414893	159443922	1	1	1	1	0	19
