chr1	34295537	34296741	1	1	1	57	0	18
chr1	34295537	34299720	1	1	1	30	0	38
chr1	34296760	34299720	1	1	1	57	0	19
chr1	40010678	40011649	1	1	1	94	0	24
chr1	40010678	40011811	1	1	0	6	0	21
chr1	40010678	40014105	1	1	1	50	2	32
chr1	40011842	40014105	1	1	1	97	0	41
chr1	82735508	82741817	1	1	1	3	0	40
chr1	82735508	82747082	1	1	1	3	0	40
chr1	82735508	82750519	1	1	1	66	1	41
chr1	82747143	82750519	1	1	1	4	0	38
chr2	30066894	30068268	1	1	1	4	0	20
chr2	32292216	32293314	1	1	1	6	0	43
chr2	32292216	32296625	1	1	1	97	0	43
chr2	32293396	32296625	1	1	1	8	0	38
chr2	59932171	59933405	2	2	0	60	0	33
chr2	59932171	59933411	2	2	1	468	0	31
chr2	59933439	59933670	2	2	1	521	0	28
chr2	71849507	71851882	1	1	0	1	0	39
chr2	71849507	71853533	1	1	1	564	0	40
chr2	71849507	71853820	1	1	0	2	0	37
chr2	71849507	71855853	1	1	1	4724	8	45
chr2	71852002	71855853	1	1	0	1	0	40
chr2	71853664	71855853	1	1	1	589	0	42
chr2	71853891	71855853	1	1	0	1	0	40
chr2	75662926	75663570	1	1	1	4	1	35
chr2	91001089	91001461	1	1	1	553	2	25
chr2	91001089	91003299	1	1	0	4	0	33
chr2	91001511	91003210	1	1	1	543	2	25
chr2	91001511	91003299	1	1	0	1	0	46
chr2	91003238	91003810	1	1	0	1	1	27
chr2	91003346	91003810	1	1	1	19	0	36
chr2	91159300	91162027	2	2	0	1	0	41
chr2	91159306	91160316	2	2	1	167	0	47
chr2	91159306	91162027	2	2	1	399	0	47
chr2	91160371	91162027	2	2	1	165	0	39
chr2	91681696	91682025	2	2	1	1	0	50
chr2	91681696	91684668	2	2	1	208	1	50
chr2	91682137	91684668	2	2	1	1	0	40
chr2	153670448	153672215	1	1	1	3	1	50
chr2	153713625	153714954	1	1	1	0	1	50
chr2	163628053	163629126	2	2	1	1	0	31
chr3	60613521	60614682	1	1	1	1466	1	45
chr3	60613521	60614688	1	1	0	1	0	38
chr3	60613521	60615619	1	1	1	1358	2	46
chr3	60614737	60615619	1	1	1	1460	1	45
chr3	87733505	87734423	1	1	1	6	0	39
chr3	87733505	87734456	1	1	0	1	0	39
chr3	87733505	87735344	1	1	0	3	0	39
chr3	87734553	87735344	1	1	1	7	0	37
chr3	88483947	88484046	2	2	1	233	0	38
chr3	88483947	88484614	2	2	0	1	0	38
chr3	88484155	88484614	2	2	1	230	0	40
chr3	119724187	119724611	2	2	1	4931	2	34
chr3	119724187	119726065	2	2	1	22	0	29
chr3	119724646	119726065	2	2	1	5074	2	38
chr4	31992517	31994873	1	1	1	226	0	39
chr4	31992517	32002088	1	1	1	4517	8	49
chr4	31994955	32002088	1	1	1	226	0	49
chr4	107009769	107027216	1	1	1	14	0	40
chr4	107009769	107028192	1	1	1	131	0	42
chr4	107027298	107028192	1	1	1	15	0	41
chr5	23565266	23568183	2	2	0	1	0	37
chr5	23565266	23616326	2	2	1	997	1	46
chr5	23568264	23616326	2	2	0	1	0	45
chr5	72958287	72965803	1	1	1	1	0	37
chr5	72958287	72974530	1	1	1	109	0	42
chr5	72965882	72974530	1	1	1	1	0	41
chr5	116477146	116482389	2	2	1	2	0	33
chr5	116482537	116591333	2	2	1	999	0	50
chr5	122284910	122308130	1	1	1	1	0	37
chr5	149184807	149187707	1	1	1	17	0	43
chr5	149184807	149188344	1	1	1	685	3	46
chr5	149184865	149188344	1	1	0	1	0	39
chr5	149187835	149188344	1	1	1	2	0	39
chr5	149187877	149188344	1	1	1	15	0	39
chr6	51465242	51466141	2	2	1	1	0	42
chr6	98939789	98941535	2	2	1	119	0	46
chr6	98939789	98944618	2	2	0	9	0	45
chr6	98941658	98944618	2	2	1	119	0	36
chr6	125162102	125162211	2	2	1	328	12	43
chr6	128371086	128371967	1	1	1	4101	3	44
chr6	128371086	128372530	1	1	1	1	0	49
chr6	128371086	128372533	1	1	1	17	0	46
chr6	128372013	128372504	1	1	0	22	0	26
chr6	128372013	128372509	1	1	0	7	0	31
chr6	128372013	128372530	1	1	1	497	0	47
chr6	128372013	128372533	1	1	1	3536	3	46
chr6	128372013	128372539	1	1	0	1	0	40
chr6	128372018	128372530	1	1	0	3	0	49
chr6	128372018	128372533	1	1	0	38	0	46
chr7	67240441	67244520	2	2	1	122	0	24
chr7	67240441	67251656	2	2	1	1792	2	44
chr7	67244545	67251656	2	2	1	122	0	24
chr7	102001660	102002294	1	1	1	1152	0	43
chr7	102001660	102007485	1	1	1	712	0	44
chr7	102002337	102007485	1	1	1	1157	0	41
chr7	112839481	112841887	1	1	1	4	0	41
chr7	112839481	112842039	1	1	1	105	0	41
chr7	112839481	112856052	1	1	1	2	0	12
chr7	112839481	112856797	1	1	1	3	0	41
chr7	112842103	112856052	1	1	1	103	0	12
chr7	112842103	112856797	1	1	1	4	0	37
chr7	112856065	112856797	1	1	1	106	0	12
chr7	127972305	127972553	1	1	1	1	0	22
chr7	127972771	127975887	1	1	1	0	1	1
chr7	127980247	127981190	1	1	1	15	0	25
chr7	127981292	127981410	1	1	1	16	0	9
chr8	25532429	25555507	1	1	1	1	0	44
chr8	25532429	25557730	1	1	1	1	0	37
chr8	25555775	25557730	1	1	1	1	0	37
chr8	47669337	47674505	2	2	1	1	0	17
chr8	72219861	72219940	1	1	1	1	0	30
chr8	91688606	91932332	1	1	0	6	1	13
chr8	95100453	95100646	2	2	1	898	1	31
chr8	95100453	95101408	2	2	0	192	0	46
chr8	95100674	95101408	2	2	1	898	1	42
chr8	123268550	123268744	2	2	1	203	2	49
chr9	43027296	43040539	2	2	1	73	0	38
chr9	43027296	43042590	2	2	1	137	0	45
chr9	43040597	43042590	2	2	1	72	0	46
chr9	59454470	59485978	2	2	1	1	0	35
chr9	80093642	80098885	1	1	1	7789	5	26
chr9	80093642	80098892	1	1	0	194	0	19
chr9	80093642	80103693	1	1	1	571	0	45
chr9	80098907	80101831	1	1	0	1	0	21
chr9	80098907	80103693	1	1	1	7985	5	24
chr9	80098907	80103698	1	1	0	2	0	21
chr9	114597607	114597794	2	2	1	469	1	38
chr9	114597607	114598704	2	2	0	16	0	42
chr9	114597825	114598704	2	2	0	3	0	30
chr9	114597831	114598704	2	2	1	466	1	38
chr11	79458907	79463232	1	1	1	11	0	42
chr11	79458907	79468716	1	1	1	151	0	43
chr11	79463296	79468716	1	1	1	13	0	38
chr11	94112147	94113262	1	1	1	111	0	21
chr11	94112147	94114172	1	1	1	365	1	32
chr11	94113302	94114172	1	1	1	112	0	39
chr11	102310577	102310925	2	2	1	36	0	42
chr11	102310577	102311379	2	2	1	776	1	45
chr11	102311037	102311379	2	2	1	37	0	45
chr12	71952560	71958746	1	1	1	44	0	27
chr12	71952560	71959805	1	1	1	50	0	44
chr12	71958774	71959805	1	1	1	44	0	27
chr12	83811361	83825258	2	2	1	72	0	33
chr12	83811361	83831921	2	2	1	417	0	41
chr12	83825292	83831921	2	2	1	72	0	34
chr12	113133338	113133495	1	1	0	95	14	46
chr12	113133338	113133540	1	1	1	2087	42	39
chr12	113133338	113134186	1	1	0	1	0	42
chr12	113133338	113135796	1	1	1	36	0	29
chr12	113133577	113134761	1	1	0	5	0	21
chr12	113133577	113134800	1	1	0	5	0	12
chr12	113133577	113135796	1	1	1	2077	56	29
chr12	113134231	113135796	1	1	0	1	0	29
chr12	113134813	113135796	1	1	0	10	0	29
chr13	46778987	46785245	2	2	0	2	0	47
chr13	46778990	46785245	2	2	0	1	0	44
chr13	46778994	46780545	2	2	0	1	0	40
chr13	46778994	46780625	2	2	1	376	2	40
chr13	46778994	46785245	2	2	1	2967	9	45
chr13	46780665	46785245	2	2	1	379	2	40
chr13	56084286	56089757	2	2	1	39	0	40
chr13	56089858	56096123	2	2	1	39	0	41
chr14	57643224	57648418	2	2	1	83	0	42
chr14	101654106	101654207	1	1	1	1	0	5
chr14	120389164	120395711	1	1	1	186	0	39
chr14	120389164	120396450	1	1	1	569	2	48
chr14	120395766	120396450	1	1	1	192	0	48
chr15	77102940	77105576	2	2	1	165	0	48
chr15	77102940	77113604	2	2	1	14	0	48
chr15	77105670	77113604	2	2	1	166	0	48
chr15	103242719	103243624	1	1	1	1	1	36
chr16	57178021	57181491	2	2	1	323	0	44
chr16	57178021	57182850	2	2	1	204	1	44
chr16	57181537	57182850	2	2	1	322	0	37
chr16	84831508	84834808	2	2	1	2	0	35
chr17	12979205	13846588	1	1	0	58	1	12
chr17	13846640	13848354	1	1	1	4086	9	24
chr17	13846640	13849107	1	1	1	6114	14	46
chr17	13846640	13849113	1	1	0	24	0	47
chr17	13848376	13849107	1	1	1	4080	9	29
chr17	13848376	13849113	1	1	0	9	0	21
chr17	45570567	45570665	2	2	1	653	2	42
chr17	45570800	45571017	2	2	1	728	1	24
chr18	53948155	53948381	1	1	0	1	0	39
chr18	53948155	53948644	1	1	1	15322	9	28
chr18	53948155	53953244	1	1	1	3356	5	45
chr18	53948155	53953268	1	1	0	3	0	40
chr18	53948162	53948644	1	1	0	2	0	24
chr18	53948453	53948644	1	1	0	1	0	13
chr18	53948666	53953244	1	1	0	6	0	21
chr18	53948669	53949213	1	1	0	1	0	15
chr18	53948669	53953244	1	1	1	15297	6	37
chr18	53948669	53953268	1	1	0	2	0	24
chr18	53949263	53953244	1	1	0	1	0	37
chr18	64511878	64511983	2	2	1	1	0	38
chr18	64515409	64516415	2	2	1	1	0	30
chr19	7281251	7282725	2	2	0	1	0	26
chr19	7281256	7281797	2	4	1	209	0	39
chr19	7281256	7282725	2	2	1	1467	0	36
chr19	7281960	7282725	2	2	1	218	0	36
