chr1	34295537	34296741	1	1	1	89	0	18
chr1	34295537	34299720	1	1	1	25	0	38
chr1	34296760	34299720	1	1	1	90	0	19
chr1	40010678	40011649	1	1	1	109	0	21
chr1	40010678	40014105	1	1	1	46	1	32
chr1	40010678	40014111	1	1	0	1	0	32
chr1	40011842	40014105	1	1	1	104	0	38
chr1	82735508	82741817	1	1	1	4	0	40
chr1	82735508	82747082	1	1	1	2	0	40
chr1	82735508	82750519	1	1	1	57	0	40
chr1	82747143	82750519	1	1	1	2	0	38
chr2	32292216	32293314	1	1	1	18	0	43
chr2	32292216	32296625	1	1	1	92	0	48
chr2	32293396	32296625	1	1	1	19	0	39
chr2	59926161	59932104	2	2	1	2	0	20
chr2	59932171	59933405	2	2	0	71	0	33
chr2	59932171	59933411	2	2	1	464	0	32
chr2	59933439	59933670	2	2	1	527	0	28
chr2	71849507	71853533	1	1	1	629	0	42
chr2	71849507	71853820	1	1	0	3	0	37
chr2	71849507	71853890	1	1	0	5	0	39
chr2	71849507	71855853	1	1	1	2940	1	45
chr2	71849507	71855868	1	1	0	1	0	46
chr2	71853664	71855853	1	1	1	643	0	41
chr2	71853891	71855853	1	1	0	5	0	40
chr2	71853948	71855853	1	1	0	5	0	40
chr2	75662926	75663570	1	1	1	2	0	27
chr2	91001089	91001461	1	1	1	693	1	27
chr2	91001089	91003210	1	1	0	0	2	24
chr2	91001511	91003210	1	1	1	677	1	25
chr2	91001511	91003299	1	1	0	5	0	46
chr2	91003238	91003810	1	1	0	5	0	27
chr2	91003346	91003810	1	1	1	16	0	36
chr2	91159300	91162027	2	2	0	2	0	41
chr2	91159306	91160316	2	2	1	188	1	47
chr2	91159306	91162027	2	2	1	512	2	47
chr2	91160371	91162027	2	2	1	185	1	41
chr2	91681696	91684668	2	2	1	198	0	50
chr2	91681831	91684668	2	2	0	1	0	38
chr2	153670448	153672215	1	1	1	1	0	50
chr3	60201323	60613472	1	1	0	0	4	14
chr3	60613521	60614682	1	1	1	1455	3	45
chr3	60613521	60614688	1	1	0	1	0	38
chr3	60613521	60615619	1	1	1	1607	3	45
chr3	60614737	60615619	1	1	1	1460	2	39
chr3	78904652	78918022	2	2	0	1	0	12
chr3	87733505	87734423	1	1	1	17	0	40
chr3	87733505	87735344	1	1	0	10	0	39
chr3	87734553	87735344	1	1	1	17	0	37
chr3	88483947	88484046	2	2	1	236	1	38
chr3	88483947	88484614	2	2	0	1	0	39
chr3	88484155	88484614	2	2	1	229	1	42
chr3	119724187	119724611	2	2	1	5678	7	34
chr3	119724187	119726065	2	2	1	20	0	29
chr3	119724646	119726065	2	2	1	5846	7	38
chr3	129825617	129826823	2	2	1	1	0	36
chr4	31992517	31994873	1	1	1	224	0	39
chr4	31992517	32002088	1	1	1	4053	7	49
chr4	31994955	32002088	1	1	1	224	0	49
chr4	107009769	107027216	1	1	1	23	0	41
chr4	107009769	107028192	1	1	1	165	0	43
chr4	107009769	107028217	1	1	0	1	0	35
chr4	107027298	107028192	1	1	1	27	0	42
chr5	13042670	13661475	1	1	0	4	0	13
chr5	23565266	23616326	2	2	1	1004	5	49
chr5	72958287	72974530	1	1	1	105	0	41
chr5	116477146	116482389	2	2	1	2	0	33
chr5	116482537	116591333	2	2	1	1136	2	50
chr5	121205856	121206666	1	1	1	1	0	22
chr5	149184807	149187707	1	1	1	13	0	43
chr5	149184807	149188344	1	1	1	738	4	44
chr5	149187835	149188344	1	1	1	2	0	39
chr5	149187877	149188344	1	1	1	10	0	39
chr6	98939789	98941535	2	2	1	170	0	45
chr6	98939789	98944618	2	2	0	11	0	45
chr6	98941658	98944618	2	2	1	171	0	36
chr6	125162102	125162211	2	2	1	354	15	36
chr6	128371086	128371967	1	1	1	3672	1	45
chr6	128371086	128371980	1	1	0	2	0	32
chr6	128371086	128372530	1	1	1	3	0	49
chr6	128371086	128372533	1	1	1	10	0	46
chr6	128372013	128372504	1	1	0	19	0	26
chr6	128372013	128372509	1	1	0	6	0	32
chr6	128372013	128372530	1	1	1	485	0	47
chr6	128372013	128372533	1	1	1	3114	1	46
chr6	128372013	128372536	1	1	0	1	0	43
chr6	128372013	128372539	1	1	0	1	0	40
chr6	128372018	128372530	1	1	0	4	0	49
chr6	128372018	128372533	1	1	0	51	0	46
chr7	67240441	67244520	2	2	1	221	0	24
chr7	67240441	67251656	2	2	1	1720	0	48
chr7	67240443	67251659	1	1	0	1	0	41
chr7	67244545	67251656	2	2	1	221	0	24
chr7	102001660	102002294	1	1	1	1562	0	42
chr7	102001660	102007485	1	1	1	483	0	44
chr7	102002310	102007485	1	1	0	1	0	15
chr7	102002337	102007485	1	1	1	1570	0	41
chr7	112839481	112841887	1	1	1	8	0	41
chr7	112839481	112842039	1	1	1	132	0	42
chr7	112839481	112856052	1	1	1	2	0	12
chr7	112839481	112856797	1	1	1	5	0	41
chr7	112841951	112856052	1	1	1	3	0	12
chr7	112842103	112856052	1	1	1	134	0	12
chr7	112842103	112856797	1	1	1	5	0	37
chr7	112856065	112856797	1	1	1	141	0	14
chr7	127980247	127981190	1	1	1	17	0	44
chr7	127981292	127981410	1	1	1	14	0	6
chr8	25532429	25557730	1	1	1	4	0	44
chr8	92716164	92785597	1	1	0	2	0	12
chr8	95100453	95100646	2	2	1	1069	2	31
chr8	95100453	95101408	2	2	0	165	0	46
chr8	95100674	95101408	2	2	1	1069	2	44
chr8	123268550	123268744	2	2	1	274	0	48
chr9	43027296	43040539	2	2	1	98	0	39
chr9	43027296	43042590	2	2	1	158	0	46
chr9	43040597	43042590	2	2	1	97	0	45
chr9	80093642	80097341	1	1	0	3	0	44
chr9	80093642	80098847	1	1	0	1	0	44
chr9	80093642	80098885	1	1	1	7431	7	31
chr9	80093642	80098892	1	1	0	171	0	18
chr9	80093642	80103693	1	1	1	262	0	45
chr9	80097402	80098885	1	1	0	2	0	16
chr9	80098907	80103693	1	1	1	7614	7	37
chr9	114597607	114597794	2	2	1	473	0	38
chr9	114597607	114598704	2	2	0	20	0	42
chr9	114597825	114598704	2	2	0	1	0	30
chr9	114597831	114598704	2	2	1	469	0	36
chr10	4089396	4089995	1	1	1	1	0	33
chr11	26778879	26787397	2	2	0	0	1	13
chr11	79458907	79463232	1	1	1	10	0	42
chr11	79458907	79468716	1	1	1	172	0	42
chr11	79463296	79468716	1	1	1	11	0	38
chr11	84994578	85005807	2	2	1	1	0	14
chr11	85005929	85006992	2	2	1	1	0	14
chr11	94112147	94113262	1	1	1	119	0	23
chr11	94112147	94114172	1	1	1	301	0	32
chr11	94113302	94114172	1	1	1	122	0	39
chr11	100479298	100481376	2	2	1	1	0	30
chr11	100481848	100482144	2	2	1	1	0	35
chr11	102310577	102310925	2	2	1	43	0	42
chr11	102310577	102311379	2	2	1	736	0	46
chr11	102311037	102311379	2	2	1	43	0	45
chr12	71952560	71958746	1	1	1	53	0	27
chr12	71952560	71959805	1	1	1	61	0	44
chr12	71958774	71959805	1	1	1	53	0	31
chr12	83811361	83825258	2	2	1	58	0	34
chr12	83811361	83831921	2	2	1	359	1	41
chr12	83825292	83831921	2	2	1	58	0	33
chr12	113133338	113133495	1	1	0	111	13	44
chr12	113133338	113133540	1	1	1	2061	55	43
chr12	113133338	113135796	1	1	1	11	0	29
chr12	113133577	113134800	1	1	0	8	0	14
chr12	113133577	113135796	1	1	1	2088	67	29
chr12	113134813	113135796	1	1	0	7	0	12
chr13	3888523	3888870	2	2	1	1	0	19
chr13	46778994	46780545	2	2	0	1	0	40
chr13	46778994	46780625	2	2	1	843	2	42
chr13	46778994	46785245	2	2	1	2255	6	45
chr13	46780665	46785245	2	2	1	844	2	39
chr13	56084286	56089757	2	2	1	50	0	40
chr13	56089858	56096123	2	2	1	51	0	41
chr14	57643224	57643334	2	2	1	1	0	39
chr14	57643224	57648418	2	2	1	115	0	47
chr14	57643490	57648418	2	2	1	1	0	38
chr14	120389164	120395711	1	1	1	222	0	39
chr14	120389164	120396450	1	1	1	590	2	48
chr14	120395766	120396450	1	1	1	232	0	48
chr15	77102940	77105576	2	2	1	204	0	42
chr15	77102940	77113604	2	2	1	17	0	48
chr15	77105670	77113604	2	2	1	203	0	48
chr15	103242719	103243624	1	1	1	0	1	5
chr16	57178021	57181491	2	2	1	356	1	45
chr16	57178021	57182850	2	2	1	138	0	43
chr16	57181507	57182850	2	2	0	1	0	15
chr16	57181537	57182850	2	2	1	351	1	37
chr16	84831508	84834808	2	2	1	1	0	44
chr17	12979205	13846588	1	1	0	41	0	12
chr17	13846613	13848354	1	1	0	3	0	21
chr17	13846640	13846831	1	1	0	1	0	38
chr17	13846640	13848306	1	1	0	2	0	38
chr17	13846640	13848354	1	1	1	5041	6	22
chr17	13846640	13849107	1	1	1	4144	4	49
chr17	13846640	13849113	1	1	0	39	0	47
chr17	13846644	13848358	1	1	0	1	0	17
chr17	13846920	13849107	1	1	0	1	0	41
chr17	13848376	13849107	1	1	1	5033	6	41
chr17	13848376	13849113	1	1	0	13	0	21
chr17	45570567	45570665	2	2	1	729	2	39
chr17	45570800	45571017	2	2	1	737	1	21
chr17	51783067	51785528	2	2	1	1	0	40
chr17	51785641	51803430	2	2	1	1	0	14
chr18	53948155	53948644	1	1	1	12250	11	28
chr18	53948155	53953244	1	1	1	1816	4	45
chr18	53948666	53953244	1	1	0	5	0	21
chr18	53948669	53953244	1	1	1	12230	11	37
chr18	53948669	53953268	1	1	0	4	0	24
chr19	7281256	7281797	2	4	1	196	0	41
chr19	7281256	7282725	2	2	1	1491	0	36
chr19	7281960	7282725	2	2	1	204	0	35
chr19	23687546	23694320	1	1	1	1	0	37
KV575235.1	147143	149264	1	1	0	0	2	24
