chr1	34295537	34296741	1	1	1	104	0	18
chr1	34295537	34296819	1	1	0	1	0	36
chr1	34295537	34299720	1	1	1	20	0	38
chr1	34296760	34299720	1	1	1	104	0	19
chr1	34296879	34299720	1	1	0	1	0	38
chr1	40010678	40011649	1	1	1	114	0	21
chr1	40010678	40011783	1	1	0	1	0	21
chr1	40010678	40011811	1	1	0	1	0	21
chr1	40010678	40014105	1	1	1	40	2	32
chr1	40011842	40014105	1	1	1	110	0	38
chr1	82735508	82747082	1	1	1	2	0	40
chr1	82735508	82750519	1	1	1	98	0	41
chr1	82747143	82750519	1	1	1	2	0	38
chr2	32292216	32293314	1	1	1	26	0	43
chr2	32292216	32296625	1	1	1	113	0	43
chr2	32292216	32296964	1	1	1	1	0	43
chr2	32293396	32296625	1	1	1	26	0	38
chr2	32297201	32297639	1	1	0	1	0	46
chr2	59926161	59932104	2	2	1	1	0	20
chr2	59932171	59933405	2	2	0	83	0	37
chr2	59932171	59933411	2	2	1	522	0	32
chr2	59933439	59933670	2	2	1	595	0	33
chr2	71849507	71853533	1	1	1	804	2	43
chr2	71849507	71853890	1	1	0	2	0	39
chr2	71849507	71855853	1	1	1	3007	6	42
chr2	71849507	71855868	1	1	0	2	0	46
chr2	71849511	71855853	1	1	0	3	0	40
chr2	71853664	71855853	1	1	1	832	2	43
chr2	71853948	71855853	1	1	0	2	0	40
chr2	75662926	75663570	1	1	1	6	0	40
chr2	91001089	91001461	1	1	1	779	0	34
chr2	91001089	91003299	1	1	0	3	1	33
chr2	91001511	91003210	1	1	1	755	0	25
chr2	91003238	91003810	1	1	0	2	0	27
chr2	91003346	91003810	1	1	1	16	0	36
chr2	91003891	91004700	1	1	1	1	0	10
chr2	91159300	91162027	2	2	0	3	0	41
chr2	91159306	91160316	2	2	1	306	0	47
chr2	91159306	91162027	2	2	1	580	0	47
chr2	91160371	91162027	2	2	1	304	0	42
chr2	91681696	91682025	2	2	1	2	0	50
chr2	91681696	91684668	2	2	1	215	0	50
chr2	91682110	91684668	2	2	0	2	0	38
chr2	119692227	119701117	1	1	1	1	0	12
chr3	60613521	60614682	1	1	1	1403	0	45
chr3	60613521	60615619	1	1	1	1415	4	45
chr3	60614737	60615619	1	1	1	1409	0	39
chr3	87733505	87734423	1	1	1	12	0	39
chr3	87733505	87735344	1	1	0	7	0	39
chr3	87734553	87735344	1	1	1	12	0	37
chr3	88483947	88484046	2	2	1	462	0	41
chr3	88484155	88484614	2	2	1	465	0	41
chr3	119724187	119724611	2	2	1	6873	1	34
chr3	119724187	119726065	2	2	1	16	0	29
chr3	119724646	119726065	2	2	1	7022	1	38
chr4	31992517	31994873	1	1	1	277	0	41
chr4	31992517	32002088	1	1	1	4877	5	49
chr4	31994955	32002088	1	1	1	279	0	49
chr4	46468788	46469882	1	1	1	2	0	10
chr4	107009769	107027216	1	1	1	9	0	38
chr4	107009769	107028192	1	1	1	113	0	42
chr4	107027298	107028192	1	1	1	12	0	41
chr5	23565266	23616326	2	2	1	713	3	46
chr5	72958287	72965803	1	1	1	3	0	40
chr5	72958287	72974530	1	1	1	116	0	42
chr5	72965882	72974530	1	1	1	3	0	41
chr5	116482537	116591333	2	2	1	998	2	50
chr5	149184807	149187707	1	1	1	20	0	43
chr5	149184807	149188344	1	1	1	711	3	44
chr5	149187835	149188344	1	1	1	2	0	39
chr5	149187877	149188344	1	1	1	18	0	39
chr6	47577668	47594893	2	2	1	1	0	24
chr6	51464548	51465178	2	2	1	1	0	17
chr6	51465242	51466141	2	2	1	1	0	42
chr6	98939789	98941535	2	2	1	164	0	45
chr6	98939789	98944618	2	2	0	7	0	45
chr6	98941658	98944618	2	2	1	164	0	39
chr6	125162102	125162211	2	2	1	421	12	36
chr6	128371086	128371967	1	1	1	3420	2	44
chr6	128371086	128371980	1	1	0	1	0	32
chr6	128371086	128372533	1	1	1	8	0	46
chr6	128372013	128372504	1	1	0	16	0	26
chr6	128372013	128372509	1	1	0	3	0	31
chr6	128372013	128372530	1	1	1	440	0	49
chr6	128372013	128372533	1	1	1	2913	2	46
chr6	128372013	128372536	1	1	0	5	0	43
chr6	128372018	128372530	1	1	0	2	0	49
chr6	128372018	128372533	1	1	0	46	0	46
chr7	25724845	25725923	2	2	1	1	0	38
chr7	66080467	66083399	1	1	1	1	0	28
chr7	67240441	67244520	2	2	1	194	0	24
chr7	67240441	67251656	2	2	1	1364	0	49
chr7	67244545	67251656	2	2	1	194	0	24
chr7	101474369	102001612	1	1	0	4	0	12
chr7	102001660	102002294	1	1	1	1734	2	42
chr7	102001660	102007485	1	1	1	632	0	43
chr7	102002337	102007485	1	1	1	1744	2	42
chr7	112839481	112841887	1	1	1	4	1	41
chr7	112839481	112842039	1	1	1	142	1	41
chr7	112839481	112856052	1	1	1	9	0	12
chr7	112839481	112856797	1	1	1	14	0	41
chr7	112841906	112842057	1	1	0	0	1	18
chr7	112841951	112856052	1	1	1	1	0	12
chr7	112842103	112856052	1	1	1	139	1	12
chr7	112842103	112856797	1	1	1	5	0	37
chr7	112856065	112856797	1	1	1	150	1	14
chr7	112856065	112856803	1	1	0	1	0	12
chr7	127980247	127981190	1	1	1	9	0	5
chr7	127981292	127981410	1	1	1	9	0	6
chr8	25532429	25557730	1	1	1	4	0	44
chr8	33386064	33386329	1	1	0	1	0	46
chr8	91688606	91932332	1	1	0	6	0	13
chr8	95100453	95100646	2	2	1	1141	1	31
chr8	95100453	95101408	2	2	0	146	0	46
chr8	95100674	95101408	2	2	1	1141	1	42
chr8	123268550	123268744	2	2	1	314	0	48
chr9	43027296	43040539	2	2	1	137	0	39
chr9	43027296	43042590	2	2	1	160	0	46
chr9	43040593	43042590	2	2	0	2	0	43
chr9	43040597	43042590	2	2	1	136	0	46
chr9	47813946	47818733	1	1	1	1	0	35
chr9	80093642	80098885	1	1	1	7943	3	26
chr9	80093642	80098892	1	1	0	197	0	14
chr9	80093642	80103693	1	1	1	283	0	45
chr9	80098907	80101831	1	1	0	1	0	21
chr9	80098907	80103693	1	1	1	8146	3	24
chr9	80098907	80103698	1	1	0	2	0	21
chr9	80101891	80103693	1	1	0	1	0	37
chr9	80103765	80116531	1	1	1	1	0	24
chr9	114597607	114597794	2	2	1	484	0	39
chr9	114597607	114598704	2	2	0	16	0	42
chr9	114597825	114598704	2	2	0	7	0	30
chr9	114597831	114598704	2	2	1	478	0	36
chr11	79458907	79463232	1	1	1	11	0	42
chr11	79458907	79468113	1	1	1	2	0	41
chr11	79458907	79468716	1	1	1	271	0	44
chr11	79463296	79468716	1	1	1	10	0	39
chr11	79468155	79468716	1	1	1	3	0	38
chr11	94112147	94113262	1	1	1	106	0	24
chr11	94112147	94114172	1	1	1	309	0	32
chr11	94113302	94114172	1	1	1	111	0	39
chr11	102310577	102310925	2	2	1	45	0	42
chr11	102310577	102311379	2	2	1	809	1	46
chr11	102311037	102311379	2	2	1	44	0	45
chr12	71952560	71958746	1	1	1	74	0	27
chr12	71952560	71959805	1	1	1	63	0	44
chr12	71958774	71959805	1	1	1	73	0	27
chr12	71958774	71959809	1	1	0	1	0	27
chr12	83811361	83825258	2	2	1	58	0	34
chr12	83811361	83831921	2	2	1	556	0	41
chr12	83825292	83831921	2	2	1	58	0	33
chr12	113133338	113133495	1	1	0	111	8	43
chr12	113133338	113133540	1	1	1	2043	58	42
chr12	113133338	113135796	1	1	1	24	0	29
chr12	113133577	113134761	1	1	0	1	0	21
chr12	113133577	113134800	1	1	0	11	0	12
chr12	113133577	113135796	1	1	1	2090	66	29
chr12	113134813	113135796	1	1	0	12	0	29
chr13	46778987	46785245	2	2	0	2	0	47
chr13	46778994	46780625	2	2	1	862	3	44
chr13	46778994	46785245	2	2	1	2797	5	47
chr13	46780665	46785245	2	2	1	863	3	40
chr13	56084286	56089757	2	2	1	52	0	41
chr13	56084286	56096123	2	2	0	3	0	40
chr13	56089858	56096123	2	2	1	52	0	38
chr14	57643224	57643334	2	2	1	1	0	39
chr14	57643224	57648418	2	2	1	152	0	41
chr14	57643490	57648418	2	2	1	1	0	38
chr14	120389164	120395711	1	1	1	221	1	39
chr14	120389164	120395717	1	1	0	1	0	38
chr14	120389164	120396450	1	1	1	458	0	48
chr14	120395766	120396450	1	1	1	226	1	48
chr15	77102940	77105576	2	2	1	256	0	41
chr15	77102940	77113604	2	2	1	20	0	48
chr15	77105670	77113604	2	2	1	253	0	48
chr15	103242719	103242921	1	1	1	1	0	13
chr16	57178021	57181491	2	2	1	490	0	45
chr16	57178021	57182850	2	2	1	209	0	44
chr16	57181537	57182850	2	2	1	487	0	37
chr17	12979205	13846588	1	1	0	40	5	12
chr17	13846613	13848354	1	1	0	4	0	21
chr17	13846640	13848354	1	1	1	4831	7	24
chr17	13846640	13849107	1	1	1	4216	9	44
chr17	13846640	13849113	1	1	0	25	0	47
chr17	13848376	13849107	1	1	1	4831	7	27
chr17	45570567	45570665	2	2	1	421	2	37
chr17	45570800	45571017	2	2	1	464	2	21
chr17	56578845	56578920	2	2	1	1	0	18
chr17	56578986	56582983	2	2	1	1	0	37
chr18	53948155	53948644	1	1	1	11651	15	30
chr18	53948155	53953244	1	1	1	1826	6	43
chr18	53948155	53953268	1	1	0	2	0	40
chr18	53948160	53953242	2	2	0	1	0	35
chr18	53948167	53948644	1	1	0	1	0	13
chr18	53948666	53953244	1	1	0	7	0	21
chr18	53948669	53949681	1	1	0	1	0	14
chr18	53948669	53952820	1	1	0	1	0	15
chr18	53948669	53953244	1	1	1	11637	13	37
chr18	53948673	53953244	1	1	0	1	0	28
chr18	53949705	53953244	1	1	0	1	0	23
chr18	53952864	53953244	1	1	0	1	0	37
chr18	64515406	64516415	2	2	1	1	0	42
chr19	7281256	7281797	2	4	1	224	0	39
chr19	7281256	7282725	2	2	1	1396	0	36
chr19	7281960	7282725	2	2	1	233	0	35
KV575235.1	147143	149353	1	1	0	0	1	33
