chr1	34295537	34296741	1	1	1	40	1	18
chr1	34295537	34299720	1	1	1	247	1	41
chr1	34296760	34299720	1	1	1	40	1	18
chr1	40010678	40011649	1	1	1	30	0	21
chr1	40010678	40011811	1	1	0	1	0	21
chr1	40010678	40014105	1	1	1	83	0	32
chr1	40011842	40014105	1	1	1	31	0	37
chr1	82735508	82745523	1	1	1	1	0	33
chr1	82735508	82747082	1	1	1	9	0	40
chr1	82735508	82750519	1	1	1	82	0	41
chr1	82745557	82747082	1	1	1	1	0	7
chr1	82747143	82750519	1	1	1	11	0	38
chr1	153136904	153137190	2	2	1	1	0	40
chr2	32292216	32296625	1	1	1	115	0	43
chr2	59926161	59932104	2	2	1	2	0	38
chr2	59932171	59933405	2	2	0	18	0	33
chr2	59932171	59933411	2	2	1	103	0	31
chr2	59932171	59933670	2	2	1	13	0	38
chr2	59933439	59933670	2	2	1	117	0	28
chr2	71849507	71853533	1	1	1	48	0	39
chr2	71849507	71855853	1	1	1	2061	1	43
chr2	71853664	71855853	1	1	1	48	0	40
chr2	75662926	75663570	1	1	1	11	1	39
chr2	91001089	91001461	1	1	1	773	0	27
chr2	91001511	91003210	1	1	1	769	0	25
chr2	91003346	91003810	1	1	1	33	0	36
chr2	91159306	91160316	2	2	1	3	0	47
chr2	91159306	91162027	2	2	1	201	0	47
chr2	91160371	91162027	2	2	1	3	0	38
chr2	91681696	91682025	2	2	1	1	0	50
chr2	91681696	91684668	2	2	1	906	2	50
chr2	91682137	91684668	2	2	1	1	0	38
chr2	125848285	125849739	2	2	1	1	0	39
chr2	153670448	153670848	1	1	1	56	0	44
chr2	153670448	153672215	1	1	1	0	1	50
chr2	153670909	153672215	1	1	1	54	0	50
chr2	153713625	153714954	1	1	1	0	1	50
chr2	168752741	168754433	2	2	1	14557	14	46
chr3	60613521	60614682	1	1	1	145	0	45
chr3	60613521	60615619	1	1	1	35	0	44
chr3	60614737	60615619	1	1	1	143	0	38
chr3	87733505	87735344	1	1	0	170	0	41
chr3	88483947	88484046	2	2	1	153	0	39
chr3	88484077	88484614	2	2	0	1	0	30
chr3	88484155	88484614	2	2	1	148	0	39
chr3	119724187	119724611	2	2	1	1953	2	34
chr3	119724187	119726065	2	2	1	10	0	29
chr3	119724646	119726065	2	2	1	1991	3	38
chr3	142948246	142963375	2	2	0	0	1	13
chr4	31992517	31994873	1	1	1	1888	1	40
chr4	31992517	32002088	1	1	1	963	2	49
chr4	31994955	32002088	1	1	1	1885	1	49
chr4	107009769	107027216	1	1	1	68	0	40
chr4	107009769	107028192	1	1	1	273	0	42
chr4	107027298	107028192	1	1	1	70	0	41
chr5	23565266	23616326	2	2	1	206	0	45
chr5	28493655	28539334	2	2	0	0	1	13
chr5	72958287	72965803	1	1	1	1	0	37
chr5	72958287	72974530	1	1	1	26	0	41
chr5	72965882	72974530	1	1	1	1	0	41
chr5	105862938	105949991	1	1	0	3	0	13
chr5	116482537	116591333	2	2	1	10	0	50
chr5	149184807	149185484	1	1	1	1	0	43
chr5	149184807	149187707	1	1	1	57	0	43
chr5	149184807	149188344	1	1	1	279	0	44
chr5	149187806	149188344	1	1	0	3	0	39
chr5	149187835	149188344	1	1	1	6	0	39
chr5	149187877	149188344	1	1	1	48	0	40
chr6	47577668	47594893	2	2	1	1	0	33
chr6	72634233	72648800	2	2	1	4050	1	42
chr6	72634233	72649119	2	2	1	7371	6	50
chr6	72648843	72649119	2	2	1	4020	1	42
chr6	98939789	98940994	2	2	1	5	0	45
chr6	98939789	98941535	2	2	1	100	0	45
chr6	98939789	98944618	2	2	0	15	0	46
chr6	98941165	98944618	2	2	0	5	0	36
chr6	98941658	98944618	2	2	1	101	0	36
chr6	125162102	125162211	2	2	1	833	25	36
chr6	128371086	128371967	1	1	1	1716	1	42
chr6	128371086	128372530	1	1	1	83	0	49
chr6	128371086	128372533	1	1	1	655	1	46
chr6	128372013	128372504	1	1	0	4	0	26
chr6	128372013	128372509	1	1	0	2	0	31
chr6	128372013	128372530	1	1	1	206	0	49
chr6	128372013	128372533	1	1	1	1480	1	46
chr6	128372018	128372533	1	1	0	26	0	46
chr7	25724845	25725923	2	2	1	1	0	37
chr7	67240441	67244520	2	2	1	4	0	24
chr7	67240441	67251656	2	2	1	579	1	45
chr7	67244545	67251656	2	2	1	4	0	24
chr7	101405603	102001614	1	1	0	4	0	13
chr7	102001660	102002294	1	1	1	397	1	42
chr7	102001660	102007485	1	1	1	4377	2	45
chr7	102001665	102002300	1	1	0	0	1	36
chr7	102002337	102007485	1	1	1	396	1	41
chr7	102002538	102007485	1	1	0	1	0	38
chr7	112839481	112841887	1	1	1	15	0	41
chr7	112839481	112842039	1	1	1	186	0	41
chr7	112839481	112856052	1	1	1	4	0	12
chr7	112839481	112856797	1	1	1	24	0	41
chr7	112841951	112856052	1	1	1	2	0	12
chr7	112841951	112856797	1	1	0	5	0	39
chr7	112842103	112856052	1	1	1	13	0	12
chr7	112842103	112856797	1	1	1	182	0	44
chr7	112856065	112856797	1	1	1	19	0	12
chr7	127980247	127981190	1	1	1	18	0	47
chr7	127981292	127981410	1	1	1	20	0	6
chr7	144861833	144862231	1	1	1	1684	1	28
chr7	144862336	144862764	1	1	1	1665	1	47
chr8	25532429	25557730	1	1	1	4	0	44
chr8	25555775	25557730	1	1	1	2	0	37
chr8	95100453	95100646	2	2	1	490	1	31
chr8	95100453	95101408	2	2	0	793	0	46
chr8	95100674	95101408	2	2	1	490	1	42
chr8	95101447	95139983	2	2	0	0	1	15
chr8	123268550	123268744	2	2	1	165	0	47
chr9	43027296	43040539	2	2	1	21	0	41
chr9	43027296	43042590	2	2	1	378	0	45
chr9	43040597	43042590	2	2	1	22	0	45
chr9	80093642	80098885	1	1	1	1745	1	30
chr9	80093642	80098892	1	1	0	38	0	19
chr9	80093642	80103693	1	1	1	8566	5	45
chr9	80098907	80103693	1	1	1	1782	1	23
chr9	114597607	114597794	2	2	1	375	0	38
chr9	114597607	114598704	2	2	0	411	0	42
chr9	114597825	114598704	2	2	0	1	0	30
chr9	114597831	114598704	2	2	1	373	0	36
chr11	20335249	20831974	1	1	0	0	5	13
chr11	26778879	26787397	2	2	0	0	1	13
chr11	79458907	79463232	1	1	1	32	0	42
chr11	79458907	79468716	1	1	1	56	0	42
chr11	79463296	79468716	1	1	1	33	0	39
chr11	94112147	94113262	1	1	1	25	0	21
chr11	94112147	94114172	1	1	1	307	1	32
chr11	94113302	94114172	1	1	1	28	0	39
chr11	102310577	102310925	2	2	1	120	0	43
chr11	102310577	102311379	2	2	1	352	0	46
chr11	102311037	102311360	2	2	0	1	0	25
chr11	102311037	102311379	2	2	1	116	0	45
chr12	71952560	71959805	1	1	1	244	0	46
chr12	83811361	83825258	2	2	1	233	0	37
chr12	83811361	83831921	2	2	1	237	0	41
chr12	83825292	83831921	2	2	1	229	0	34
chr12	83825319	83831921	2	2	0	1	0	38
chr12	83825334	83831921	2	2	0	2	0	38
chr12	113133338	113133495	1	1	0	7	0	45
chr12	113133338	113133540	1	1	1	330	0	38
chr12	113133338	113134186	1	1	0	3	0	42
chr12	113133338	113135796	1	1	1	886	0	29
chr12	113133577	113135796	1	1	1	317	0	29
chr12	113134231	113135796	1	1	0	3	0	29
chr13	46778990	46780625	2	2	0	1	0	39
chr13	46778990	46785245	2	2	0	3	0	44
chr13	46778994	46780625	2	2	1	753	2	41
chr13	46778994	46785245	2	2	1	3247	5	46
chr13	46780665	46785245	2	2	1	750	2	40
chr13	56084286	56088251	2	2	1	2	0	40
chr13	56084286	56089757	2	2	1	21	0	40
chr13	56084286	56096123	2	2	0	3	0	40
chr13	56088343	56096123	2	2	1	2	0	38
chr13	56089858	56096123	2	2	1	22	0	41
chr14	57643224	57643334	2	2	1	1	0	39
chr14	57643224	57648418	2	2	1	186	0	40
chr14	57643490	57648418	2	2	1	1	0	38
chr14	120389158	120395711	1	1	0	1	0	44
chr14	120389164	120395711	1	1	1	433	1	39
chr14	120389164	120395717	1	1	0	1	0	38
chr14	120389164	120396450	1	1	1	92	0	48
chr14	120395766	120396450	1	1	1	452	1	48
chr15	77102940	77105576	2	2	1	178	0	42
chr15	77102940	77113604	2	2	1	31	0	48
chr15	77105670	77113604	2	2	1	182	0	48
chr15	103242719	103243624	1	1	1	0	3	33
chr16	57178021	57181491	2	2	1	43	0	43
chr16	57178021	57182850	2	2	1	1480	2	44
chr16	57181537	57182850	2	2	1	41	0	33
chr16	94686604	94691580	1	1	1	2	0	45
chr17	12979205	13846588	1	1	0	41	1	12
chr17	13846640	13848354	1	1	1	607	1	22
chr17	13846640	13849107	1	1	1	12810	13	48
chr17	13846640	13849113	1	1	0	95	0	47
chr17	13848376	13849107	1	1	1	599	1	26
chr17	13848376	13849113	1	1	0	9	0	21
chr17	45570567	45570665	2	2	1	784	1	42
chr17	45570800	45571017	2	2	1	850	1	24
chr18	10726534	10740982	1	1	1	1	0	15
chr18	53948155	53948644	1	1	1	2344	1	28
chr18	53948155	53953244	1	1	1	11934	8	45
chr18	53948669	53953244	1	1	1	2343	1	37
chr18	84670914	84672073	2	2	1	1	0	46
chr19	7281256	7281797	2	4	1	196	0	39
chr19	7281256	7282725	2	2	1	480	0	36
chr19	7281960	7282725	2	2	1	207	0	35
