chr1	34295537	34296741	1	1	1	114	0	18
chr1	34295537	34299720	1	1	1	22	0	38
chr1	34296760	34299720	1	1	1	114	0	18
chr1	40010678	40011649	1	1	1	92	0	28
chr1	40010678	40011783	1	1	0	1	0	21
chr1	40010678	40011787	1	1	0	1	0	21
chr1	40010678	40011811	1	1	0	1	0	21
chr1	40010678	40014105	1	1	1	46	2	32
chr1	40011842	40014105	1	1	1	96	0	39
chr1	82735508	82741817	1	1	1	1	0	20
chr1	82735508	82747082	1	1	1	2	0	40
chr1	82735508	82750519	1	1	1	78	0	41
chr1	82747143	82750519	1	1	1	2	0	38
chr2	3489769	3490936	2	2	1	2	0	9
chr2	32292216	32293314	1	1	1	11	0	43
chr2	32292216	32296625	1	1	1	83	0	43
chr2	32293396	32296625	1	1	1	13	0	39
chr2	59932171	59933405	2	2	0	62	0	37
chr2	59932171	59933411	2	2	1	414	0	32
chr2	59932171	59933670	2	2	1	1	0	37
chr2	59933439	59933670	2	2	1	469	0	30
chr2	71849507	71853533	1	1	1	973	2	42
chr2	71849507	71853820	1	1	0	1	0	37
chr2	71849507	71853890	1	1	0	1	0	39
chr2	71849507	71855853	1	1	1	3048	0	43
chr2	71849507	71855868	1	1	0	1	0	46
chr2	71853664	71855853	1	1	1	994	2	42
chr2	71853891	71855853	1	1	0	1	0	40
chr2	71853948	71855853	1	1	0	1	0	40
chr2	75662926	75663570	1	1	1	4	1	35
chr2	91001089	91001461	1	1	1	638	0	25
chr2	91001511	91003210	1	1	1	623	0	25
chr2	91003238	91003810	1	1	0	3	0	27
chr2	91003346	91003810	1	1	1	20	0	36
chr2	91159300	91162027	2	2	0	1	0	26
chr2	91159306	91160316	2	2	1	196	0	47
chr2	91159306	91162027	2	2	1	405	1	47
chr2	91160371	91162027	2	2	1	198	0	41
chr2	91681696	91682802	2	2	0	1	0	50
chr2	91681696	91684668	2	2	1	227	0	50
chr2	91682902	91684668	2	2	1	1	0	30
chr2	153670448	153672215	1	1	1	2	0	50
chr3	60613521	60614682	1	1	1	1179	2	45
chr3	60613521	60614688	1	1	0	1	0	38
chr3	60613521	60615619	1	1	1	1178	0	45
chr3	60614737	60615619	1	1	1	1194	2	38
chr3	87733505	87734423	1	1	1	11	0	39
chr3	87733505	87735344	1	1	0	5	0	39
chr3	87734553	87735344	1	1	1	11	0	37
chr3	88483947	88484046	2	2	1	443	2	39
chr3	88484077	88484614	2	2	0	1	0	30
chr3	88484149	88484614	2	2	0	1	0	38
chr3	88484155	88484614	2	2	1	434	2	41
chr3	119724187	119724611	2	2	1	6302	3	34
chr3	119724187	119726065	2	2	1	19	0	29
chr3	119724646	119726065	2	2	1	6433	3	38
chr3	129825617	129826823	2	2	1	3	0	36
chr4	31992517	31994873	1	1	1	231	0	39
chr4	31992517	32002088	1	1	1	4082	8	49
chr4	31994955	32002088	1	1	1	232	0	49
chr4	107009769	107027216	1	1	1	14	0	39
chr4	107009769	107028192	1	1	1	137	0	41
chr4	107027298	107028192	1	1	1	17	0	41
chr4	147883754	147885452	2	2	1	1	0	36
chr5	23565266	23616326	2	2	1	712	0	46
chr5	72958287	72965803	1	1	1	1	0	37
chr5	72958287	72974530	1	1	1	80	0	41
chr5	72965882	72974530	1	1	1	1	0	41
chr5	116477146	116482389	2	2	1	2	0	40
chr5	116482537	116591333	2	2	1	892	2	50
chr5	149184807	149187707	1	1	1	29	0	43
chr5	149184807	149188344	1	1	1	718	3	45
chr5	149187835	149188344	1	1	1	2	0	39
chr5	149187877	149188344	1	1	1	27	0	39
chr6	47577668	47594893	2	2	1	2	0	26
chr6	98939789	98940994	2	2	1	1	0	45
chr6	98939789	98941535	2	2	1	119	0	49
chr6	98939789	98944618	2	2	0	6	0	45
chr6	98941165	98944618	2	2	0	1	0	36
chr6	98941658	98944618	2	2	1	119	0	36
chr6	125162102	125162211	2	2	1	283	13	36
chr6	128371086	128371967	1	1	1	3361	6	44
chr6	128371086	128372509	1	1	0	1	0	40
chr6	128371086	128372530	1	1	1	2	0	49
chr6	128371086	128372533	1	1	1	12	0	46
chr6	128372013	128372504	1	1	0	17	0	26
chr6	128372013	128372509	1	1	0	6	0	31
chr6	128372013	128372530	1	1	1	407	2	49
chr6	128372013	128372533	1	1	1	2908	4	46
chr6	128372013	128372539	1	1	0	1	0	40
chr6	128372018	128372530	1	1	0	6	0	49
chr6	128372018	128372533	1	1	0	33	0	46
chr7	51708182	51747461	2	2	0	1	0	13
chr7	67240441	67244520	2	2	1	164	0	24
chr7	67240441	67251656	2	2	1	1379	0	45
chr7	67244545	67251656	2	2	1	164	0	24
chr7	101474369	102001612	1	1	0	2	2	12
chr7	102001660	102002294	1	1	1	1275	2	42
chr7	102001660	102007485	1	1	1	564	0	48
chr7	102002337	102007485	1	1	1	1281	2	42
chr7	112839481	112841887	1	1	1	7	1	41
chr7	112839481	112842039	1	1	1	135	1	41
chr7	112839481	112856052	1	1	1	3	0	12
chr7	112839481	112856797	1	1	1	5	0	41
chr7	112841906	112842057	1	1	0	0	1	18
chr7	112841951	112856052	1	1	1	2	0	12
chr7	112842103	112856052	1	1	1	128	1	12
chr7	112842103	112856797	1	1	1	7	0	37
chr7	112856065	112856797	1	1	1	137	1	17
chr7	127980247	127981190	1	1	1	8	0	2
chr7	127981292	127981410	1	1	1	9	0	6
chr8	11423625	11423716	1	1	1	2	0	39
chr8	25532429	25555507	1	1	1	2	0	44
chr8	25532429	25557730	1	1	1	3	0	44
chr8	25555775	25557730	1	1	1	2	0	37
chr8	91688606	91932332	1	1	0	4	0	13
chr8	95100453	95100646	2	2	1	751	1	31
chr8	95100453	95101408	2	2	0	148	0	46
chr8	95100674	95101408	2	2	1	751	2	42
chr8	95101447	95139983	2	2	0	0	1	15
chr8	123268550	123268744	2	2	1	231	0	49
chr9	43027296	43040539	2	2	1	96	0	41
chr9	43027296	43042590	2	2	1	139	0	46
chr9	43040597	43042590	2	2	1	94	0	45
chr9	80093642	80098885	1	1	1	7821	6	26
chr9	80093642	80098892	1	1	0	165	0	19
chr9	80093642	80103693	1	1	1	267	0	44
chr9	80098907	80099016	1	1	0	1	0	21
chr9	80098907	80101831	1	1	0	1	0	21
chr9	80098907	80103693	1	1	1	7981	6	24
chr9	80098907	80103698	1	1	0	6	0	21
chr9	80099049	80103693	1	1	0	1	0	37
chr9	80101891	80103693	1	1	0	1	0	37
chr9	114597607	114597794	2	2	1	346	1	39
chr9	114597607	114598704	2	2	0	9	0	40
chr9	114597825	114598704	2	2	0	1	0	30
chr9	114597831	114598704	2	2	1	344	1	38
chr11	79458907	79463232	1	1	1	22	0	42
chr11	79458907	79468716	1	1	1	183	0	50
chr11	79463296	79468716	1	1	1	23	0	39
chr11	94112147	94113262	1	1	1	92	0	23
chr11	94112147	94114172	1	1	1	333	0	32
chr11	94113302	94114172	1	1	1	100	0	39
chr11	102310577	102310925	2	2	1	59	0	42
chr11	102310577	102311379	2	2	1	780	0	46
chr11	102311037	102311379	2	2	1	58	0	45
chr12	71952560	71958746	1	1	1	44	0	27
chr12	71952560	71959805	1	1	1	69	0	43
chr12	71958774	71959805	1	1	1	44	0	27
chr12	83811361	83825258	2	2	1	57	0	37
chr12	83811361	83831921	2	2	1	358	2	42
chr12	83825292	83831921	2	2	1	56	0	34
chr12	83825319	83831921	2	2	0	1	0	38
chr12	113133338	113133495	1	1	0	113	8	44
chr12	113133338	113133540	1	1	1	1894	48	43
chr12	113133338	113135796	1	1	1	16	0	29
chr12	113133577	113134186	1	1	0	1	0	31
chr12	113133577	113134761	1	1	0	2	0	21
chr12	113133577	113134800	1	1	0	12	0	14
chr12	113133577	113135796	1	1	1	1939	57	29
chr12	113134813	113135796	1	1	0	13	0	29
chr13	46778994	46780625	2	2	1	563	0	42
chr13	46778994	46785245	2	2	1	2437	6	45
chr13	46780665	46785245	2	2	1	560	1	39
chr13	56084286	56089757	2	2	1	56	1	40
chr13	56084286	56096123	2	2	0	1	0	40
chr13	56089858	56096123	2	2	1	56	1	41
chr14	31257768	31257880	1	1	1	3	0	45
chr14	57643224	57643334	2	2	1	1	0	39
chr14	57643224	57648418	2	2	1	99	0	47
chr14	57643490	57648418	2	2	1	1	0	38
chr14	120389164	120395711	1	1	1	196	0	39
chr14	120389164	120396450	1	1	1	561	4	48
chr14	120395766	120396450	1	1	1	196	0	48
chr15	77102940	77105576	2	2	1	162	0	43
chr15	77102940	77113604	2	2	1	18	0	44
chr15	77105670	77113604	2	2	1	160	0	48
chr15	103242719	103243624	1	1	1	0	1	5
chr16	57178021	57181491	2	2	1	267	0	43
chr16	57178021	57182850	2	2	1	123	0	43
chr16	57181537	57182850	2	2	1	266	0	44
chr16	84965771	84971407	2	2	1	1	0	30
chr16	84971462	84978063	2	2	1	1	0	37
chr17	12979205	13846588	1	1	0	42	1	12
chr17	13846640	13848354	1	1	1	4863	8	22
chr17	13846640	13849107	1	1	1	5031	6	46
chr17	13846640	13849113	1	1	0	17	0	47
chr17	13848376	13849107	1	1	1	4859	8	30
chr17	13848376	13849113	1	1	0	5	0	21
chr17	45570567	45570665	2	2	1	328	1	37
chr17	45570800	45571017	2	2	1	365	2	24
chr18	10726534	10740982	1	1	1	2	0	15
chr18	53948155	53948644	1	1	1	14408	17	33
chr18	53948155	53948655	1	1	0	1	0	13
chr18	53948155	53953244	1	1	1	2580	8	43
chr18	53948666	53953244	1	1	0	4	0	21
chr18	53948669	53949213	1	1	0	1	0	15
chr18	53948669	53953244	1	1	1	14399	14	37
chr18	53948669	53953268	1	1	0	1	0	15
chr18	53948673	53953244	1	1	0	1	0	28
chr18	53949263	53953244	1	1	0	1	0	37
chr19	7281256	7281797	2	4	1	196	0	38
chr19	7281256	7282725	2	2	1	1507	1	36
chr19	7281960	7282725	2	2	1	205	0	36
