chr1	34295537	34296741	1	1	1	89	0	18
chr1	34295537	34299720	1	1	1	32	0	41
chr1	34296760	34299720	1	1	1	89	0	19
chr1	40010678	40011649	1	1	1	138	0	24
chr1	40010678	40011811	1	1	0	1	0	21
chr1	40010678	40014105	1	1	1	41	1	32
chr1	40011842	40014105	1	1	1	137	0	39
chr1	82735508	82741817	1	1	1	1	0	40
chr1	82735508	82747082	1	1	1	3	0	40
chr1	82735508	82750519	1	1	1	64	0	40
chr1	82747143	82750519	1	1	1	3	0	38
chr1	86350697	86350811	2	2	1	1	0	15
chr2	3489769	3490936	2	2	1	1	1	4
chr2	32292216	32293314	1	1	1	14	0	43
chr2	32292216	32296625	1	1	1	113	0	43
chr2	32293396	32296625	1	1	1	15	0	38
chr2	59932171	59933405	2	2	0	78	0	33
chr2	59932171	59933411	2	2	1	429	0	31
chr2	59932171	59933670	2	2	1	2	0	38
chr2	59933439	59933670	2	2	1	497	0	28
chr2	71849507	71853533	1	1	1	791	0	42
chr2	71849507	71853890	1	1	0	2	0	39
chr2	71849507	71855853	1	1	1	3476	4	45
chr2	71853664	71855853	1	1	1	833	0	41
chr2	71853948	71855853	1	1	0	2	0	40
chr2	75662926	75663570	1	1	1	7	1	38
chr2	91001089	91001461	1	1	1	712	1	34
chr2	91001089	91003299	1	1	0	1	0	33
chr2	91001511	91003210	1	1	1	694	1	25
chr2	91003238	91003810	1	1	0	2	0	27
chr2	91003346	91003810	1	1	1	17	0	36
chr2	91159306	91160316	2	2	1	225	1	47
chr2	91159306	91162027	2	2	1	388	0	47
chr2	91160371	91162027	2	2	1	225	1	39
chr2	91681696	91684668	2	2	1	171	1	50
chr2	153670448	153672215	1	1	1	2	0	50
chr3	60613521	60614682	1	1	1	1124	3	45
chr3	60613521	60614688	1	1	0	3	0	38
chr3	60613521	60615619	1	1	1	864	1	45
chr3	60614737	60615619	1	1	1	1134	3	40
chr3	87733505	87734423	1	1	1	14	0	39
chr3	87733505	87735344	1	1	0	7	0	39
chr3	87734553	87735344	1	1	1	13	0	37
chr3	88483947	88484046	2	2	1	378	1	39
chr3	88483947	88484055	2	2	0	1	0	37
chr3	88484149	88484614	2	2	0	1	0	38
chr3	88484155	88484614	2	2	1	364	1	43
chr3	119724187	119724611	2	2	1	6546	6	34
chr3	119724187	119726065	2	2	1	8	0	29
chr3	119724646	119726065	2	2	1	6699	6	39
chr3	129825617	129826823	2	2	1	2	0	36
chr3	139632407	139650143	2	2	0	0	1	13
chr4	31992517	31994873	1	1	1	290	0	39
chr4	31992517	32002088	1	1	1	3431	1	49
chr4	31994955	32002088	1	1	1	289	0	49
chr4	46468788	46469882	1	1	1	1	0	11
chr4	107009769	107027216	1	1	1	13	0	38
chr4	107009769	107028192	1	1	1	67	0	42
chr4	107027298	107028192	1	1	1	14	0	42
chr4	139473637	139476130	1	1	1	2	0	8
chr4	149222365	149223229	2	2	1	1	0	31
chr5	13042670	13661475	1	1	0	5	0	13
chr5	23565266	23616326	2	2	1	680	2	46
chr5	72958287	72974530	1	1	1	100	0	42
chr5	86804592	86815628	1	1	1	1	0	36
chr5	90304066	90365666	2	4	1	0	1	2
chr5	116477146	116482389	2	2	1	1	0	33
chr5	116482537	116591333	2	2	1	785	6	50
chr5	149184807	149187707	1	1	1	22	0	43
chr5	149184807	149188344	1	1	1	491	3	45
chr5	149187835	149188344	1	1	1	1	0	39
chr5	149187877	149188344	1	1	1	21	0	39
chr6	47577668	47594893	2	2	1	1	0	26
chr6	72634233	72649119	2	2	1	3	0	40
chr6	98939789	98940994	2	2	1	1	0	45
chr6	98939789	98941535	2	2	1	192	1	46
chr6	98939789	98944618	2	2	0	8	0	45
chr6	98941165	98944618	2	2	0	1	0	27
chr6	98941658	98944618	2	2	1	188	1	39
chr6	125162102	125162211	2	2	1	428	7	36
chr6	128371086	128371967	1	1	1	3300	3	45
chr6	128371086	128372530	1	1	1	1	0	49
chr6	128371086	128372533	1	1	1	12	0	46
chr6	128372013	128372504	1	1	0	18	0	27
chr6	128372013	128372509	1	1	0	4	0	31
chr6	128372013	128372530	1	1	1	387	0	47
chr6	128372013	128372533	1	1	1	2860	3	46
chr6	128372013	128372539	1	1	0	1	0	40
chr6	128372018	128372530	1	1	0	4	0	49
chr6	128372018	128372533	1	1	0	25	0	46
chr7	25724845	25725923	2	2	1	2	0	41
chr7	67240441	67244520	2	2	1	125	0	24
chr7	67240441	67251656	2	2	1	979	0	44
chr7	67244545	67251656	2	2	1	125	0	24
chr7	101405603	102001614	1	1	0	4	0	13
chr7	102001660	102002294	1	1	1	1327	1	43
chr7	102001660	102007485	1	1	1	623	0	45
chr7	102001665	102002300	1	1	0	0	1	36
chr7	102002337	102007485	1	1	1	1337	1	43
chr7	112839481	112841887	1	1	1	6	0	41
chr7	112839481	112842039	1	1	1	125	0	41
chr7	112839481	112856052	1	1	1	2	0	12
chr7	112839481	112856797	1	1	1	9	0	41
chr7	112841951	112856052	1	1	1	3	0	12
chr7	112842103	112856052	1	1	1	122	0	12
chr7	112842103	112856797	1	1	1	4	0	37
chr7	112856065	112856797	1	1	1	129	0	12
chr7	127980247	127981190	1	1	1	7	0	5
chr7	127981292	127981410	1	1	1	10	0	6
chr8	11423625	11423716	1	1	1	2	0	39
chr8	25555775	25557730	1	1	1	1	0	38
chr8	95100453	95100646	2	2	1	988	3	32
chr8	95100453	95101408	2	2	0	175	0	46
chr8	95100674	95101408	2	2	1	988	3	42
chr8	95101447	95139983	2	2	0	1	1	15
chr8	123268550	123268744	2	2	1	218	0	47
chr9	43027296	43040539	2	2	1	109	0	38
chr9	43027296	43042590	2	2	1	167	0	46
chr9	43040597	43042590	2	2	1	108	0	46
chr9	80093642	80097341	1	1	0	1	0	44
chr9	80093642	80098885	1	1	1	6516	3	30
chr9	80093642	80098892	1	1	0	131	0	19
chr9	80093642	80101831	1	1	0	2	0	44
chr9	80093642	80103693	1	1	1	254	0	45
chr9	80097402	80098885	1	1	0	1	0	16
chr9	80098907	80099016	1	1	0	1	0	21
chr9	80098907	80101831	1	1	0	1	0	21
chr9	80098907	80103693	1	1	1	6650	3	24
chr9	80098907	80103698	1	1	0	3	0	21
chr9	80099049	80103693	1	1	0	1	0	37
chr9	80101891	80103693	1	1	0	3	0	37
chr9	114597607	114597794	2	2	1	434	0	39
chr9	114597607	114598704	2	2	0	12	0	42
chr9	114597825	114598704	2	2	0	5	0	30
chr9	114597831	114598704	2	2	1	428	0	36
chr11	79458907	79463232	1	1	1	10	0	42
chr11	79458907	79468716	1	1	1	171	0	43
chr11	79463296	79468716	1	1	1	10	0	38
chr11	94112147	94113262	1	1	1	78	0	32
chr11	94112147	94114172	1	1	1	356	1	32
chr11	94113302	94114172	1	1	1	79	0	39
chr11	100479298	100481376	2	2	1	1	0	30
chr11	100481848	100482144	2	2	1	1	0	35
chr11	102310577	102310925	2	2	1	50	0	42
chr11	102310577	102311379	2	2	1	671	0	46
chr11	102310577	102311403	2	2	0	2	0	21
chr11	102311037	102311379	2	2	1	50	0	45
chr12	71952560	71958746	1	1	1	68	0	27
chr12	71952560	71959805	1	1	1	43	0	43
chr12	71958774	71959805	1	1	1	68	0	27
chr12	83811361	83811669	2	2	0	2	0	37
chr12	83811361	83825258	2	2	1	38	0	33
chr12	83811361	83831921	2	2	1	293	0	41
chr12	83825292	83831921	2	2	1	40	0	35
chr12	104697145	104700364	2	2	1	2	0	39
chr12	112928622	113133308	1	1	0	0	4	13
chr12	113133338	113133495	1	1	0	113	11	44
chr12	113133338	113133540	1	1	1	1546	43	43
chr12	113133338	113134800	1	1	0	1	0	12
chr12	113133338	113135796	1	1	1	13	0	29
chr12	113133577	113134800	1	1	0	9	0	14
chr12	113133577	113135796	1	1	1	1611	54	29
chr12	113134813	113135796	1	1	0	9	0	12
chr13	46778994	46780545	2	2	0	1	0	40
chr13	46778994	46780625	2	2	1	450	2	40
chr13	46778994	46785245	2	2	1	2555	9	48
chr13	46780665	46785245	2	2	1	452	2	42
chr13	56084286	56089757	2	2	1	28	0	40
chr13	56089858	56096123	2	2	1	28	0	38
chr14	57643224	57643334	2	2	1	1	0	39
chr14	57643224	57648418	2	2	1	107	0	47
chr14	57643490	57648418	2	2	1	1	0	38
chr14	120389164	120395711	1	1	1	214	0	39
chr14	120389164	120396450	1	1	1	429	1	48
chr14	120395766	120396450	1	1	1	219	0	48
chr15	77102940	77105576	2	2	1	205	1	40
chr15	77102940	77113604	2	2	1	12	0	44
chr15	77105670	77113604	2	2	1	206	1	48
chr15	103242719	103242921	1	1	1	1	0	11
chr16	57178021	57181491	2	2	1	255	0	45
chr16	57178021	57182850	2	2	1	124	0	44
chr16	57181537	57182850	2	2	1	255	0	37
chr17	12979205	13846588	1	1	0	34	0	12
chr17	13846640	13848354	1	1	1	2908	4	24
chr17	13846640	13849107	1	1	1	5268	9	45
chr17	13846640	13849113	1	1	0	31	0	47
chr17	13848376	13849107	1	1	1	2904	4	27
chr17	45570543	45571878	2	2	1	0	1	5
chr17	45570567	45570665	2	2	1	552	0	39
chr17	45570800	45571017	2	2	1	601	0	23
chr18	10726534	10740982	1	1	1	1	0	15
chr18	53948155	53948381	1	1	0	1	0	40
chr18	53948155	53948644	1	1	1	11712	17	29
chr18	53948155	53948651	1	1	0	1	0	17
chr18	53948155	53953244	1	1	1	2496	1	45
chr18	53948447	53953244	1	1	0	1	0	37
chr18	53948666	53953244	1	1	0	6	0	21
chr18	53948669	53953244	1	1	1	11701	16	30
chr18	64512050	64515325	2	2	1	1	0	16
chr18	64515406	64516415	2	2	1	2	0	42
chr19	7281256	7281797	2	4	1	197	1	40
chr19	7281256	7282725	2	2	1	1000	1	35
chr19	7281960	7282725	2	2	1	201	1	35
