chr1	34295537	34296741	1	1	1	9	0	18
chr1	34295537	34299720	1	1	1	31	0	38
chr1	34296760	34299720	1	1	1	9	0	19
chr1	40010678	40011649	1	1	1	7	0	21
chr1	40010678	40011811	1	1	0	1	0	21
chr1	40010678	40014105	1	1	1	37	0	32
chr1	40011842	40014105	1	1	1	8	0	37
chr1	82735508	82741817	1	1	1	2	0	40
chr1	82735508	82747082	1	1	1	3	0	40
chr1	82735508	82750519	1	1	1	91	0	40
chr1	82747143	82750519	1	1	1	3	0	38
chr2	32292216	32296625	1	1	1	60	0	43
chr2	59932171	59933405	2	2	0	3	0	33
chr2	59932171	59933411	2	2	1	27	0	31
chr2	59932171	59933670	2	2	1	11	0	39
chr2	59933439	59933670	2	2	1	30	0	28
chr2	71849507	71853533	1	1	1	34	0	39
chr2	71849507	71855853	1	1	1	1794	2	45
chr2	71853664	71855853	1	1	1	36	0	41
chr2	75662926	75663570	1	1	1	4	1	39
chr2	91001089	91001461	1	1	1	429	0	24
chr2	91001089	91003299	1	1	0	0	1	33
chr2	91001511	91003210	1	1	1	431	0	25
chr2	91001511	91003299	1	1	0	1	0	46
chr2	91003238	91003810	1	1	0	4	0	27
chr2	91003346	91003810	1	1	1	14	0	36
chr2	91159306	91160316	2	2	1	3	0	47
chr2	91159306	91162027	2	2	1	125	0	47
chr2	91160371	91162027	2	2	1	3	0	38
chr2	91681696	91682025	2	2	1	2	0	50
chr2	91681696	91684668	2	2	1	495	0	50
chr2	91682137	91684668	2	2	1	2	0	38
chr2	153670448	153670848	1	1	1	38	0	42
chr2	153670909	153672215	1	1	1	40	0	50
chr2	168752741	168754433	2	2	1	8398	8	46
chr2	168754471	168860933	2	2	0	0	3	20
chr3	60613521	60614682	1	1	1	47	0	44
chr3	60613521	60615619	1	1	1	16	0	44
chr3	60614737	60615619	1	1	1	48	0	37
chr3	87733505	87734423	1	1	1	1	0	38
chr3	87733505	87735344	1	1	0	78	0	43
chr3	87734553	87735344	1	1	1	1	0	37
chr3	88483947	88484046	2	2	1	80	0	38
chr3	88484155	88484614	2	2	1	80	0	39
chr3	119724187	119724611	2	2	1	1924	0	34
chr3	119724187	119726065	2	2	1	6	0	29
chr3	119724646	119726065	2	2	1	1983	0	38
chr4	31992517	31993403	1	1	0	1	0	21
chr4	31992517	31994873	1	1	1	1296	1	39
chr4	31992517	32002088	1	1	1	566	2	49
chr4	31993425	31994873	1	1	0	1	0	17
chr4	31994955	32002088	1	1	1	1290	1	49
chr4	107009769	107027216	1	1	1	16	0	46
chr4	107009769	107028192	1	1	1	97	0	41
chr4	107027298	107028192	1	1	1	17	0	41
chr4	107031092	107036935	1	1	1	1	0	29
chr5	23565266	23616326	2	2	1	119	0	45
chr5	31192289	31192581	2	2	1	1	0	33
chr5	31192626	31192992	2	2	1	1	0	10
chr5	72958287	72974530	1	1	1	8	0	41
chr5	149184807	149185484	1	1	1	1	0	43
chr5	149184807	149187707	1	1	1	18	0	45
chr5	149184807	149188344	1	1	1	246	0	44
chr5	149185662	149188344	1	1	0	1	0	39
chr5	149187877	149188344	1	1	1	18	0	39
chr6	72634233	72648800	2	2	1	1236	0	39
chr6	72634233	72649119	2	2	1	3125	0	46
chr6	72648843	72649119	2	2	1	1236	0	42
chr6	98939789	98941535	2	2	1	36	0	46
chr6	98939789	98944618	2	2	0	14	0	45
chr6	98941658	98944618	2	2	1	35	0	36
chr6	125162102	125162211	2	2	1	282	10	36
chr6	128371086	128371967	1	1	1	891	0	42
chr6	128371086	128371980	1	1	0	1	0	32
chr6	128371086	128372530	1	1	1	46	0	49
chr6	128371086	128372533	1	1	1	459	0	46
chr6	128372013	128372504	1	1	0	2	0	26
chr6	128372013	128372530	1	1	1	113	0	47
chr6	128372013	128372533	1	1	1	770	0	46
chr6	128372013	128372539	1	1	0	1	0	40
chr6	128372018	128372530	1	1	0	1	0	49
chr6	128372018	128372533	1	1	0	6	0	46
chr7	25724845	25725923	2	2	1	1	0	41
chr7	67240441	67244520	2	2	1	3	0	24
chr7	67240441	67251656	2	2	1	405	0	45
chr7	67244545	67251656	2	2	1	3	0	24
chr7	101288340	102001612	1	3	0	4	0	12
chr7	102001660	102002294	1	1	1	86	0	43
chr7	102001660	102007485	1	1	1	1214	1	45
chr7	102002337	102007485	1	1	1	84	0	38
chr7	112839481	112841887	1	1	1	4	0	41
chr7	112839481	112842039	1	1	1	133	0	41
chr7	112839481	112856052	1	1	1	2	0	12
chr7	112839481	112856797	1	1	1	35	0	41
chr7	112841951	112856797	1	1	0	2	0	37
chr7	112842103	112856052	1	1	1	8	0	12
chr7	112842103	112856776	1	1	0	1	0	16
chr7	112842103	112856797	1	1	1	127	0	38
chr7	112842103	112856803	1	1	0	1	0	43
chr7	112856065	112856797	1	1	1	10	0	12
chr7	127980247	127981190	1	1	1	6	0	2
chr7	127981292	127981410	1	1	1	8	0	6
chr7	143534418	143535650	2	2	1	1	0	29
chr7	144861833	144862231	1	1	1	692	0	38
chr7	144861837	144862231	1	1	0	2	0	32
chr7	144862267	144862764	1	1	0	3	0	35
chr7	144862336	144862764	1	1	1	681	0	44
chr8	25532429	25557730	1	1	1	5	0	44
chr8	25555775	25557730	1	1	1	1	0	37
chr8	72219861	72219940	1	1	1	1	0	30
chr8	95100453	95100646	2	2	1	177	0	27
chr8	95100453	95101408	2	2	0	315	0	46
chr8	95100674	95101408	2	2	1	177	0	42
chr8	121628690	121651724	2	2	1	1	0	20
chr8	123268550	123268744	2	2	1	76	0	48
chr9	43027296	43040539	2	2	1	21	0	38
chr9	43027296	43042590	2	2	1	177	0	46
chr9	43040597	43042590	2	2	1	19	0	45
chr9	50741361	50742260	2	2	1	0	1	3
chr9	80093642	80098885	1	1	1	1500	2	26
chr9	80093642	80098892	1	1	0	35	0	14
chr9	80093642	80103693	1	1	1	5636	5	45
chr9	80093642	80103698	1	1	0	3	0	44
chr9	80098907	80103693	1	1	1	1536	2	24
chr9	114597607	114597794	2	2	1	301	0	38
chr9	114597607	114598704	2	2	0	347	0	42
chr9	114597825	114598704	2	2	0	1	0	30
chr9	114597831	114598704	2	2	1	297	0	36
chr11	12309753	12343743	2	2	1	1	0	23
chr11	79458907	79463232	1	1	1	16	0	42
chr11	79458907	79468716	1	1	1	22	0	42
chr11	79463296	79468716	1	1	1	16	0	39
chr11	94112147	94113262	1	1	1	14	0	21
chr11	94112147	94114172	1	1	1	219	0	32
chr11	94113302	94114172	1	1	1	14	0	39
chr11	100481848	100482144	2	2	1	1	0	39
chr11	102310577	102310925	2	2	1	54	0	42
chr11	102310577	102311379	2	2	1	324	0	45
chr11	102311037	102311379	2	2	1	54	0	45
chr12	71952560	71958746	1	1	1	1	0	27
chr12	71952560	71959805	1	1	1	178	0	44
chr12	71958774	71959805	1	1	1	1	0	27
chr12	83811361	83825258	2	2	1	141	0	33
chr12	83811361	83831921	2	2	1	162	0	41
chr12	83825292	83831921	2	2	1	142	0	33
chr12	113133338	113133495	1	1	0	11	0	42
chr12	113133338	113133540	1	1	1	286	0	38
chr12	113133338	113135796	1	1	1	872	0	29
chr12	113133577	113135796	1	1	1	284	0	29
chr13	46778994	46780625	2	2	1	193	0	40
chr13	46778994	46785245	2	2	1	1232	2	46
chr13	46780665	46785245	2	2	1	195	0	39
chr13	56084286	56089757	2	2	1	14	0	40
chr13	56084286	56096123	2	2	0	1	0	38
chr13	56089858	56096123	2	2	1	14	0	38
chr14	57643224	57643334	2	2	1	2	0	39
chr14	57643224	57648418	2	2	1	155	0	40
chr14	57643490	57648418	2	2	1	2	0	38
chr14	120389158	120395711	1	1	0	1	0	44
chr14	120389164	120395711	1	1	1	282	0	39
chr14	120389164	120395717	1	1	0	2	0	38
chr14	120389164	120396450	1	1	1	75	0	48
chr14	120395766	120396450	1	1	1	302	0	48
chr15	77102940	77105576	2	2	1	118	0	42
chr15	77102940	77113604	2	2	1	34	0	44
chr15	77105670	77113604	2	2	1	117	0	48
chr16	57178021	57181491	2	2	1	22	0	43
chr16	57178021	57182850	2	2	1	1146	2	44
chr16	57181537	57182850	2	2	1	22	0	33
chr17	12979205	13846588	1	1	0	32	1	12
chr17	13846640	13848354	1	1	1	369	0	21
chr17	13846640	13849107	1	1	1	9796	12	46
chr17	13846640	13849113	1	1	0	18	0	47
chr17	13848376	13849107	1	1	1	372	0	29
chr17	45570567	45570665	2	2	1	668	3	37
chr17	45570800	45571017	2	2	1	676	0	21
chr18	10726534	10740982	1	1	1	1	0	15
chr18	53948155	53948644	1	1	1	1736	2	28
chr18	53948155	53953244	1	1	1	11807	11	45
chr18	53948666	53953244	1	1	0	1	0	21
chr18	53948669	53953244	1	1	1	1732	2	26
chr19	7281256	7281797	2	4	1	36	0	39
chr19	7281256	7282725	2	2	1	282	0	35
chr19	7281960	7282725	2	2	1	38	0	26
KV575235.1	147143	149353	1	1	0	0	1	33
