chr1	34295537	34296741	1	1	1	75	0	18
chr1	34295537	34299720	1	1	1	19	0	38
chr1	34296760	34299720	1	1	1	75	0	18
chr1	40010678	40011649	1	1	1	113	0	26
chr1	40010678	40011787	1	1	0	3	0	21
chr1	40010678	40011811	1	1	0	3	0	21
chr1	40010678	40014105	1	1	1	39	3	32
chr1	40011842	40014105	1	1	1	116	0	39
chr1	55088413	55089050	1	1	1	1	0	14
chr1	82735508	82741817	1	1	1	3	0	40
chr1	82735508	82747082	1	1	1	2	0	40
chr1	82735508	82750519	1	1	1	50	0	40
chr1	82747143	82750519	1	1	1	4	0	38
chr2	32292216	32293314	1	1	1	17	0	43
chr2	32292216	32296625	1	1	1	74	0	43
chr2	32293396	32296625	1	1	1	17	0	38
chr2	59926161	59932104	2	2	1	1	0	20
chr2	59932171	59933405	2	2	0	63	0	37
chr2	59932171	59933411	2	2	1	431	0	31
chr2	59932171	59933670	2	2	1	5	0	39
chr2	59933439	59933670	2	2	1	486	0	32
chr2	71849507	71851882	1	1	0	2	0	39
chr2	71849507	71853533	1	1	1	863	1	43
chr2	71849507	71853820	1	1	0	2	0	37
chr2	71849507	71853890	1	1	0	3	0	39
chr2	71849507	71855853	1	1	1	4408	4	45
chr2	71852002	71855853	1	1	0	2	0	40
chr2	71853664	71855853	1	1	1	885	1	42
chr2	71853891	71855853	1	1	0	3	0	40
chr2	71853948	71855853	1	1	0	4	0	40
chr2	75662926	75663570	1	1	1	1	0	2
chr2	91001089	91001461	1	1	1	702	2	34
chr2	91001089	91003299	1	1	0	7	0	33
chr2	91001511	91003210	1	1	1	705	2	21
chr2	91003346	91003810	1	1	1	16	0	36
chr2	91159306	91160316	2	2	1	255	0	47
chr2	91159306	91162027	2	2	1	475	0	47
chr2	91160371	91162027	2	2	1	259	0	39
chr2	91681696	91682025	2	2	1	1	0	50
chr2	91681696	91684668	2	2	1	213	0	50
chr2	91682137	91684668	2	2	1	1	0	38
chr2	153670448	153672215	1	1	1	1	0	50
chr2	168752741	168754433	2	2	1	2	0	44
chr3	60201323	60613472	1	1	0	0	4	14
chr3	60422418	60613472	1	1	0	0	3	15
chr3	60613521	60614682	1	1	1	1908	6	46
chr3	60613521	60614688	1	1	0	2	0	44
chr3	60613521	60615619	1	1	1	1613	4	45
chr3	60614737	60615619	1	1	1	1919	6	42
chr3	87733505	87734423	1	1	1	18	0	39
chr3	87733505	87735344	1	1	0	10	0	39
chr3	87734553	87735344	1	1	1	18	0	38
chr3	88483947	88484046	2	2	1	250	2	38
chr3	88484155	88484614	2	2	1	250	2	40
chr3	88484666	88537145	2	2	0	0	2	12
chr3	119724187	119724611	2	2	1	6315	6	34
chr3	119724187	119726065	2	2	1	26	0	29
chr3	119724646	119726065	2	2	1	6504	6	38
chr3	119726116	119820407	2	2	0	4	0	13
chr3	129825617	129826823	2	2	1	4	0	36
chr3	139632407	139650143	2	2	0	0	1	13
chr4	31992517	31994873	1	1	1	291	0	40
chr4	31992517	32002088	1	1	1	2817	2	50
chr4	31994955	32002088	1	1	1	289	0	49
chr4	107009769	107027216	1	1	1	20	0	38
chr4	107009769	107028192	1	1	1	203	0	42
chr4	107027298	107028192	1	1	1	23	0	42
chr4	107027298	107028217	1	1	0	1	0	35
chr4	139473637	139476130	1	1	1	1	0	8
chr5	23565266	23616326	2	2	1	1037	2	49
chr5	72958287	72965803	1	1	1	2	0	37
chr5	72958287	72974530	1	1	1	90	0	42
chr5	72965882	72974530	1	1	1	2	0	41
chr5	116477146	116482389	2	2	1	1	0	33
chr5	116482537	116591333	2	2	1	897	1	50
chr5	149184807	149187707	1	1	1	37	0	43
chr5	149184807	149188344	1	1	1	605	0	45
chr5	149187835	149188344	1	1	1	3	0	39
chr5	149187864	149188344	1	1	0	1	0	39
chr5	149187877	149188344	1	1	1	32	0	39
chr6	98939789	98941535	2	2	1	132	1	45
chr6	98939789	98944618	2	2	0	8	0	45
chr6	98941658	98944618	2	2	1	134	1	36
chr6	125162102	125162211	2	2	1	268	11	36
chr6	128371086	128371967	1	1	1	3553	3	45
chr6	128371086	128372504	1	1	0	1	0	39
chr6	128371086	128372530	1	1	1	2	0	49
chr6	128371086	128372533	1	1	1	9	0	46
chr6	128372013	128372278	1	1	0	1	0	27
chr6	128372013	128372504	1	1	0	20	0	26
chr6	128372013	128372509	1	1	0	9	0	31
chr6	128372013	128372530	1	1	1	388	0	47
chr6	128372013	128372533	1	1	1	3104	3	46
chr6	128372013	128372536	1	1	0	1	0	43
chr6	128372018	128372530	1	1	0	2	0	49
chr6	128372018	128372533	1	1	0	36	0	46
chr6	128372306	128372533	1	1	0	1	0	27
chr7	67240441	67244520	2	2	1	249	0	24
chr7	67240441	67251656	2	2	1	1811	1	46
chr7	67244545	67251656	2	2	1	249	0	24
chr7	102001660	102002294	1	1	1	1166	0	42
chr7	102001660	102007485	1	1	1	425	0	43
chr7	102002310	102007485	1	1	0	2	0	15
chr7	102002337	102007485	1	1	1	1164	0	42
chr7	112839481	112841887	1	1	1	4	0	41
chr7	112839481	112842039	1	1	1	145	0	42
chr7	112839481	112856052	1	1	1	6	0	12
chr7	112839481	112856797	1	1	1	8	0	41
chr7	112841951	112856052	1	1	1	1	0	12
chr7	112842103	112856052	1	1	1	140	0	12
chr7	112842103	112856797	1	1	1	7	0	37
chr7	112856065	112856797	1	1	1	150	0	14
chr7	127980247	127981190	1	1	1	15	0	5
chr7	127981292	127981410	1	1	1	13	0	18
chr8	11423625	11423716	1	1	1	1	0	19
chr8	25532429	25557730	1	1	1	4	0	44
chr8	25555775	25557730	1	1	1	3	0	37
chr8	47528031	47529328	2	2	1	2	0	4
chr8	72219861	72219940	1	1	1	2	0	30
chr8	95100453	95100646	2	2	1	919	1	32
chr8	95100453	95101408	2	2	0	92	0	46
chr8	95100674	95101408	2	2	1	919	1	42
chr8	123268550	123268744	2	2	1	130	0	47
chr9	43027296	43040539	2	2	1	99	0	38
chr9	43027296	43042590	2	2	1	119	0	45
chr9	43040593	43042590	2	2	0	4	0	45
chr9	43040597	43042590	2	2	1	98	0	46
chr9	80093642	80098885	1	1	1	8390	2	26
chr9	80093642	80098892	1	1	0	168	0	14
chr9	80093642	80103693	1	1	1	252	0	45
chr9	80098907	80099016	1	1	0	3	0	21
chr9	80098907	80103693	1	1	1	8554	2	24
chr9	80098907	80103698	1	1	0	7	0	21
chr9	80099049	80103693	1	1	0	3	0	37
chr9	80101891	80103693	1	1	0	1	0	37
chr9	114597607	114597794	2	2	1	545	0	38
chr9	114597607	114598704	2	2	0	18	0	40
chr9	114597825	114598704	2	2	0	10	0	30
chr9	114597831	114598704	2	2	1	531	0	39
chr11	79458907	79463232	1	1	1	15	0	42
chr11	79458907	79468716	1	1	1	177	1	42
chr11	79463296	79468716	1	1	1	14	0	39
chr11	94112147	94113262	1	1	1	124	0	21
chr11	94112147	94114172	1	1	1	451	0	32
chr11	94113302	94114172	1	1	1	128	0	39
chr11	100479298	100481376	2	2	1	1	0	30
chr11	100481848	100482144	2	2	1	1	0	35
chr11	102310577	102310925	2	2	1	60	0	43
chr11	102310577	102311379	2	2	1	786	1	46
chr11	102311037	102311379	2	2	1	60	0	45
chr12	71952560	71958746	1	1	1	62	0	27
chr12	71952560	71959805	1	1	1	43	0	44
chr12	71958774	71959805	1	1	1	62	0	27
chr12	80205082	80209358	2	2	1	1	0	33
chr12	80209474	80259986	2	2	1	1	0	17
chr12	83811361	83811669	2	2	0	1	0	37
chr12	83811361	83825258	2	2	1	28	0	33
chr12	83811361	83831921	2	2	1	431	0	41
chr12	83811744	83831921	2	2	0	1	0	38
chr12	83825292	83831921	2	2	1	27	0	33
chr12	83827212	83831921	2	2	0	1	0	28
chr12	113133338	113133495	1	1	0	90	14	44
chr12	113133338	113133540	1	1	1	1933	49	43
chr12	113133338	113135796	1	1	1	7	0	29
chr12	113133577	113134186	1	1	0	1	0	28
chr12	113133577	113134800	1	1	0	7	0	12
chr12	113133577	113135796	1	1	1	1951	63	29
chr12	113134231	113135796	1	1	0	1	0	29
chr12	113134813	113135796	1	1	0	7	0	12
chr13	46778994	46780625	2	2	1	464	1	40
chr13	46778994	46785245	2	2	1	2608	2	46
chr13	46780663	46785245	2	2	0	1	0	37
chr13	46780665	46785245	2	2	1	466	1	39
chr13	56084286	56089757	2	2	1	46	0	40
chr13	56084286	56096123	2	2	0	1	0	40
chr13	56089858	56096123	2	2	1	46	0	41
chr14	57643224	57643334	2	2	1	1	0	39
chr14	57643224	57648418	2	2	1	87	0	40
chr14	57643490	57648418	2	2	1	1	0	38
chr14	101654106	101654207	1	1	1	1	0	5
chr14	120389164	120395711	1	1	1	254	0	39
chr14	120389164	120395717	1	1	0	1	0	38
chr14	120389164	120396450	1	1	1	521	1	48
chr14	120395766	120396450	1	1	1	262	0	48
chr15	77102940	77105576	2	2	1	219	0	41
chr15	77102940	77113604	2	2	1	7	0	44
chr15	77105670	77113604	2	2	1	220	0	48
chr16	57178021	57181491	2	2	1	270	0	45
chr16	57178021	57182850	2	2	1	124	0	43
chr16	57181507	57182850	2	2	0	2	0	15
chr16	57181537	57182850	2	2	1	269	0	41
chr17	12979205	13846588	1	1	0	65	1	12
chr17	13846640	13848306	1	1	0	3	0	38
chr17	13846640	13848354	1	1	1	3795	8	22
chr17	13846640	13849107	1	1	1	4710	8	46
chr17	13846640	13849113	1	1	0	17	0	47
chr17	13848376	13849107	1	1	1	3787	7	41
chr17	13848376	13849113	1	1	0	10	1	21
chr17	13849663	13850779	1	1	1	1	0	9
chr17	45570567	45570665	2	2	1	522	1	39
chr17	45570800	45571017	2	2	1	556	0	23
chr18	10726534	10740982	1	1	1	1	0	15
chr18	53948155	53948644	1	1	1	17206	16	28
chr18	53948155	53953244	1	1	1	2967	5	44
chr18	53948666	53953244	1	1	0	11	0	21
chr18	53948669	53949681	1	1	0	1	0	15
chr18	53948669	53953244	1	1	1	17172	15	38
chr18	53948669	53953268	1	1	0	3	0	24
chr18	53949705	53953244	1	1	0	1	0	23
chr18	64515409	64516415	2	2	1	1	0	37
chr19	7281251	7282725	2	2	0	1	0	26
chr19	7281256	7281797	2	4	1	225	0	39
chr19	7281256	7282725	2	2	1	1458	0	36
chr19	7281960	7282725	2	2	1	233	0	31
chrX	159414893	159443922	1	1	1	1	0	27
