chr1	34295537	34296741	1	1	1	15	0	18
chr1	34295537	34299720	1	1	1	142	0	42
chr1	34296760	34299720	1	1	1	15	0	19
chr1	40010678	40011649	1	1	1	9	0	21
chr1	40010678	40011811	1	1	0	1	0	21
chr1	40010678	40014105	1	1	1	67	2	32
chr1	40011842	40014105	1	1	1	10	0	37
chr1	82735508	82741817	1	1	1	1	0	40
chr1	82735508	82747082	1	1	1	6	0	40
chr1	82735508	82750519	1	1	1	94	1	40
chr1	82747143	82750519	1	1	1	6	0	38
chr2	32292216	32293314	1	1	1	3	0	43
chr2	32292216	32296625	1	1	1	75	0	44
chr2	32293396	32296625	1	1	1	3	0	39
chr2	59932171	59933405	2	2	0	8	0	33
chr2	59932171	59933411	2	2	1	66	0	31
chr2	59932171	59933670	2	2	1	17	0	39
chr2	59933439	59933670	2	2	1	73	0	28
chr2	71849507	71853533	1	1	1	44	0	39
chr2	71849507	71855853	1	1	1	2497	2	42
chr2	71853664	71855853	1	1	1	44	0	40
chr2	75662926	75663570	1	1	1	3	0	39
chr2	91001089	91001461	1	1	1	860	1	27
chr2	91001089	91003299	1	1	0	4	0	33
chr2	91001511	91003210	1	1	1	840	1	25
chr2	91003238	91003810	1	1	0	6	0	27
chr2	91003346	91003810	1	1	1	15	0	36
chr2	91159306	91160316	2	2	1	4	0	47
chr2	91159306	91162027	2	2	1	196	0	47
chr2	91160371	91162027	2	2	1	4	0	38
chr2	91681696	91684668	2	2	1	651	0	50
chr2	153670448	153670848	1	1	1	74	0	45
chr2	153670909	153672215	1	1	1	76	0	50
chr2	168752741	168754433	2	2	1	10218	5	46
chr3	60613521	60614682	1	1	1	75	0	44
chr3	60613521	60615619	1	1	1	20	0	44
chr3	60614737	60615619	1	1	1	74	0	38
chr3	87733505	87734423	1	1	1	2	0	39
chr3	87733505	87735344	1	1	0	138	0	41
chr3	87733510	87735349	2	2	0	1	0	42
chr3	87734553	87735344	1	1	1	2	0	37
chr3	88483947	88484046	2	2	1	162	0	40
chr3	88484155	88484614	2	2	1	161	0	39
chr3	119724187	119724611	2	2	1	2137	0	34
chr3	119724187	119726065	2	2	1	12	0	29
chr3	119724646	119726065	2	2	1	2202	0	38
chr3	119726116	119820407	2	2	0	3	0	13
chr3	139632407	139650143	2	2	0	0	1	13
chr3	142948246	142963375	2	2	0	0	1	13
chr4	31992517	31993403	1	1	0	3	0	21
chr4	31992517	31994873	1	1	1	2230	3	40
chr4	31992517	32002088	1	1	1	813	2	49
chr4	31993425	31994873	1	1	0	3	0	17
chr4	31994955	32002088	1	1	1	2229	3	49
chr4	107009769	107027216	1	1	1	27	0	41
chr4	107009769	107028192	1	1	1	128	0	41
chr4	107027298	107028192	1	1	1	32	0	41
chr5	23565266	23616326	2	2	1	187	0	46
chr5	72958287	72965803	1	1	1	1	0	37
chr5	72958287	72974530	1	1	1	17	0	41
chr5	72965882	72974530	1	1	1	1	0	41
chr5	116482537	116591333	2	2	1	5	0	50
chr5	149184807	149185484	1	1	1	1	0	42
chr5	149184807	149187707	1	1	1	45	0	44
chr5	149184807	149188344	1	1	1	311	0	44
chr5	149187835	149188344	1	1	1	3	0	39
chr5	149187877	149188344	1	1	1	41	0	40
chr6	47577668	47594893	2	2	1	1	0	26
chr6	72634233	72634303	2	2	0	1	0	37
chr6	72634233	72648800	2	2	1	2140	1	40
chr6	72634233	72649119	2	2	1	4750	3	45
chr6	72634351	72649119	2	2	0	1	0	40
chr6	72648843	72649119	2	2	1	2138	1	40
chr6	98939789	98940994	2	2	1	4	0	45
chr6	98939789	98941535	2	2	1	58	0	45
chr6	98939789	98944618	2	2	0	8	0	45
chr6	98941165	98944618	2	2	0	4	0	36
chr6	98941658	98944618	2	2	1	58	0	36
chr6	125162102	125162211	2	2	1	480	18	40
chr6	128371086	128371967	1	1	1	1499	3	41
chr6	128371086	128372504	1	1	0	1	0	39
chr6	128371086	128372530	1	1	1	96	0	49
chr6	128371086	128372533	1	1	1	725	0	46
chr6	128371086	128372539	1	1	0	2	0	40
chr6	128372013	128372504	1	1	0	5	0	26
chr6	128372013	128372509	1	1	0	2	0	31
chr6	128372013	128372530	1	1	1	186	0	47
chr6	128372013	128372533	1	1	1	1280	3	46
chr6	128372018	128372530	1	1	0	2	0	49
chr6	128372018	128372533	1	1	0	24	0	46
chr7	25724845	25725923	2	2	1	1	0	41
chr7	67240441	67244520	2	2	1	17	0	24
chr7	67240441	67251656	2	2	1	659	1	48
chr7	67244545	67251656	2	2	1	16	0	24
chr7	101405603	102001614	1	1	0	3	1	13
chr7	102001660	102002294	1	1	1	212	0	43
chr7	102001660	102007485	1	1	1	3365	4	45
chr7	102002337	102007485	1	1	1	211	0	42
chr7	112839481	112841887	1	1	1	4	0	41
chr7	112839481	112842039	1	1	1	260	1	41
chr7	112839481	112856052	1	1	1	3	0	12
chr7	112839481	112856797	1	1	1	31	0	41
chr7	112841951	112856052	1	1	1	1	0	12
chr7	112841951	112856797	1	1	0	1	0	37
chr7	112842103	112856052	1	1	1	20	0	12
chr7	112842103	112856797	1	1	1	241	1	45
chr7	112856065	112856797	1	1	1	24	0	12
chr7	127980247	127981190	1	1	1	4	0	2
chr7	127981292	127981410	1	1	1	5	0	6
chr7	144847532	144862231	1	1	1	1	0	3
chr7	144861833	144862231	1	1	1	1175	3	39
chr7	144861837	144862231	1	1	0	1	0	32
chr7	144862267	144862764	1	1	0	5	0	35
chr7	144862336	144862764	1	1	1	1157	3	45
chr8	25532429	25555507	1	1	1	1	0	44
chr8	25555775	25557730	1	1	1	3	0	38
chr8	72219861	72219940	1	1	1	1	0	30
chr8	95100453	95100646	2	2	1	190	0	31
chr8	95100453	95101408	2	2	0	362	0	46
chr8	95100674	95101408	2	2	1	190	0	42
chr8	123268550	123268744	2	2	1	49	0	48
chr9	43027296	43040539	2	2	1	27	0	38
chr9	43027296	43042590	2	2	1	347	1	46
chr9	43040597	43042590	2	2	1	27	0	46
chr9	80093642	80098885	1	1	1	2089	1	26
chr9	80093642	80098892	1	1	0	51	0	14
chr9	80093642	80103693	1	1	1	8032	6	45
chr9	80093642	80103698	1	1	0	2	0	44
chr9	80098907	80103693	1	1	1	2142	1	29
chr9	114597607	114597794	2	2	1	412	0	39
chr9	114597607	114598704	2	2	0	603	0	42
chr9	114597825	114598704	2	2	0	1	0	30
chr9	114597831	114598704	2	2	1	411	0	38
chr9	123011638	123013939	1	1	1	2	0	14
chr9	123014013	123014468	1	1	1	2	0	21
chr9	123014507	123017244	1	1	1	1	0	38
chr11	79458907	79463232	1	1	1	34	0	42
chr11	79458907	79468716	1	1	1	67	0	42
chr11	79463296	79468716	1	1	1	33	0	39
chr11	94112147	94113262	1	1	1	47	0	21
chr11	94112147	94114172	1	1	1	340	0	32
chr11	94112147	94114187	1	1	0	1	0	32
chr11	94113302	94114172	1	1	1	48	0	39
chr11	102310577	102310925	2	2	1	109	0	43
chr11	102310577	102311379	2	2	1	469	0	46
chr11	102311037	102311379	2	2	1	108	0	45
chr12	71952560	71959805	1	1	1	279	0	44
chr12	83811361	83825258	2	2	1	374	1	37
chr12	83811361	83831921	2	2	1	286	1	41
chr12	83825292	83831921	2	2	1	370	1	34
chr12	83825319	83831921	2	2	0	4	0	38
chr12	113133338	113133495	1	1	0	6	0	42
chr12	113133338	113133540	1	1	1	370	0	43
chr12	113133338	113135796	1	1	1	1091	1	32
chr12	113133577	113135796	1	1	1	350	0	29
chr12	113135829	113136280	1	1	1	1	0	10
chr13	46778987	46785245	2	2	0	1	0	47
chr13	46778994	46780625	2	2	1	594	3	41
chr13	46778994	46785245	2	2	1	2587	10	50
chr13	46780665	46785245	2	2	1	588	3	40
chr13	56084286	56089757	2	2	1	27	0	40
chr13	56084286	56096123	2	2	0	1	0	40
chr13	56089858	56096123	2	2	1	26	0	41
chr14	57643224	57643334	2	2	1	1	0	39
chr14	57643224	57648418	2	2	1	222	0	43
chr14	57643490	57648418	2	2	1	1	0	38
chr14	120389164	120395711	1	1	1	414	2	40
chr14	120389164	120396450	1	1	1	65	0	48
chr14	120395766	120396450	1	1	1	443	2	48
chr15	77102940	77105576	2	2	1	216	1	41
chr15	77102940	77108249	2	2	0	2	0	40
chr15	77102940	77113604	2	2	1	30	0	48
chr15	77105670	77113604	2	2	1	213	1	48
chr15	77108331	77113604	2	2	0	2	0	44
chr16	57178021	57181491	2	2	1	28	0	43
chr16	57178021	57182850	2	2	1	1352	2	44
chr16	57181537	57182850	2	2	1	28	0	33
chr16	84831508	84834808	2	2	1	1	0	44
chr17	12979205	13846588	1	1	0	34	1	12
chr17	13846613	13848354	1	1	0	1	0	21
chr17	13846640	13848354	1	1	1	359	2	22
chr17	13846640	13849107	1	1	1	12621	16	48
chr17	13846640	13849113	1	1	0	31	0	47
chr17	13848376	13849107	1	1	1	360	2	26
chr17	45570567	45570665	2	2	1	1397	2	45
chr17	45570800	45571017	2	2	1	1346	2	24
chr17	45570800	45587561	2	2	0	0	1	25
chr17	46590452	46590758	2	2	1	1	0	11
chr17	74652747	74654388	1	1	1	1	0	38
chr18	10726534	10740982	1	1	1	3	0	15
chr18	53948155	53948644	1	1	1	1776	2	28
chr18	53948155	53949213	1	1	0	1	0	39
chr18	53948155	53953244	1	1	1	12504	15	45
chr18	53948669	53953244	1	1	1	1771	0	27
chr18	53949263	53953244	1	1	0	1	0	37
chr19	7281256	7281797	2	4	1	86	0	38
chr19	7281256	7282725	2	2	1	343	0	35
chr19	7281960	7282725	2	2	1	91	0	27
