chr1	34295537	34296741	1	1	1	70	0	18
chr1	34295537	34299720	1	1	1	18	0	40
chr1	34296760	34299720	1	1	1	70	0	19
chr1	40010678	40011649	1	1	1	37	0	21
chr1	40010678	40011811	1	1	0	2	0	21
chr1	40010678	40014105	1	1	1	10	0	32
chr1	40011842	40014105	1	1	1	38	0	37
chr1	82735508	82741817	1	1	1	2	0	40
chr1	82735508	82741934	1	1	0	1	0	40
chr1	82735508	82747082	1	1	1	3	0	40
chr1	82735508	82750519	1	1	1	41	0	40
chr1	82741977	82750519	1	1	1	1	0	38
chr1	82747143	82750519	1	1	1	5	0	38
chr2	32292216	32293314	1	1	1	5	0	43
chr2	32292216	32296625	1	1	1	39	0	44
chr2	32293396	32296625	1	1	1	5	0	38
chr2	59932171	59933405	2	2	0	25	0	33
chr2	59932171	59933411	2	2	1	231	0	31
chr2	59932171	59933670	2	2	1	2	0	37
chr2	59933439	59933670	2	2	1	252	0	30
chr2	71849507	71853533	1	1	1	565	2	41
chr2	71849507	71853820	1	1	0	1	0	37
chr2	71849507	71855853	1	1	1	3010	8	45
chr2	71849507	71855868	1	1	0	12	0	46
chr2	71853664	71855853	1	1	1	575	2	41
chr2	71853891	71855853	1	1	0	1	0	40
chr2	75662926	75663570	1	1	1	1	0	38
chr2	91001089	91001461	1	1	1	424	0	27
chr2	91001511	91003210	1	1	1	419	0	20
chr2	91003346	91003810	1	1	1	3	0	36
chr2	91159300	91162027	2	2	0	1	0	41
chr2	91159306	91160316	2	2	1	158	0	47
chr2	91159306	91162027	2	2	1	279	0	47
chr2	91160371	91162027	2	2	1	161	0	39
chr2	91681696	91682025	2	2	1	2	0	50
chr2	91681696	91684668	2	2	1	95	0	50
chr2	91682110	91684668	2	2	0	2	0	38
chr2	153670448	153672215	1	1	1	5	0	50
chr3	60422418	60613472	1	1	0	0	6	15
chr3	60613521	60614682	1	1	1	1964	6	45
chr3	60613521	60614688	1	1	0	3	0	44
chr3	60613521	60615619	1	1	1	1271	4	45
chr3	60614737	60615619	1	1	1	1969	5	42
chr3	87733505	87734423	1	1	1	3	0	39
chr3	87733505	87735344	1	1	0	10	0	40
chr3	87734553	87735344	1	1	1	3	0	37
chr3	88483947	88484046	2	2	1	116	0	38
chr3	88483947	88484614	2	2	0	2	0	38
chr3	88484155	88484614	2	2	1	115	0	39
chr3	119724187	119724611	2	2	1	4025	1	34
chr3	119724187	119726065	2	2	1	24	0	29
chr3	119724646	119726065	2	2	1	4153	3	38
chr4	31992517	31994873	1	1	1	141	1	42
chr4	31992517	32002088	1	1	1	1669	2	49
chr4	31994955	32002088	1	1	1	144	1	49
chr4	107009769	107027216	1	1	1	14	0	38
chr4	107009769	107028192	1	1	1	166	0	43
chr4	107009769	107028217	1	1	0	1	0	35
chr4	107027298	107028192	1	1	1	15	0	41
chr5	23565266	23616326	2	2	1	1257	2	46
chr5	23575717	23616326	2	2	0	2	0	45
chr5	72958287	72965803	1	1	1	2	0	40
chr5	72958287	72974530	1	1	1	61	0	41
chr5	72965882	72974530	1	1	1	2	0	41
chr5	116482532	116591333	2	2	0	3	0	45
chr5	116482537	116591333	2	2	1	679	3	50
chr5	149184807	149185484	1	1	1	1	0	41
chr5	149184807	149187707	1	1	1	13	0	43
chr5	149184807	149188344	1	1	1	276	0	44
chr5	149187835	149188344	1	1	1	2	0	39
chr5	149187877	149188344	1	1	1	11	0	39
chr6	98939789	98941535	2	2	1	76	0	45
chr6	98939789	98944618	2	2	0	4	0	45
chr6	98941658	98944618	2	2	1	76	0	36
chr6	125162102	125162211	2	2	1	105	2	35
chr6	128371086	128371967	1	1	1	2388	1	45
chr6	128371086	128372530	1	1	1	2	0	49
chr6	128371086	128372533	1	1	1	21	0	46
chr6	128372013	128372504	1	1	0	20	0	26
chr6	128372013	128372509	1	1	0	3	0	31
chr6	128372013	128372530	1	1	1	322	0	47
chr6	128372013	128372533	1	1	1	2017	1	46
chr6	128372018	128372530	1	1	0	6	0	49
chr6	128372018	128372533	1	1	0	18	0	46
chr6	128372208	128372533	1	1	0	1	0	46
chr7	67240441	67244520	2	2	1	206	0	34
chr7	67240441	67251656	2	2	1	2051	3	44
chr7	67240443	67251659	1	1	0	1	0	29
chr7	67244545	67251656	2	2	1	205	0	24
chr7	102001660	102002294	1	1	1	590	0	43
chr7	102001660	102007485	1	1	1	303	0	43
chr7	102001665	102002300	1	1	0	1	0	36
chr7	102002337	102007485	1	1	1	594	0	42
chr7	112839481	112841887	1	1	1	3	0	41
chr7	112839481	112842039	1	1	1	51	0	41
chr7	112841951	112856052	1	1	1	1	0	12
chr7	112842103	112856052	1	1	1	52	0	12
chr7	112842103	112856797	1	1	1	1	0	37
chr7	112856065	112856797	1	1	1	54	0	14
chr7	127980247	127981190	1	1	1	9	0	22
chr7	127981292	127981410	1	1	1	8	0	6
chr8	25532429	25555507	1	1	1	1	0	44
chr8	25532429	25557730	1	1	1	2	0	44
chr8	25555775	25557730	1	1	1	1	0	37
chr8	95100453	95100646	2	2	1	334	0	31
chr8	95100453	95101408	2	2	0	126	0	46
chr8	95100674	95101408	2	2	1	334	0	41
chr8	123268550	123268744	2	2	1	62	0	46
chr9	43027296	43040539	2	2	1	54	1	38
chr9	43027296	43042590	2	2	1	90	0	45
chr9	43040597	43042590	2	2	1	54	1	45
chr9	80093642	80098885	1	1	1	4603	2	31
chr9	80093642	80098892	1	1	0	93	0	19
chr9	80093642	80103693	1	1	1	212	2	44
chr9	80098907	80103693	1	1	1	4693	2	24
chr9	80098907	80103698	1	1	0	3	0	21
chr9	80101891	80103693	1	1	0	1	0	37
chr9	114597607	114597794	2	2	1	271	0	39
chr9	114597607	114598704	2	2	0	10	0	42
chr9	114597825	114598704	2	2	0	1	0	30
chr9	114597831	114598704	2	2	1	271	0	36
chr11	78233684	78245547	2	2	1	1	0	13
chr11	79458907	79463232	1	1	1	14	0	42
chr11	79458907	79468716	1	1	1	74	0	43
chr11	79463296	79468716	1	1	1	13	0	38
chr11	94112147	94113262	1	1	1	71	0	23
chr11	94112147	94114172	1	1	1	213	0	32
chr11	94113302	94114172	1	1	1	74	0	39
chr11	102310577	102310925	2	2	1	32	0	43
chr11	102310577	102311379	2	2	1	337	0	47
chr11	102311037	102311379	2	2	1	32	0	46
chr12	71952560	71958746	1	1	1	13	0	27
chr12	71952560	71959805	1	1	1	5	0	43
chr12	71958774	71959805	1	1	1	13	0	27
chr12	83811361	83825258	2	2	1	28	0	33
chr12	83811361	83831921	2	2	1	161	0	41
chr12	83825292	83831921	2	2	1	28	0	33
chr12	112928622	113133308	1	1	0	0	4	13
chr12	113133338	113133495	1	1	0	83	10	44
chr12	113133338	113133540	1	1	1	1361	38	38
chr12	113133338	113135796	1	1	1	22	0	29
chr12	113133577	113134800	1	1	0	6	0	12
chr12	113133577	113135796	1	1	1	1390	48	29
chr12	113134813	113135796	1	1	0	6	0	12
chr13	46778990	46785245	2	2	0	2	0	44
chr13	46778994	46780625	2	2	1	313	1	41
chr13	46778994	46785245	2	2	1	1398	3	45
chr13	46780665	46785245	2	2	1	321	1	40
chr13	56084286	56089757	2	2	1	14	0	41
chr13	56089858	56096123	2	2	1	14	0	38
chr14	57643224	57643334	2	2	1	1	0	39
chr14	57643224	57648418	2	2	1	35	0	40
chr14	57643490	57648418	2	2	1	1	0	38
chr14	120389164	120395711	1	1	1	57	0	38
chr14	120389164	120396450	1	1	1	79	0	48
chr14	120395766	120396450	1	1	1	59	0	48
chr15	77102940	77105576	2	2	1	114	0	42
chr15	77102940	77112712	2	2	0	1	0	40
chr15	77102940	77113604	2	2	1	4	0	44
chr15	77105670	77113604	2	2	1	114	0	48
chr15	77112788	77113604	2	2	0	1	0	36
chr15	103242719	103243624	1	1	1	0	2	33
chr16	57178021	57181491	2	2	1	158	0	45
chr16	57178021	57182850	2	2	1	135	0	44
chr16	57181537	57182850	2	2	1	158	0	34
chr17	12979205	13846588	1	1	0	46	0	12
chr17	13846613	13848354	1	1	0	1	0	21
chr17	13846640	13848354	1	1	1	2430	3	24
chr17	13846640	13848358	1	1	0	1	0	17
chr17	13846640	13849107	1	1	1	3324	2	46
chr17	13846640	13849113	1	1	0	17	0	47
chr17	13848376	13849107	1	1	1	2427	3	29
chr17	13848376	13849113	1	1	0	3	0	21
chr17	45570567	45570665	2	2	1	229	1	39
chr17	45570800	45571017	2	2	1	233	3	24
chr18	53948155	53948644	1	1	1	10419	1	28
chr18	53948155	53948651	1	1	0	1	0	17
chr18	53948155	53953244	1	1	1	2303	1	44
chr18	53948162	53948644	1	1	0	1	0	24
chr18	53948666	53953244	1	1	0	7	0	21
chr18	53948669	53953244	1	1	1	10398	1	37
chr18	53948669	53953268	1	1	0	2	0	24
chr18	64511878	64511983	2	2	1	1	0	33
chr18	64515409	64516415	2	2	1	1	0	30
chr19	7281256	7281797	2	4	1	117	0	39
chr19	7281256	7282725	2	2	1	1059	0	36
chr19	7281960	7282725	2	2	1	120	0	36
