chr1	34295537	34296741	1	1	1	100	0	18
chr1	34295537	34299720	1	1	1	42	0	38
chr1	34296760	34299720	1	1	1	100	0	19
chr1	40010678	40011649	1	1	1	35	0	21
chr1	40010678	40014105	1	1	1	23	0	32
chr1	40011842	40014105	1	1	1	36	0	40
chr1	82735508	82747082	1	1	1	2	0	40
chr1	82735508	82750519	1	1	1	70	0	42
chr1	82747143	82750519	1	1	1	2	0	38
chr1	91500911	91501004	1	1	1	1	0	29
chr2	32292216	32293314	1	1	1	10	0	43
chr2	32292216	32296625	1	1	1	67	0	44
chr2	32293396	32296625	1	1	1	10	0	38
chr2	59932171	59933405	2	2	0	51	0	33
chr2	59932171	59933411	2	2	1	297	0	31
chr2	59932171	59933670	2	2	1	1	0	30
chr2	59933439	59933670	2	2	1	341	0	32
chr2	71849507	71853533	1	1	1	624	1	40
chr2	71849507	71853691	1	1	0	1	0	38
chr2	71849507	71855853	1	1	1	4192	3	44
chr2	71853664	71855853	1	1	1	635	1	42
chr2	71853891	71855853	1	1	0	2	0	41
chr2	75662926	75663570	1	1	1	6	2	36
chr2	91001089	91001461	1	1	1	676	0	34
chr2	91001089	91003299	1	1	0	1	0	33
chr2	91001511	91003210	1	1	1	676	0	21
chr2	91003346	91003810	1	1	1	6	0	36
chr2	91159300	91162027	2	2	0	1	0	26
chr2	91159306	91160316	2	2	1	230	0	47
chr2	91159306	91162027	2	2	1	375	0	47
chr2	91160371	91162027	2	2	1	230	1	40
chr2	91681696	91682802	2	2	0	1	0	50
chr2	91681696	91684668	2	2	1	174	0	50
chr2	91681831	91684668	2	2	0	1	0	37
chr2	91682902	91684668	2	2	1	1	0	38
chr2	153670448	153670848	1	1	1	1	0	42
chr2	153670448	153672215	1	1	1	2	0	50
chr2	153670909	153672215	1	1	1	1	0	50
chr3	60422418	60613472	1	1	0	1	6	15
chr3	60613521	60614682	1	1	1	2884	5	45
chr3	60613521	60615619	1	1	1	1882	8	46
chr3	60614737	60615619	1	1	1	2893	6	41
chr3	87733505	87734423	1	1	1	12	0	39
chr3	87733505	87735344	1	1	0	5	0	39
chr3	87734553	87735344	1	1	1	11	0	37
chr3	88483947	88484046	2	2	1	186	2	38
chr3	88484155	88484614	2	2	1	184	2	39
chr3	88484666	88537145	2	2	0	0	2	12
chr3	119724187	119724611	2	2	1	12995	5	34
chr3	119724187	119726065	2	2	1	29	0	29
chr3	119724646	119726065	2	2	1	13389	5	38
chr3	119726116	119820407	2	2	0	2	0	13
chr3	119726116	120643502	2	2	0	4	0	13
chr3	119726206	119740314	2	2	1	2	0	40
chr3	119726221	119740314	2	2	1	1	0	40
chr3	129825617	129826823	2	2	1	1	0	36
chr4	31992517	31994873	1	1	1	197	0	40
chr4	31992517	32002088	1	1	1	3303	2	49
chr4	31994955	32002088	1	1	1	198	0	49
chr4	107009769	107027216	1	1	1	18	0	38
chr4	107009769	107028192	1	1	1	248	0	43
chr4	107027298	107028192	1	1	1	22	0	41
chr5	23565266	23616326	2	2	1	2317	1	49
chr5	23615795	23616326	2	2	0	1	0	45
chr5	72958287	72974530	1	1	1	137	0	43
chr5	116477146	116482389	2	2	1	2	0	33
chr5	116482532	116591333	2	2	0	5	0	45
chr5	116482537	116513708	2	2	0	1	0	42
chr5	116482537	116591333	2	2	1	894	1	50
chr5	149184807	149187707	1	1	1	17	0	44
chr5	149184807	149188344	1	1	1	505	0	46
chr5	149187835	149188344	1	1	1	4	0	39
chr5	149187877	149188344	1	1	1	14	0	39
chr6	98939789	98940994	2	2	1	1	0	45
chr6	98939789	98941535	2	2	1	113	0	45
chr6	98939789	98944618	2	2	0	3	0	45
chr6	98941165	98944618	2	2	0	1	0	36
chr6	98941658	98944618	2	2	1	112	0	36
chr6	125162102	125162211	2	2	1	158	7	37
chr6	128371086	128371967	1	1	1	4129	3	44
chr6	128371086	128371980	1	1	0	1	0	32
chr6	128371086	128372530	1	1	1	4	0	49
chr6	128371086	128372533	1	1	1	18	0	46
chr6	128372013	128372504	1	1	0	25	0	26
chr6	128372013	128372509	1	1	0	7	0	31
chr6	128372013	128372530	1	1	1	527	1	47
chr6	128372013	128372533	1	1	1	3524	2	46
chr6	128372013	128372536	1	1	0	3	0	43
chr6	128372013	128372539	1	1	0	1	0	40
chr6	128372018	128372533	1	1	0	47	0	46
chr7	67240441	67244520	2	2	1	254	0	24
chr7	67240441	67251656	2	2	1	2537	1	48
chr7	67244545	67251656	2	2	1	254	0	24
chr7	101288340	102001612	1	3	0	4	0	12
chr7	102001660	102002294	1	1	1	707	0	42
chr7	102001660	102007485	1	1	1	500	0	44
chr7	102002337	102007485	1	1	1	708	0	42
chr7	112839481	112841887	1	1	1	3	0	41
chr7	112839481	112842039	1	1	1	58	0	41
chr7	112839481	112856052	1	1	1	2	0	12
chr7	112839481	112856797	1	1	1	3	0	41
chr7	112841951	112856052	1	1	1	3	0	12
chr7	112842103	112856052	1	1	1	57	0	12
chr7	112842103	112856797	1	1	1	3	0	37
chr7	112856065	112856797	1	1	1	62	0	12
chr7	127980247	127981190	1	1	1	9	0	5
chr7	127981292	127981410	1	1	1	10	0	6
chr8	25532429	25555507	1	1	1	2	0	44
chr8	25532429	25557730	1	1	1	2	0	44
chr8	25555775	25557730	1	1	1	2	0	37
chr8	95100453	95100646	2	2	1	615	0	29
chr8	95100453	95101408	2	2	0	179	0	46
chr8	95100674	95101408	2	2	1	615	0	42
chr8	123268550	123268744	2	2	1	80	0	46
chr9	43027296	43040539	2	2	1	71	0	38
chr9	43027296	43042590	2	2	1	92	0	46
chr9	43040593	43042590	2	2	0	3	0	45
chr9	43040597	43042590	2	2	1	69	0	46
chr9	80093642	80098885	1	1	1	7433	4	26
chr9	80093642	80098892	1	1	0	153	0	14
chr9	80093642	80103693	1	1	1	441	1	44
chr9	80098907	80099016	1	1	0	4	0	21
chr9	80098907	80099229	1	1	0	2	0	21
chr9	80098907	80101831	1	1	0	3	0	21
chr9	80098907	80103693	1	1	1	7581	4	29
chr9	80098907	80103698	1	1	0	4	0	21
chr9	80099049	80103693	1	1	0	4	0	37
chr9	80099305	80103693	1	1	0	2	0	37
chr9	80101891	80103693	1	1	0	3	0	37
chr9	114597607	114597794	2	2	1	555	0	38
chr9	114597607	114598704	2	2	0	25	0	42
chr9	114597825	114598704	2	2	0	6	0	30
chr9	114597831	114598704	2	2	1	547	0	36
chr11	26778879	26787397	2	2	0	0	1	13
chr11	79006898	79458862	1	1	0	0	4	15
chr11	79458907	79463232	1	1	1	7	0	42
chr11	79458907	79468716	1	1	1	117	4	43
chr11	79463296	79468716	1	1	1	7	0	39
chr11	94112147	94113262	1	1	1	72	0	23
chr11	94112147	94114172	1	1	1	496	0	32
chr11	94113302	94114172	1	1	1	74	0	39
chr11	102310577	102310925	2	2	1	33	0	43
chr11	102310577	102311379	2	2	1	481	1	46
chr11	102311037	102311379	2	2	1	32	0	45
chr12	71952560	71958746	1	1	1	66	0	27
chr12	71952560	71959805	1	1	1	41	0	43
chr12	71958774	71959805	1	1	1	66	0	27
chr12	83811361	83825258	2	2	1	44	0	37
chr12	83811361	83831921	2	2	1	309	1	42
chr12	83825292	83831921	2	2	1	42	0	33
chr12	83825319	83831921	2	2	0	1	0	38
chr12	83825334	83831921	2	2	0	1	0	38
chr12	109549553	109549652	1	1	1	1	0	30
chr12	112928622	113133308	1	1	0	0	4	13
chr12	113133338	113133495	1	1	0	145	15	42
chr12	113133338	113133540	1	1	1	2627	87	42
chr12	113133338	113135796	1	1	1	46	0	29
chr12	113133571	113135796	1	1	0	1	0	29
chr12	113133577	113134761	1	1	0	2	0	21
chr12	113133577	113134800	1	1	0	15	0	14
chr12	113133577	113135796	1	1	1	2658	102	29
chr12	113134813	113135796	1	1	0	15	0	29
chr13	46778994	46780545	2	2	0	1	0	40
chr13	46778994	46780625	2	2	1	430	0	44
chr13	46778994	46785245	2	2	1	2187	0	46
chr13	46780665	46785245	2	2	1	434	0	39
chr13	56084286	56089757	2	2	1	41	0	40
chr13	56084286	56096123	2	2	0	1	0	40
chr13	56089858	56096123	2	2	1	40	0	41
chr14	57643224	57648418	2	2	1	63	0	43
chr14	101654106	101654207	1	1	1	1	0	4
chr14	101654220	101665760	1	1	1	1	0	10
chr14	120389164	120395711	1	1	1	197	0	39
chr14	120389164	120396450	1	1	1	306	1	48
chr14	120395766	120396450	1	1	1	201	0	48
chr15	77102940	77105576	2	2	1	167	2	42
chr15	77102940	77113604	2	2	1	11	0	46
chr15	77105670	77113604	2	2	1	165	2	48
chr15	103242719	103243624	1	1	1	1	0	43
chr16	57178021	57181491	2	2	1	235	0	44
chr16	57178021	57182850	2	2	1	89	0	43
chr16	57181507	57182850	2	2	0	1	0	15
chr16	57181537	57182850	2	2	1	234	0	33
chr17	12979205	13846588	1	1	0	53	0	12
chr17	13846640	13848354	1	1	1	2375	5	24
chr17	13846640	13849107	1	1	1	6166	8	49
chr17	13846640	13849113	1	1	0	34	0	47
chr17	13848376	13849107	1	1	1	2377	5	29
chr17	45570567	45570665	2	2	1	373	0	37
chr17	45570800	45571017	2	2	1	427	0	21
chr18	10726534	10740982	1	1	1	2	0	15
chr18	53948155	53948381	1	1	0	1	0	39
chr18	53948155	53948644	1	1	1	20571	17	33
chr18	53948155	53953244	1	1	1	3750	7	43
chr18	53948155	53953268	1	1	0	1	0	40
chr18	53948167	53948644	1	1	0	1	0	27
chr18	53948453	53948644	1	1	0	1	0	13
chr18	53948666	53953244	1	1	0	6	0	21
chr18	53948669	53950136	1	1	0	1	0	15
chr18	53948669	53953244	1	1	1	20535	13	37
chr18	53948669	53953268	1	1	0	3	0	24
chr18	53948673	53953244	1	1	0	1	0	28
chr18	53950327	53953244	1	1	0	1	0	38
chr18	84670914	84672073	2	2	1	3	0	25
chr19	7281251	7282725	2	2	0	1	0	26
chr19	7281256	7281797	2	4	1	190	0	39
chr19	7281256	7282725	2	2	1	1584	0	36
chr19	7281960	7282725	2	2	1	199	0	36
