chr1	34295537	34296741	1	1	1	58	0	18
chr1	34295537	34299720	1	1	1	193	0	42
chr1	34296760	34299720	1	1	1	58	0	19
chr1	40010678	40011649	1	1	1	37	0	21
chr1	40010678	40014105	1	1	1	103	2	32
chr1	40011842	40014105	1	1	1	37	0	37
chr1	58558058	58565856	2	2	1	1	0	11
chr1	58565955	58586211	2	2	1	1	0	46
chr1	82735508	82741934	1	1	0	1	0	40
chr1	82735508	82747082	1	1	1	4	0	40
chr1	82735508	82750519	1	1	1	74	0	42
chr1	82747143	82750519	1	1	1	5	0	38
chr2	32292216	32296625	1	1	1	116	0	45
chr2	59932171	59933405	2	2	0	12	0	33
chr2	59932171	59933411	2	2	1	80	0	32
chr2	59932171	59933670	2	2	1	16	0	39
chr2	59933439	59933670	2	2	1	90	0	28
chr2	71849507	71853533	1	1	1	53	0	40
chr2	71849507	71855853	1	1	1	1941	3	42
chr2	71849507	71855868	1	1	0	1	0	46
chr2	71853664	71855853	1	1	1	53	0	41
chr2	75662926	75663570	1	1	1	4	0	41
chr2	91001089	91001461	1	1	1	656	0	27
chr2	91001511	91003210	1	1	1	644	0	35
chr2	91003346	91003810	1	1	1	31	0	36
chr2	91159306	91160316	2	2	1	6	0	47
chr2	91159306	91162027	2	2	1	214	0	47
chr2	91160371	91162027	2	2	1	6	0	38
chr2	91681696	91682025	2	2	1	1	0	50
chr2	91681696	91684668	2	2	1	889	2	50
chr2	91682137	91684668	2	2	1	1	0	38
chr2	153670448	153670848	1	1	1	63	0	45
chr2	153670909	153672215	1	1	1	62	0	50
chr2	168752741	168754433	2	2	1	15333	24	46
chr2	168754471	168860933	2	2	0	0	4	20
chr2	168754480	168788998	2	2	0	1	0	12
chr3	60613521	60614682	1	1	1	146	0	44
chr3	60613521	60615619	1	1	1	33	0	44
chr3	60614737	60615619	1	1	1	149	0	38
chr3	87733505	87734423	1	1	1	3	0	39
chr3	87733505	87735344	1	1	0	172	0	41
chr3	87734553	87735344	1	1	1	3	0	37
chr3	88483947	88484046	2	2	1	141	0	37
chr3	88484155	88484614	2	2	1	141	0	39
chr3	119724187	119724611	2	2	1	1701	1	34
chr3	119724187	119726065	2	2	1	10	0	29
chr3	119724646	119726065	2	2	1	1747	1	38
chr4	31992517	31993403	1	1	0	3	0	21
chr4	31992517	31994873	1	1	1	1492	2	42
chr4	31992517	32002088	1	1	1	952	1	49
chr4	31993425	31994873	1	1	0	2	0	17
chr4	31994955	32002088	1	1	1	1483	1	49
chr4	31995011	32002088	1	1	1	2	0	48
chr4	107009769	107027216	1	1	1	60	0	38
chr4	107009769	107028192	1	1	1	331	0	45
chr4	107027298	107028192	1	1	1	72	0	46
chr5	23565266	23616326	2	2	1	164	0	45
chr5	72958287	72965803	1	1	1	1	0	37
chr5	72958287	72974530	1	1	1	31	0	42
chr5	72965882	72974530	1	1	1	1	0	41
chr5	105862938	105949991	1	1	0	2	0	13
chr5	116482537	116591333	2	2	1	3	0	32
chr5	149184807	149187707	1	1	1	47	1	44
chr5	149184807	149188344	1	1	1	363	0	45
chr5	149187806	149188344	1	1	0	1	0	39
chr5	149187835	149188344	1	1	1	12	0	39
chr5	149187864	149188344	1	1	0	1	0	39
chr5	149187877	149188344	1	1	1	33	1	39
chr6	39688346	39725106	2	2	1	1	0	8
chr6	47577668	47594893	2	2	1	1	0	26
chr6	72634233	72634303	2	2	0	2	0	37
chr6	72634233	72648800	2	2	1	4140	2	42
chr6	72634233	72649119	2	2	1	7367	7	50
chr6	72634351	72649119	2	2	0	3	0	40
chr6	72648843	72649119	2	2	1	4125	1	42
chr6	72648843	72650179	2	2	0	0	1	42
chr6	98939789	98940994	2	2	1	8	0	45
chr6	98939789	98941535	2	2	1	87	0	45
chr6	98939789	98944618	2	2	0	31	0	45
chr6	98941165	98944618	2	2	0	8	0	36
chr6	98941658	98944618	2	2	1	86	0	36
chr6	125162102	125162211	2	2	1	728	26	43
chr6	128371086	128371967	1	1	1	1682	0	41
chr6	128371086	128372504	1	1	0	2	0	39
chr6	128371086	128372530	1	1	1	92	0	49
chr6	128371086	128372533	1	1	1	742	0	46
chr6	128371086	128372536	1	1	0	5	0	43
chr6	128372013	128372504	1	1	0	1	0	26
chr6	128372013	128372509	1	1	0	1	0	31
chr6	128372013	128372530	1	1	1	259	0	47
chr6	128372013	128372533	1	1	1	1402	0	46
chr6	128372013	128372536	1	1	0	1	0	43
chr6	128372013	128372539	1	1	0	1	0	40
chr6	128372018	128372530	1	1	0	4	0	49
chr6	128372018	128372533	1	1	0	18	0	46
chr7	25724845	25725923	2	2	1	1	0	39
chr7	67240441	67244520	2	2	1	7	0	24
chr7	67240441	67251656	2	2	1	705	1	44
chr7	67244545	67251656	2	2	1	7	0	24
chr7	101288340	102001612	1	3	0	4	0	12
chr7	102001660	102002294	1	1	1	297	0	42
chr7	102001660	102007485	1	1	1	4095	4	45
chr7	102002337	102007485	1	1	1	302	0	39
chr7	112839481	112841334	1	1	0	1	0	41
chr7	112839481	112841887	1	1	1	8	1	41
chr7	112839481	112842039	1	1	1	235	1	49
chr7	112839481	112856052	1	1	1	2	0	12
chr7	112839481	112856797	1	1	1	41	0	41
chr7	112841906	112842057	1	1	0	0	1	18
chr7	112841951	112856052	1	1	1	2	0	12
chr7	112841951	112856797	1	1	0	4	0	37
chr7	112842103	112856052	1	1	1	13	0	12
chr7	112842103	112856797	1	1	1	226	1	45
chr7	112856065	112856797	1	1	1	17	0	12
chr7	127980247	127981190	1	1	1	15	0	2
chr7	127981292	127981410	1	1	1	17	0	45
chr7	144861833	144862231	1	1	1	1566	3	29
chr7	144861837	144862231	1	1	0	2	0	32
chr7	144862267	144862764	1	1	0	4	0	35
chr7	144862336	144862764	1	1	1	1549	3	45
chr8	25532429	25555507	1	1	1	2	0	44
chr8	25532429	25557730	1	1	1	5	0	44
chr8	25555775	25557730	1	1	1	4	0	38
chr8	33386064	33386329	1	1	0	1	0	46
chr8	72219861	72219940	1	1	1	2	0	30
chr8	91688606	91932332	1	1	0	4	0	13
chr8	95100453	95100646	2	2	1	373	1	27
chr8	95100453	95101408	2	2	0	862	0	46
chr8	95100674	95101408	2	2	1	374	1	44
chr8	123268550	123268744	2	2	1	104	0	46
chr9	43027296	43040539	2	2	1	25	0	38
chr9	43027296	43042590	2	2	1	341	0	46
chr9	43029615	43042590	2	2	0	1	0	43
chr9	43040593	43042590	2	2	0	1	0	43
chr9	43040597	43042590	2	2	1	24	0	45
chr9	80093642	80098885	1	1	1	1399	0	26
chr9	80093642	80098892	1	1	0	41	0	14
chr9	80093642	80103693	1	1	1	8698	5	46
chr9	80093642	80103698	1	1	0	2	0	44
chr9	80098907	80103693	1	1	1	1440	1	24
chr9	114597607	114597794	2	2	1	328	0	38
chr9	114597607	114598704	2	2	0	336	0	43
chr9	114597831	114598704	2	2	1	325	0	38
chr10	88767593	88768634	2	2	1	1	0	37
chr11	26778879	26787397	2	2	0	0	1	13
chr11	79458907	79463232	1	1	1	41	0	42
chr11	79458907	79468716	1	1	1	69	0	42
chr11	79463296	79468716	1	1	1	41	0	41
chr11	94112147	94113262	1	1	1	28	0	24
chr11	94112147	94114172	1	1	1	310	0	32
chr11	94113302	94114172	1	1	1	28	0	39
chr11	102310577	102310925	2	2	1	134	0	42
chr11	102310577	102311379	2	2	1	344	0	46
chr11	102310577	102311403	2	2	0	2	0	21
chr11	102311037	102311379	2	2	1	132	0	45
chr11	102311037	102311403	2	2	0	1	0	21
chr12	65036469	65042460	1	1	1	1	0	12
chr12	71952560	71959805	1	1	1	215	0	44
chr12	83811361	83825258	2	2	1	177	0	33
chr12	83811361	83831921	2	2	1	206	0	41
chr12	83825292	83831921	2	2	1	178	0	34
chr12	113133338	113133447	1	1	0	1	0	42
chr12	113133338	113133495	1	1	0	10	0	45
chr12	113133338	113133540	1	1	1	280	1	38
chr12	113133338	113134186	1	1	0	1	0	35
chr12	113133338	113135796	1	1	1	755	0	29
chr12	113133577	113135796	1	1	1	278	1	29
chr12	113134231	113135796	1	1	0	1	0	29
chr13	46778994	46780625	2	2	1	771	0	41
chr13	46778994	46785245	2	2	1	2970	4	45
chr13	46780665	46785245	2	2	1	776	0	39
chr13	56084286	56089757	2	2	1	25	0	40
chr13	56084286	56096123	2	2	0	1	0	40
chr13	56089858	56096123	2	2	1	25	0	38
chr13	96634202	96634853	1	1	1	1	0	16
chr14	57643224	57643334	2	2	1	1	0	39
chr14	57643224	57648418	2	2	1	195	0	47
chr14	57643490	57648418	2	2	1	1	0	38
chr14	120389164	120395711	1	1	1	387	1	39
chr14	120389164	120395717	1	1	0	2	0	38
chr14	120389164	120396450	1	1	1	121	0	48
chr14	120395766	120396450	1	1	1	406	1	48
chr15	77102940	77105576	2	2	1	143	1	42
chr15	77102940	77112712	2	2	0	1	0	40
chr15	77102940	77113604	2	2	1	17	0	44
chr15	77105670	77113604	2	2	1	144	0	48
chr15	77112788	77113604	2	2	0	1	0	44
chr16	57178021	57181491	2	2	1	31	0	43
chr16	57178021	57182850	2	2	1	1156	0	44
chr16	57181537	57182850	2	2	1	31	0	44
chr16	94686604	94691580	1	1	1	2	0	45
chr17	12979205	13846588	1	1	0	12	0	12
chr17	13846640	13848354	1	1	1	492	0	22
chr17	13846640	13849107	1	1	1	13938	14	49
chr17	13846640	13849113	1	1	0	76	0	47
chr17	13848376	13849107	1	1	1	486	0	26
chr17	13848376	13849113	1	1	0	1	0	21
chr17	45570567	45570665	2	2	1	738	1	42
chr17	45570800	45571017	2	2	1	852	1	24
chr18	53948155	53948644	1	1	1	1780	2	28
chr18	53948155	53949213	1	1	0	1	0	35
chr18	53948155	53953244	1	1	1	12347	15	48
chr18	53948669	53953244	1	1	1	1780	2	26
chr18	53948945	53953244	1	1	0	1	0	31
chr18	53949263	53953244	1	1	0	1	0	37
chr18	64512050	64515325	2	2	1	1	0	16
chr18	64515409	64516415	2	2	1	2	0	30
chr19	7281256	7281797	2	4	1	154	0	38
chr19	7281256	7282725	2	2	1	461	0	36
chr19	7281960	7282725	2	2	1	165	0	35
