chr1	34295537	34296741	1	1	1	224	0	18
chr1	34295537	34299720	1	1	1	27	0	38
chr1	34296760	34299720	1	1	1	224	0	24
chr1	37885317	37890159	2	2	1	1	0	37
chr1	40010678	40011649	1	1	1	189	0	32
chr1	40010678	40011783	1	1	0	1	0	21
chr1	40010678	40011811	1	1	0	1	0	21
chr1	40010678	40014105	1	1	1	65	1	32
chr1	40011842	40014105	1	1	1	183	0	39
chr1	82735508	82741817	1	1	1	3	0	40
chr1	82735508	82747082	1	1	1	5	0	40
chr1	82735508	82750519	1	1	1	68	0	41
chr1	82741977	82750519	1	1	1	1	0	38
chr1	82747143	82750519	1	1	1	5	0	38
chr2	32292216	32293314	1	1	1	22	0	43
chr2	32292216	32296625	1	1	1	90	0	43
chr2	32293396	32296625	1	1	1	21	0	38
chr2	59932171	59933405	2	2	0	108	0	37
chr2	59932171	59933411	2	2	1	573	0	31
chr2	59932171	59933670	2	2	1	2	0	37
chr2	59933439	59933670	2	2	1	667	0	30
chr2	71849507	71853322	1	1	0	1	0	39
chr2	71849507	71853533	1	1	1	1232	1	43
chr2	71849507	71853820	1	1	0	3	0	37
chr2	71849507	71853875	1	1	0	1	0	15
chr2	71849507	71853890	1	1	0	1	0	39
chr2	71849507	71855853	1	1	1	2833	1	44
chr2	71849507	71855868	1	1	0	1	0	46
chr2	71853664	71855853	1	1	1	1250	1	43
chr2	71853664	71855868	1	1	0	3	0	46
chr2	71853891	71855853	1	1	0	4	0	40
chr2	71853948	71855853	1	1	0	1	0	40
chr2	75662926	75663570	1	1	1	6	0	36
chr2	91001089	91001461	1	1	1	965	1	34
chr2	91001089	91003299	1	1	0	2	0	33
chr2	91001511	91003210	1	1	1	958	1	35
chr2	91001511	91003299	1	1	0	1	0	46
chr2	91003238	91003810	1	1	0	4	0	27
chr2	91003346	91003810	1	1	1	18	0	36
chr2	91159300	91162027	2	2	0	1	0	41
chr2	91159306	91160316	2	2	1	313	2	47
chr2	91159306	91162027	2	2	1	633	3	47
chr2	91160371	91162027	2	2	1	313	2	39
chr2	91681696	91682025	2	2	1	1	0	50
chr2	91681696	91684668	2	2	1	298	0	50
chr2	91682110	91684668	2	2	0	1	0	38
chr2	153670448	153672215	1	1	1	4	0	50
chr2	168752741	168754433	2	2	1	3	0	44
chr3	8509631	8541840	1	1	1	2	0	4
chr3	60422418	60613472	1	1	0	0	7	15
chr3	60613521	60614682	1	1	1	1714	6	45
chr3	60613521	60614688	1	1	0	3	0	44
chr3	60613521	60615619	1	1	1	2072	4	45
chr3	60614737	60615619	1	1	1	1722	6	42
chr3	78904652	78918022	2	2	0	1	0	12
chr3	87733505	87734423	1	1	1	27	0	39
chr3	87733505	87735344	1	1	0	9	0	39
chr3	87734553	87735344	1	1	1	27	0	37
chr3	88483947	88484046	2	2	1	465	2	38
chr3	88484155	88484614	2	2	1	464	2	45
chr3	119724187	119724611	2	2	1	6979	3	34
chr3	119724187	119726065	2	2	1	16	0	29
chr3	119724247	119726065	2	2	0	1	0	38
chr3	119724646	119726065	2	2	1	7127	3	39
chr3	129825617	129826823	2	2	1	1	0	28
chr4	31992517	31994873	1	1	1	325	0	39
chr4	31992517	32002088	1	1	1	5009	2	49
chr4	31994955	32002088	1	1	1	321	0	49
chr4	107009769	107027216	1	1	1	16	0	38
chr4	107009769	107028192	1	1	1	180	0	42
chr4	107027298	107028192	1	1	1	18	0	42
chr4	107031092	107036935	1	1	1	2	0	29
chr5	23565266	23616326	2	2	1	1036	1	46
chr5	72958287	72965803	1	1	1	1	0	37
chr5	72958287	72974530	1	1	1	125	0	42
chr5	72965882	72974530	1	1	1	1	0	41
chr5	116477146	116482389	2	2	1	1	0	32
chr5	116482537	116591333	2	2	1	1292	2	50
chr5	149184807	149187707	1	1	1	22	0	44
chr5	149184807	149188344	1	1	1	777	1	45
chr5	149187835	149188344	1	1	1	1	0	39
chr5	149187877	149188344	1	1	1	19	0	39
chr6	47577668	47594893	2	2	1	1	0	24
chr6	98939789	98941535	2	2	1	201	1	45
chr6	98939789	98944618	2	2	0	23	0	45
chr6	98941658	98944618	2	2	1	202	1	37
chr6	125162102	125162211	2	2	1	508	15	43
chr6	128371086	128371967	1	1	1	4868	1	44
chr6	128371086	128371980	1	1	0	1	0	32
chr6	128371086	128372530	1	1	1	2	0	49
chr6	128371086	128372533	1	1	1	13	0	46
chr6	128372013	128372504	1	1	0	20	0	26
chr6	128372013	128372509	1	1	0	9	0	31
chr6	128372013	128372530	1	1	1	640	0	49
chr6	128372013	128372533	1	1	1	4143	1	46
chr6	128372013	128372536	1	1	0	1	0	43
chr6	128372013	128372539	1	1	0	1	0	40
chr6	128372018	128372530	1	1	0	7	0	49
chr6	128372018	128372533	1	1	0	55	0	46
chr7	67240441	67244520	2	2	1	247	1	24
chr7	67240441	67251656	2	2	1	1941	2	45
chr7	67244545	67251656	2	2	1	248	1	24
chr7	99849060	99858763	2	2	1	1	0	44
chr7	102001660	102002294	1	1	1	2103	0	43
chr7	102001660	102007485	1	1	1	520	0	44
chr7	102002310	102007485	1	1	0	3	0	15
chr7	102002337	102007485	1	1	1	2108	0	42
chr7	112839481	112841887	1	1	1	13	0	41
chr7	112839481	112842039	1	1	1	167	0	42
chr7	112839481	112856052	1	1	1	8	0	12
chr7	112839481	112856797	1	1	1	28	0	41
chr7	112839481	112856803	1	1	0	1	0	43
chr7	112841951	112856052	1	1	1	7	0	12
chr7	112842103	112856052	1	1	1	163	0	12
chr7	112842103	112856797	1	1	1	8	0	37
chr7	112856065	112856797	1	1	1	179	0	14
chr7	112856065	112856803	1	1	0	1	0	12
chr7	127980247	127981190	1	1	1	21	0	5
chr7	127981292	127981410	1	1	1	20	0	33
chr8	25532429	25557730	1	1	1	7	0	44
chr8	72219861	72219940	1	1	1	1	0	30
chr8	91688606	91932332	1	1	0	11	0	13
chr8	95100443	95100636	2	2	0	2	0	36
chr8	95100453	95100646	2	2	1	1361	0	31
chr8	95100453	95101408	2	2	0	164	0	46
chr8	95100674	95101408	2	2	1	1363	0	42
chr8	120569377	120570716	1	1	1	1	0	13
chr8	123268550	123268744	2	2	1	248	0	47
chr9	43027296	43040539	2	2	1	200	1	39
chr9	43027296	43042590	2	2	1	144	0	46
chr9	43040593	43042590	2	2	0	1	0	43
chr9	43040597	43042590	2	2	1	195	1	46
chr9	55500165	55512030	2	2	1	0	1	2
chr9	80093642	80098885	1	1	1	9038	4	44
chr9	80093642	80098892	1	1	0	177	0	19
chr9	80093642	80103693	1	1	1	260	0	44
chr9	80098907	80103693	1	1	1	9209	4	24
chr9	80098907	80103698	1	1	0	3	0	21
chr9	80099049	80103693	1	1	0	1	0	37
chr9	114597607	114597794	2	2	1	636	1	38
chr9	114597607	114598704	2	2	0	19	0	40
chr9	114597825	114598704	2	2	0	3	0	30
chr9	114597831	114598704	2	2	1	632	1	38
chr11	26725015	26787397	2	2	0	3	0	13
chr11	26778879	26787397	2	2	0	0	2	13
chr11	79458907	79463232	1	1	1	22	0	43
chr11	79458907	79468716	1	1	1	223	0	43
chr11	79463296	79468716	1	1	1	22	0	38
chr11	84994578	85005807	2	2	1	1	0	17
chr11	85005929	85006992	2	2	1	1	0	14
chr11	94112147	94113262	1	1	1	149	0	21
chr11	94112147	94114172	1	1	1	469	0	32
chr11	94113302	94114172	1	1	1	152	0	39
chr11	102310577	102310925	2	2	1	79	0	42
chr11	102310577	102311021	2	2	0	1	0	15
chr11	102310577	102311379	2	2	1	1046	0	46
chr11	102311037	102311379	2	2	1	78	0	45
chr12	71952560	71958746	1	1	1	70	0	27
chr12	71952560	71959805	1	1	1	67	0	43
chr12	71958774	71959805	1	1	1	70	0	33
chr12	83811361	83825258	2	2	1	64	0	33
chr12	83811361	83831921	2	2	1	541	0	41
chr12	83811744	83831921	2	2	0	1	0	38
chr12	83825292	83831921	2	2	1	64	0	33
chr12	112928622	113133308	1	1	0	0	4	13
chr12	113133338	113133495	1	1	0	162	22	45
chr12	113133338	113133540	1	1	1	2173	82	43
chr12	113133338	113135796	1	1	1	19	0	29
chr12	113133577	113134800	1	1	0	14	0	12
chr12	113133577	113135796	1	1	1	2259	104	29
chr12	113134813	113135796	1	1	0	14	0	12
chr13	46778994	46780545	2	2	0	1	0	40
chr13	46778994	46780625	2	2	1	949	0	40
chr13	46778994	46785245	2	2	1	3095	9	47
chr13	46780665	46785245	2	2	1	954	0	39
chr13	46780708	46785245	2	2	0	1	0	39
chr13	56084286	56089757	2	2	1	57	0	41
chr13	56084286	56096123	2	2	0	2	0	40
chr13	56089858	56096123	2	2	1	59	0	41
chr14	57643224	57643334	2	2	1	1	0	39
chr14	57643224	57648418	2	2	1	170	0	41
chr14	57643490	57648418	2	2	1	1	0	38
chr14	120389164	120395711	1	1	1	284	0	39
chr14	120389164	120395717	1	1	0	1	0	38
chr14	120389164	120396450	1	1	1	901	0	48
chr14	120395766	120396450	1	1	1	298	0	48
chr15	77102940	77105576	2	2	1	323	0	45
chr15	77102940	77112712	2	2	0	1	0	40
chr15	77102940	77113604	2	2	1	21	0	44
chr15	77105670	77113604	2	2	1	323	0	48
chr15	77112788	77113604	2	2	0	1	0	44
chr15	102484241	102485947	1	1	1	2	0	43
chr15	103242719	103243624	1	1	1	0	1	33
chr16	57178021	57181491	2	2	1	546	0	44
chr16	57178021	57182850	2	2	1	153	0	43
chr16	57181507	57182850	2	2	0	3	0	15
chr16	57181537	57182850	2	2	1	541	0	33
chr17	12979205	13846588	1	1	0	74	3	12
chr17	13846613	13848354	1	1	0	5	0	21
chr17	13846640	13848354	1	1	1	4867	12	22
chr17	13846640	13849107	1	1	1	5931	3	46
chr17	13846640	13849113	1	1	0	35	0	47
chr17	13848376	13849107	1	1	1	4867	12	41
chr17	13848376	13849113	1	1	0	10	0	21
chr17	45570567	45570665	2	2	1	628	4	42
chr17	45570800	45571017	2	2	1	715	4	24
chr18	53948155	53948644	1	1	1	12843	13	33
chr18	53948155	53953244	1	1	1	1992	1	43
chr18	53948155	53953268	1	1	0	1	0	40
chr18	53948666	53953244	1	1	0	6	0	21
chr18	53948669	53953244	1	1	1	12821	13	37
chr18	53948669	53953268	1	1	0	3	0	24
chr18	53948673	53953244	1	1	0	1	0	28
chr19	7281256	7281797	2	4	1	226	0	40
chr19	7281256	7282725	2	2	1	1621	0	36
chr19	7281960	7282725	2	2	1	231	0	35
chrX	20618052	20619973	1	1	1	1	0	42
chrX	73952667	73952825	2	2	1	1	0	10
