chr1	34295537	34295665	0	0	1	1	0	3
chr1	34295537	34296741	1	1	1	69	0	18
chr1	34295537	34299720	1	1	1	27	0	39
chr1	34296760	34299720	1	1	1	70	0	28
chr1	40010678	40011629	1	1	0	1	0	21
chr1	40010678	40011649	1	1	1	63	0	21
chr1	40010678	40011811	1	1	0	1	0	21
chr1	40010678	40014105	1	1	1	56	4	32
chr1	40011842	40014105	1	1	1	58	0	38
chr1	82735508	82741817	1	1	1	3	0	40
chr1	82735508	82747082	1	1	1	2	0	40
chr1	82735508	82750519	1	1	1	58	0	40
chr1	82747143	82750519	1	1	1	2	0	38
chr1	181906445	181908297	2	2	1	2	0	34
chr2	32292216	32293314	1	1	1	10	0	43
chr2	32292216	32296625	1	1	1	95	0	44
chr2	32293396	32296625	1	1	1	10	0	38
chr2	59932171	59933405	2	2	0	87	1	37
chr2	59932171	59933411	2	2	1	482	0	32
chr2	59933439	59933670	2	2	1	558	1	28
chr2	71849507	71853533	1	1	1	627	1	40
chr2	71849507	71853820	1	1	0	1	0	37
chr2	71849507	71853890	1	1	0	3	0	39
chr2	71849507	71855853	1	1	1	5335	4	46
chr2	71853664	71855853	1	1	1	653	1	41
chr2	71853664	71855868	1	1	0	1	0	46
chr2	71853891	71855853	1	1	0	1	0	40
chr2	71853948	71855853	1	1	0	3	0	42
chr2	75662926	75663570	1	1	1	7	0	39
chr2	91001089	91001461	1	1	1	460	1	25
chr2	91001089	91003299	1	1	0	4	0	33
chr2	91001511	91003210	1	1	1	451	1	25
chr2	91003238	91003810	1	1	0	2	0	27
chr2	91003346	91003810	1	1	1	13	0	36
chr2	91159300	91162027	2	2	0	1	0	41
chr2	91159306	91160316	2	2	1	202	1	47
chr2	91159306	91162027	2	2	1	496	1	47
chr2	91160371	91162027	2	2	1	204	1	38
chr2	91681696	91684668	2	2	1	156	0	50
chr2	153670448	153672215	1	1	1	3	1	50
chr2	153713625	153714954	1	1	1	0	1	50
chr3	60422418	60613472	1	1	0	0	4	15
chr3	60613521	60614682	1	1	1	1040	4	44
chr3	60613521	60615619	1	1	1	1290	2	45
chr3	60614737	60615619	1	1	1	1042	4	48
chr3	87733505	87734423	1	1	1	14	0	44
chr3	87733505	87735344	1	1	0	3	0	39
chr3	87734553	87735344	1	1	1	14	0	38
chr3	88483947	88484046	2	2	1	458	1	40
chr3	88484155	88484614	2	2	1	454	1	39
chr3	119724187	119724611	2	2	1	2898	0	34
chr3	119724187	119726065	2	2	1	17	0	29
chr3	119724646	119726065	2	2	1	2986	0	38
chr3	129825617	129826823	2	2	1	3	0	36
chr4	31992517	31994873	1	1	1	83	0	38
chr4	31992517	32002088	1	1	1	3310	2	49
chr4	31994955	32002088	1	1	1	82	0	48
chr4	107009769	107027216	1	1	1	19	0	38
chr4	107009769	107028192	1	1	1	110	0	41
chr4	107027298	107028192	1	1	1	20	0	42
chr4	107031092	107036935	1	1	1	1	0	29
chr4	139473637	139476130	1	1	1	2	0	8
chr5	23565266	23616326	2	2	1	865	0	46
chr5	72958287	72965803	1	1	1	2	0	37
chr5	72958287	72974530	1	1	1	80	0	42
chr5	72965882	72974530	1	1	1	2	0	41
chr5	116482537	116513708	2	2	0	1	0	32
chr5	116482537	116591333	2	2	1	829	2	50
chr5	121134147	121134735	2	2	1	1	0	35
chr5	149184807	149187707	1	1	1	13	0	43
chr5	149184807	149188344	1	1	1	566	1	45
chr5	149187835	149188344	1	1	1	2	0	39
chr5	149187877	149188344	1	1	1	11	0	39
chr6	39688346	39725106	2	2	1	1	0	8
chr6	47577668	47594893	2	2	1	1	0	34
chr6	98939789	98940994	2	2	1	1	0	45
chr6	98939789	98941535	2	2	1	147	0	46
chr6	98939789	98944618	2	2	0	17	0	46
chr6	98941165	98944618	2	2	0	1	0	36
chr6	98941658	98944618	2	2	1	147	0	47
chr6	125162102	125162211	2	2	1	257	12	36
chr6	128371086	128371967	1	1	1	2777	2	45
chr6	128371086	128372530	1	1	1	2	0	49
chr6	128371086	128372533	1	1	1	11	0	46
chr6	128372013	128372504	1	1	0	19	0	27
chr6	128372013	128372509	1	1	0	2	0	31
chr6	128372013	128372530	1	1	1	340	1	47
chr6	128372013	128372533	1	1	1	2375	1	46
chr6	128372013	128372536	1	1	0	1	0	43
chr6	128372013	128372539	1	1	0	1	0	40
chr6	128372018	128372530	1	1	0	8	0	49
chr6	128372018	128372533	1	1	0	33	0	46
chr7	67240441	67244520	2	2	1	192	0	24
chr7	67240441	67251656	2	2	1	1102	0	44
chr7	67244545	67251656	2	2	1	192	0	24
chr7	102001660	102002294	1	1	1	1113	2	43
chr7	102001660	102007485	1	1	1	624	0	47
chr7	102002337	102007485	1	1	1	1119	2	41
chr7	112839481	112841887	1	1	1	10	1	41
chr7	112839481	112842039	1	1	1	85	1	41
chr7	112839481	112856052	1	1	1	6	0	12
chr7	112839481	112856797	1	1	1	11	0	41
chr7	112841906	112842057	1	1	0	0	1	18
chr7	112841951	112856052	1	1	1	3	0	12
chr7	112842103	112856052	1	1	1	87	1	13
chr7	112842103	112856797	1	1	1	2	0	37
chr7	112856065	112856797	1	1	1	97	1	14
chr7	127980247	127981190	1	1	1	10	0	3
chr7	127981292	127981410	1	1	1	11	0	6
chr8	11423625	11423716	1	1	1	1	0	3
chr8	25532429	25555507	1	1	1	2	0	44
chr8	25532429	25557730	1	1	1	2	0	44
chr8	25555775	25557730	1	1	1	3	0	38
chr8	91688606	91932332	1	1	0	4	0	13
chr8	95100453	95100646	2	2	1	1301	0	46
chr8	95100453	95101408	2	2	0	179	0	46
chr8	95100674	95101408	2	2	1	1297	0	42
chr8	95100700	95101408	2	2	0	4	0	44
chr8	120569377	120570716	1	1	1	1	0	13
chr8	123268550	123268744	2	2	1	173	0	46
chr9	43027296	43040539	2	2	1	107	0	39
chr9	43027296	43042590	2	2	1	177	0	46
chr9	43040593	43042590	2	2	0	1	0	43
chr9	43040597	43042590	2	2	1	103	0	45
chr9	80093642	80098885	1	1	1	6793	3	30
chr9	80093642	80098892	1	1	0	140	0	14
chr9	80093642	80103693	1	1	1	194	0	45
chr9	80098907	80103693	1	1	1	6938	3	25
chr9	80100067	80103693	1	1	0	1	0	37
chr9	114597607	114597790	2	2	0	1	0	40
chr9	114597607	114597794	2	2	1	398	0	39
chr9	114597607	114598704	2	2	0	8	0	40
chr9	114597825	114598704	2	2	0	1	0	30
chr9	114597831	114598704	2	2	1	397	0	38
chr11	26778879	26787397	2	2	0	0	1	13
chr11	79458907	79463232	1	1	1	16	0	42
chr11	79458907	79468113	1	1	1	2	0	41
chr11	79458907	79468716	1	1	1	148	0	45
chr11	79463296	79468716	1	1	1	16	0	38
chr11	79468155	79468716	1	1	1	2	0	38
chr11	94112147	94113262	1	1	1	131	0	21
chr11	94112147	94114172	1	1	1	166	0	32
chr11	94113302	94114172	1	1	1	137	0	39
chr11	102310577	102310925	2	2	1	44	0	43
chr11	102310577	102311379	2	2	1	774	2	46
chr11	102311037	102311379	2	2	1	44	0	45
chr12	71952560	71958746	1	1	1	53	0	27
chr12	71952560	71959805	1	1	1	88	0	43
chr12	71958774	71959805	1	1	1	53	0	27
chr12	83811361	83825258	2	2	1	39	0	33
chr12	83811361	83831921	2	2	1	350	0	41
chr12	83825292	83831921	2	2	1	39	0	33
chr12	113133338	113133495	1	1	0	83	9	44
chr12	113133338	113133540	1	1	1	1753	42	43
chr12	113133338	113135796	1	1	1	14	0	29
chr12	113133577	113134800	1	1	0	8	0	12
chr12	113133577	113135796	1	1	1	1766	51	29
chr12	113134813	113135796	1	1	0	8	0	12
chr13	46778994	46780625	2	2	1	585	0	42
chr13	46778994	46785245	2	2	1	2308	5	46
chr13	46780665	46785245	2	2	1	586	0	40
chr13	56084286	56089757	2	2	1	30	0	40
chr13	56084286	56096123	2	2	0	1	0	40
chr13	56089858	56096123	2	2	1	29	0	41
chr14	57643224	57648418	2	2	1	127	0	47
chr14	120389164	120395711	1	1	1	142	0	39
chr14	120389164	120395717	1	1	0	1	0	38
chr14	120389164	120396450	1	1	1	589	1	48
chr14	120395766	120396450	1	1	1	150	0	48
chr15	77102940	77105576	2	2	1	154	0	40
chr15	77102940	77113604	2	2	1	18	0	48
chr15	77105670	77113604	2	2	1	155	0	48
chr15	103242719	103243624	1	1	1	2	1	33
chr16	57178021	57181491	2	2	1	259	0	43
chr16	57178021	57182850	2	2	1	109	0	43
chr16	57181507	57182850	2	2	0	1	0	15
chr16	57181537	57182850	2	2	1	254	0	37
chr16	84831508	84834808	2	2	1	1	0	44
chr17	12979205	13846588	1	1	0	51	3	12
chr17	13846613	13848354	1	1	0	8	0	21
chr17	13846640	13848306	1	1	0	1	0	38
chr17	13846640	13848354	1	1	1	4736	9	22
chr17	13846640	13848358	1	1	0	3	0	17
chr17	13846640	13849107	1	1	1	2811	2	44
chr17	13846640	13849113	1	1	0	5	0	47
chr17	13848376	13849107	1	1	1	4728	9	41
chr17	13848376	13849113	1	1	0	15	0	21
chr17	45570567	45570665	2	2	1	514	2	39
chr17	45570800	45571017	2	2	1	574	3	24
chr17	56578845	56578920	2	2	1	1	0	31
chr17	56578986	56582983	2	2	1	1	0	42
chr18	53948155	53948644	1	1	1	12728	8	33
chr18	53948155	53948651	1	1	0	1	0	17
chr18	53948155	53953244	1	1	1	1554	2	43
chr18	53948666	53953244	1	1	0	10	0	21
chr18	53948669	53953244	1	1	1	12708	6	37
chr18	53948669	53953268	1	1	0	1	0	24
chr18	53948673	53953244	1	1	0	3	0	28
chr18	64515409	64516415	2	2	1	1	0	37
chr19	7281256	7281797	2	4	1	202	0	39
chr19	7281256	7282725	2	2	1	1362	1	36
chr19	7281960	7282725	2	2	1	215	1	35
