chr1	34295537	34296741	1	1	1	96	0	18
chr1	34295537	34299720	1	1	1	79	0	39
chr1	34296760	34299720	1	1	1	96	0	19
chr1	40010678	40011649	1	1	1	116	0	21
chr1	40010678	40011783	1	1	0	1	0	21
chr1	40010678	40011811	1	1	0	2	0	21
chr1	40010678	40014105	1	1	1	47	0	32
chr1	40011842	40014105	1	1	1	116	0	38
chr1	82735508	82747082	1	1	1	5	0	40
chr1	82735508	82750519	1	1	1	79	0	40
chr1	82747143	82750519	1	1	1	5	0	38
chr2	32292216	32293314	1	1	1	10	0	43
chr2	32292216	32296625	1	1	1	159	0	43
chr2	32293396	32296625	1	1	1	10	0	38
chr2	59926161	59932104	2	2	1	2	0	23
chr2	59932171	59933405	2	2	0	80	0	37
chr2	59932171	59933411	2	2	1	465	2	32
chr2	59932171	59933670	2	2	1	5	0	38
chr2	59933439	59933670	2	2	1	534	2	31
chr2	71849507	71853533	1	1	1	366	0	43
chr2	71849507	71853890	1	1	0	4	0	39
chr2	71849507	71855853	1	1	1	5974	7	42
chr2	71849507	71855868	1	1	0	5	0	46
chr2	71853664	71855853	1	1	1	377	0	43
chr2	71853948	71855853	1	1	0	4	0	40
chr2	75662926	75663570	1	1	1	2	1	25
chr2	91001089	91001461	1	1	1	772	0	34
chr2	91001511	91003210	1	1	1	764	0	23
chr2	91001511	91003299	1	1	0	2	0	46
chr2	91003346	91003810	1	1	1	19	0	36
chr2	91159306	91160316	2	2	1	260	1	47
chr2	91159306	91162027	2	2	1	609	1	47
chr2	91159320	91162027	2	2	0	1	0	40
chr2	91160371	91162027	2	2	1	259	1	44
chr2	91681696	91682025	2	2	1	1	0	50
chr2	91681696	91684668	2	2	1	256	0	50
chr2	91682137	91684668	2	2	1	1	0	38
chr2	153670448	153672215	1	1	1	4	0	50
chr3	60613521	60614682	1	1	1	1257	0	45
chr3	60613521	60615619	1	1	1	576	0	46
chr3	60614737	60615619	1	1	1	1268	0	40
chr3	78910078	78918024	2	2	0	0	1	15
chr3	87733505	87734423	1	1	1	8	0	39
chr3	87733505	87735344	1	1	0	14	0	39
chr3	87734553	87735344	1	1	1	8	0	37
chr3	88483947	88484046	2	2	1	313	3	39
chr3	88483947	88484614	2	2	0	1	0	38
chr3	88484149	88484614	2	2	0	1	0	38
chr3	88484155	88484614	2	2	1	312	4	43
chr3	88484666	88537145	2	2	0	0	2	12
chr3	119724187	119724611	2	2	1	6116	2	34
chr3	119724187	119726065	2	2	1	34	0	29
chr3	119724646	119726065	2	2	1	6293	2	38
chr3	119726116	119820407	2	2	0	2	0	13
chr4	31992517	31994873	1	1	1	324	1	39
chr4	31992517	32002088	1	1	1	3453	5	49
chr4	31994955	32002088	1	1	1	324	1	49
chr4	107009769	107027216	1	1	1	19	0	38
chr4	107009769	107028192	1	1	1	86	3	42
chr4	107027298	107028192	1	1	1	23	0	41
chr5	23565266	23616326	2	2	1	1054	0	46
chr5	72958287	72965803	1	1	1	1	0	37
chr5	72958287	72974530	1	1	1	93	0	42
chr5	72965882	72974530	1	1	1	1	0	41
chr5	74540990	74542008	1	1	1	1	0	15
chr5	116482537	116483887	2	2	0	2	0	50
chr5	116482537	116591333	2	2	1	782	6	50
chr5	149184807	149187707	1	1	1	21	0	43
chr5	149184807	149188344	1	1	1	509	3	45
chr5	149184894	149188344	1	1	0	1	0	39
chr5	149187835	149188344	1	1	1	4	0	39
chr5	149187877	149188344	1	1	1	17	0	39
chr6	47577668	47594893	2	2	1	1	0	26
chr6	98939789	98941535	2	2	1	135	1	47
chr6	98939789	98944618	2	2	0	29	0	45
chr6	98941658	98944618	2	2	1	135	1	36
chr6	125162102	125162211	2	2	1	350	16	36
chr6	128371077	128371967	1	1	0	1	0	43
chr6	128371086	128371967	1	1	1	3398	2	43
chr6	128371086	128372530	1	1	1	3	0	49
chr6	128371086	128372533	1	1	1	19	0	46
chr6	128371086	128372536	1	1	0	1	0	43
chr6	128372013	128372504	1	1	0	13	0	26
chr6	128372013	128372509	1	1	0	6	0	31
chr6	128372013	128372530	1	1	1	447	1	49
chr6	128372013	128372533	1	1	1	2879	1	46
chr6	128372018	128372530	1	1	0	7	0	49
chr6	128372018	128372533	1	1	0	39	0	46
chr6	128372208	128372533	1	1	0	2	0	46
chr7	51708182	51747461	2	2	0	1	1	13
chr7	67240441	67244520	2	2	1	188	0	24
chr7	67240441	67251656	2	2	1	1491	2	45
chr7	67244545	67251656	2	2	1	188	0	24
chr7	101973352	102001612	1	1	0	1	0	12
chr7	102001660	102002294	1	1	1	1041	0	43
chr7	102001660	102007485	1	1	1	1130	0	44
chr7	102002337	102007485	1	1	1	1042	0	42
chr7	102003812	102007485	1	1	0	1	0	38
chr7	112839481	112841887	1	1	1	7	1	41
chr7	112839481	112842039	1	1	1	153	1	42
chr7	112839481	112856052	1	1	1	1	0	12
chr7	112839481	112856797	1	1	1	2	0	41
chr7	112841906	112842057	1	1	0	0	1	18
chr7	112842103	112856052	1	1	1	152	1	12
chr7	112842103	112856797	1	1	1	5	0	37
chr7	112856065	112856797	1	1	1	152	1	12
chr7	112856065	112856803	1	1	0	1	0	12
chr7	123124716	123143749	1	1	1	1	0	35
chr7	127972305	127972553	1	1	1	1	0	10
chr7	127980247	127981190	1	1	1	7	0	2
chr7	127981292	127981410	1	1	1	11	0	6
chr8	25532429	25555507	1	1	1	1	0	44
chr8	25555775	25557730	1	1	1	3	0	38
chr8	91688606	91932332	1	1	0	3	1	13
chr8	95100453	95100646	2	2	1	975	1	31
chr8	95100453	95101408	2	2	0	277	0	46
chr8	95100674	95101408	2	2	1	975	1	44
chr8	121628690	121651724	2	2	1	1	0	21
chr8	123268550	123268744	2	2	1	201	1	48
chr9	43027296	43040539	2	2	1	114	0	39
chr9	43027296	43042590	2	2	1	206	0	46
chr9	43040597	43042590	2	2	1	114	0	46
chr9	80093642	80098885	1	1	1	7364	8	26
chr9	80093642	80098892	1	1	0	166	0	14
chr9	80093642	80103693	1	1	1	343	0	45
chr9	80098907	80101831	1	1	0	1	0	21
chr9	80098907	80103693	1	1	1	7529	8	29
chr9	80098907	80103698	1	1	0	2	0	21
chr9	80101891	80103693	1	1	0	1	0	37
chr9	114597607	114597794	2	2	1	560	0	38
chr9	114597607	114598704	2	2	0	8	0	41
chr9	114597825	114598704	2	2	0	4	0	30
chr9	114597831	114598704	2	2	1	555	0	36
chr11	79458907	79463232	1	1	1	15	0	42
chr11	79458907	79468113	1	1	1	1	0	41
chr11	79458907	79468716	1	1	1	173	0	42
chr11	79463296	79468716	1	1	1	15	0	39
chr11	79468155	79468716	1	1	1	1	0	38
chr11	83497297	83497893	1	1	1	1	0	33
chr11	83497927	83499072	1	1	1	1	0	33
chr11	94112147	94113262	1	1	1	89	0	21
chr11	94112147	94114172	1	1	1	687	0	32
chr11	94113302	94114172	1	1	1	93	0	39
chr11	102310577	102310925	2	2	1	43	0	49
chr11	102310577	102311379	2	2	1	809	0	46
chr11	102311037	102311379	2	2	1	44	0	45
chr12	71952560	71958746	1	1	1	91	0	27
chr12	71952560	71959805	1	1	1	70	0	43
chr12	71958774	71959805	1	1	1	91	0	27
chr12	83811361	83825258	2	2	1	78	0	37
chr12	83811361	83831921	2	2	1	462	0	44
chr12	83825292	83831921	2	2	1	76	0	33
chr12	83825319	83831921	2	2	0	3	0	38
chr12	113133338	113133495	1	1	0	114	10	43
chr12	113133338	113133540	1	1	1	1809	42	39
chr12	113133338	113135796	1	1	1	32	0	29
chr12	113133577	113134761	1	1	0	1	0	21
chr12	113133577	113134800	1	1	0	6	0	12
chr12	113133577	113135796	1	1	1	1859	52	29
chr12	113134813	113135796	1	1	0	8	0	29
chr13	46778994	46780625	2	2	1	249	0	40
chr13	46778994	46785245	2	2	1	2163	3	47
chr13	46780665	46785245	2	2	1	250	0	43
chr13	56084286	56089757	2	2	1	54	0	40
chr13	56084286	56096123	2	2	0	2	0	40
chr13	56089858	56096123	2	2	1	54	0	41
chr14	57643224	57643334	2	2	1	1	0	40
chr14	57643224	57648418	2	2	1	118	0	47
chr14	57643490	57648418	2	2	1	1	0	38
chr14	120389164	120395711	1	1	1	257	1	44
chr14	120389164	120396450	1	1	1	263	0	48
chr14	120395766	120396450	1	1	1	267	1	48
chr15	77102940	77105576	2	2	1	263	0	43
chr15	77102940	77113604	2	2	1	11	0	48
chr15	77105670	77113604	2	2	1	263	0	48
chr16	57178021	57181491	2	2	1	384	0	45
chr16	57178021	57182850	2	2	1	367	1	44
chr16	57178054	57181491	2	2	0	1	0	13
chr16	57181537	57182850	2	2	1	379	0	34
chr17	12979205	13846588	1	1	0	71	2	12
chr17	13846640	13848354	1	1	1	2313	1	22
chr17	13846640	13849107	1	1	1	5114	4	48
chr17	13846640	13849113	1	1	0	9	0	47
chr17	13848376	13849107	1	1	1	2310	1	26
chr17	13848376	13849113	1	1	0	5	0	21
chr17	45570567	45570665	2	2	1	405	0	39
chr17	45570800	45571017	2	2	1	423	0	21
chr17	56578845	56578920	2	2	1	1	0	31
chr17	56578986	56582983	2	2	1	1	0	33
chr18	53948155	53948644	1	1	1	10705	5	28
chr18	53948155	53948651	1	1	0	3	0	17
chr18	53948155	53953244	1	1	1	2737	0	43
chr18	53948666	53953244	1	1	0	5	0	21
chr18	53948669	53953244	1	1	1	10687	5	37
chr18	53948669	53953268	1	1	0	3	0	24
chr19	7281256	7281797	2	4	1	213	0	40
chr19	7281256	7282725	2	2	1	1158	0	36
chr19	7281960	7282725	2	2	1	221	0	35
