chr1	34295537	34296741	1	1	1	96	0	20
chr1	34295537	34299720	1	1	1	18	0	38
chr1	34296760	34299720	1	1	1	96	0	18
chr1	40010678	40011649	1	1	1	66	0	21
chr1	40010678	40011811	1	1	0	1	0	21
chr1	40010678	40014105	1	1	1	28	0	32
chr1	40011842	40014105	1	1	1	66	0	37
chr1	58565955	58586211	2	2	1	2	0	49
chr1	82735508	82747082	1	1	1	1	0	40
chr1	82735508	82750519	1	1	1	38	0	40
chr1	82747143	82750519	1	1	1	1	0	38
chr2	30066894	30068268	1	1	1	1	0	20
chr2	32292216	32293314	1	1	1	15	0	43
chr2	32292216	32296625	1	1	1	89	0	43
chr2	32293396	32296625	1	1	1	15	0	38
chr2	59926161	59932104	2	2	1	2	0	23
chr2	59932171	59933405	2	2	0	53	0	33
chr2	59932171	59933411	2	2	1	344	1	31
chr2	59932171	59933670	2	2	1	2	0	33
chr2	59933439	59933670	2	2	1	389	1	28
chr2	71849507	71853533	1	1	1	501	1	40
chr2	71849507	71853875	1	1	0	1	0	15
chr2	71849507	71853890	1	1	0	1	0	39
chr2	71849507	71855853	1	1	1	2021	1	43
chr2	71849507	71855868	1	1	0	2	0	46
chr2	71853664	71855853	1	1	1	518	1	41
chr2	71853891	71855853	1	1	0	1	0	15
chr2	71853948	71855853	1	1	0	1	0	40
chr2	75662926	75663570	1	1	1	6	0	38
chr2	91001089	91001461	1	1	1	461	0	24
chr2	91001511	91003210	1	1	1	443	0	20
chr2	91001511	91003299	1	1	0	2	0	46
chr2	91003346	91003810	1	1	1	12	0	36
chr2	91159300	91162027	2	2	0	1	0	41
chr2	91159306	91160316	2	2	1	214	0	47
chr2	91159306	91162027	2	2	1	210	0	47
chr2	91160371	91162027	2	2	1	214	0	43
chr2	91681696	91684668	2	2	1	161	0	50
chr2	153670448	153672215	1	1	1	1	0	50
chr3	60613521	60614682	1	1	1	953	2	46
chr3	60613521	60615619	1	1	1	914	3	45
chr3	60614737	60615619	1	1	1	953	2	38
chr3	87733505	87734423	1	1	1	11	0	39
chr3	87733505	87735344	1	1	0	8	0	39
chr3	87734553	87735344	1	1	1	11	0	37
chr3	88483947	88484046	2	2	1	311	0	38
chr3	88483947	88484614	2	2	0	2	0	38
chr3	88484155	88484614	2	2	1	306	0	42
chr3	119724187	119724611	2	2	1	3929	2	34
chr3	119724187	119726065	2	2	1	10	0	29
chr3	119724646	119726065	2	2	1	4016	2	38
chr3	129825617	129826823	2	2	1	2	0	11
chr4	31992517	31994873	1	1	1	181	0	43
chr4	31992517	32002055	1	1	0	2	0	38
chr4	31992517	32002088	1	1	1	2692	5	49
chr4	31994955	32002088	1	1	1	180	0	49
chr4	107009769	107027216	1	1	1	11	0	38
chr4	107009769	107028192	1	1	1	85	0	43
chr4	107027298	107028192	1	1	1	11	0	41
chr4	139473637	139476130	1	1	1	4	0	8
chr5	23565266	23567263	2	2	0	1	0	37
chr5	23565266	23616326	2	2	1	423	1	46
chr5	23567323	23616326	2	2	0	1	0	45
chr5	72958287	72965803	1	1	1	1	0	37
chr5	72958287	72974530	1	1	1	79	0	43
chr5	72965882	72974530	1	1	1	1	0	41
chr5	105862938	105949991	1	1	0	2	0	13
chr5	116477146	116482389	2	2	1	1	0	33
chr5	116482537	116591333	2	2	1	713	2	50
chr5	122284910	122308130	1	1	1	1	0	33
chr5	149184807	149187707	1	1	1	4	0	43
chr5	149184807	149188344	1	1	1	412	4	45
chr5	149187877	149188344	1	1	1	4	0	39
chr6	47577668	47594893	2	2	1	1	0	26
chr6	51464212	51464427	2	2	1	1	0	9
chr6	98939789	98941535	2	2	1	126	0	46
chr6	98939789	98944618	2	2	0	15	0	45
chr6	98941658	98944618	2	2	1	126	0	36
chr6	125162102	125162211	2	2	1	254	9	36
chr6	128371086	128371967	1	1	1	2391	0	43
chr6	128371086	128372530	1	1	1	3	0	49
chr6	128371086	128372533	1	1	1	11	0	46
chr6	128372013	128372504	1	1	0	12	0	26
chr6	128372013	128372509	1	1	0	5	0	31
chr6	128372013	128372530	1	1	1	300	0	49
chr6	128372013	128372533	1	1	1	2042	0	46
chr6	128372013	128372536	1	1	0	1	0	43
chr6	128372018	128372530	1	1	0	2	0	49
chr6	128372018	128372533	1	1	0	27	0	46
chr7	4633344	4633468	2	2	1	1	0	24
chr7	67240441	67244520	2	2	1	98	0	40
chr7	67240441	67251656	2	2	1	884	0	45
chr7	67244545	67251656	2	2	1	97	0	24
chr7	67244580	67251656	2	2	0	1	0	38
chr7	101288340	102001612	1	3	0	5	0	12
chr7	102001660	102002294	1	1	1	1288	1	43
chr7	102001660	102007485	1	1	1	494	1	44
chr7	102001665	102002300	1	1	0	0	1	37
chr7	102002310	102007485	1	1	0	1	0	15
chr7	102002337	102007485	1	1	1	1300	1	41
chr7	112839481	112841887	1	1	1	4	0	41
chr7	112839481	112842039	1	1	1	118	0	41
chr7	112839481	112856052	1	1	1	3	0	12
chr7	112839481	112856797	1	1	1	14	1	41
chr7	112841951	112856052	1	1	1	1	0	12
chr7	112842103	112856052	1	1	1	119	0	12
chr7	112842103	112856797	1	1	1	2	0	37
chr7	112856065	112856797	1	1	1	123	0	12
chr7	127980247	127981190	1	1	1	2	0	2
chr7	127981292	127981410	1	1	1	2	0	6
chr8	25532429	25557730	1	1	1	4	0	44
chr8	46207621	46208397	2	2	1	1	0	31
chr8	91688606	91932332	1	1	0	4	0	13
chr8	95100443	95100636	2	2	0	1	0	36
chr8	95100453	95100646	2	2	1	729	0	31
chr8	95100453	95101408	2	2	0	136	0	46
chr8	95100674	95101408	2	2	1	730	0	42
chr8	121628690	121651724	2	2	1	1	0	20
chr8	123268550	123268744	2	2	1	164	1	47
chr9	43027296	43029555	2	2	0	1	0	18
chr9	43027296	43040539	2	2	1	68	0	39
chr9	43027296	43042590	2	2	1	87	0	46
chr9	43029574	43040539	2	2	0	1	0	18
chr9	43040597	43042590	2	2	1	68	0	45
chr9	80093642	80098885	1	1	1	5571	7	26
chr9	80093642	80098892	1	1	0	148	0	19
chr9	80093642	80103693	1	1	1	202	0	45
chr9	80098907	80101831	1	1	0	2	0	21
chr9	80098907	80103693	1	1	1	5718	7	29
chr9	80098907	80103698	1	1	0	2	0	21
chr9	80101891	80103693	1	1	0	2	0	37
chr9	114597607	114597794	2	2	1	312	0	38
chr9	114597607	114598704	2	2	0	14	0	42
chr9	114597825	114598704	2	2	0	3	0	30
chr9	114597831	114598704	2	2	1	307	0	36
chr11	26778879	26787397	2	2	0	0	2	13
chr11	79458907	79463232	1	1	1	8	0	43
chr11	79458907	79468716	1	1	1	151	0	43
chr11	79463296	79468716	1	1	1	8	0	39
chr11	94112147	94113262	1	1	1	90	0	21
chr11	94112147	94114172	1	1	1	192	0	32
chr11	94113302	94114172	1	1	1	92	0	39
chr11	102310577	102310925	2	2	1	41	0	42
chr11	102310577	102311379	2	2	1	600	1	46
chr11	102311037	102311379	2	2	1	41	0	45
chr12	71952560	71958746	1	1	1	39	0	27
chr12	71952560	71959805	1	1	1	40	0	43
chr12	71958774	71959805	1	1	1	39	0	27
chr12	83811361	83811669	2	2	0	1	0	37
chr12	83811361	83825258	2	2	1	57	0	33
chr12	83811361	83831921	2	2	1	284	0	41
chr12	83811744	83831921	2	2	0	1	0	38
chr12	83825292	83831921	2	2	1	57	0	33
chr12	113133338	113133495	1	1	0	99	10	44
chr12	113133338	113133540	1	1	1	1571	41	43
chr12	113133338	113135796	1	1	1	17	0	29
chr12	113133577	113134186	1	1	0	1	0	28
chr12	113133577	113134800	1	1	0	8	0	12
chr12	113133577	113135796	1	1	1	1627	51	29
chr12	113134231	113135796	1	1	0	1	0	29
chr12	113134813	113135796	1	1	0	8	0	12
chr13	46778994	46780625	2	2	1	456	2	43
chr13	46778994	46785245	2	2	1	1852	2	49
chr13	46780665	46785245	2	2	1	455	2	39
chr13	56084286	56089757	2	2	1	44	0	40
chr13	56089858	56096123	2	2	1	45	0	41
chr14	57643224	57643334	2	2	1	1	0	39
chr14	57643224	57648418	2	2	1	96	0	39
chr14	57643490	57648418	2	2	1	1	0	38
chr14	120389164	120395711	1	1	1	158	2	39
chr14	120389164	120396450	1	1	1	393	0	48
chr14	120395766	120396450	1	1	1	163	2	48
chr15	77102940	77105576	2	2	1	143	0	40
chr15	77102940	77113604	2	2	1	9	0	44
chr15	77105670	77113604	2	2	1	142	0	48
chr16	57178021	57181491	2	2	1	208	1	44
chr16	57178021	57182850	2	2	1	69	0	43
chr16	57181537	57182850	2	2	1	206	1	44
chr16	84831508	84834808	2	2	1	1	0	44
chr17	12979205	13846588	1	1	0	34	0	12
chr17	13846613	13848354	1	1	0	1	0	21
chr17	13846640	13848354	1	1	1	3970	4	24
chr17	13846640	13849107	1	1	1	3566	8	50
chr17	13846640	13849113	1	1	0	29	0	47
chr17	13848376	13849107	1	1	1	3966	4	29
chr17	13848376	13849113	1	1	0	8	0	21
chr17	45570567	45570665	2	2	1	396	2	37
chr17	45570800	45571017	2	2	1	444	1	24
chr17	51783067	51785528	2	2	1	1	0	40
chr17	51785641	51803430	2	2	1	1	0	14
chr18	53948155	53948644	1	1	1	9287	7	28
chr18	53948155	53953244	1	1	1	1325	2	42
chr18	53948666	53953244	1	1	0	4	0	21
chr18	53948669	53953244	1	1	1	9273	7	37
chr18	53948669	53953268	1	1	0	1	0	24
chr18	53949263	53953244	1	1	0	1	0	37
chr19	7281256	7281797	2	4	1	182	1	39
chr19	7281256	7282725	2	2	1	890	0	36
chr19	7281960	7282725	2	2	1	187	1	31
chrX	73952667	73952825	2	2	1	3	0	10
