chr1	34295537	34296741	1	1	1	60	0	18
chr1	34295537	34299720	1	1	1	27	0	39
chr1	34296760	34299720	1	1	1	60	0	19
chr1	40010678	40011649	1	1	1	114	1	28
chr1	40010678	40011787	1	1	0	1	0	21
chr1	40010678	40011811	1	1	0	3	0	21
chr1	40010678	40014105	1	1	1	55	0	32
chr1	40011842	40014105	1	1	1	117	1	37
chr1	55088413	55089050	1	1	1	1	0	30
chr1	82735508	82741817	1	1	1	3	0	40
chr1	82735508	82741934	1	1	0	1	0	40
chr1	82735508	82747082	1	1	1	2	0	40
chr1	82735508	82750519	1	1	1	52	0	40
chr1	82747143	82750519	1	1	1	4	0	38
chr2	32292216	32293314	1	1	1	7	0	43
chr2	32292216	32296625	1	1	1	107	0	43
chr2	32293396	32296625	1	1	1	7	0	38
chr2	59926161	59932104	2	2	1	3	0	21
chr2	59932171	59933405	2	2	0	55	0	37
chr2	59932171	59933411	2	2	1	306	0	31
chr2	59932171	59933670	2	2	1	3	0	39
chr2	59933439	59933670	2	2	1	354	0	28
chr2	71849507	71853533	1	1	1	562	0	41
chr2	71849507	71855853	1	1	1	6115	6	46
chr2	71849507	71855868	1	1	0	2	0	46
chr2	71853664	71855853	1	1	1	573	0	41
chr2	75662926	75663570	1	1	1	4	0	40
chr2	75663715	75665027	1	1	1	1	0	36
chr2	91001089	91001461	1	1	1	599	0	24
chr2	91001089	91003299	1	1	0	2	0	33
chr2	91001511	91003210	1	1	1	602	0	27
chr2	91003238	91003810	1	1	0	6	0	27
chr2	91003346	91003810	1	1	1	23	0	36
chr2	91159300	91162027	2	2	0	1	0	41
chr2	91159306	91160316	2	2	1	208	1	47
chr2	91159306	91162027	2	2	1	453	1	47
chr2	91160371	91162027	2	2	1	201	2	42
chr2	91681696	91684668	2	2	1	228	0	50
chr2	153670448	153672215	1	1	1	2	0	50
chr3	60613521	60614682	1	1	1	1237	4	45
chr3	60613521	60615619	1	1	1	528	1	45
chr3	60614737	60615619	1	1	1	1240	4	39
chr3	87733505	87734423	1	1	1	11	0	39
chr3	87733505	87735344	1	1	0	9	0	39
chr3	87734553	87735344	1	1	1	11	0	37
chr3	88483947	88484046	2	2	1	292	0	38
chr3	88483947	88484614	2	2	0	1	0	38
chr3	88484155	88484614	2	2	1	290	0	41
chr3	119724187	119724611	2	2	1	5662	0	34
chr3	119724187	119726065	2	2	1	19	0	29
chr3	119724646	119726065	2	2	1	5814	0	38
chr3	119726116	120643502	2	2	0	5	0	13
chr3	129825617	129826823	2	2	1	2	0	36
chr4	31992517	31994873	1	1	1	282	0	39
chr4	31992517	32002088	1	1	1	3015	3	49
chr4	31994955	32002088	1	1	1	280	0	49
chr4	107009769	107027216	1	1	1	20	0	39
chr4	107009769	107028192	1	1	1	98	0	42
chr4	107027298	107028192	1	1	1	22	0	41
chr4	139473637	139476130	1	1	1	2	0	8
chr5	23565266	23616326	2	2	1	807	1	46
chr5	72958287	72965803	1	1	1	1	0	37
chr5	72958287	72974530	1	1	1	110	1	45
chr5	72965882	72974530	1	1	1	1	0	41
chr5	116482537	116591333	2	2	1	632	4	50
chr5	149184807	149187707	1	1	1	16	0	44
chr5	149184807	149188344	1	1	1	529	1	44
chr5	149187835	149188344	1	1	1	3	0	39
chr5	149187877	149188344	1	1	1	13	0	39
chr6	72634233	72648800	2	2	1	1	0	37
chr6	72634233	72649119	2	2	1	1	0	40
chr6	72648843	72649119	2	2	1	1	0	40
chr6	98939789	98941535	2	2	1	112	0	45
chr6	98939789	98944618	2	2	0	9	0	45
chr6	98941658	98944618	2	2	1	112	0	36
chr6	125162102	125162211	2	2	1	243	7	40
chr6	128371086	128371967	1	1	1	3680	2	45
chr6	128371086	128372530	1	1	1	2	0	49
chr6	128371086	128372533	1	1	1	19	0	46
chr6	128372013	128372504	1	1	0	17	0	26
chr6	128372013	128372509	1	1	0	3	0	31
chr6	128372013	128372530	1	1	1	415	0	47
chr6	128372013	128372533	1	1	1	3199	2	46
chr6	128372013	128372536	1	1	0	2	0	43
chr6	128372013	128372539	1	1	0	1	0	40
chr6	128372018	128372533	1	1	0	35	0	46
chr6	128372018	128372536	1	1	0	2	0	43
chr6	128372018	128372539	1	1	0	1	0	40
chr7	25724845	25725923	2	2	1	1	0	37
chr7	67240441	67244520	2	2	1	192	0	40
chr7	67240441	67251656	2	2	1	1130	0	44
chr7	67244545	67251656	2	2	1	191	0	24
chr7	67244580	67251656	2	2	0	1	0	37
chr7	102001660	102002294	1	1	1	800	0	43
chr7	102001660	102007485	1	1	1	640	0	44
chr7	102002337	102007485	1	1	1	805	0	42
chr7	102003812	102007485	1	1	0	1	0	38
chr7	112839481	112841887	1	1	1	3	0	41
chr7	112839481	112842039	1	1	1	106	0	41
chr7	112841951	112856052	1	1	1	1	0	12
chr7	112841951	112856797	1	1	0	1	0	37
chr7	112842103	112856052	1	1	1	97	0	12
chr7	112842103	112856797	1	1	1	7	0	37
chr7	112856065	112856797	1	1	1	99	0	12
chr7	127980247	127981190	1	1	1	9	0	5
chr7	127981292	127981410	1	1	1	8	0	6
chr8	25532429	25557730	1	1	1	2	0	44
chr8	91688606	91932332	1	1	0	6	0	13
chr8	95100453	95100646	2	2	1	915	4	31
chr8	95100453	95101408	2	2	0	226	0	46
chr8	95100674	95101408	2	2	1	915	4	44
chr8	95101447	95139983	2	2	0	0	3	15
chr8	123268550	123268744	2	2	1	154	1	46
chr9	43027296	43040539	2	2	1	103	0	38
chr9	43027296	43042590	2	2	1	162	0	45
chr9	43040597	43042590	2	2	1	103	0	46
chr9	52069779	52073153	1	1	1	1	0	43
chr9	80093642	80098885	1	1	1	6447	2	26
chr9	80093642	80098892	1	1	0	165	0	14
chr9	80093642	80103693	1	1	1	249	0	45
chr9	80098907	80099016	1	1	0	1	0	21
chr9	80098907	80103693	1	1	1	6612	2	24
chr9	80098907	80103698	1	1	0	1	0	21
chr9	80099049	80103693	1	1	0	1	0	37
chr9	114597607	114597794	2	2	1	395	0	38
chr9	114597607	114598704	2	2	0	19	0	40
chr9	114597825	114598704	2	2	0	5	0	30
chr9	114597831	114598704	2	2	1	389	0	38
chr11	79458907	79463232	1	1	1	12	0	42
chr11	79458907	79468716	1	1	1	104	0	43
chr11	79463296	79468716	1	1	1	11	0	39
chr11	94112147	94113262	1	1	1	63	0	21
chr11	94112147	94114172	1	1	1	421	0	32
chr11	94113302	94114172	1	1	1	66	0	39
chr11	102310577	102310925	2	2	1	55	0	42
chr11	102310577	102311021	2	2	0	1	0	15
chr11	102310577	102311379	2	2	1	707	0	46
chr11	102310577	102311403	2	2	0	1	0	21
chr11	102311037	102311379	2	2	1	55	0	45
chr12	71952560	71958746	1	1	1	52	0	27
chr12	71952560	71959805	1	1	1	63	0	44
chr12	71958774	71959805	1	1	1	52	0	29
chr12	83811361	83825258	2	2	1	44	0	33
chr12	83811361	83831921	2	2	1	437	0	41
chr12	83825292	83831921	2	2	1	44	0	33
chr12	113133338	113133495	1	1	0	81	8	43
chr12	113133338	113133540	1	1	1	1548	53	43
chr12	113133338	113135796	1	1	1	31	0	29
chr12	113133577	113134761	1	1	0	1	0	21
chr12	113133577	113134800	1	1	0	9	0	14
chr12	113133577	113135796	1	1	1	1555	61	29
chr12	113134813	113135796	1	1	0	9	0	29
chr13	46778994	46780545	2	2	0	1	0	40
chr13	46778994	46780625	2	2	1	306	0	40
chr13	46778994	46785245	2	2	1	2537	3	46
chr13	46780665	46785245	2	2	1	306	0	39
chr13	56084286	56089757	2	2	1	56	0	40
chr13	56084286	56096123	2	2	0	1	0	40
chr13	56089858	56096123	2	2	1	56	0	41
chr14	57643224	57648418	2	2	1	99	0	40
chr14	120389164	120395711	1	1	1	263	0	40
chr14	120389164	120396450	1	1	1	305	1	48
chr14	120395766	120396450	1	1	1	272	0	48
chr15	77102940	77105576	2	2	1	217	0	42
chr15	77102940	77113604	2	2	1	11	0	47
chr15	77105670	77113604	2	2	1	216	0	48
chr15	103242719	103243624	1	1	1	1	0	20
chr16	57178021	57181491	2	2	1	294	0	45
chr16	57178021	57182850	2	2	1	222	0	44
chr16	57181537	57182850	2	2	1	291	0	37
chr17	12979205	13846588	1	1	0	42	3	12
chr17	13846640	13848354	1	1	1	3005	6	22
chr17	13846640	13848358	1	1	0	4	0	17
chr17	13846640	13849107	1	1	1	4840	9	46
chr17	13846640	13849113	1	1	0	25	0	47
chr17	13848367	13849107	1	1	0	5	0	12
chr17	13848376	13849107	1	1	1	2999	6	26
chr17	13848376	13849113	1	1	0	3	0	21
chr17	45570567	45570665	2	2	1	515	3	37
chr17	45570800	45571017	2	2	1	533	3	21
chr18	10726534	10740982	1	1	1	2	0	15
chr18	53948155	53948644	1	1	1	12734	14	33
chr18	53948155	53953244	1	1	1	3028	6	44
chr18	53948155	53953268	1	1	0	2	0	40
chr18	53948666	53953244	1	1	0	6	0	21
chr18	53948669	53953244	1	1	1	12711	13	37
chr18	53948669	53953268	1	1	0	2	0	24
chr18	53948673	53953244	1	1	0	3	0	28
chr19	7281251	7282725	2	2	0	1	0	26
chr19	7281256	7281797	2	4	1	218	0	39
chr19	7281256	7282725	2	2	1	895	1	35
chr19	7281960	7282725	2	2	1	231	0	35
