chr1	34295537	34296741	1	1	1	75	0	18
chr1	34295537	34299720	1	1	1	14	0	38
chr1	34296760	34299720	1	1	1	75	0	18
chr1	40010678	40011649	1	1	1	80	0	28
chr1	40010678	40011783	1	1	0	1	0	21
chr1	40010678	40011811	1	1	0	1	0	21
chr1	40010678	40014105	1	1	1	45	3	32
chr1	40011842	40014105	1	1	1	84	0	38
chr1	82735508	82747082	1	1	1	4	0	40
chr1	82735508	82750519	1	1	1	44	1	40
chr1	82747143	82750519	1	1	1	4	0	38
chr2	32292216	32293314	1	1	1	14	0	43
chr2	32292216	32296625	1	1	1	50	0	43
chr2	32293396	32296625	1	1	1	14	0	38
chr2	59926161	59932104	2	2	1	1	0	20
chr2	59932171	59933405	2	2	0	65	0	33
chr2	59932171	59933411	2	2	1	422	0	31
chr2	59933439	59933670	2	2	1	483	0	28
chr2	71849507	71851882	1	1	0	1	0	36
chr2	71849507	71853533	1	1	1	602	1	42
chr2	71849507	71853820	1	1	0	1	0	37
chr2	71849507	71855853	1	1	1	1675	4	45
chr2	71852002	71855853	1	1	0	1	0	40
chr2	71853664	71855853	1	1	1	620	1	42
chr2	71853891	71855853	1	1	0	1	0	40
chr2	75662926	75663570	1	1	1	5	0	30
chr2	91001089	91001461	1	1	1	509	0	32
chr2	91001089	91003299	1	1	0	2	0	33
chr2	91001511	91003210	1	1	1	506	0	43
chr2	91001511	91003299	1	1	0	3	0	46
chr2	91003346	91003810	1	1	1	12	0	37
chr2	91159300	91162027	2	2	0	1	0	41
chr2	91159306	91160316	2	2	1	202	0	47
chr2	91159306	91162027	2	2	1	447	1	47
chr2	91160371	91162027	2	2	1	203	0	39
chr2	91681696	91684668	2	2	1	169	2	50
chr2	153670448	153672215	1	1	1	3	0	50
chr2	153713625	153714954	1	1	1	1	0	50
chr3	60613521	60614682	1	1	1	1294	3	46
chr3	60613521	60614688	1	1	0	1	0	44
chr3	60613521	60615619	1	1	1	1468	2	45
chr3	60614737	60615619	1	1	1	1298	3	48
chr3	87733505	87734423	1	1	1	8	0	39
chr3	87733505	87735344	1	1	0	9	0	39
chr3	87734553	87735344	1	1	1	8	0	37
chr3	88483947	88484046	2	2	1	276	0	38
chr3	88483947	88484055	2	2	0	1	0	37
chr3	88484155	88484614	2	2	1	275	0	39
chr3	119724187	119724611	2	2	1	5201	2	34
chr3	119724187	119726065	2	2	1	17	0	29
chr3	119724646	119726065	2	2	1	5342	3	38
chr3	119726116	120643502	2	2	0	4	0	13
chr3	139632407	139650143	2	2	0	1	0	13
chr4	31992517	31994873	1	1	1	232	0	39
chr4	31992517	32002088	1	1	1	3001	6	49
chr4	31994955	32002088	1	1	1	231	0	49
chr4	107009769	107027216	1	1	1	13	0	38
chr4	107009769	107028192	1	1	1	168	1	42
chr4	107027298	107028192	1	1	1	17	0	41
chr5	23565266	23610849	2	2	0	1	0	37
chr5	23565266	23616326	2	2	1	784	1	49
chr5	23610909	23616326	2	2	0	1	0	45
chr5	72958287	72965803	1	1	1	3	0	40
chr5	72958287	72974530	1	1	1	81	0	42
chr5	72965882	72974530	1	1	1	3	0	41
chr5	116482532	116591333	2	2	0	3	0	45
chr5	116482537	116591333	2	2	1	714	0	50
chr5	149184807	149187707	1	1	1	12	0	43
chr5	149184807	149188344	1	1	1	477	1	44
chr5	149187835	149188344	1	1	1	2	0	39
chr5	149187877	149188344	1	1	1	10	0	39
chr6	47577668	47594893	2	2	1	1	0	25
chr6	98939789	98941535	2	2	1	118	0	45
chr6	98939789	98944618	2	2	0	12	0	45
chr6	98941658	98944618	2	2	1	120	0	36
chr6	125162102	125162211	2	2	1	289	8	42
chr6	128371086	128371967	1	1	1	2712	3	43
chr6	128371086	128372530	1	1	1	2	0	49
chr6	128371086	128372533	1	1	1	13	0	46
chr6	128372013	128372278	1	1	0	2	0	27
chr6	128372013	128372504	1	1	0	15	0	27
chr6	128372013	128372509	1	1	0	6	0	31
chr6	128372013	128372530	1	1	1	327	0	49
chr6	128372013	128372533	1	1	1	2334	3	46
chr6	128372018	128372530	1	1	0	1	0	49
chr6	128372018	128372533	1	1	0	25	0	46
chr6	128372306	128372533	1	1	0	2	0	27
chr7	25724845	25725923	2	2	1	1	0	37
chr7	67240441	67244520	2	2	1	181	0	24
chr7	67240441	67251656	2	2	1	1600	2	45
chr7	67244545	67251656	2	2	1	181	0	24
chr7	102001660	102002294	1	1	1	1083	1	43
chr7	102001660	102007485	1	1	1	324	0	44
chr7	102002310	102007485	1	1	0	1	0	15
chr7	102002337	102007485	1	1	1	1093	1	42
chr7	112839481	112841887	1	1	1	3	0	41
chr7	112839481	112842039	1	1	1	78	0	41
chr7	112839481	112856052	1	1	1	1	0	12
chr7	112839481	112856797	1	1	1	11	0	41
chr7	112841951	112856052	1	1	1	3	0	12
chr7	112842103	112856052	1	1	1	74	0	12
chr7	112842103	112856797	1	1	1	2	0	37
chr7	112856065	112856797	1	1	1	80	0	14
chr7	127980247	127981190	1	1	1	13	0	19
chr7	127981292	127981410	1	1	1	10	0	6
chr8	25532429	25557730	1	1	1	4	0	44
chr8	25555775	25557730	1	1	1	2	0	38
chr8	91688606	91932332	1	1	0	5	0	13
chr8	95100453	95100646	2	2	1	810	2	46
chr8	95100453	95101408	2	2	0	109	0	46
chr8	95100674	95101408	2	2	1	809	2	42
chr8	95100700	95101408	2	2	0	1	0	44
chr8	121628690	121651724	2	2	1	1	0	20
chr8	123268550	123268744	2	2	1	180	0	49
chr9	43027296	43040539	2	2	1	64	0	39
chr9	43027296	43042590	2	2	1	84	0	45
chr9	43040597	43042590	2	2	1	62	0	45
chr9	80093642	80094508	1	1	0	1	0	44
chr9	80093642	80098885	1	1	1	6269	2	26
chr9	80093642	80098892	1	1	0	125	0	14
chr9	80093642	80103693	1	1	1	208	0	44
chr9	80094574	80098885	1	1	0	1	0	16
chr9	80098907	80099016	1	1	0	1	0	21
chr9	80098907	80101831	1	1	0	2	0	21
chr9	80098907	80103693	1	1	1	6393	2	24
chr9	80098907	80103698	1	1	0	3	0	21
chr9	80099049	80103693	1	1	0	1	0	37
chr9	80101891	80103693	1	1	0	2	0	37
chr9	114597607	114597794	2	2	1	342	0	39
chr9	114597607	114598704	2	2	0	21	0	41
chr9	114597825	114598704	2	2	0	4	0	30
chr9	114597831	114598704	2	2	1	338	0	38
chr11	78233684	78245547	2	2	1	1	0	13
chr11	79458907	79463232	1	1	1	13	0	43
chr11	79458907	79468716	1	1	1	199	0	43
chr11	79463296	79468716	1	1	1	13	0	38
chr11	94112147	94113262	1	1	1	83	0	21
chr11	94112147	94114172	1	1	1	298	0	32
chr11	94113302	94114172	1	1	1	85	0	39
chr11	102310577	102310925	2	2	1	24	0	42
chr11	102310577	102311379	2	2	1	738	0	46
chr11	102311037	102311379	2	2	1	24	0	45
chr12	71952560	71958746	1	1	1	56	0	27
chr12	71952560	71959805	1	1	1	58	0	43
chr12	71958774	71959805	1	1	1	56	0	29
chr12	83811361	83811669	2	2	0	1	0	37
chr12	83811361	83825258	2	2	1	39	0	33
chr12	83811361	83831921	2	2	1	488	1	41
chr12	83811744	83831921	2	2	0	1	0	38
chr12	83825292	83831921	2	2	1	38	0	33
chr12	113133338	113133495	1	1	0	112	11	43
chr12	113133338	113133540	1	1	1	1763	25	43
chr12	113133338	113135796	1	1	1	13	0	29
chr12	113133577	113134186	1	1	0	1	0	28
chr12	113133577	113134800	1	1	0	6	0	12
chr12	113133577	113135796	1	1	1	1791	36	29
chr12	113134231	113135796	1	1	0	1	0	29
chr12	113134813	113135796	1	1	0	7	0	29
chr13	46778994	46780545	2	2	0	1	0	40
chr13	46778994	46780625	2	2	1	582	0	44
chr13	46778994	46785245	2	2	1	1575	1	47
chr13	46780665	46785245	2	2	1	584	0	39
chr13	56084286	56089757	2	2	1	33	0	40
chr13	56084286	56096123	2	2	0	2	0	40
chr13	56089858	56096123	2	2	1	32	0	38
chr14	57643224	57648418	2	2	1	87	0	39
chr14	120389164	120395711	1	1	1	187	1	39
chr14	120389164	120396450	1	1	1	590	3	48
chr14	120395766	120396450	1	1	1	195	1	48
chr15	77102940	77105576	2	2	1	166	0	41
chr15	77102940	77113604	2	2	1	9	0	48
chr15	77105670	77113604	2	2	1	164	0	48
chr16	57178021	57181491	2	2	1	357	1	45
chr16	57178021	57182850	2	2	1	98	0	43
chr16	57181537	57182850	2	2	1	355	1	37
chr16	84831508	84834808	2	2	1	2	0	44
chr17	12979205	13846588	1	1	0	32	0	12
chr17	13846613	13848354	1	1	0	5	0	21
chr17	13846640	13848306	1	1	0	3	0	38
chr17	13846640	13848354	1	1	1	3787	3	22
chr17	13846640	13848358	1	1	0	3	0	17
chr17	13846640	13848361	1	1	0	8	0	14
chr17	13846640	13849107	1	1	1	3194	3	45
chr17	13846640	13849113	1	1	0	13	0	47
chr17	13848376	13849107	1	1	1	3804	3	41
chr17	13848376	13849113	1	1	0	2	0	21
chr17	26922724	26922904	1	1	1	0	1	9
chr17	33884987	33885167	2	2	1	0	1	9
chr17	45570567	45570665	2	2	1	587	1	42
chr17	45570800	45571017	2	2	1	623	0	21
chr18	53948155	53948644	1	1	1	11626	9	28
chr18	53948155	53953244	1	1	1	1682	2	43
chr18	53948666	53953244	1	1	0	8	0	21
chr18	53948669	53949681	1	1	0	2	0	15
chr18	53948669	53953244	1	1	1	11599	9	26
chr18	53948669	53953268	1	1	0	1	0	24
chr18	53949705	53953244	1	1	0	2	0	23
chr19	7281251	7282725	2	2	0	1	0	26
chr19	7281256	7281797	2	4	1	158	0	39
chr19	7281256	7282725	2	2	1	1496	2	36
chr19	7281960	7282725	2	2	1	163	0	35
