chr1	34295537	34296741	1	1	1	89	0	18
chr1	34295537	34299720	1	1	1	18	0	38
chr1	34296760	34299720	1	1	1	89	0	18
chr1	40010678	40010905	1	1	0	5	0	27
chr1	40010678	40011649	1	1	1	84	0	21
chr1	40010678	40011811	1	1	0	1	0	21
chr1	40010678	40014105	1	1	1	56	3	32
chr1	40011842	40014105	1	1	1	84	0	38
chr1	82735508	82741817	1	1	1	4	0	40
chr1	82735508	82747082	1	1	1	3	0	40
chr1	82735508	82750519	1	1	1	50	0	40
chr1	82741977	82747082	1	1	1	1	0	26
chr1	82741977	82750519	1	1	1	1	0	38
chr1	82747143	82750519	1	1	1	3	0	38
chr2	30066894	30068268	1	1	1	1	0	20
chr2	32292216	32293314	1	1	1	10	0	43
chr2	32292216	32296625	1	1	1	105	0	44
chr2	32293396	32296625	1	1	1	10	0	38
chr2	59926161	59932104	2	2	1	2	0	20
chr2	59932171	59933405	2	2	0	61	0	33
chr2	59932171	59933411	2	2	1	265	0	32
chr2	59932171	59933670	2	2	1	2	0	32
chr2	59933439	59933670	2	2	1	317	0	31
chr2	71849507	71853533	1	1	1	536	0	45
chr2	71849507	71855853	1	1	1	3450	2	44
chr2	71849507	71855868	1	1	0	3	0	46
chr2	71853664	71855853	1	1	1	555	0	41
chr2	75662926	75663570	1	1	1	5	0	40
chr2	91001089	91001461	1	1	1	634	0	34
chr2	91001089	91003299	1	1	0	3	0	33
chr2	91001511	91003210	1	1	1	627	0	25
chr2	91001511	91003299	1	1	0	1	0	46
chr2	91003238	91003810	1	1	0	1	0	27
chr2	91003346	91003810	1	1	1	18	0	36
chr2	91159300	91162027	2	2	0	1	0	41
chr2	91159306	91160316	2	2	1	189	0	47
chr2	91159306	91162027	2	2	1	567	0	47
chr2	91159320	91162027	2	2	0	1	0	40
chr2	91160371	91162027	2	2	1	188	0	40
chr2	91681696	91684668	2	2	1	153	0	50
chr2	153670448	153672215	1	1	1	3	0	50
chr2	168752741	168754433	2	2	1	11	0	44
chr3	60613521	60614682	1	1	1	1284	0	45
chr3	60613521	60615619	1	1	1	1034	1	48
chr3	60614737	60615619	1	1	1	1286	0	39
chr3	87733505	87734423	1	1	1	8	0	39
chr3	87733505	87735344	1	1	0	18	0	39
chr3	87734553	87735344	1	1	1	8	0	37
chr3	88483947	88484046	2	2	1	228	0	37
chr3	88483947	88484614	2	2	0	1	0	38
chr3	88484155	88484614	2	2	1	226	0	39
chr3	119724187	119724611	2	2	1	3705	3	34
chr3	119724187	119726065	2	2	1	19	0	29
chr3	119724646	119726065	2	2	1	3823	3	38
chr3	129825617	129826823	2	2	1	1	0	36
chr4	31992517	31994873	1	1	1	262	1	39
chr4	31992517	32002088	1	1	1	3677	4	49
chr4	31994955	32002088	1	1	1	258	1	49
chr4	107009769	107027216	1	1	1	9	0	38
chr4	107009769	107028192	1	1	1	127	0	41
chr4	107027298	107028192	1	1	1	12	0	41
chr4	139473637	139476130	1	1	1	1	0	8
chr5	23565266	23616326	2	2	1	688	0	49
chr5	65388442	65388561	2	2	1	2	0	29
chr5	72958287	72965803	1	1	1	1	0	37
chr5	72958287	72974530	1	1	1	83	0	42
chr5	72965882	72974530	1	1	1	1	0	41
chr5	116475248	116477058	2	2	1	1	0	16
chr5	116482537	116591333	2	2	1	696	5	50
chr5	149184807	149187707	1	1	1	7	0	43
chr5	149184807	149188344	1	1	1	548	1	44
chr5	149187877	149188344	1	1	1	7	0	39
chr6	72634233	72648800	2	2	1	6	0	37
chr6	72634233	72649119	2	2	1	2	0	40
chr6	72648843	72649119	2	2	1	6	0	40
chr6	98939789	98940994	2	2	1	1	0	45
chr6	98939789	98941535	2	2	1	138	1	46
chr6	98939789	98944618	2	2	0	26	0	45
chr6	98941165	98944618	2	2	0	1	0	36
chr6	98941651	98944618	2	2	0	1	0	36
chr6	98941658	98944618	2	2	1	138	1	36
chr6	125162102	125162211	2	2	1	265	9	36
chr6	128371086	128371967	1	1	1	2822	1	43
chr6	128371086	128372530	1	1	1	2	0	49
chr6	128371086	128372533	1	1	1	12	0	46
chr6	128372013	128372504	1	1	0	10	0	26
chr6	128372013	128372509	1	1	0	3	0	31
chr6	128372013	128372530	1	1	1	322	0	49
chr6	128372013	128372533	1	1	1	2460	1	46
chr6	128372013	128372536	1	1	0	1	0	43
chr6	128372013	128372539	1	1	0	1	0	40
chr6	128372018	128372530	1	1	0	3	0	49
chr6	128372018	128372533	1	1	0	29	0	46
chr7	67240441	67244520	2	2	1	126	0	24
chr7	67240441	67251656	2	2	1	1155	1	45
chr7	67244545	67251656	2	2	1	126	0	24
chr7	102001660	102002294	1	1	1	1048	1	47
chr7	102001660	102007485	1	1	1	535	0	43
chr7	102002337	102007485	1	1	1	1045	1	42
chr7	102003812	102007485	1	1	0	1	0	38
chr7	112839481	112841887	1	1	1	2	0	41
chr7	112839481	112842039	1	1	1	78	0	41
chr7	112839481	112856797	1	1	1	2	0	41
chr7	112842103	112856052	1	1	1	72	0	12
chr7	112842103	112856797	1	1	1	6	0	37
chr7	112856065	112856797	1	1	1	72	0	17
chr7	112856065	112856803	1	1	0	1	0	12
chr7	127980247	127981190	1	1	1	6	0	3
chr7	127981292	127981410	1	1	1	5	0	6
chr8	25532429	25557666	1	1	0	1	0	44
chr8	25532429	25557730	1	1	1	2	0	44
chr8	33386064	33386329	1	1	0	1	0	46
chr8	91688606	91932332	1	1	0	5	0	13
chr8	95100453	95100646	2	2	1	919	2	31
chr8	95100453	95101408	2	2	0	199	0	46
chr8	95100674	95101408	2	2	1	919	2	44
chr8	95101447	95139983	2	2	0	0	1	15
chr8	123268550	123268744	2	2	1	163	0	47
chr9	43027296	43040539	2	2	1	106	0	38
chr9	43027296	43042590	2	2	1	196	1	46
chr9	43040597	43042590	2	2	1	105	0	45
chr9	47813946	47818733	1	1	1	1	0	38
chr9	80093642	80098885	1	1	1	5772	5	26
chr9	80093642	80098892	1	1	0	140	0	15
chr9	80093642	80103693	1	1	1	302	0	45
chr9	80098907	80101831	1	1	0	1	0	21
chr9	80098907	80103693	1	1	1	5909	5	24
chr9	80098907	80103698	1	1	0	2	0	21
chr9	80101891	80103693	1	1	0	1	0	37
chr9	114597607	114597794	2	2	1	330	0	38
chr9	114597607	114598704	2	2	0	22	0	42
chr9	114597825	114598704	2	2	0	1	0	30
chr9	114597831	114598704	2	2	1	329	0	36
chr11	79458907	79463232	1	1	1	9	0	42
chr11	79458907	79468716	1	1	1	162	0	43
chr11	79463296	79468716	1	1	1	9	0	38
chr11	94112147	94113262	1	1	1	82	0	21
chr11	94112147	94114172	1	1	1	286	1	32
chr11	94113302	94114172	1	1	1	84	0	39
chr11	102310577	102310925	2	2	1	31	0	42
chr11	102310577	102311379	2	2	1	750	1	46
chr11	102311037	102311379	2	2	1	34	0	45
chr12	71952560	71958746	1	1	1	41	0	27
chr12	71952560	71959805	1	1	1	68	0	44
chr12	71958774	71959805	1	1	1	41	0	27
chr12	83811361	83825258	2	2	1	50	0	37
chr12	83811361	83831921	2	2	1	405	1	41
chr12	83825292	83831921	2	2	1	49	0	33
chr12	83825319	83831921	2	2	0	1	0	38
chr12	113133338	113133495	1	1	0	115	9	44
chr12	113133338	113133540	1	1	1	1583	42	42
chr12	113133338	113134186	1	1	0	1	0	42
chr12	113133338	113135796	1	1	1	19	0	29
chr12	113133577	113134800	1	1	0	8	0	12
chr12	113133577	113135796	1	1	1	1628	51	29
chr12	113134813	113135796	1	1	0	8	0	12
chr13	46778994	46780625	2	2	1	432	0	40
chr13	46778994	46785245	2	2	1	2243	3	46
chr13	46780665	46785245	2	2	1	437	0	39
chr13	56084286	56089757	2	2	1	35	0	41
chr13	56084286	56096123	2	2	0	2	0	40
chr13	56089858	56096123	2	2	1	35	0	39
chr14	57643224	57648418	2	2	1	106	0	47
chr14	101654106	101654207	1	1	1	1	0	4
chr14	101665890	101666511	1	1	1	1	0	7
chr14	120389164	120395711	1	1	1	164	0	39
chr14	120389164	120396450	1	1	1	347	1	48
chr14	120395766	120396450	1	1	1	172	0	48
chr15	77102940	77105576	2	2	1	188	0	42
chr15	77102940	77113604	2	2	1	16	0	48
chr15	77105670	77113604	2	2	1	187	0	48
chr15	103242719	103243624	1	1	1	0	2	36
chr16	57178021	57181491	2	2	1	208	1	44
chr16	57178021	57182850	2	2	1	164	0	43
chr16	57181507	57182850	2	2	0	2	0	15
chr16	57181537	57182850	2	2	1	206	1	37
chr17	12979205	13846588	1	1	0	50	1	12
chr17	13846613	13848354	1	1	0	7	0	21
chr17	13846640	13848354	1	1	1	3833	6	22
chr17	13846640	13848358	1	1	0	2	0	17
chr17	13846640	13849107	1	1	1	3475	5	44
chr17	13846640	13849113	1	1	0	27	0	47
chr17	13848376	13849107	1	1	1	3831	6	29
chr17	13848376	13849113	1	1	0	14	0	21
chr17	45570567	45570665	2	2	1	468	1	37
chr17	45570800	45571017	2	2	1	518	0	21
chr18	10726534	10740982	1	1	1	1	0	15
chr18	53948155	53948644	1	1	1	8258	7	28
chr18	53948155	53953244	1	1	1	1734	5	45
chr18	53948666	53953244	1	1	0	5	0	21
chr18	53948669	53953244	1	1	1	8245	5	37
chr18	53948669	53953268	1	1	0	1	0	24
chr19	7281256	7281797	2	4	1	140	0	38
chr19	7281256	7282725	2	2	1	1454	0	36
chr19	7281960	7282725	2	2	1	149	0	35
