chr1	34295537	34296741	1	1	1	54	0	18
chr1	34295537	34299720	1	1	1	11	0	38
chr1	34296760	34299720	1	1	1	54	0	18
chr1	40010678	40011649	1	1	1	44	0	28
chr1	40010678	40011811	1	1	0	1	0	21
chr1	40010678	40014105	1	1	1	28	2	32
chr1	40011842	40014105	1	1	1	41	0	38
chr1	82735508	82750519	1	1	1	25	0	45
chr2	25583989	25584102	2	2	1	1	0	29
chr2	25584162	25584775	2	2	1	1	0	35
chr2	32292216	32293314	1	1	1	10	0	43
chr2	32292216	32296625	1	1	1	57	0	44
chr2	32293396	32296625	1	1	1	10	0	38
chr2	59932171	59933405	2	2	0	60	0	37
chr2	59932171	59933411	2	2	1	247	1	31
chr2	59932171	59933670	2	2	1	1	0	35
chr2	59933439	59933670	2	2	1	304	1	30
chr2	71849507	71853533	1	1	1	457	0	42
chr2	71849507	71855853	1	1	1	1636	3	43
chr2	71853664	71855853	1	1	1	473	0	42
chr2	75661818	75661895	1	1	1	1	0	33
chr2	75662926	75663570	1	1	1	8	0	35
chr2	91001089	91001461	1	1	1	358	0	34
chr2	91001089	91003299	1	1	0	3	0	33
chr2	91001511	91003210	1	1	1	354	0	20
chr2	91001511	91003299	1	1	0	1	0	46
chr2	91003346	91003810	1	1	1	5	0	36
chr2	91159306	91160316	2	2	1	126	0	47
chr2	91159306	91162027	2	2	1	221	0	47
chr2	91160371	91162027	2	2	1	127	0	38
chr2	91681696	91684668	2	2	1	149	0	50
chr2	153670448	153670848	1	1	1	1	0	42
chr2	153670448	153672215	1	1	1	2	0	50
chr2	153670909	153672215	1	1	1	1	0	50
chr3	60613521	60614682	1	1	1	739	0	44
chr3	60613521	60615619	1	1	1	715	1	45
chr3	60614737	60615619	1	1	1	741	0	40
chr3	87733505	87734423	1	1	1	8	0	39
chr3	87733505	87735344	1	1	0	9	0	39
chr3	87734553	87735344	1	1	1	8	0	37
chr3	88483947	88484046	2	2	1	244	0	39
chr3	88484155	88484614	2	2	1	240	0	39
chr3	119724187	119724611	2	2	1	3945	2	34
chr3	119724187	119726065	2	2	1	12	1	29
chr3	119724646	119726065	2	2	1	4031	2	39
chr4	31992517	31994873	1	1	1	141	0	40
chr4	31992517	32002088	1	1	1	2647	5	49
chr4	31994955	32002088	1	1	1	142	0	49
chr4	107009769	107027216	1	1	1	10	0	39
chr4	107009769	107028192	1	1	1	65	0	41
chr4	107027298	107028192	1	1	1	11	0	41
chr4	149222365	149223229	2	2	1	1	0	30
chr5	23565266	23568151	2	2	0	1	0	37
chr5	23565266	23616326	2	2	1	454	1	45
chr5	23568264	23616326	2	2	0	1	0	45
chr5	72958287	72965803	1	1	1	1	0	37
chr5	72958287	72974530	1	1	1	60	0	41
chr5	72965882	72974530	1	1	1	1	0	41
chr5	116477146	116482389	2	2	1	1	0	33
chr5	116482537	116591333	2	2	1	670	2	50
chr5	149184807	149187707	1	1	1	9	0	43
chr5	149184807	149188344	1	1	1	442	0	45
chr5	149187835	149188344	1	1	1	1	0	39
chr5	149187877	149188344	1	1	1	8	0	39
chr6	98939789	98940994	2	2	1	1	0	45
chr6	98939789	98941535	2	2	1	97	0	45
chr6	98939789	98944618	2	2	0	3	0	45
chr6	98941165	98944618	2	2	0	1	0	36
chr6	98941658	98944618	2	2	1	96	0	36
chr6	125162102	125162211	2	2	1	209	8	36
chr6	128371086	128371967	1	1	1	2015	0	45
chr6	128371086	128371980	1	1	0	1	0	32
chr6	128371086	128372530	1	1	1	1	0	49
chr6	128371086	128372533	1	1	1	2	0	46
chr6	128372013	128372504	1	1	0	7	0	26
chr6	128372013	128372509	1	1	0	6	0	31
chr6	128372013	128372530	1	1	1	240	0	48
chr6	128372013	128372533	1	1	1	1750	0	46
chr6	128372018	128372504	1	1	0	1	0	26
chr6	128372018	128372530	1	1	0	1	0	49
chr6	128372018	128372533	1	1	0	20	0	46
chr7	25724845	25725923	2	2	1	1	0	37
chr7	28174893	28174983	1	1	1	1	0	13
chr7	67240441	67244520	2	2	1	91	0	24
chr7	67240441	67250479	2	2	0	1	0	40
chr7	67240441	67251656	2	2	1	881	0	44
chr7	67240443	67251659	1	1	0	1	0	41
chr7	67244545	67251656	2	2	1	91	0	24
chr7	67250582	67251656	2	2	0	1	0	38
chr7	102001660	102002294	1	1	1	884	0	43
chr7	102001660	102007485	1	1	1	368	0	44
chr7	102002337	102007485	1	1	1	890	0	42
chr7	112839481	112841887	1	1	1	2	0	41
chr7	112839481	112842039	1	1	1	74	0	41
chr7	112839481	112856052	1	1	1	2	0	12
chr7	112839481	112856797	1	1	1	8	0	41
chr7	112841951	112856052	1	1	1	1	0	12
chr7	112842103	112856052	1	1	1	66	0	12
chr7	112842103	112856797	1	1	1	5	0	37
chr7	112856065	112856797	1	1	1	70	0	14
chr7	127980247	127981190	1	1	1	6	0	5
chr7	127981292	127981410	1	1	1	7	0	6
chr7	140117357	140126325	1	1	1	0	1	1
chr7	140125883	140126325	1	1	1	0	1	1
chr8	95100453	95100646	2	2	1	589	1	32
chr8	95100453	95101408	2	2	0	130	0	46
chr8	95100674	95101408	2	2	1	589	1	42
chr8	123268550	123268744	2	2	1	146	0	48
chr9	43027296	43040539	2	2	1	52	0	38
chr9	43027296	43042590	2	2	1	60	0	45
chr9	43040597	43042590	2	2	1	52	0	45
chr9	80093642	80098847	1	1	0	1	0	44
chr9	80093642	80098885	1	1	1	4645	5	26
chr9	80093642	80098892	1	1	0	101	0	19
chr9	80093642	80103693	1	1	1	150	0	45
chr9	80098907	80103693	1	1	1	4747	5	37
chr9	80098907	80103698	1	1	0	1	0	21
chr9	80101891	80103693	1	1	0	1	0	37
chr9	114597607	114597794	2	2	1	232	0	38
chr9	114597607	114598704	2	2	0	6	0	41
chr9	114597825	114598704	2	2	0	3	0	30
chr9	114597831	114598704	2	2	1	228	0	38
chr11	79458907	79463232	1	1	1	6	0	42
chr11	79458907	79468113	1	1	1	1	0	41
chr11	79458907	79468716	1	1	1	119	0	43
chr11	79463296	79468716	1	1	1	6	0	38
chr11	79468155	79468716	1	1	1	1	0	38
chr11	94112147	94113262	1	1	1	51	0	21
chr11	94112147	94114172	1	1	1	206	1	32
chr11	94113302	94114172	1	1	1	52	0	39
chr11	102063416	102064293	2	2	1	1	0	9
chr11	102310577	102310925	2	2	1	33	0	42
chr11	102310577	102311379	2	2	1	498	2	46
chr11	102310577	102311403	2	2	0	1	0	21
chr11	102311037	102311379	2	2	1	33	0	45
chr12	71952560	71958746	1	1	1	37	0	27
chr12	71952560	71959805	1	1	1	38	0	44
chr12	71958774	71959805	1	1	1	36	0	29
chr12	71958774	71959809	1	1	0	1	0	27
chr12	83811361	83825258	2	2	1	28	0	33
chr12	83811361	83831921	2	2	1	285	0	41
chr12	83825292	83831921	2	2	1	28	0	34
chr12	113133331	113133540	1	1	0	1	0	36
chr12	113133338	113133495	1	1	0	89	11	44
chr12	113133338	113133540	1	1	1	1278	46	42
chr12	113133338	113135796	1	1	1	5	0	29
chr12	113133577	113134186	1	1	0	1	0	26
chr12	113133577	113134761	1	1	0	2	0	21
chr12	113133577	113134800	1	1	0	8	0	14
chr12	113133577	113135796	1	1	1	1309	57	29
chr12	113134231	113135796	1	1	0	1	0	29
chr12	113134813	113135796	1	1	0	9	0	29
chr13	46778994	46780545	2	2	0	1	0	40
chr13	46778994	46780625	2	2	1	400	2	44
chr13	46778994	46785245	2	2	1	1446	2	46
chr13	46780665	46785245	2	2	1	403	2	39
chr13	56084286	56089757	2	2	1	24	0	40
chr13	56089858	56096123	2	2	1	24	0	41
chr14	57643224	57648418	2	2	1	63	0	39
chr14	120389164	120395711	1	1	1	123	0	38
chr14	120389164	120396450	1	1	1	237	1	48
chr14	120395766	120396450	1	1	1	130	0	48
chr15	77102940	77105576	2	2	1	130	0	42
chr15	77102940	77113604	2	2	1	7	0	44
chr15	77105670	77113604	2	2	1	129	0	48
chr16	57178021	57181491	2	2	1	215	0	45
chr16	57178021	57182850	2	2	1	94	0	43
chr16	57181537	57182850	2	2	1	213	0	33
chr17	12979205	13846588	1	1	0	21	0	12
chr17	13846613	13848354	1	1	0	4	0	21
chr17	13846640	13848354	1	1	1	3205	4	22
chr17	13846640	13849107	1	1	1	3193	3	47
chr17	13846640	13849113	1	1	0	14	0	47
chr17	13848376	13849107	1	1	1	3200	4	27
chr17	13848376	13849113	1	1	0	6	0	21
chr17	45570567	45570665	2	2	1	285	0	34
chr17	45570800	45571017	2	2	1	297	0	24
chr18	10726534	10740982	1	1	1	2	0	15
chr18	53948155	53948644	1	1	1	7830	11	33
chr18	53948155	53953244	1	1	1	1270	2	44
chr18	53948155	53953268	1	1	0	1	0	40
chr18	53948167	53948644	1	1	0	1	0	24
chr18	53948167	53953244	1	1	0	1	0	37
chr18	53948666	53953244	1	1	0	7	0	21
chr18	53948669	53953244	1	1	1	7821	10	26
chr18	53948673	53953244	1	1	0	1	0	28
chr19	7281256	7281797	2	4	1	104	0	39
chr19	7281256	7282725	2	2	1	989	2	36
chr19	7281960	7282725	2	2	1	107	0	26
chrX	73952667	73952825	2	2	1	3	0	10
