chr1	34295537	34296741	1	1	1	70	0	20
chr1	34295537	34299720	1	1	1	13	0	38
chr1	34296760	34299720	1	1	1	70	0	19
chr1	40010678	40011649	1	1	1	71	0	21
chr1	40010678	40011783	1	1	0	1	0	21
chr1	40010678	40011787	1	1	0	1	0	21
chr1	40010678	40011811	1	1	0	1	0	21
chr1	40010678	40014105	1	1	1	26	1	32
chr1	40011842	40014105	1	1	1	73	0	37
chr1	82735508	82741817	1	1	1	5	0	40
chr1	82735508	82750519	1	1	1	36	0	40
chr2	32292216	32293314	1	1	1	10	0	43
chr2	32292216	32296625	1	1	1	48	0	43
chr2	32293396	32296625	1	1	1	10	0	38
chr2	59932171	59933405	2	2	0	53	0	33
chr2	59932171	59933411	2	2	1	359	0	32
chr2	59933439	59933670	2	2	1	405	0	28
chr2	71849507	71853533	1	1	1	689	1	40
chr2	71849507	71855853	1	1	1	1652	0	43
chr2	71853664	71855853	1	1	1	705	1	41
chr2	71853891	71855853	1	1	0	1	0	40
chr2	75662926	75663570	1	1	1	1	0	15
chr2	91001089	91001461	1	1	1	402	0	34
chr2	91001089	91003210	1	1	0	0	2	24
chr2	91001089	91003299	1	1	0	5	0	33
chr2	91001496	91003210	1	1	0	1	0	34
chr2	91001511	91003210	1	1	1	394	0	25
chr2	91003238	91003810	1	1	0	1	0	27
chr2	91003346	91003810	1	1	1	4	0	36
chr2	91159300	91162027	2	2	0	2	0	41
chr2	91159306	91160316	2	2	1	191	0	47
chr2	91159306	91162027	2	2	1	274	0	47
chr2	91160371	91162027	2	2	1	191	0	38
chr2	91681696	91682025	2	2	1	1	0	50
chr2	91681696	91684668	2	2	1	148	0	50
chr2	91681831	91684668	2	2	0	1	0	37
chr2	91682110	91684668	2	2	0	1	0	38
chr2	168752741	168754433	2	2	1	3	0	44
chr3	60422418	60613472	1	1	0	0	3	15
chr3	60602846	60613472	1	1	0	1	0	15
chr3	60613521	60614682	1	1	1	1185	4	44
chr3	60613521	60615619	1	1	1	1555	2	45
chr3	60614737	60615619	1	1	1	1192	4	40
chr3	87733505	87734423	1	1	1	11	0	39
chr3	87733505	87735344	1	1	0	3	0	39
chr3	87734553	87735344	1	1	1	12	0	37
chr3	88483947	88484046	2	2	1	250	2	38
chr3	88484077	88484614	2	2	0	1	0	30
chr3	88484155	88484614	2	2	1	248	2	45
chr3	88484666	88537145	2	2	0	0	2	12
chr3	119724187	119724611	2	2	1	3568	1	34
chr3	119724187	119726065	2	2	1	11	0	29
chr3	119724646	119726065	2	2	1	3658	1	38
chr3	129825617	129826823	2	2	1	1	0	36
chr4	31992517	31994873	1	1	1	130	0	39
chr4	31992517	32002088	1	1	1	2484	2	49
chr4	31994955	32002088	1	1	1	131	0	49
chr4	107009769	107027216	1	1	1	14	0	38
chr4	107009769	107028192	1	1	1	120	0	42
chr4	107027298	107028192	1	1	1	14	0	41
chr5	23565266	23616326	2	2	1	643	0	49
chr5	72958287	72974530	1	1	1	59	0	42
chr5	116482537	116591333	2	2	1	635	2	50
chr5	149184807	149185349	1	1	0	2	0	31
chr5	149184807	149185484	1	1	1	1	0	42
chr5	149184807	149187707	1	1	1	9	0	43
chr5	149184807	149188344	1	1	1	419	0	44
chr5	149185381	149188344	1	1	0	2	0	32
chr5	149185662	149188344	1	1	0	1	0	37
chr5	149187877	149188344	1	1	1	9	0	39
chr6	39688346	39725106	2	2	1	1	0	8
chr6	47577668	47594893	2	2	1	1	0	12
chr6	72634233	72649119	2	2	1	5	0	40
chr6	98939789	98941535	2	2	1	105	0	45
chr6	98939789	98944618	2	2	0	8	0	45
chr6	98941658	98944618	2	2	1	104	0	36
chr6	125162102	125162211	2	2	1	210	4	43
chr6	128371086	128371967	1	1	1	2591	2	42
chr6	128371086	128372533	1	1	1	5	0	46
chr6	128372013	128372504	1	1	0	24	0	27
chr6	128372013	128372509	1	1	0	5	0	31
chr6	128372013	128372530	1	1	1	336	0	49
chr6	128372013	128372533	1	1	1	2194	2	46
chr6	128372018	128372530	1	1	0	1	0	49
chr6	128372018	128372533	1	1	0	33	0	46
chr7	28331530	28338351	2	2	1	1	0	42
chr7	67240441	67244520	2	2	1	115	0	24
chr7	67240441	67251656	2	2	1	1305	0	45
chr7	67244545	67251656	2	2	1	115	0	24
chr7	102001660	102002294	1	1	1	1012	1	42
chr7	102001660	102007485	1	1	1	267	0	43
chr7	102001665	102002300	1	1	0	0	1	37
chr7	102002310	102007485	1	1	0	1	0	15
chr7	102002337	102007485	1	1	1	1020	1	42
chr7	112839481	112841887	1	1	1	5	0	41
chr7	112839481	112842039	1	1	1	69	0	42
chr7	112839481	112856052	1	1	1	4	0	12
chr7	112839481	112856797	1	1	1	6	0	41
chr7	112841951	112856052	1	1	1	1	0	12
chr7	112842103	112856052	1	1	1	68	0	12
chr7	112842103	112856797	1	1	1	2	0	37
chr7	112856065	112856797	1	1	1	75	0	14
chr7	127972771	127974399	1	1	1	1	0	36
chr7	127980247	127981190	1	1	1	16	0	5
chr7	127981292	127981410	1	1	1	18	0	6
chr8	25532429	25557730	1	1	1	3	0	44
chr8	95100453	95100646	2	2	1	781	2	31
chr8	95100453	95101408	2	2	0	81	0	46
chr8	95100674	95101408	2	2	1	781	2	42
chr8	123268550	123268744	2	2	1	149	1	46
chr9	43027296	43040539	2	2	1	87	0	39
chr9	43027296	43042590	2	2	1	106	0	46
chr9	43040593	43042590	2	2	0	1	0	43
chr9	43040597	43042590	2	2	1	85	0	45
chr9	80093642	80098885	1	1	1	5574	8	30
chr9	80093642	80098892	1	1	0	123	0	19
chr9	80093642	80103693	1	1	1	288	0	45
chr9	80098907	80101831	1	1	0	1	0	21
chr9	80098907	80103693	1	1	1	5694	8	29
chr9	80098907	80103698	1	1	0	2	0	21
chr9	80101891	80103693	1	1	0	1	0	37
chr9	114597607	114597794	2	2	1	317	0	38
chr9	114597607	114598704	2	2	0	8	0	40
chr9	114597825	114598704	2	2	0	1	0	29
chr9	114597831	114598704	2	2	1	314	0	36
chr11	79458907	79463232	1	1	1	17	0	42
chr11	79458907	79468716	1	1	1	95	0	42
chr11	79463296	79468716	1	1	1	17	0	39
chr11	94112147	94113262	1	1	1	110	0	21
chr11	94112147	94114172	1	1	1	208	0	32
chr11	94113302	94114172	1	1	1	114	0	39
chr11	102310577	102310925	2	2	1	38	0	42
chr11	102310577	102311379	2	2	1	500	0	46
chr11	102311037	102311379	2	2	1	39	0	45
chr12	71952560	71958746	1	1	1	44	0	27
chr12	71952560	71959805	1	1	1	55	0	43
chr12	71958774	71959805	1	1	1	44	0	29
chr12	83811361	83825258	2	2	1	68	0	33
chr12	83811361	83831921	2	2	1	235	0	41
chr12	83825292	83831921	2	2	1	68	0	33
chr12	113133338	113133495	1	1	0	44	5	45
chr12	113133338	113133540	1	1	1	953	22	43
chr12	113133338	113135796	1	1	1	2	0	29
chr12	113133571	113135796	1	1	0	3	0	29
chr12	113133577	113134186	1	1	0	2	0	28
chr12	113133577	113134800	1	1	0	7	0	12
chr12	113133577	113135796	1	1	1	950	27	29
chr12	113134231	113135796	1	1	0	2	0	29
chr12	113134813	113135796	1	1	0	7	0	12
chr13	46778990	46785245	2	2	0	1	0	44
chr13	46778994	46780545	2	2	0	1	0	40
chr13	46778994	46780625	2	2	1	794	0	41
chr13	46778994	46785245	2	2	1	1436	2	47
chr13	46780661	46785245	2	2	0	1	0	39
chr13	46780663	46785245	2	2	0	2	0	37
chr13	46780665	46785245	2	2	1	795	0	40
chr13	56084286	56089757	2	2	1	49	0	40
chr13	56089858	56096123	2	2	1	48	0	41
chr14	57643224	57643334	2	2	1	1	0	47
chr14	57643224	57648418	2	2	1	54	0	39
chr14	57643490	57648418	2	2	1	1	0	38
chr14	120389164	120395711	1	1	1	101	0	38
chr14	120389164	120395717	1	1	0	1	0	38
chr14	120389164	120396450	1	1	1	339	0	48
chr14	120395766	120396450	1	1	1	105	0	48
chr15	77102940	77105576	2	2	1	146	1	43
chr15	77102940	77113604	2	2	1	10	0	44
chr15	77105670	77113604	2	2	1	146	1	48
chr15	103242719	103243624	1	1	1	0	1	31
chr16	57178021	57181491	2	2	1	212	2	44
chr16	57178021	57182850	2	2	1	51	0	43
chr16	57181537	57182850	2	2	1	211	2	33
chr17	12979205	13846588	1	1	0	34	2	12
chr17	13846640	13848306	1	1	0	1	0	38
chr17	13846640	13848354	1	1	1	3957	7	24
chr17	13846640	13848358	1	1	0	1	0	17
chr17	13846640	13849107	1	1	1	2542	4	46
chr17	13846640	13849113	1	1	0	15	0	47
chr17	13848376	13849107	1	1	1	3948	7	41
chr17	13848376	13849113	1	1	0	12	0	21
chr17	45570567	45570665	2	2	1	460	3	37
chr17	45570800	45571017	2	2	1	498	2	21
chr18	10726534	10740982	1	1	1	1	0	15
chr18	53948155	53948644	1	1	1	10185	9	28
chr18	53948155	53948651	1	1	0	3	0	17
chr18	53948155	53953244	1	1	1	1423	1	44
chr18	53948666	53953244	1	1	0	7	0	21
chr18	53948669	53953244	1	1	1	10172	8	26
chr18	53948669	53953268	1	1	0	1	0	24
chr18	64515409	64516415	2	2	1	1	0	38
chr19	7281256	7281797	2	4	1	162	0	38
chr19	7281256	7282725	2	2	1	1325	1	36
chr19	7281960	7282725	2	2	1	165	0	35
chrX	73952667	73952825	2	2	1	1	0	10
chrX	159414893	159443922	1	1	1	1	0	25
KV575235.1	147143	149264	1	1	0	0	2	24
