chr1	34295537	34296741	1	1	1	41	0	18
chr1	34295537	34299720	1	1	1	223	1	39
chr1	34296760	34299720	1	1	1	41	0	18
chr1	40010678	40011649	1	1	1	18	0	21
chr1	40010678	40011811	1	1	0	2	0	21
chr1	40010678	40014105	1	1	1	55	0	32
chr1	40011842	40014105	1	1	1	21	0	37
chr1	82735508	82747082	1	1	1	3	0	40
chr1	82735508	82750519	1	1	1	70	0	41
chr1	82747143	82750519	1	1	1	3	0	38
chr1	125403567	125405844	2	2	1	1	0	26
chr2	32292216	32293314	1	1	1	1	0	43
chr2	32292216	32296625	1	1	1	55	0	43
chr2	32293396	32296625	1	1	1	1	0	38
chr2	59932171	59933405	2	2	0	5	0	33
chr2	59932171	59933411	2	2	1	53	0	31
chr2	59932171	59933670	2	2	1	7	0	37
chr2	59933439	59933670	2	2	1	55	0	28
chr2	71849507	71853533	1	1	1	37	0	39
chr2	71849507	71855853	1	1	1	1612	1	42
chr2	71849507	71855868	1	1	0	2	0	46
chr2	71853664	71855853	1	1	1	38	0	40
chr2	75662926	75663570	1	1	1	8	0	39
chr2	75663715	75665027	1	1	1	0	1	13
chr2	91001089	91001461	1	1	1	471	0	27
chr2	91001511	91003210	1	1	1	468	0	22
chr2	91003346	91003810	1	1	1	17	0	36
chr2	91159306	91160316	2	2	1	3	0	47
chr2	91159306	91162027	2	2	1	137	1	47
chr2	91160371	91162027	2	2	1	3	0	38
chr2	91681696	91682025	2	2	1	1	0	50
chr2	91681696	91684668	2	2	1	714	2	50
chr2	91682110	91684668	2	2	0	1	0	38
chr2	119692227	119701117	1	1	1	1	0	11
chr2	153670448	153670848	1	1	1	48	0	44
chr2	153670909	153672215	1	1	1	48	0	50
chr2	168752741	168754433	2	2	1	12800	7	46
chr2	168754480	168788998	2	2	0	1	0	12
chr3	60613521	60614682	1	1	1	116	2	45
chr3	60613521	60615619	1	1	1	21	0	44
chr3	60614737	60615619	1	1	1	114	2	38
chr3	87733505	87735344	1	1	0	89	0	41
chr3	88483947	88484046	2	2	1	86	0	42
chr3	88484155	88484614	2	2	1	85	0	42
chr3	119724187	119724611	2	2	1	1649	2	34
chr3	119724187	119726065	2	2	1	3	0	29
chr3	119724646	119726065	2	2	1	1680	2	38
chr3	119726116	119820407	2	2	0	3	0	13
chr3	129825617	129826823	2	2	1	1	0	36
chr4	31992517	31994873	1	1	1	1308	2	41
chr4	31992517	32002088	1	1	1	513	2	49
chr4	31994955	32002088	1	1	1	1304	2	49
chr4	107009769	107027216	1	1	1	51	0	39
chr4	107009769	107028192	1	1	1	210	1	44
chr4	107027298	107028192	1	1	1	59	0	44
chr5	23565266	23616326	2	2	1	169	1	46
chr5	72958287	72965803	1	1	1	1	0	40
chr5	72958287	72974530	1	1	1	23	0	41
chr5	72965882	72974530	1	1	1	1	0	41
chr5	116482537	116591333	2	2	1	7	0	50
chr5	149184807	149185484	1	1	1	1	0	43
chr5	149184807	149187707	1	1	1	56	0	43
chr5	149184807	149188344	1	1	1	195	0	46
chr5	149187806	149188344	1	1	0	1	0	39
chr5	149187835	149188344	1	1	1	4	0	39
chr5	149187864	149188344	1	1	0	2	0	39
chr5	149187877	149188344	1	1	1	51	0	39
chr6	72633011	72633215	2	2	1	1	0	6
chr6	72634233	72634303	2	2	0	2	0	37
chr6	72634233	72648800	2	2	1	3090	2	42
chr6	72634233	72649115	2	2	0	2	0	44
chr6	72634233	72649119	2	2	1	6257	2	50
chr6	72634351	72649119	2	2	0	3	0	40
chr6	72648843	72649119	2	2	1	3067	2	42
chr6	98935441	98939718	2	2	1	1	0	24
chr6	98939789	98940994	2	2	1	6	0	45
chr6	98939789	98941535	2	2	1	73	0	46
chr6	98939789	98944618	2	2	0	26	0	45
chr6	98941165	98944618	2	2	0	6	0	36
chr6	98941658	98944618	2	2	1	73	0	37
chr6	125162102	125162211	2	2	1	402	16	36
chr6	128371086	128371967	1	1	1	1284	0	41
chr6	128371086	128372509	1	1	0	1	0	39
chr6	128371086	128372530	1	1	1	60	0	49
chr6	128371086	128372533	1	1	1	436	0	46
chr6	128372013	128372504	1	1	0	4	0	26
chr6	128372013	128372509	1	1	0	1	0	31
chr6	128372013	128372530	1	1	1	193	0	47
chr6	128372013	128372533	1	1	1	1066	0	46
chr6	128372018	128372530	1	1	0	1	0	49
chr6	128372018	128372533	1	1	0	23	0	46
chr7	16342499	16342590	2	2	0	0	1	43
chr7	16342499	16342783	2	2	0	0	1	43
chr7	16342499	16342857	2	2	0	0	1	43
chr7	16342668	16342783	2	2	0	0	1	43
chr7	16342668	16342857	2	2	0	0	1	43
chr7	16857858	16858378	1	1	1	1	0	42
chr7	67240441	67244520	2	2	1	10	0	24
chr7	67240441	67251656	2	2	1	434	0	44
chr7	67244545	67251656	2	2	1	10	0	24
chr7	102001660	102002294	1	1	1	243	0	42
chr7	102001660	102007485	1	1	1	3036	0	45
chr7	102002337	102007485	1	1	1	245	0	40
chr7	112839481	112841887	1	1	1	5	0	41
chr7	112839481	112842039	1	1	1	123	1	42
chr7	112839481	112856052	1	1	1	1	0	12
chr7	112839481	112856797	1	1	1	11	0	41
chr7	112839481	112856803	1	1	0	2	0	43
chr7	112841951	112856797	1	1	0	1	0	37
chr7	112842103	112856052	1	1	1	13	0	12
chr7	112842103	112856797	1	1	1	113	1	37
chr7	112856065	112856797	1	1	1	14	0	12
chr7	127980247	127981190	1	1	1	11	0	2
chr7	127981292	127981410	1	1	1	12	0	6
chr7	144861833	144862231	1	1	1	1461	3	39
chr7	144862267	144862764	1	1	0	5	0	35
chr7	144862336	144862764	1	1	1	1454	3	44
chr8	25532429	25555507	1	1	1	1	0	37
chr8	25532429	25557730	1	1	1	4	0	44
chr8	25555775	25557730	1	1	1	1	0	38
chr8	95100453	95100646	2	2	1	289	0	30
chr8	95100453	95101408	2	2	0	527	0	46
chr8	95100674	95101408	2	2	1	289	0	38
chr8	123268550	123268744	2	2	1	53	0	46
chr9	43027296	43040539	2	2	1	6	0	38
chr9	43027296	43042590	2	2	1	212	0	46
chr9	43040597	43042590	2	2	1	6	0	44
chr9	80093642	80098885	1	1	1	1267	0	26
chr9	80093642	80098892	1	1	0	30	0	15
chr9	80093642	80101831	1	1	0	1	0	44
chr9	80093642	80103693	1	1	1	6626	0	45
chr9	80098907	80099016	1	1	0	1	0	14
chr9	80098907	80103693	1	1	1	1295	0	23
chr9	80099049	80103693	1	1	0	1	0	37
chr9	80101891	80103693	1	1	0	1	0	37
chr9	114597607	114597794	2	2	1	226	0	38
chr9	114597607	114598704	2	2	0	259	0	43
chr9	114597825	114598704	2	2	0	1	0	30
chr9	114597831	114598704	2	2	1	224	0	36
chr11	26778879	26787397	2	2	0	0	1	13
chr11	78233684	78245547	2	2	1	2	0	28
chr11	79458907	79463232	1	1	1	30	0	42
chr11	79458907	79468716	1	1	1	29	0	42
chr11	79463296	79468716	1	1	1	30	0	39
chr11	94112147	94113262	1	1	1	16	0	21
chr11	94112147	94114172	1	1	1	199	0	32
chr11	94113302	94114172	1	1	1	16	0	39
chr11	98204411	98210360	1	1	1	1	0	36
chr11	102310577	102310925	2	2	1	80	0	42
chr11	102310577	102311379	2	2	1	230	0	46
chr11	102311037	102311379	2	2	1	79	0	45
chr12	71952560	71959805	1	1	1	166	0	43
chr12	83811361	83825258	2	2	1	145	0	33
chr12	83811361	83831921	2	2	1	108	0	41
chr12	83825292	83831921	2	2	1	145	0	34
chr12	113133338	113133495	1	1	0	13	0	42
chr12	113133338	113133540	1	1	1	219	0	38
chr12	113133338	113135796	1	1	1	758	0	32
chr12	113133577	113135796	1	1	1	225	0	29
chr12	113135829	113136280	1	1	1	1	0	11
chr13	46778990	46780625	2	2	0	1	0	39
chr13	46778994	46780625	2	2	1	591	2	41
chr13	46778994	46785245	2	2	1	2464	5	47
chr13	46780663	46785245	2	2	0	1	0	37
chr13	46780665	46785245	2	2	1	590	2	39
chr13	56084286	56089757	2	2	1	24	0	40
chr13	56084286	56096123	2	2	0	2	0	40
chr13	56089858	56096123	2	2	1	25	0	41
chr14	55618811	55618897	1	1	1	1	0	28
chr14	57643224	57643334	2	2	1	1	0	39
chr14	57643224	57648418	2	2	1	136	0	39
chr14	57643490	57648418	2	2	1	1	0	38
chr14	120389164	120395711	1	1	1	312	0	39
chr14	120389164	120396450	1	1	1	47	0	48
chr14	120395766	120396450	1	1	1	318	0	48
chr15	77102940	77105576	2	2	1	132	0	46
chr15	77102940	77113604	2	2	1	13	0	48
chr15	77105670	77113604	2	2	1	133	0	48
chr16	57178021	57181491	2	2	1	22	0	43
chr16	57178021	57182850	2	2	1	794	1	44
chr16	57181537	57182850	2	2	1	22	0	33
chr16	84831508	84834808	2	2	1	1	0	44
chr16	94686604	94691580	1	1	1	2	0	45
chr17	12979205	13846588	1	1	0	32	1	12
chr17	13846640	13848354	1	1	1	382	0	21
chr17	13846640	13849107	1	1	1	9754	13	47
chr17	13846640	13849113	1	1	0	36	0	47
chr17	13846640	13849116	1	1	0	8	0	50
chr17	13848376	13849107	1	1	1	382	0	26
chr17	45570567	45570665	2	2	1	567	0	50
chr17	45570800	45571017	2	2	1	582	0	21
chr17	46590452	46590758	2	2	1	1	0	11
chr18	53948155	53948644	1	1	1	1930	2	28
chr18	53948155	53953244	1	1	1	10607	8	45
chr18	53948162	53948651	1	1	0	1	0	17
chr18	53948669	53949213	1	1	0	1	0	15
chr18	53948669	53953244	1	1	1	1932	3	37
chr18	53949263	53953244	1	1	0	1	0	37
chr19	7281256	7281797	2	4	1	130	0	39
chr19	7281256	7282725	2	2	1	328	0	35
chr19	7281960	7282725	2	2	1	134	0	26
