chr1	34295537	34296741	1	1	1	103	0	18
chr1	34295537	34299720	1	1	1	18	0	39
chr1	34296760	34299720	1	1	1	103	0	19
chr1	40010678	40011649	1	1	1	83	0	24
chr1	40010678	40011787	1	1	0	1	0	21
chr1	40010678	40014105	1	1	1	40	1	32
chr1	40011842	40014105	1	1	1	80	0	39
chr1	58558058	58565856	2	2	1	1	0	23
chr1	58565955	58586211	2	2	1	1	0	49
chr1	82735508	82741817	1	1	1	1	0	40
chr1	82735508	82747082	1	1	1	3	0	40
chr1	82735508	82750519	1	1	1	73	0	40
chr1	82747143	82750519	1	1	1	3	0	38
chr2	32292216	32293314	1	1	1	10	0	44
chr2	32292216	32296625	1	1	1	100	0	43
chr2	32293396	32296625	1	1	1	10	0	38
chr2	59932171	59933405	2	2	0	61	0	33
chr2	59932171	59933411	2	2	1	284	0	31
chr2	59932171	59933670	2	2	1	3	0	37
chr2	59933439	59933670	2	2	1	341	0	28
chr2	71849507	71853533	1	1	1	666	1	44
chr2	71849507	71855853	1	1	1	2530	4	44
chr2	71849507	71855868	1	1	0	2	0	46
chr2	71853664	71855853	1	1	1	707	1	43
chr2	75662926	75663570	1	1	1	1	0	34
chr2	91001089	91001461	1	1	1	744	2	34
chr2	91001089	91003299	1	1	0	2	0	33
chr2	91001511	91003210	1	1	1	712	2	25
chr2	91003238	91003810	1	1	0	3	0	27
chr2	91003346	91003810	1	1	1	20	0	36
chr2	91159300	91162027	2	2	0	3	0	41
chr2	91159306	91160316	2	2	1	216	0	47
chr2	91159306	91162027	2	2	1	325	0	47
chr2	91160371	91162027	2	2	1	215	0	39
chr2	91681696	91682025	2	2	1	1	0	50
chr2	91681696	91684668	2	2	1	214	1	50
chr2	91682110	91684668	2	2	0	1	0	38
chr3	60613521	60614682	1	1	1	1034	0	45
chr3	60613521	60614688	1	1	0	3	0	38
chr3	60613521	60615619	1	1	1	821	2	46
chr3	60614737	60615619	1	1	1	1036	0	39
chr3	87733505	87734423	1	1	1	12	1	41
chr3	87733505	87735344	1	1	0	8	0	39
chr3	87734553	87735344	1	1	1	12	1	37
chr3	88483947	88484046	2	2	1	321	0	38
chr3	88483947	88484614	2	2	0	1	0	38
chr3	88484155	88484614	2	2	1	312	0	41
chr3	119724187	119724611	2	2	1	4344	1	34
chr3	119724187	119726065	2	2	1	15	0	29
chr3	119724646	119726065	2	2	1	4420	1	38
chr4	31992517	31994873	1	1	1	238	0	39
chr4	31992517	32002088	1	1	1	2671	5	49
chr4	31994955	32002088	1	1	1	236	0	49
chr4	107009769	107027216	1	1	1	8	0	38
chr4	107009769	107028192	1	1	1	70	0	44
chr4	107027298	107028192	1	1	1	11	0	41
chr5	23565266	23616326	2	2	1	518	1	46
chr5	33614835	33628852	2	2	1	1	0	7
chr5	33628978	33629336	2	2	1	1	0	10
chr5	65388442	65388561	2	2	1	1	0	29
chr5	72958287	72965803	1	1	1	3	0	37
chr5	72958287	72974530	1	1	1	50	0	42
chr5	72965882	72974530	1	1	1	3	0	41
chr5	116477146	116482389	2	2	1	1	0	33
chr5	116482537	116591333	2	2	1	702	4	50
chr5	149184807	149185349	1	1	0	1	0	43
chr5	149184807	149187707	1	1	1	24	0	44
chr5	149184807	149188344	1	1	1	480	0	45
chr5	149187864	149188344	1	1	0	2	0	39
chr5	149187877	149188344	1	1	1	23	0	39
chr6	51464548	51465178	2	2	1	1	0	16
chr6	72634233	72649119	2	2	1	1	0	40
chr6	98939789	98941535	2	2	1	113	0	45
chr6	98939789	98944618	2	2	0	9	0	45
chr6	98941658	98944618	2	2	1	112	0	36
chr6	125162102	125162211	2	2	1	363	13	36
chr6	128371086	128371967	1	1	1	3011	4	45
chr6	128371086	128372504	1	1	0	2	0	39
chr6	128371086	128372530	1	1	1	1	0	49
chr6	128371086	128372533	1	1	1	9	0	46
chr6	128372013	128372278	1	1	0	1	0	27
chr6	128372013	128372504	1	1	0	14	0	27
chr6	128372013	128372509	1	1	0	3	0	31
chr6	128372013	128372530	1	1	1	391	1	49
chr6	128372013	128372533	1	1	1	2587	3	46
chr6	128372013	128372539	1	1	0	1	0	40
chr6	128372018	128372530	1	1	0	2	0	49
chr6	128372018	128372533	1	1	0	26	0	46
chr6	128372306	128372533	1	1	0	1	0	27
chr7	67240441	67244520	2	2	1	109	0	24
chr7	67240441	67251656	2	2	1	1058	1	46
chr7	67244545	67251656	2	2	1	109	0	24
chr7	101958298	102001614	1	1	0	0	1	14
chr7	102001660	102002294	1	1	1	1293	1	43
chr7	102001660	102007485	1	1	1	497	0	45
chr7	102002337	102007485	1	1	1	1307	1	42
chr7	112839481	112841887	1	1	1	3	0	41
chr7	112839481	112842039	1	1	1	102	0	42
chr7	112839481	112856052	1	1	1	8	0	12
chr7	112839481	112856797	1	1	1	3	0	41
chr7	112842103	112856052	1	1	1	104	0	12
chr7	112842103	112856797	1	1	1	3	0	37
chr7	112856065	112856797	1	1	1	112	0	12
chr7	127980247	127981190	1	1	1	5	0	4
chr7	127981292	127981410	1	1	1	5	0	6
chr8	25532429	25557730	1	1	1	1	0	44
chr8	25555775	25557730	1	1	1	2	0	37
chr8	33386064	33386329	1	1	0	1	0	46
chr8	91688606	91932332	1	1	0	6	0	13
chr8	95100453	95100646	2	2	1	740	1	31
chr8	95100453	95101408	2	2	0	145	0	46
chr8	95100674	95101408	2	2	1	740	1	41
chr8	123268550	123268744	2	2	1	105	0	48
chr9	43027296	43040539	2	2	1	112	0	38
chr9	43027296	43042590	2	2	1	137	0	46
chr9	43040597	43042590	2	2	1	109	0	45
chr9	59436916	59454401	2	2	1	1	0	13
chr9	59454470	59485978	2	2	1	1	0	8
chr9	80093642	80094508	1	1	0	1	0	44
chr9	80093642	80098885	1	1	1	6061	6	30
chr9	80093642	80098892	1	1	0	142	0	14
chr9	80093642	80103693	1	1	1	225	0	45
chr9	80094574	80098885	1	1	0	1	0	16
chr9	80098907	80101831	1	1	0	1	0	21
chr9	80098907	80103693	1	1	1	6211	6	24
chr9	80098907	80103698	1	1	0	1	0	21
chr9	80101891	80103693	1	1	0	2	0	37
chr9	114597607	114597794	2	2	1	415	0	38
chr9	114597607	114598704	2	2	0	18	0	40
chr9	114597825	114598704	2	2	0	4	0	30
chr9	114597831	114598704	2	2	1	410	0	38
chr11	79458907	79463232	1	1	1	15	0	42
chr11	79458907	79468716	1	1	1	163	0	46
chr11	79463296	79468716	1	1	1	14	0	39
chr11	94112147	94113262	1	1	1	90	0	22
chr11	94112147	94114172	1	1	1	298	0	32
chr11	94113302	94114172	1	1	1	92	0	39
chr11	102310577	102310925	2	2	1	63	0	42
chr11	102310577	102311379	2	2	1	670	1	45
chr11	102311037	102311379	2	2	1	62	0	45
chr11	102311037	102311403	2	2	0	1	0	21
chr12	71952560	71958746	1	1	1	38	0	27
chr12	71952560	71959805	1	1	1	32	0	44
chr12	71958774	71959805	1	1	1	38	0	27
chr12	80205082	80209358	2	2	1	1	0	25
chr12	80209474	80259986	2	2	1	1	0	11
chr12	83811361	83825258	2	2	1	61	0	33
chr12	83811361	83831921	2	2	1	359	0	41
chr12	83825292	83831921	2	2	1	61	0	33
chr12	112928622	113133308	1	1	0	0	4	13
chr12	113133338	113133495	1	1	0	89	17	44
chr12	113133338	113133540	1	1	1	1253	39	42
chr12	113133338	113135796	1	1	1	15	0	29
chr12	113133577	113134800	1	1	0	3	0	14
chr12	113133577	113135796	1	1	1	1305	56	29
chr12	113134813	113135796	1	1	0	2	0	12
chr13	46778994	46780625	2	2	1	448	0	43
chr13	46778994	46785245	2	2	1	2324	3	45
chr13	46780665	46785245	2	2	1	444	0	39
chr13	56084286	56089757	2	2	1	47	0	40
chr13	56084286	56096123	2	2	0	1	0	40
chr13	56089858	56096123	2	2	1	46	0	41
chr14	57643224	57643334	2	2	1	2	0	39
chr14	57643224	57648418	2	2	1	114	0	47
chr14	57643490	57648418	2	2	1	2	0	38
chr14	120389164	120395711	1	1	1	213	0	39
chr14	120389164	120396450	1	1	1	404	0	48
chr14	120395766	120396450	1	1	1	225	0	48
chr15	77102940	77105576	2	2	1	246	0	43
chr15	77102940	77113604	2	2	1	11	0	44
chr15	77105670	77113604	2	2	1	245	0	48
chr15	103242719	103243624	1	1	1	0	2	37
chr16	57178021	57181491	2	2	1	236	1	44
chr16	57178021	57182850	2	2	1	134	0	44
chr16	57181537	57182850	2	2	1	236	1	37
chr16	84831508	84834808	2	2	1	1	0	28
chr17	12979205	13846588	1	1	0	31	2	12
chr17	13846640	13848354	1	1	1	3543	8	22
chr17	13846640	13848361	1	1	0	1	0	14
chr17	13846640	13849107	1	1	1	4144	5	47
chr17	13846640	13849113	1	1	0	18	0	47
chr17	13848376	13849107	1	1	1	3543	8	29
chr17	13848376	13849113	1	1	0	2	0	21
chr17	45570567	45570665	2	2	1	365	0	42
chr17	45570800	45571017	2	2	1	413	0	21
chr18	53948155	53948381	1	1	0	1	0	39
chr18	53948155	53948644	1	1	1	10775	13	33
chr18	53948155	53948651	1	1	0	2	0	17
chr18	53948155	53953244	1	1	1	1875	3	45
chr18	53948447	53948644	1	1	0	1	0	13
chr18	53948666	53953244	1	1	0	10	0	21
chr18	53948669	53953244	1	1	1	10748	11	37
chr18	53948669	53953268	1	1	0	5	0	24
chr18	53948673	53953244	1	1	0	1	0	28
chr19	7281256	7281797	2	4	1	165	0	39
chr19	7281256	7282725	2	2	1	937	0	36
chr19	7281960	7282725	2	2	1	172	1	35
