chr1	34295537	34296741	1	1	1	34	0	18
chr1	34295537	34299720	1	1	1	134	1	39
chr1	34296760	34299720	1	1	1	34	0	18
chr1	40010678	40011649	1	1	1	23	0	21
chr1	40010678	40014105	1	1	1	35	0	32
chr1	40011842	40014105	1	1	1	20	0	37
chr1	82735508	82747082	1	1	1	2	0	40
chr1	82735508	82750519	1	1	1	61	0	41
chr1	82747143	82750519	1	1	1	2	0	38
chr2	32292216	32296625	1	1	1	47	1	43
chr2	59932171	59933405	2	2	0	9	0	33
chr2	59932171	59933411	2	2	1	72	0	31
chr2	59932171	59933670	2	2	1	5	0	37
chr2	59933439	59933670	2	2	1	77	0	28
chr2	71849507	71853533	1	1	1	20	0	39
chr2	71849507	71855853	1	1	1	1080	1	42
chr2	71853664	71855853	1	1	1	20	0	40
chr2	75662926	75663570	1	1	1	5	1	39
chr2	91001089	91001461	1	1	1	432	0	34
chr2	91001089	91003299	1	1	0	2	0	33
chr2	91001511	91003210	1	1	1	428	0	20
chr2	91003346	91003810	1	1	1	8	0	36
chr2	91159306	91160316	2	2	1	4	0	47
chr2	91159306	91162027	2	2	1	90	0	47
chr2	91160371	91162027	2	2	1	3	0	38
chr2	91681696	91682025	2	2	1	1	0	47
chr2	91681696	91684668	2	2	1	508	0	50
chr2	91682110	91684668	2	2	0	1	0	38
chr2	153670448	153670848	1	1	1	47	0	42
chr2	153670866	153672215	1	1	0	1	0	17
chr2	153670909	153672215	1	1	1	43	0	50
chr2	168752741	168754433	2	2	1	10393	6	47
chr2	168754480	168788998	2	2	0	1	0	12
chr3	60613521	60614682	1	1	1	77	0	44
chr3	60613521	60614688	1	1	0	1	0	38
chr3	60613521	60615619	1	1	1	23	0	44
chr3	60614737	60615619	1	1	1	78	0	37
chr3	87733505	87735344	1	1	0	87	0	44
chr3	88483947	88484046	2	2	1	77	0	38
chr3	88484155	88484614	2	2	1	71	0	40
chr3	119724187	119724611	2	2	1	1015	0	34
chr3	119724187	119726065	2	2	1	3	0	29
chr3	119724646	119726065	2	2	1	1034	0	38
chr3	129825617	129826823	2	2	1	1	0	36
chr4	31992517	31994873	1	1	1	1038	0	41
chr4	31992517	32002088	1	1	1	466	1	49
chr4	31994955	32002088	1	1	1	1032	0	49
chr4	107009769	107027216	1	1	1	50	0	42
chr4	107009769	107028192	1	1	1	177	0	42
chr4	107027298	107028192	1	1	1	54	0	42
chr5	23565266	23616326	2	2	1	110	0	45
chr5	72958287	72974530	1	1	1	18	0	42
chr5	116482537	116591333	2	2	1	1	0	42
chr5	149184807	149185349	1	1	0	1	0	42
chr5	149184807	149185484	1	1	1	1	0	43
chr5	149184807	149187707	1	1	1	32	0	44
chr5	149184807	149188344	1	1	1	158	0	45
chr5	149185662	149188344	1	1	0	1	0	38
chr5	149187835	149188344	1	1	1	2	0	39
chr5	149187877	149188344	1	1	1	32	0	39
chr6	47577668	47594893	2	2	1	1	0	24
chr6	72634233	72648800	2	2	1	2339	1	41
chr6	72634233	72649119	2	2	1	4501	5	50
chr6	72648843	72649119	2	2	1	2334	1	42
chr6	98939789	98940994	2	2	1	7	0	45
chr6	98939789	98941535	2	2	1	63	0	45
chr6	98939789	98944618	2	2	0	1	0	45
chr6	98941165	98944618	2	2	0	8	0	36
chr6	98941658	98944618	2	2	1	63	0	36
chr6	125162102	125162211	2	2	1	284	3	36
chr6	128371086	128371967	1	1	1	1035	1	42
chr6	128371086	128372530	1	1	1	35	0	49
chr6	128371086	128372533	1	1	1	378	1	46
chr6	128371086	128372539	1	1	0	1	0	40
chr6	128372013	128372504	1	1	0	1	0	26
chr6	128372013	128372509	1	1	0	1	0	31
chr6	128372013	128372530	1	1	1	161	0	47
chr6	128372013	128372533	1	1	1	865	1	46
chr6	128372018	128372530	1	1	0	1	0	49
chr6	128372018	128372533	1	1	0	6	0	46
chr7	16378477	16387640	2	2	1	1	0	44
chr7	30192593	30192866	2	2	1	1	0	32
chr7	30192901	30193877	2	2	1	1	0	2
chr7	67240441	67244520	2	2	1	5	0	24
chr7	67240441	67251656	2	2	1	369	1	44
chr7	67244545	67251656	2	2	1	5	0	24
chr7	101288340	102001612	1	3	0	5	0	12
chr7	102001660	102002294	1	1	1	145	0	42
chr7	102001660	102007485	1	1	1	1937	0	46
chr7	102002337	102007485	1	1	1	145	0	39
chr7	112839481	112841887	1	1	1	6	0	41
chr7	112839481	112842039	1	1	1	112	0	41
chr7	112839481	112856052	1	1	1	3	0	12
chr7	112839481	112856797	1	1	1	20	0	41
chr7	112841951	112856052	1	1	1	1	0	12
chr7	112841951	112856797	1	1	0	2	0	37
chr7	112842103	112856052	1	1	1	11	0	12
chr7	112842103	112856797	1	1	1	104	0	38
chr7	112856065	112856797	1	1	1	15	0	12
chr7	127980247	127981190	1	1	1	7	0	5
chr7	127981292	127981410	1	1	1	10	0	6
chr7	144861833	144862231	1	1	1	1105	1	39
chr7	144861837	144862231	1	1	0	3	0	32
chr7	144862267	144862764	1	1	0	2	0	35
chr7	144862336	144862764	1	1	1	1105	1	43
chr8	25532429	25557730	1	1	1	1	0	44
chr8	25555775	25557730	1	1	1	1	0	37
chr8	95100453	95100646	2	2	1	222	0	31
chr8	95100453	95101408	2	2	0	544	0	46
chr8	95100674	95101408	2	2	1	222	0	42
chr8	95101447	95139983	2	2	0	1	0	15
chr8	123268550	123268744	2	2	1	54	0	46
chr9	43027296	43040539	2	2	1	7	0	38
chr9	43027296	43042590	2	2	1	137	0	45
chr9	43040597	43042590	2	2	1	7	0	45
chr9	48479394	48480406	2	2	1	1	0	15
chr9	80093642	80098885	1	1	1	969	0	26
chr9	80093642	80098892	1	1	0	17	0	19
chr9	80093642	80103693	1	1	1	5328	0	45
chr9	80093642	80103698	1	1	0	5	0	44
chr9	80098907	80103693	1	1	1	987	0	24
chr9	114597607	114597794	2	2	1	201	3	39
chr9	114597607	114598704	2	2	0	205	0	42
chr9	114597831	114598704	2	2	1	201	3	36
chr11	79458907	79463232	1	1	1	21	0	43
chr11	79458907	79468716	1	1	1	24	0	42
chr11	79463296	79468716	1	1	1	20	0	38
chr11	79468155	79468716	1	1	1	1	0	38
chr11	94112147	94113262	1	1	1	16	0	21
chr11	94112147	94114172	1	1	1	183	0	32
chr11	94113302	94114172	1	1	1	17	0	39
chr11	102309768	102309867	2	2	1	1	0	30
chr11	102310577	102310925	2	2	1	63	0	44
chr11	102310577	102311379	2	2	1	167	0	46
chr11	102311037	102311379	2	2	1	63	0	45
chr12	71952560	71958746	1	1	1	1	0	16
chr12	71952560	71959805	1	1	1	143	0	44
chr12	71958774	71959805	1	1	1	1	0	27
chr12	83811361	83825258	2	2	1	119	0	33
chr12	83811361	83831921	2	2	1	130	1	41
chr12	83825292	83831921	2	2	1	119	0	33
chr12	113133338	113133495	1	1	0	6	0	42
chr12	113133338	113133540	1	1	1	181	0	43
chr12	113133338	113135796	1	1	1	523	0	29
chr12	113133577	113135796	1	1	1	180	0	29
chr13	46778987	46785245	2	2	0	1	0	47
chr13	46778990	46785245	2	2	0	1	0	42
chr13	46778994	46780625	2	2	1	445	1	40
chr13	46778994	46785245	2	2	1	1800	3	46
chr13	46780665	46785245	2	2	1	447	1	39
chr13	56084286	56089757	2	2	1	15	0	40
chr13	56089858	56096123	2	2	1	15	0	41
chr14	57643224	57648418	2	2	1	93	0	39
chr14	120389164	120395711	1	1	1	265	0	39
chr14	120389164	120395717	1	1	0	3	0	38
chr14	120389164	120396450	1	1	1	63	0	48
chr14	120395766	120396450	1	1	1	274	0	48
chr15	77102940	77105576	2	2	1	99	0	42
chr15	77102940	77113604	2	2	1	8	0	44
chr15	77105670	77113604	2	2	1	97	0	48
chr15	103242719	103243624	1	1	1	0	1	33
chr16	57178021	57181491	2	2	1	10	0	43
chr16	57178021	57182850	2	2	1	549	0	44
chr16	57181537	57182850	2	2	1	10	0	33
chr16	94686604	94691580	1	1	1	2	0	45
chr17	12979205	13846588	1	1	0	23	0	12
chr17	13846640	13848354	1	1	1	362	1	21
chr17	13846640	13849107	1	1	1	8423	5	46
chr17	13846640	13849113	1	1	0	55	0	47
chr17	13848376	13849107	1	1	1	363	1	26
chr17	45570567	45570665	2	2	1	286	0	37
chr17	45570800	45571017	2	2	1	319	0	23
chr17	46590452	46590758	2	2	1	1	0	11
chr18	53948155	53948644	1	1	1	1484	2	28
chr18	53948155	53949213	1	1	0	2	0	39
chr18	53948155	53953244	1	1	1	8804	5	45
chr18	53948666	53953244	1	1	0	3	0	21
chr18	53948669	53953244	1	1	1	1474	2	26
chr18	53949263	53953244	1	1	0	2	0	37
chr19	7281256	7281797	2	4	1	105	0	38
chr19	7281256	7282725	2	2	1	209	0	33
chr19	7281960	7282725	2	2	1	111	0	26
chr19	10619329	10621540	1	1	1	4	0	31
