chr1	34295537	34296741	1	1	1	125	1	18
chr1	34295537	34299720	1	1	1	22	0	38
chr1	34296760	34299720	1	1	1	125	1	18
chr1	40010678	40011649	1	1	1	106	0	21
chr1	40010678	40011783	1	1	0	1	0	21
chr1	40010678	40011811	1	1	0	1	0	21
chr1	40010678	40014105	1	1	1	30	2	32
chr1	40011842	40014105	1	1	1	106	0	38
chr1	82735508	82741817	1	1	1	5	0	40
chr1	82735508	82747082	1	1	1	4	0	40
chr1	82735508	82750519	1	1	1	60	0	41
chr1	82741977	82750519	1	1	1	4	0	38
chr1	82747143	82750519	1	1	1	4	0	38
chr2	3489769	3490936	2	2	1	1	0	36
chr2	30066894	30068268	1	1	1	1	0	20
chr2	32292216	32293314	1	1	1	9	0	43
chr2	32292216	32296625	1	1	1	70	0	44
chr2	32293396	32296625	1	1	1	9	0	38
chr2	59932171	59933405	2	2	0	60	0	33
chr2	59932171	59933411	2	2	1	413	0	31
chr2	59933439	59933670	2	2	1	463	0	28
chr2	71849507	71853533	1	1	1	932	0	43
chr2	71849507	71853875	1	1	0	1	0	15
chr2	71849507	71855853	1	1	1	2197	0	45
chr2	71853664	71855853	1	1	1	950	0	43
chr2	71853891	71855853	1	1	0	1	0	15
chr2	75662926	75663570	1	1	1	6	1	30
chr2	91001089	91001461	1	1	1	602	0	34
chr2	91001511	91003210	1	1	1	604	0	25
chr2	91003238	91003810	1	1	0	1	0	27
chr2	91003308	91030948	1	1	0	1	0	13
chr2	91003346	91003810	1	1	1	14	0	36
chr2	91159306	91160316	2	2	1	221	0	47
chr2	91159306	91162027	2	2	1	442	0	47
chr2	91160371	91162027	2	2	1	217	0	42
chr2	91681696	91684668	2	2	1	170	0	50
chr2	153670448	153672215	1	1	1	1	0	50
chr2	160715828	160717386	1	1	1	1	0	43
chr3	8509631	8541840	1	1	1	1	0	4
chr3	60422418	60613472	1	1	0	0	5	15
chr3	60613521	60614682	1	1	1	1240	8	45
chr3	60613521	60614688	1	1	0	4	0	44
chr3	60613521	60615619	1	1	1	1268	2	45
chr3	60614737	60615619	1	1	1	1248	8	47
chr3	87733505	87734423	1	1	1	11	0	39
chr3	87733505	87735344	1	1	0	4	0	39
chr3	87734553	87735344	1	1	1	11	0	37
chr3	88483947	88484046	2	2	1	314	0	39
chr3	88484149	88484614	2	2	0	1	0	38
chr3	88484155	88484614	2	2	1	310	0	40
chr3	119724187	119724611	2	2	1	4940	2	34
chr3	119724187	119726065	2	2	1	16	0	29
chr3	119724629	119726065	2	2	0	3	0	17
chr3	119724646	119726065	2	2	1	5045	2	38
chr3	119726221	119740314	2	2	1	1	0	40
chr3	129825617	129826823	2	2	1	1	0	36
chr4	31992517	31994873	1	1	1	237	0	39
chr4	31992517	32002088	1	1	1	2641	2	49
chr4	31994955	32002088	1	1	1	239	0	49
chr4	107009769	107027216	1	1	1	11	0	39
chr4	107009769	107028192	1	1	1	148	0	41
chr4	107027298	107028192	1	1	1	14	0	41
chr4	139473637	139476130	1	1	1	4	0	8
chr5	23565266	23616326	2	2	1	732	1	49
chr5	31192289	31192581	2	2	1	1	0	33
chr5	31192626	31192992	2	2	1	1	0	23
chr5	72958287	72974530	1	1	1	61	0	48
chr5	116477146	116482389	2	2	1	1	0	33
chr5	116482532	116591333	2	2	0	3	0	45
chr5	116482537	116591333	2	2	1	849	4	50
chr5	149184807	149187707	1	1	1	9	0	43
chr5	149184807	149188344	1	1	1	554	3	44
chr5	149187835	149188344	1	1	1	1	0	39
chr5	149187877	149188344	1	1	1	8	0	39
chr6	98939789	98940994	2	2	1	1	0	45
chr6	98939789	98941535	2	2	1	155	0	45
chr6	98939789	98944618	2	2	0	16	0	45
chr6	98941165	98944618	2	2	0	1	0	36
chr6	98941658	98944618	2	2	1	156	0	37
chr6	125162102	125162211	2	2	1	345	7	38
chr6	125162102	125162309	2	2	0	1	0	35
chr6	128371086	128371967	1	1	1	3059	2	44
chr6	128371086	128372533	1	1	1	12	0	46
chr6	128372013	128372504	1	1	0	19	0	26
chr6	128372013	128372509	1	1	0	7	0	31
chr6	128372013	128372530	1	1	1	389	0	49
chr6	128372013	128372533	1	1	1	2609	2	46
chr6	128372013	128372536	1	1	0	2	0	43
chr6	128372018	128372530	1	1	0	3	0	49
chr6	128372018	128372533	1	1	0	32	0	46
chr7	25724845	25725923	2	2	1	3	0	37
chr7	67240441	67244520	2	2	1	204	0	24
chr7	67240441	67251656	2	2	1	1385	4	45
chr7	67244545	67251656	2	2	1	204	0	24
chr7	102001660	102002294	1	1	1	1476	0	44
chr7	102001660	102007485	1	1	1	368	0	43
chr7	102002337	102007485	1	1	1	1480	0	42
chr7	112839481	112841887	1	1	1	10	0	41
chr7	112839481	112842039	1	1	1	130	0	41
chr7	112839481	112856052	1	1	1	5	0	12
chr7	112839481	112856797	1	1	1	15	0	41
chr7	112841951	112856052	1	1	1	5	0	12
chr7	112842103	112856052	1	1	1	127	0	12
chr7	112842103	112856797	1	1	1	7	0	37
chr7	112856065	112856797	1	1	1	139	0	14
chr7	127980247	127981190	1	1	1	11	0	38
chr7	127981292	127981410	1	1	1	11	0	6
chr8	25532429	25557730	1	1	1	6	0	44
chr8	33386064	33386329	1	1	0	1	0	46
chr8	91688606	91932332	1	1	0	4	0	13
chr8	95100453	95100646	2	2	1	896	1	31
chr8	95100453	95101408	2	2	0	133	0	46
chr8	95100674	95101408	2	2	1	896	1	42
chr8	95101447	95139983	2	2	0	0	1	15
chr8	121628690	121651724	2	2	1	1	0	20
chr8	123268550	123268744	2	2	1	153	0	49
chr9	43027296	43040539	2	2	1	105	0	39
chr9	43027296	43042590	2	2	1	97	0	45
chr9	43040597	43042590	2	2	1	102	0	46
chr9	47813946	47818733	1	1	1	1	0	35
chr9	80093642	80098885	1	1	1	6016	8	26
chr9	80093642	80098892	1	1	0	137	0	14
chr9	80093642	80103693	1	1	1	240	0	45
chr9	80098907	80099016	1	1	0	2	0	21
chr9	80098907	80103693	1	1	1	6154	8	29
chr9	80098907	80103698	1	1	0	1	0	21
chr9	80099049	80103693	1	1	0	1	0	37
chr9	114597607	114597794	2	2	1	509	0	38
chr9	114597607	114598704	2	2	0	24	0	41
chr9	114597825	114598704	2	2	0	1	0	30
chr9	114597831	114598704	2	2	1	507	0	36
chr9	123011638	123013939	1	1	1	1	0	14
chr9	123014013	123014468	1	1	1	1	0	14
chr9	123014507	123017244	1	1	1	1	0	38
chr11	79458907	79459929	1	1	0	1	0	42
chr11	79458907	79463232	1	1	1	18	0	42
chr11	79458907	79468716	1	1	1	149	0	43
chr11	79463296	79468716	1	1	1	18	0	39
chr11	79468155	79468716	1	1	1	1	0	38
chr11	94112147	94113262	1	1	1	79	0	21
chr11	94112147	94113279	1	1	0	1	0	21
chr11	94112147	94114172	1	1	1	280	0	32
chr11	94113302	94114172	1	1	1	82	0	39
chr11	102310577	102310925	2	2	1	44	0	43
chr11	102310577	102311379	2	2	1	727	0	47
chr11	102311037	102311379	2	2	1	45	0	45
chr12	71952560	71958746	1	1	1	51	0	27
chr12	71952560	71959805	1	1	1	55	0	44
chr12	71958774	71959805	1	1	1	51	0	27
chr12	83811361	83811669	2	2	0	1	0	37
chr12	83811361	83825258	2	2	1	53	0	37
chr12	83811361	83831921	2	2	1	401	0	41
chr12	83811744	83831921	2	2	0	1	0	38
chr12	83825292	83831921	2	2	1	51	0	34
chr12	83825319	83831921	2	2	0	2	0	38
chr12	113133338	113133495	1	1	0	94	17	46
chr12	113133338	113133540	1	1	1	1512	47	43
chr12	113133338	113135796	1	1	1	10	0	29
chr12	113133577	113134186	1	1	0	6	0	28
chr12	113133577	113134761	1	1	0	1	0	21
chr12	113133577	113134800	1	1	0	5	0	12
chr12	113133577	113135796	1	1	1	1556	64	29
chr12	113134231	113135796	1	1	0	6	0	29
chr12	113134813	113135796	1	1	0	6	0	29
chr13	46778994	46780625	2	2	1	608	3	42
chr13	46778994	46785245	2	2	1	1923	1	44
chr13	46780663	46785245	2	2	0	1	0	37
chr13	46780665	46785245	2	2	1	612	3	40
chr13	56084286	56089757	2	2	1	44	0	40
chr13	56089858	56096123	2	2	1	43	0	38
chr14	57643224	57643334	2	2	1	2	0	39
chr14	57643224	57648418	2	2	1	128	0	47
chr14	57643490	57648418	2	2	1	2	0	38
chr14	120389164	120395711	1	1	1	188	0	39
chr14	120389164	120396450	1	1	1	511	0	48
chr14	120395766	120396450	1	1	1	193	0	48
chr15	77102940	77105576	2	2	1	225	0	40
chr15	77102940	77113604	2	2	1	14	0	48
chr15	77105670	77113604	2	2	1	224	0	48
chr15	79833959	79834142	2	2	1	2	0	35
chr15	103242473	103242643	1	1	1	1	0	30
chr15	103242719	103242921	1	1	1	1	0	13
chr16	57178021	57181491	2	2	1	218	0	45
chr16	57178021	57182850	2	2	1	87	1	43
chr16	57181507	57182850	2	2	0	2	0	15
chr16	57181537	57182850	2	2	1	216	0	33
chr17	12979205	13846588	1	1	0	30	2	12
chr17	13846613	13848354	1	1	0	3	0	21
chr17	13846640	13848354	1	1	1	3572	3	22
chr17	13846640	13848361	1	1	0	1	0	14
chr17	13846640	13849107	1	1	1	3362	2	44
chr17	13846640	13849113	1	1	0	21	1	47
chr17	13848376	13849107	1	1	1	3570	3	27
chr17	13848376	13849113	1	1	0	4	0	21
chr17	45570567	45570665	2	2	1	568	1	42
chr17	45570800	45571017	2	2	1	637	1	23
chr17	51783067	51785528	2	2	1	1	0	40
chr17	51785641	51803430	2	2	1	1	0	14
chr18	10726534	10740982	1	1	1	2	0	15
chr18	53948155	53948381	1	1	0	1	0	39
chr18	53948155	53948644	1	1	1	9838	5	28
chr18	53948155	53948651	1	1	0	1	0	17
chr18	53948155	53953244	1	1	1	1467	2	43
chr18	53948447	53948644	1	1	0	1	0	13
chr18	53948666	53953244	1	1	0	9	0	21
chr18	53948669	53953244	1	1	1	9829	5	37
chr18	53948669	53953268	1	1	0	2	0	24
chr18	64515409	64516415	2	2	1	1	0	39
chr19	7281256	7281797	2	4	1	147	0	38
chr19	7281256	7282725	2	2	1	1067	0	36
chr19	7281960	7282725	2	2	1	156	0	29
