chr1	34295537	34296741	1	1	1	50	0	18
chr1	34295537	34299720	1	1	1	13	0	38
chr1	34296760	34299720	1	1	1	50	0	18
chr1	40010678	40011649	1	1	1	89	0	21
chr1	40010678	40011783	1	1	0	1	0	21
chr1	40010678	40011787	1	1	0	1	0	21
chr1	40010678	40011811	1	1	0	1	0	21
chr1	40010678	40014105	1	1	1	37	1	32
chr1	40011842	40014105	1	1	1	87	0	37
chr1	82735508	82741817	1	1	1	1	0	40
chr1	82735508	82750519	1	1	1	35	0	40
chr1	82741977	82750519	1	1	1	1	0	38
chr2	24884703	24887002	2	2	1	1	0	25
chr2	32292216	32293314	1	1	1	10	0	43
chr2	32292216	32296625	1	1	1	41	1	43
chr2	32293396	32296625	1	1	1	10	0	38
chr2	59926161	59932104	2	2	1	2	0	31
chr2	59932171	59933405	2	2	0	42	0	37
chr2	59932171	59933411	2	2	1	272	0	32
chr2	59932171	59933670	2	2	1	1	0	37
chr2	59933439	59933670	2	2	1	308	0	28
chr2	71849507	71853533	1	1	1	749	0	40
chr2	71849507	71855853	1	1	1	2550	2	43
chr2	71849507	71855868	1	1	0	2	0	46
chr2	71849511	71853533	1	1	0	1	0	35
chr2	71853664	71855853	1	1	1	773	0	41
chr2	71853891	71855853	1	1	0	1	0	40
chr2	75662926	75663570	1	1	1	6	0	40
chr2	91001089	91001461	1	1	1	402	0	27
chr2	91001089	91003299	1	1	0	1	0	33
chr2	91001511	91003210	1	1	1	397	0	25
chr2	91003346	91003810	1	1	1	9	0	36
chr2	91159300	91162027	2	2	0	1	0	41
chr2	91159306	91160316	2	2	1	122	0	47
chr2	91159306	91162027	2	2	1	397	1	47
chr2	91160371	91162027	2	2	1	119	0	42
chr2	91681696	91682025	2	2	1	1	0	50
chr2	91681696	91684668	2	2	1	110	0	50
chr2	91682110	91684668	2	2	0	1	0	38
chr2	153670448	153672215	1	1	1	3	0	50
chr3	60613521	60614682	1	1	1	1511	3	45
chr3	60613521	60615619	1	1	1	1401	0	45
chr3	60614737	60615619	1	1	1	1509	3	40
chr3	87733505	87734423	1	1	1	10	0	39
chr3	87733505	87735344	1	1	0	3	0	39
chr3	87734553	87735344	1	1	1	10	0	37
chr3	88483947	88484046	2	2	1	188	0	38
chr3	88484155	88484614	2	2	1	185	0	39
chr3	119724187	119724611	2	2	1	3173	2	34
chr3	119724187	119726065	2	2	1	17	0	29
chr3	119724646	119726065	2	2	1	3258	2	38
chr4	31992517	31994873	1	1	1	187	0	40
chr4	31992517	32002088	1	1	1	2977	3	49
chr4	31994955	32002088	1	1	1	184	0	49
chr4	107009769	107027216	1	1	1	19	0	38
chr4	107009769	107028192	1	1	1	156	0	43
chr4	107027298	107028192	1	1	1	23	0	41
chr4	139473637	139476130	1	1	1	1	0	8
chr5	13042670	13661475	1	1	0	4	0	13
chr5	23565266	23616326	2	2	1	762	2	49
chr5	72958287	72974530	1	1	1	58	0	42
chr5	116482537	116591333	2	2	1	727	3	50
chr5	149184807	149187707	1	1	1	9	0	43
chr5	149184807	149188344	1	1	1	346	0	44
chr5	149187835	149188344	1	1	1	1	0	39
chr5	149187864	149188344	1	1	0	1	0	39
chr5	149187877	149188344	1	1	1	7	0	39
chr5	149188474	149193839	1	1	1	2	0	25
chr6	47577668	47594893	2	2	1	1	0	32
chr6	98939789	98941535	2	2	1	76	0	46
chr6	98939789	98944618	2	2	0	6	0	45
chr6	98941658	98944618	2	2	1	75	0	36
chr6	125121682	125121931	1	1	1	4	0	42
chr6	125162102	125162211	2	2	1	186	6	37
chr6	128371086	128371967	1	1	1	2391	1	44
chr6	128371086	128372530	1	1	1	3	0	49
chr6	128371086	128372533	1	1	1	7	0	46
chr6	128372013	128372278	1	1	0	1	0	27
chr6	128372013	128372504	1	1	0	18	0	26
chr6	128372013	128372509	1	1	0	5	0	31
chr6	128372013	128372530	1	1	1	307	0	49
chr6	128372013	128372533	1	1	1	2026	1	46
chr6	128372013	128372539	1	1	0	1	0	40
chr6	128372018	128372530	1	1	0	3	0	49
chr6	128372018	128372533	1	1	0	30	0	46
chr6	128372306	128372533	1	1	0	1	0	27
chr7	67240441	67244520	2	2	1	167	0	24
chr7	67240441	67251656	2	2	1	1301	2	49
chr7	67244545	67251656	2	2	1	167	0	24
chr7	102001660	102002294	1	1	1	835	0	42
chr7	102001660	102007485	1	1	1	310	0	43
chr7	102002310	102007485	1	1	0	1	0	15
chr7	102002337	102007485	1	1	1	843	0	41
chr7	112839481	112841887	1	1	1	4	0	41
chr7	112839481	112842039	1	1	1	82	1	41
chr7	112839481	112856052	1	1	1	6	0	12
chr7	112839481	112856797	1	1	1	1	0	41
chr7	112841951	112856052	1	1	1	3	0	12
chr7	112842103	112856052	1	1	1	78	1	12
chr7	112842103	112856797	1	1	1	3	0	37
chr7	112856065	112856797	1	1	1	88	1	14
chr7	127972771	127974399	1	1	1	1	0	35
chr7	127980247	127981190	1	1	1	8	0	10
chr7	127981292	127981410	1	1	1	5	0	6
chr8	25532429	25557730	1	1	1	1	0	41
chr8	95100453	95100646	2	2	1	564	0	31
chr8	95100453	95101408	2	2	0	51	0	46
chr8	95100674	95101408	2	2	1	564	0	42
chr8	121628690	121651724	2	2	1	1	0	44
chr8	123268550	123268744	2	2	1	136	0	47
chr9	43027296	43040539	2	2	1	58	0	38
chr9	43027296	43042590	2	2	1	78	0	45
chr9	43040593	43042590	2	2	0	1	0	43
chr9	43040597	43042590	2	2	1	58	0	45
chr9	80093642	80098885	1	1	1	5478	2	26
chr9	80093642	80098892	1	1	0	131	0	19
chr9	80093642	80103693	1	1	1	163	0	45
chr9	80098907	80103693	1	1	1	5609	2	24
chr9	80098907	80103698	1	1	0	2	0	21
chr9	114597607	114597794	2	2	1	317	0	38
chr9	114597607	114598704	2	2	0	12	0	42
chr9	114597825	114598704	2	2	0	4	0	30
chr9	114597831	114598704	2	2	1	313	0	38
chr11	79458907	79463232	1	1	1	11	0	42
chr11	79458907	79468716	1	1	1	94	1	42
chr11	79463296	79468716	1	1	1	11	0	39
chr11	94112147	94113262	1	1	1	70	0	21
chr11	94112147	94114172	1	1	1	226	0	32
chr11	94113302	94114172	1	1	1	71	0	39
chr11	102310577	102310925	2	2	1	35	0	42
chr11	102310577	102311379	2	2	1	439	0	46
chr11	102311037	102311379	2	2	1	36	0	45
chr12	71952560	71958746	1	1	1	20	0	27
chr12	71952560	71959805	1	1	1	32	0	43
chr12	71958774	71959805	1	1	1	20	0	27
chr12	83811361	83825258	2	2	1	46	0	34
chr12	83811361	83831921	2	2	1	235	0	41
chr12	83825292	83831921	2	2	1	45	0	33
chr12	113133338	113133495	1	1	0	82	13	44
chr12	113133338	113133540	1	1	1	1499	51	43
chr12	113133338	113135796	1	1	1	15	0	29
chr12	113133577	113134761	1	1	0	1	0	21
chr12	113133577	113134800	1	1	0	4	0	12
chr12	113133577	113135796	1	1	1	1510	64	29
chr12	113134813	113135796	1	1	0	5	0	29
chr13	46778994	46780625	2	2	1	543	1	43
chr13	46778994	46785245	2	2	1	1689	6	45
chr13	46780665	46785245	2	2	1	541	1	40
chr13	56084286	56089757	2	2	1	37	0	41
chr13	56084286	56096123	2	2	0	1	0	40
chr13	56089858	56096123	2	2	1	36	0	41
chr14	57643224	57648418	2	2	1	73	0	40
chr14	120389164	120395711	1	1	1	158	0	39
chr14	120389164	120395717	1	1	0	1	0	38
chr14	120389164	120396450	1	1	1	411	0	48
chr14	120395766	120396450	1	1	1	171	0	48
chr15	77102940	77105576	2	2	1	116	0	41
chr15	77102940	77113604	2	2	1	12	0	44
chr15	77105670	77113604	2	2	1	118	0	48
chr15	103242719	103243624	1	1	1	1	2	37
chr16	57178021	57181491	2	2	1	176	0	44
chr16	57178021	57182850	2	2	1	76	0	43
chr16	57181507	57182850	2	2	0	1	0	15
chr16	57181537	57182850	2	2	1	175	0	37
chr16	84831508	84834808	2	2	1	2	0	44
chr17	12979205	13846588	1	1	0	41	1	12
chr17	13846613	13849107	1	1	0	1	0	29
chr17	13846640	13848354	1	1	1	3712	2	24
chr17	13846640	13849107	1	1	1	3397	1	44
chr17	13846640	13849113	1	1	0	24	0	47
chr17	13848376	13849107	1	1	1	3710	2	29
chr17	13848376	13849113	1	1	0	4	0	21
chr17	45570567	45570665	2	2	1	533	3	44
chr17	45570800	45571017	2	2	1	588	2	24
chr18	10726534	10740982	1	1	1	2	0	15
chr18	53948155	53948644	1	1	1	10998	10	28
chr18	53948155	53953244	1	1	1	1975	11	44
chr18	53948666	53953244	1	1	0	5	0	21
chr18	53948669	53949681	1	1	0	2	0	15
chr18	53948669	53953244	1	1	1	10977	6	37
chr18	53948669	53953268	1	1	0	1	0	24
chr18	53949705	53953244	1	1	0	2	0	23
chr18	64511878	64511983	2	2	1	1	0	21
chr18	64515406	64516415	2	2	1	1	0	30
chr19	7281251	7282725	2	2	0	1	0	26
chr19	7281256	7281797	2	4	1	170	0	39
chr19	7281256	7282725	2	2	1	1289	4	36
chr19	7281960	7282725	2	2	1	179	0	31
