chr1	34295537	34296741	1	1	1	118	0	18
chr1	34295537	34299720	1	1	1	30	0	38
chr1	34296760	34299720	1	1	1	119	0	18
chr1	40010678	40011649	1	1	1	189	1	22
chr1	40010678	40011787	1	1	0	1	0	21
chr1	40010678	40011811	1	1	0	6	0	21
chr1	40010678	40014105	1	1	1	77	2	32
chr1	40011842	40014105	1	1	1	192	1	38
chr1	58558058	58565856	2	2	1	2	0	14
chr1	58565955	58586211	2	2	1	2	0	46
chr1	82735508	82747082	1	1	1	5	0	40
chr1	82735508	82750519	1	1	1	82	0	41
chr1	82747143	82750519	1	1	1	5	0	38
chr1	86529805	86529964	1	1	1	1	0	10
chr2	32292216	32293314	1	1	1	15	0	43
chr2	32292216	32296625	1	1	1	117	0	43
chr2	32293396	32296625	1	1	1	15	0	38
chr2	59926161	59932104	2	2	1	1	0	23
chr2	59932171	59933405	2	2	0	93	0	37
chr2	59932171	59933411	2	2	1	630	0	31
chr2	59933439	59933670	2	2	1	712	0	28
chr2	71849507	71853533	1	1	1	1199	0	42
chr2	71849507	71853820	1	1	0	1	0	29
chr2	71849507	71853890	1	1	0	2	0	39
chr2	71849507	71855853	1	1	1	3936	5	43
chr2	71849507	71855868	1	1	0	13	0	46
chr2	71849507	71855876	1	1	0	1	0	38
chr2	71853664	71855853	1	1	1	1254	1	41
chr2	71853891	71855853	1	1	0	1	0	40
chr2	71853948	71855853	1	1	0	2	0	40
chr2	75662926	75663570	1	1	1	9	0	40
chr2	91001089	91001461	1	1	1	964	1	34
chr2	91001089	91003299	1	1	0	2	0	33
chr2	91001511	91003210	1	1	1	942	1	25
chr2	91001511	91003299	1	1	0	6	0	46
chr2	91003238	91003810	1	1	0	4	0	27
chr2	91003346	91003810	1	1	1	22	0	36
chr2	91159306	91160316	2	2	1	323	0	47
chr2	91159306	91162027	2	2	1	711	0	47
chr2	91160371	91162027	2	2	1	324	0	40
chr2	91162076	91259285	2	2	0	2	0	13
chr2	91681696	91684668	2	2	1	310	1	50
chr2	153670448	153672215	1	1	1	4	0	50
chr2	168752741	168754433	2	2	1	2	0	44
chr3	60201323	60613472	1	1	0	0	4	14
chr3	60422418	60613472	1	1	0	0	4	15
chr3	60613521	60614682	1	1	1	2015	7	46
chr3	60613521	60614688	1	1	0	3	0	38
chr3	60613521	60615619	1	1	1	2489	7	46
chr3	60614737	60615619	1	1	1	2026	7	44
chr3	87733505	87734423	1	1	1	10	0	39
chr3	87733505	87734456	1	1	0	1	0	38
chr3	87733505	87735344	1	1	0	6	0	39
chr3	87734553	87735344	1	1	1	11	0	37
chr3	88483947	88484046	2	2	1	382	0	38
chr3	88484077	88484614	2	2	0	1	0	30
chr3	88484155	88484614	2	2	1	374	0	40
chr3	108261753	108265065	1	1	1	1	0	40
chr3	119724187	119724611	2	2	1	6833	3	34
chr3	119724187	119726065	2	2	1	25	0	29
chr3	119724646	119726065	2	2	1	7078	3	38
chr3	119726116	120643502	2	2	0	6	0	13
chr3	129825617	129826823	2	2	1	1	0	30
chr3	142948246	142963375	2	2	0	0	1	13
chr4	31992517	31994873	1	1	1	364	0	40
chr4	31992517	32002088	1	1	1	5566	6	49
chr4	31994955	32002088	1	1	1	368	0	49
chr4	107009769	107027216	1	1	1	10	0	39
chr4	107009769	107028192	1	1	1	268	0	42
chr4	107027298	107028192	1	1	1	13	0	41
chr4	139473637	139476130	1	1	1	2	0	8
chr5	23565266	23616326	2	2	1	1461	3	49
chr5	23615795	23616326	2	2	0	1	0	44
chr5	72958287	72965803	1	1	1	4	0	40
chr5	72958287	72974530	1	1	1	158	0	45
chr5	72965882	72974530	1	1	1	4	0	41
chr5	116482532	116591333	2	2	0	6	0	45
chr5	116482537	116591333	2	2	1	1361	5	50
chr5	149184807	149185484	1	1	1	1	0	43
chr5	149184807	149187707	1	1	1	27	0	44
chr5	149184807	149188344	1	1	1	924	4	45
chr5	149185662	149188344	1	1	0	1	0	39
chr5	149187835	149188344	1	1	1	3	0	39
chr5	149187877	149188344	1	1	1	24	0	39
chr6	47577668	47594893	2	2	1	1	0	24
chr6	72634233	72649119	2	2	1	5	0	40
chr6	72957653	72957912	2	2	1	2	0	20
chr6	85467786	85468052	1	1	1	1	0	17
chr6	98939789	98940994	2	2	1	1	0	45
chr6	98939789	98941535	2	2	1	210	0	46
chr6	98939789	98944618	2	2	0	31	0	45
chr6	98941165	98944618	2	2	0	2	0	36
chr6	98941658	98944618	2	2	1	210	0	45
chr6	125162102	125162211	2	2	1	452	14	36
chr6	128371086	128371967	1	1	1	5121	3	44
chr6	128371086	128372533	1	1	1	17	0	46
chr6	128372013	128372504	1	1	0	24	0	26
chr6	128372013	128372509	1	1	0	9	0	31
chr6	128372013	128372530	1	1	1	599	0	49
chr6	128372013	128372533	1	1	1	4432	3	46
chr6	128372013	128372536	1	1	0	1	0	43
chr6	128372018	128372530	1	1	0	7	0	49
chr6	128372018	128372533	1	1	0	55	0	46
chr7	67240441	67244520	2	2	1	299	0	24
chr7	67240441	67251656	2	2	1	2257	0	45
chr7	67240443	67251659	1	1	0	2	0	41
chr7	67244545	67251656	2	2	1	300	0	24
chr7	99849060	99858763	2	2	1	2	0	44
chr7	101288340	102001612	1	3	0	6	0	12
chr7	102001660	102002294	1	1	1	1889	0	44
chr7	102001660	102007485	1	1	1	658	0	45
chr7	102002337	102007485	1	1	1	1886	0	41
chr7	112839481	112841887	1	1	1	3	0	41
chr7	112839481	112842039	1	1	1	174	0	41
chr7	112839481	112856052	1	1	1	8	0	12
chr7	112839481	112856797	1	1	1	15	0	41
chr7	112841951	112856052	1	1	1	3	0	12
chr7	112842103	112856052	1	1	1	163	0	12
chr7	112842103	112856797	1	1	1	10	0	37
chr7	112856065	112856797	1	1	1	175	0	12
chr7	127233487	127235263	1	1	1	2	0	27
chr7	127972771	127974399	1	1	1	1	0	7
chr7	127980247	127981190	1	1	1	16	0	5
chr7	127981292	127981410	1	1	1	15	0	6
chr7	131396852	131410386	2	2	1	1	0	33
chr8	25532429	25557709	1	1	0	1	0	37
chr8	25532429	25557730	1	1	1	1	0	44
chr8	25555775	25557730	1	1	1	2	0	37
chr8	33386064	33386329	1	1	0	1	0	46
chr8	72219861	72219940	1	1	1	1	0	30
chr8	91688606	91932332	1	1	0	8	0	13
chr8	95100443	95100636	2	2	0	1	0	36
chr8	95100453	95100646	2	2	1	1626	1	31
chr8	95100453	95101408	2	2	0	176	0	46
chr8	95100674	95101408	2	2	1	1627	1	42
chr8	95101447	95139983	2	2	0	0	1	15
chr8	123268550	123268744	2	2	1	309	0	47
chr9	43027296	43040539	2	2	1	160	0	39
chr9	43027296	43042590	2	2	1	180	0	46
chr9	43040597	43042590	2	2	1	161	0	45
chr9	55500165	55512030	2	2	1	2	0	32
chr9	80093642	80098885	1	1	1	10358	4	31
chr9	80093642	80098892	1	1	0	253	0	19
chr9	80093642	80103693	1	1	1	399	1	45
chr9	80093642	80103698	1	1	0	3	0	44
chr9	80098907	80099016	1	1	0	1	0	21
chr9	80098907	80101831	1	1	0	1	0	21
chr9	80098907	80103693	1	1	1	10609	4	24
chr9	80098907	80103698	1	1	0	3	0	21
chr9	80099049	80103693	1	1	0	1	0	37
chr9	80101891	80103693	1	1	0	1	0	37
chr9	114597607	114597794	2	2	1	563	0	38
chr9	114597607	114598704	2	2	0	25	0	43
chr9	114597825	114598704	2	2	0	6	0	30
chr9	114597831	114598704	2	2	1	558	0	38
chr11	26778879	26787397	2	2	0	0	1	13
chr11	79458907	79463232	1	1	1	23	0	42
chr11	79458907	79468716	1	1	1	261	0	43
chr11	79463296	79468716	1	1	1	23	0	39
chr11	94112147	94113262	1	1	1	155	0	21
chr11	94112147	94113279	1	1	0	2	0	21
chr11	94112147	94114172	1	1	1	447	0	32
chr11	94113302	94114172	1	1	1	161	0	39
chr11	102310577	102310925	2	2	1	76	0	42
chr11	102310577	102311360	2	2	0	1	0	42
chr11	102310577	102311379	2	2	1	1189	0	46
chr11	102311037	102311379	2	2	1	76	0	45
chr12	71952560	71958746	1	1	1	69	0	27
chr12	71952560	71959805	1	1	1	77	0	43
chr12	71958774	71959805	1	1	1	69	0	27
chr12	83811361	83811669	2	2	0	1	0	37
chr12	83811361	83825258	2	2	1	51	0	34
chr12	83811361	83831921	2	2	1	559	0	41
chr12	83825292	83831921	2	2	1	52	0	35
chr12	104697145	104700364	2	2	1	2	0	16
chr12	113133338	113133495	1	1	0	147	20	44
chr12	113133338	113133540	1	1	1	2947	72	43
chr12	113133338	113135796	1	1	1	14	0	29
chr12	113133577	113134761	1	1	0	1	0	21
chr12	113133577	113134800	1	1	0	6	0	14
chr12	113133577	113135796	1	1	1	2986	92	29
chr12	113134813	113135796	1	1	0	6	0	29
chr13	46778994	46780545	2	2	0	1	0	40
chr13	46778994	46780625	2	2	1	945	1	43
chr13	46778994	46785245	2	2	1	3259	9	46
chr13	46780665	46785245	2	2	1	945	1	40
chr13	56084286	56089757	2	2	1	58	0	41
chr13	56084286	56096123	2	2	0	4	0	40
chr13	56089858	56096123	2	2	1	57	0	41
chr14	57643217	57648418	2	2	0	1	0	46
chr14	57643224	57643334	2	2	1	1	0	39
chr14	57643224	57648418	2	2	1	150	0	41
chr14	57643490	57648418	2	2	1	1	0	38
chr14	120389164	120395711	1	1	1	275	0	45
chr14	120389164	120395717	1	1	0	2	0	38
chr14	120389164	120396450	1	1	1	902	1	48
chr14	120395766	120396450	1	1	1	286	0	48
chr15	77102940	77105576	2	2	1	243	0	42
chr15	77102940	77113604	2	2	1	23	0	48
chr15	77105670	77113604	2	2	1	241	0	48
chr16	57178021	57181491	2	2	1	486	1	44
chr16	57178021	57182850	2	2	1	172	0	43
chr16	57181507	57182850	2	2	0	5	0	15
chr16	57181511	57182850	2	2	0	1	0	19
chr16	57181537	57182850	2	2	1	476	1	34
chr17	12979205	13846588	1	1	0	92	4	12
chr17	13846613	13848354	1	1	0	7	0	21
chr17	13846613	13849107	1	1	0	1	0	34
chr17	13846640	13848354	1	1	1	6885	10	24
chr17	13846640	13849107	1	1	1	5844	6	47
chr17	13846640	13849113	1	1	0	26	0	47
chr17	13846644	13848358	1	1	0	1	0	17
chr17	13848376	13849107	1	1	1	6881	10	29
chr17	13848376	13849113	1	1	0	7	0	21
chr17	45570567	45570665	2	2	1	943	3	42
chr17	45570800	45571017	2	2	1	1030	1	23
chr17	56578845	56578920	2	2	1	1	0	31
chr17	56578986	56582983	2	2	1	1	0	42
chr18	10726534	10740982	1	1	1	3	0	17
chr18	53948155	53948644	1	1	1	16991	10	30
chr18	53948155	53948651	1	1	0	2	0	17
chr18	53948155	53953244	1	1	1	2433	7	43
chr18	53948666	53953244	1	1	0	12	0	21
chr18	53948669	53949681	1	1	0	1	0	14
chr18	53948669	53953244	1	1	1	16947	9	37
chr18	53949705	53953244	1	1	0	1	0	23
chr19	7281251	7282725	2	2	0	3	0	26
chr19	7281256	7281797	2	4	1	271	0	40
chr19	7281256	7282725	2	2	1	2286	0	36
chr19	7281960	7282725	2	2	1	276	0	35
chr19	23687546	23694320	1	1	1	1	0	29
chr19	23694491	23703077	1	1	1	1	0	23
chr19	38116910	38118271	2	2	1	1	0	15
chrX	73952667	73952825	2	2	1	3	0	10
