chr1	34295537	34296741	1	1	1	66	0	18
chr1	34295537	34299720	1	1	1	13	0	39
chr1	34296760	34299720	1	1	1	66	0	19
chr1	40010678	40011649	1	1	1	98	0	21
chr1	40010678	40011811	1	1	0	1	0	21
chr1	40010678	40014105	1	1	1	30	0	32
chr1	40011842	40014105	1	1	1	95	0	37
chr1	55088413	55089050	1	1	1	1	0	30
chr1	82735508	82741817	1	1	1	1	0	40
chr1	82735508	82741934	1	1	0	1	0	40
chr1	82735508	82747082	1	1	1	2	0	40
chr1	82735508	82750519	1	1	1	46	0	40
chr1	82741977	82750519	1	1	1	1	0	38
chr1	82747143	82750519	1	1	1	3	0	38
chr2	32292216	32293314	1	1	1	8	0	43
chr2	32292216	32296625	1	1	1	75	0	43
chr2	32293396	32296625	1	1	1	7	0	38
chr2	59926161	59932104	2	2	1	1	0	23
chr2	59932171	59933405	2	2	0	75	0	37
chr2	59932171	59933411	2	2	1	378	0	32
chr2	59932171	59933670	2	2	1	1	0	33
chr2	59933439	59933670	2	2	1	448	0	31
chr2	71849507	71853533	1	1	1	792	0	44
chr2	71849507	71853820	1	1	0	4	0	37
chr2	71849507	71855853	1	1	1	2187	3	43
chr2	71853664	71855853	1	1	1	804	0	41
chr2	71853891	71855853	1	1	0	4	0	40
chr2	75662926	75663570	1	1	1	1	0	39
chr2	91001089	91001461	1	1	1	598	0	34
chr2	91001511	91003210	1	1	1	600	0	25
chr2	91001511	91003299	1	1	0	1	0	46
chr2	91003238	91003810	1	1	0	1	0	27
chr2	91003346	91003810	1	1	1	24	0	43
chr2	91159300	91162027	2	2	0	1	0	41
chr2	91159306	91160316	2	2	1	170	0	47
chr2	91159306	91162027	2	2	1	416	0	47
chr2	91160371	91162027	2	2	1	176	0	40
chr2	91681696	91684668	2	2	1	140	0	50
chr3	60613521	60614682	1	1	1	1157	0	45
chr3	60613521	60614688	1	1	0	5	0	38
chr3	60613521	60615619	1	1	1	1415	2	45
chr3	60614737	60615619	1	1	1	1165	0	39
chr3	87733505	87734423	1	1	1	10	0	39
chr3	87733505	87735344	1	1	0	6	0	39
chr3	87734553	87735344	1	1	1	10	0	37
chr3	88483947	88484046	2	2	1	169	0	39
chr3	88484155	88484614	2	2	1	166	0	40
chr3	107672137	107673435	2	2	1	1	0	18
chr3	119724187	119724611	2	2	1	4973	1	34
chr3	119724187	119726065	2	2	1	19	0	29
chr3	119724646	119726065	2	2	1	5104	2	38
chr3	119726116	119820407	2	2	0	4	0	13
chr4	31992517	31994873	1	1	1	241	0	39
chr4	31992517	32002088	1	1	1	3532	8	49
chr4	31994955	32002088	1	1	1	238	0	48
chr4	107009769	107027216	1	1	1	11	0	40
chr4	107009769	107028192	1	1	1	148	0	42
chr4	107027298	107028192	1	1	1	11	0	41
chr5	23565266	23610849	2	2	0	1	0	37
chr5	23565266	23616326	2	2	1	887	4	46
chr5	23610909	23616326	2	2	0	1	0	45
chr5	72958287	72965803	1	1	1	1	0	40
chr5	72958287	72974530	1	1	1	74	0	42
chr5	72965882	72974530	1	1	1	1	0	41
chr5	116482537	116591333	2	2	1	755	0	50
chr5	149184807	149185484	1	1	1	1	0	42
chr5	149184807	149187707	1	1	1	11	0	43
chr5	149184807	149188344	1	1	1	529	1	44
chr5	149185662	149188344	1	1	0	1	0	39
chr5	149187835	149188344	1	1	1	2	0	39
chr5	149187877	149188344	1	1	1	9	0	39
chr6	47577668	47594893	2	2	1	2	0	26
chr6	98939789	98941535	2	2	1	148	0	46
chr6	98939789	98944618	2	2	0	22	0	45
chr6	98941658	98944618	2	2	1	146	0	37
chr6	125162102	125162211	2	2	1	232	4	43
chr6	128371086	128371967	1	1	1	3001	1	44
chr6	128371086	128371980	1	1	0	1	0	32
chr6	128371086	128372530	1	1	1	2	0	49
chr6	128371086	128372533	1	1	1	16	0	46
chr6	128372013	128372504	1	1	0	15	0	26
chr6	128372013	128372509	1	1	0	6	0	31
chr6	128372013	128372530	1	1	1	364	0	47
chr6	128372013	128372533	1	1	1	2563	1	46
chr6	128372013	128372536	1	1	0	1	0	43
chr6	128372018	128372530	1	1	0	5	0	49
chr6	128372018	128372533	1	1	0	35	0	46
chr6	128372208	128372533	1	1	0	1	0	46
chr7	67240441	67244520	2	2	1	186	0	24
chr7	67240441	67251656	2	2	1	1131	1	44
chr7	67244545	67251656	2	2	1	186	0	24
chr7	102001660	102002294	1	1	1	1267	0	43
chr7	102001660	102007485	1	1	1	373	0	44
chr7	102002337	102007485	1	1	1	1264	0	42
chr7	112839481	112841887	1	1	1	5	1	41
chr7	112839481	112842039	1	1	1	113	1	41
chr7	112839481	112856797	1	1	1	11	0	41
chr7	112841906	112842057	1	1	0	0	1	18
chr7	112841951	112856052	1	1	1	1	0	12
chr7	112842103	112856052	1	1	1	113	0	12
chr7	112842103	112856797	1	1	1	1	1	37
chr7	112856065	112856797	1	1	1	114	0	12
chr7	127980247	127981190	1	1	1	9	0	30
chr7	127981292	127981410	1	1	1	9	0	6
chr8	25532429	25555507	1	1	1	1	0	44
chr8	25532429	25557730	1	1	1	1	0	37
chr8	25555775	25557730	1	1	1	1	0	38
chr8	46207621	46208397	2	2	1	1	0	31
chr8	95100453	95100646	2	2	1	910	2	31
chr8	95100453	95101408	2	2	0	114	0	46
chr8	95100674	95101408	2	2	1	910	2	44
chr8	123268550	123268744	2	2	1	180	1	46
chr9	43027296	43040539	2	2	1	113	0	38
chr9	43027296	43042590	2	2	1	96	0	46
chr9	43040593	43042590	2	2	0	2	0	43
chr9	43040597	43042590	2	2	1	110	0	45
chr9	43042036	43042590	2	2	0	1	0	43
chr9	80093642	80098885	1	1	1	6466	4	26
chr9	80093642	80098892	1	1	0	243	0	19
chr9	80093642	80103693	1	1	1	235	0	45
chr9	80098907	80103693	1	1	1	6716	4	29
chr9	80098907	80103698	1	1	0	1	0	14
chr9	114597607	114597794	2	2	1	405	0	38
chr9	114597607	114598704	2	2	0	10	0	40
chr9	114597825	114598704	2	2	0	4	0	30
chr9	114597831	114598704	2	2	1	399	0	36
chr11	70968018	70969648	2	2	1	1	0	38
chr11	79458907	79463232	1	1	1	11	0	42
chr11	79458907	79468113	1	1	1	2	0	41
chr11	79458907	79468716	1	1	1	170	0	43
chr11	79463296	79468716	1	1	1	11	0	38
chr11	79468155	79468716	1	1	1	2	0	38
chr11	94112147	94113262	1	1	1	80	0	24
chr11	94112147	94114172	1	1	1	243	0	32
chr11	94113302	94114172	1	1	1	82	0	39
chr11	102310577	102310925	2	2	1	39	0	42
chr11	102310577	102311379	2	2	1	672	0	46
chr11	102311037	102311379	2	2	1	39	0	45
chr12	71952560	71958746	1	1	1	46	0	27
chr12	71952560	71959805	1	1	1	46	0	45
chr12	71958774	71959805	1	1	1	46	0	27
chr12	83811361	83825258	2	2	1	59	0	37
chr12	83811361	83831921	2	2	1	371	1	45
chr12	83825292	83831921	2	2	1	57	0	34
chr12	83825319	83831921	2	2	0	2	0	38
chr12	113133331	113133495	1	1	0	1	0	43
chr12	113133338	113133495	1	1	0	78	15	45
chr12	113133338	113133540	1	1	1	1706	46	43
chr12	113133338	113133551	1	1	0	1	0	26
chr12	113133338	113135796	1	1	1	2	0	29
chr12	113133577	113134761	1	1	0	2	0	21
chr12	113133577	113134800	1	1	0	9	0	14
chr12	113133577	113135796	1	1	1	1717	61	29
chr12	113134813	113135796	1	1	0	10	0	29
chr13	46778990	46780625	2	2	0	1	0	41
chr13	46778994	46780545	2	2	0	1	0	42
chr13	46778994	46780625	2	2	1	657	1	42
chr13	46778994	46785245	2	2	1	1917	4	46
chr13	46780665	46785245	2	2	1	662	1	40
chr13	56084286	56089757	2	2	1	44	0	40
chr13	56089858	56096123	2	2	1	43	0	42
chr14	57643224	57643334	2	2	1	1	0	39
chr14	57643224	57648418	2	2	1	104	0	39
chr14	57643490	57648418	2	2	1	1	0	38
chr14	120389164	120395711	1	1	1	196	0	38
chr14	120389164	120396450	1	1	1	503	0	48
chr14	120395766	120396450	1	1	1	212	0	48
chr15	77102940	77105576	2	2	1	192	0	40
chr15	77102940	77113604	2	2	1	9	0	44
chr15	77105670	77113604	2	2	1	191	0	48
chr15	103242719	103243624	1	1	1	0	1	33
chr16	57178021	57181491	2	2	1	364	0	44
chr16	57178021	57182850	2	2	1	93	0	43
chr16	57181507	57182850	2	2	0	1	0	15
chr16	57181537	57182850	2	2	1	361	0	35
chr17	12979205	13846588	1	1	0	60	1	12
chr17	13846640	13848306	1	1	0	2	0	38
chr17	13846640	13848354	1	1	1	3518	2	21
chr17	13846640	13849107	1	1	1	3476	3	46
chr17	13846640	13849113	1	1	0	3	0	47
chr17	13848376	13849107	1	1	1	3511	2	41
chr17	13848376	13849113	1	1	0	2	0	21
chr17	45570567	45570665	2	2	1	366	0	42
chr17	45570800	45571017	2	2	1	386	0	23
chr18	53948155	53948644	1	1	1	10798	9	28
chr18	53948155	53953244	1	1	1	1678	2	42
chr18	53948162	53948644	1	1	0	2	0	24
chr18	53948162	53953244	1	1	0	3	0	37
chr18	53948666	53953244	1	1	0	5	0	21
chr18	53948669	53953244	1	1	1	10778	8	37
chr18	53948669	53953268	1	1	0	2	0	24
chr19	7281251	7282725	2	2	0	1	0	26
chr19	7281256	7281797	2	4	1	159	0	38
chr19	7281256	7282331	2	2	0	1	0	38
chr19	7281256	7282725	2	2	1	1223	0	36
chr19	7281960	7282725	2	2	1	165	0	35
chr19	7282449	7282725	2	2	0	1	0	26
