chr1	34295537	34296741	1	1	1	113	0	18
chr1	34295537	34299720	1	1	1	20	0	38
chr1	34296760	34299720	1	1	1	113	0	19
chr1	40010678	40011649	1	1	1	127	0	24
chr1	40010678	40011787	1	1	0	2	0	21
chr1	40010678	40011811	1	1	0	1	0	21
chr1	40010678	40014105	1	1	1	45	0	32
chr1	40011842	40014105	1	1	1	127	0	38
chr1	82735508	82741817	1	1	1	2	0	40
chr1	82735508	82747082	1	1	1	4	0	40
chr1	82735508	82750519	1	1	1	82	0	40
chr1	82741977	82750519	1	1	1	1	0	38
chr1	82747143	82750519	1	1	1	5	0	39
chr2	32292216	32293314	1	1	1	14	0	43
chr2	32292216	32296625	1	1	1	87	0	43
chr2	32293396	32296625	1	1	1	14	0	38
chr2	59932171	59933405	2	2	0	86	0	38
chr2	59932171	59933411	2	2	1	569	0	32
chr2	59933439	59933670	2	2	1	645	0	28
chr2	71849507	71853533	1	1	1	792	4	43
chr2	71849507	71855853	1	1	1	3031	3	44
chr2	71853664	71855853	1	1	1	820	4	42
chr2	75662926	75663570	1	1	1	3	0	39
chr2	91001089	91001461	1	1	1	652	1	27
chr2	91001089	91003299	1	1	0	1	1	33
chr2	91001511	91003210	1	1	1	638	1	26
chr2	91001511	91003299	1	1	0	2	0	46
chr2	91003238	91003810	1	1	0	1	0	27
chr2	91003346	91003810	1	1	1	12	0	36
chr2	91159306	91160316	2	2	1	221	0	47
chr2	91159306	91162027	2	2	1	597	1	47
chr2	91160371	91162027	2	2	1	224	0	39
chr2	91681696	91682025	2	2	1	1	0	50
chr2	91681696	91684668	2	2	1	287	1	50
chr2	91682110	91684668	2	2	0	1	0	38
chr2	153670448	153672215	1	1	1	2	0	50
chr3	60422418	60613472	1	1	0	0	3	15
chr3	60613513	60615612	2	2	0	1	0	45
chr3	60613521	60614682	1	1	1	1536	4	49
chr3	60613521	60615619	1	1	1	1656	2	46
chr3	60614737	60615619	1	1	1	1535	4	40
chr3	87733505	87734423	1	1	1	12	0	39
chr3	87733505	87735344	1	1	0	6	0	39
chr3	87734553	87735344	1	1	1	13	0	37
chr3	88483947	88484046	2	2	1	353	0	37
chr3	88483947	88484614	2	2	0	1	0	38
chr3	88484077	88484614	2	2	0	1	0	30
chr3	88484155	88484614	2	2	1	343	0	39
chr3	100153648	100153861	2	2	1	4	0	35
chr3	119724187	119724611	2	2	1	6548	5	34
chr3	119724187	119726065	2	2	1	13	0	29
chr3	119724646	119726065	2	2	1	6734	6	38
chr3	119726116	120643502	2	2	0	5	0	13
chr3	129825617	129826823	2	2	1	2	0	36
chr4	31992517	31994873	1	1	1	265	0	41
chr4	31992517	32002088	1	1	1	5153	11	49
chr4	31994955	32002088	1	1	1	266	0	49
chr4	107009769	107027216	1	1	1	16	0	38
chr4	107009769	107028192	1	1	1	206	0	46
chr4	107027298	107028192	1	1	1	18	0	46
chr5	13042670	13661475	1	1	0	5	0	13
chr5	23565266	23569656	2	2	0	1	0	37
chr5	23565266	23616326	2	2	1	1021	3	46
chr5	23569704	23616326	2	2	0	1	0	45
chr5	72958287	72965803	1	1	1	1	0	40
chr5	72958287	72974530	1	1	1	111	0	48
chr5	72965882	72974530	1	1	1	2	0	41
chr5	116477146	116482389	2	2	1	2	0	33
chr5	116482537	116591333	2	2	1	953	4	50
chr5	149184807	149187707	1	1	1	22	0	43
chr5	149184807	149188344	1	1	1	808	3	45
chr5	149187835	149188344	1	1	1	3	0	39
chr5	149187877	149188344	1	1	1	19	0	41
chr6	47577668	47594893	2	2	1	2	0	32
chr6	98939789	98941535	2	2	1	130	0	46
chr6	98939789	98944618	2	2	0	32	0	45
chr6	98941658	98944618	2	2	1	130	0	36
chr6	125162102	125162211	2	2	1	427	15	36
chr6	128371086	128371967	1	1	1	4476	2	44
chr6	128371086	128372530	1	1	1	1	0	49
chr6	128371086	128372533	1	1	1	17	0	46
chr6	128372013	128372278	1	1	0	1	0	25
chr6	128372013	128372504	1	1	0	26	0	26
chr6	128372013	128372509	1	1	0	8	0	34
chr6	128372013	128372530	1	1	1	520	1	49
chr6	128372013	128372533	1	1	1	3861	2	46
chr6	128372013	128372536	1	1	0	3	0	43
chr6	128372018	128372530	1	1	0	8	0	49
chr6	128372018	128372533	1	1	0	45	0	46
chr6	128372306	128372530	1	1	0	1	0	27
chr7	67240441	67244520	2	2	1	161	0	24
chr7	67240441	67251656	2	2	1	1611	2	44
chr7	67244545	67251656	2	2	1	161	0	24
chr7	102001660	102002294	1	1	1	1511	1	43
chr7	102001660	102007485	1	1	1	536	1	44
chr7	102001665	102002300	1	1	0	1	0	36
chr7	102002337	102007485	1	1	1	1502	1	42
chr7	112839481	112841887	1	1	1	6	0	41
chr7	112839481	112842039	1	1	1	149	0	49
chr7	112839481	112856052	1	1	1	4	0	12
chr7	112839481	112856797	1	1	1	12	0	41
chr7	112841951	112856052	1	1	1	1	0	12
chr7	112842103	112856052	1	1	1	140	0	12
chr7	112842103	112856797	1	1	1	9	0	37
chr7	112856065	112856797	1	1	1	149	0	14
chr7	127980247	127981190	1	1	1	13	0	35
chr7	127981292	127981410	1	1	1	12	0	6
chr8	25532429	25555507	1	1	1	1	0	44
chr8	25532429	25557730	1	1	1	5	0	44
chr8	25555775	25557730	1	1	1	2	0	37
chr8	72219861	72219940	1	1	1	2	0	30
chr8	91688606	91932332	1	1	0	6	0	13
chr8	95100453	95100646	2	2	1	1016	3	31
chr8	95100453	95101408	2	2	0	124	0	46
chr8	95100674	95101408	2	2	1	1016	3	44
chr8	95101447	95139983	2	2	0	0	1	15
chr8	123268550	123268744	2	2	1	230	0	48
chr9	43027296	43040539	2	2	1	120	1	38
chr9	43027296	43042590	2	2	1	139	0	46
chr9	43040597	43042590	2	2	1	119	1	45
chr9	80093642	80098885	1	1	1	7949	10	30
chr9	80093642	80098892	1	1	0	180	0	14
chr9	80093642	80103693	1	1	1	357	1	45
chr9	80098907	80101831	1	1	0	1	0	21
chr9	80098907	80103648	1	1	0	1	0	21
chr9	80098907	80103693	1	1	1	8137	10	37
chr9	80101891	80103693	1	1	0	1	0	37
chr9	114597607	114597790	2	2	0	1	0	40
chr9	114597607	114597794	2	2	1	455	1	38
chr9	114597607	114598704	2	2	0	9	0	40
chr9	114597825	114598704	2	2	0	5	0	30
chr9	114597831	114598704	2	2	1	448	1	38
chr11	79458907	79463232	1	1	1	17	0	42
chr11	79458907	79468113	1	1	1	1	0	41
chr11	79458907	79468716	1	1	1	206	0	42
chr11	79463296	79468716	1	1	1	17	0	38
chr11	79468155	79468716	1	1	1	1	0	38
chr11	94112147	94113262	1	1	1	137	0	29
chr11	94112147	94114172	1	1	1	430	0	32
chr11	94113302	94114172	1	1	1	144	0	39
chr11	102310577	102310925	2	2	1	42	0	43
chr11	102310577	102311379	2	2	1	1014	0	46
chr11	102310577	102311403	2	2	0	3	0	23
chr11	102311037	102311379	2	2	1	42	0	46
chr12	71952560	71958746	1	1	1	68	0	27
chr12	71952560	71959805	1	1	1	92	0	43
chr12	71958774	71959805	1	1	1	68	0	29
chr12	83811361	83825258	2	2	1	51	0	33
chr12	83811361	83831921	2	2	1	492	2	41
chr12	83811744	83831921	2	2	0	1	0	38
chr12	83825292	83831921	2	2	1	51	0	33
chr12	113133338	113133495	1	1	0	127	18	45
chr12	113133338	113133540	1	1	1	2398	57	43
chr12	113133338	113135796	1	1	1	16	0	29
chr12	113133577	113134761	1	1	0	2	0	21
chr12	113133577	113134800	1	1	0	12	0	12
chr12	113133577	113135796	1	1	1	2414	74	30
chr12	113134813	113135796	1	1	0	14	0	29
chr13	46777214	46778893	2	2	1	1	0	3
chr13	46778994	46780625	2	2	1	928	0	41
chr13	46778994	46785245	2	2	1	2871	7	47
chr13	46780663	46785245	2	2	0	1	0	37
chr13	46780665	46785245	2	2	1	931	0	39
chr13	56084286	56089757	2	2	1	63	0	43
chr13	56089858	56096123	2	2	1	61	0	41
chr14	31257768	31257880	1	1	1	3	0	45
chr14	57643224	57643334	2	2	1	2	0	39
chr14	57643224	57648418	2	2	1	135	0	47
chr14	57643490	57648418	2	2	1	2	0	38
chr14	120389164	120395711	1	1	1	196	0	39
chr14	120389164	120396450	1	1	1	639	0	48
chr14	120395766	120396450	1	1	1	204	0	48
chr15	77102940	77105576	2	2	1	202	0	41
chr15	77102940	77113604	2	2	1	19	0	44
chr15	77105670	77113604	2	2	1	201	0	48
chr15	103242719	103242921	1	1	1	1	0	36
chr15	103242719	103243624	1	1	1	0	1	33
chr16	57178021	57181491	2	2	1	339	1	44
chr16	57178021	57182850	2	2	1	107	0	44
chr16	57181537	57182850	2	2	1	337	1	44
chr16	84831508	84834808	2	2	1	3	0	44
chr17	12979205	13846588	1	1	0	59	0	12
chr17	13846613	13848354	1	1	0	3	0	21
chr17	13846640	13848354	1	1	1	4768	3	22
chr17	13846640	13849107	1	1	1	4775	3	46
chr17	13846640	13849113	1	1	0	36	0	47
chr17	13848376	13849107	1	1	1	4767	4	27
chr17	13848376	13849113	1	1	0	3	0	21
chr17	45570567	45570665	2	2	1	487	0	42
chr17	45570800	45571017	2	2	1	523	0	24
chr18	53948155	53948644	1	1	1	13610	11	28
chr18	53948155	53948651	1	1	0	1	0	17
chr18	53948155	53953244	1	1	1	2324	2	44
chr18	53948666	53953244	1	1	0	13	0	21
chr18	53948669	53953244	1	1	1	13577	11	37
chr18	53948669	53953268	1	1	0	3	0	24
chr19	7281256	7281797	2	4	1	184	0	39
chr19	7281256	7282725	2	2	1	1718	1	36
chr19	7281960	7282725	2	2	1	191	0	35
KV575235.1	147143	149353	1	1	0	0	1	33
