chr1	34295537	34296741	1	1	1	45	1	18
chr1	34295537	34299720	1	1	1	7	0	38
chr1	34296760	34299720	1	1	1	45	1	19
chr1	40010678	40011649	1	1	1	66	0	22
chr1	40010678	40011811	1	1	0	1	0	21
chr1	40010678	40014105	1	1	1	34	0	32
chr1	40011842	40014105	1	1	1	65	0	38
chr1	75190435	75190822	2	2	1	2	0	43
chr1	82735508	82741817	1	1	1	2	0	40
chr1	82735508	82745523	1	1	1	1	0	36
chr1	82735508	82747082	1	1	1	1	0	40
chr1	82735508	82750519	1	1	1	50	0	41
chr1	82745557	82750519	1	1	0	1	0	33
chr1	82747143	82750519	1	1	1	2	0	38
chr2	32292216	32293314	1	1	1	6	0	43
chr2	32292216	32296625	1	1	1	60	0	43
chr2	32293396	32296625	1	1	1	6	0	39
chr2	59932171	59933405	2	2	0	59	0	37
chr2	59932171	59933411	2	2	1	303	0	31
chr2	59932171	59933670	2	2	1	1	0	38
chr2	59933439	59933670	2	2	1	352	0	28
chr2	71849507	71853533	1	1	1	781	0	43
chr2	71849507	71855853	1	1	1	2572	3	45
chr2	71853664	71855853	1	1	1	805	0	41
chr2	75662926	75663570	1	1	1	1	0	39
chr2	91001089	91001461	1	1	1	692	0	34
chr2	91001089	91003299	1	1	0	1	0	33
chr2	91001511	91003210	1	1	1	686	0	25
chr2	91001511	91003299	1	1	0	1	0	46
chr2	91003238	91003810	1	1	0	2	0	27
chr2	91003346	91003810	1	1	1	20	0	36
chr2	91159306	91160316	2	2	1	176	0	47
chr2	91159306	91162027	2	2	1	417	0	47
chr2	91160371	91162027	2	2	1	175	0	38
chr2	91681696	91684668	2	2	1	176	0	50
chr2	119754674	119755130	2	2	1	1	0	35
chr2	153670448	153672215	1	1	1	2	0	50
chr3	60613521	60614682	1	1	1	1263	2	45
chr3	60613521	60614688	1	1	0	2	0	38
chr3	60613521	60615619	1	1	1	1486	1	45
chr3	60614737	60615619	1	1	1	1271	2	40
chr3	87733505	87734423	1	1	1	6	0	39
chr3	87733505	87735344	1	1	0	10	0	39
chr3	87734553	87735344	1	1	1	6	0	37
chr3	88483947	88484046	2	2	1	175	1	38
chr3	88484077	88484614	2	2	0	1	0	30
chr3	88484131	88484614	2	2	0	1	0	38
chr3	88484155	88484614	2	2	1	174	1	39
chr3	119724187	119724611	2	2	1	5987	4	34
chr3	119724187	119726065	2	2	1	21	0	29
chr3	119724646	119726065	2	2	1	6115	4	38
chr3	129825617	129826823	2	2	1	0	1	33
chr4	31992517	31994873	1	1	1	264	0	41
chr4	31992517	32002088	1	1	1	3630	0	49
chr4	31994955	32002088	1	1	1	262	0	49
chr4	107009769	107027216	1	1	1	10	0	38
chr4	107009769	107028192	1	1	1	144	0	42
chr4	107027298	107028192	1	1	1	10	0	41
chr4	107031092	107036935	1	1	1	1	0	29
chr5	23565266	23616326	2	2	1	860	0	46
chr5	72958287	72965803	1	1	1	2	0	40
chr5	72958287	72974530	1	1	1	82	0	42
chr5	72965882	72974530	1	1	1	2	0	41
chr5	116482537	116513708	2	2	0	2	0	50
chr5	116482537	116591333	2	2	1	667	1	50
chr5	149184807	149187707	1	1	1	14	0	44
chr5	149184807	149188344	1	1	1	543	4	45
chr5	149187806	149188344	1	1	0	1	0	39
chr5	149187835	149188344	1	1	1	1	0	15
chr5	149187864	149188344	1	1	0	1	0	39
chr5	149187877	149188344	1	1	1	11	0	39
chr6	98939789	98941535	2	2	1	124	0	46
chr6	98939789	98944618	2	2	0	11	0	45
chr6	98941658	98944618	2	2	1	124	0	36
chr6	125162102	125162211	2	2	1	284	3	36
chr6	128371086	128371967	1	1	1	3523	3	43
chr6	128371086	128372530	1	1	1	2	0	49
chr6	128371086	128372533	1	1	1	6	0	46
chr6	128372013	128372504	1	1	0	18	0	26
chr6	128372013	128372509	1	1	0	8	0	31
chr6	128372013	128372530	1	1	1	448	1	49
chr6	128372013	128372533	1	1	1	2999	1	46
chr6	128372013	128372539	1	1	0	2	0	40
chr6	128372018	128372530	1	1	0	6	0	49
chr6	128372018	128372533	1	1	0	38	0	46
chr7	28174893	28174983	1	1	1	1	0	26
chr7	67240441	67244520	2	2	1	173	0	24
chr7	67240441	67251656	2	2	1	1294	0	45
chr7	67244545	67251656	2	2	1	173	0	24
chr7	101288340	102001612	1	3	0	4	0	12
chr7	102001660	102002294	1	1	1	962	1	44
chr7	102001660	102007485	1	1	1	306	0	44
chr7	102002337	102007485	1	1	1	962	1	42
chr7	102003812	102007485	1	1	0	2	0	38
chr7	112839481	112841887	1	1	1	4	0	41
chr7	112839481	112842039	1	1	1	86	0	41
chr7	112839481	112856052	1	1	1	2	0	12
chr7	112839481	112856797	1	1	1	6	0	41
chr7	112841951	112856052	1	1	1	2	0	12
chr7	112842103	112856052	1	1	1	80	0	12
chr7	112842103	112856797	1	1	1	6	0	37
chr7	112856065	112856797	1	1	1	86	0	14
chr7	127980247	127981190	1	1	1	15	0	6
chr7	127981292	127981410	1	1	1	13	0	6
chr8	25532429	25557730	1	1	1	2	0	44
chr8	25555775	25557730	1	1	1	2	0	38
chr8	33386064	33386329	1	1	0	2	0	46
chr8	95100453	95100646	2	2	1	636	2	31
chr8	95100453	95101408	2	2	0	103	0	46
chr8	95100674	95101408	2	2	1	636	2	42
chr8	95101447	95139983	2	2	0	0	2	15
chr8	123268550	123268744	2	2	1	165	0	46
chr9	43027296	43040539	2	2	1	131	0	39
chr9	43027296	43042590	2	2	1	111	0	46
chr9	43040597	43042590	2	2	1	130	0	48
chr9	80093642	80098885	1	1	1	6556	7	30
chr9	80093642	80098892	1	1	0	215	0	19
chr9	80093642	80103693	1	1	1	250	0	45
chr9	80098907	80099016	1	1	0	3	0	21
chr9	80098907	80101831	1	1	0	1	0	21
chr9	80098907	80103693	1	1	1	6772	7	24
chr9	80098907	80103698	1	1	0	3	0	21
chr9	80099049	80103693	1	1	0	3	0	37
chr9	80101891	80103693	1	1	0	1	0	37
chr9	114597607	114597794	2	2	1	470	0	39
chr9	114597607	114598704	2	2	0	11	0	40
chr9	114597825	114598704	2	2	0	4	0	30
chr9	114597831	114598704	2	2	1	464	0	36
chr11	79458907	79463232	1	1	1	22	0	42
chr11	79458907	79468716	1	1	1	165	0	43
chr11	79463296	79468716	1	1	1	21	0	39
chr11	79468155	79468716	1	1	1	1	0	37
chr11	94112147	94113262	1	1	1	109	0	23
chr11	94112147	94114172	1	1	1	323	0	32
chr11	94113302	94114172	1	1	1	112	0	39
chr11	102310333	102310442	2	2	1	1	0	36
chr11	102310577	102310925	2	2	1	51	0	43
chr11	102310577	102311379	2	2	1	692	2	46
chr11	102311037	102311379	2	2	1	50	0	45
chr12	71952560	71958746	1	1	1	58	0	27
chr12	71952560	71959805	1	1	1	58	0	43
chr12	71952560	71959809	1	1	0	1	0	45
chr12	71958774	71959805	1	1	1	58	0	35
chr12	83811361	83825258	2	2	1	60	0	37
chr12	83811361	83831921	2	2	1	439	2	46
chr12	83825292	83831921	2	2	1	58	0	34
chr12	83825319	83831921	2	2	0	1	0	38
chr12	113133338	113133495	1	1	0	94	16	46
chr12	113133338	113133540	1	1	1	1734	39	43
chr12	113133338	113135796	1	1	1	13	0	29
chr12	113133577	113134800	1	1	0	6	0	14
chr12	113133577	113135796	1	1	1	1771	55	30
chr12	113134813	113135796	1	1	0	5	0	12
chr13	46778994	46780625	2	2	1	530	0	43
chr13	46778994	46785245	2	2	1	1854	5	45
chr13	46780665	46785245	2	2	1	526	0	39
chr13	56084286	56089757	2	2	1	36	0	40
chr13	56089858	56096123	2	2	1	36	0	41
chr14	57643224	57643334	2	2	1	2	0	39
chr14	57643224	57648418	2	2	1	116	0	39
chr14	57643490	57648418	2	2	1	2	0	38
chr14	120389164	120395711	1	1	1	175	0	38
chr14	120389164	120395717	1	1	0	1	0	38
chr14	120389164	120396450	1	1	1	460	0	48
chr14	120395766	120396450	1	1	1	189	0	48
chr15	77102940	77105576	2	2	1	209	0	41
chr15	77102940	77113604	2	2	1	5	0	44
chr15	77105670	77113604	2	2	1	209	0	48
chr15	102484241	102487087	1	1	1	1	0	40
chr15	103242719	103243624	1	1	1	2	0	33
chr15	103243781	103243958	1	1	1	1	0	38
chr16	57178021	57181491	2	2	1	334	0	45
chr16	57178021	57182850	2	2	1	113	0	44
chr16	57181537	57182850	2	2	1	332	0	34
chr17	12979205	13846588	1	1	0	74	0	12
chr17	13846613	13848354	1	1	0	3	0	21
chr17	13846640	13848354	1	1	1	3603	7	24
chr17	13846640	13849107	1	1	1	3571	4	47
chr17	13846640	13849113	1	1	0	5	0	47
chr17	13848376	13849107	1	1	1	3606	7	26
chr17	45570567	45570665	2	2	1	492	0	41
chr17	45570800	45571017	2	2	1	547	0	21
chr18	53948155	53948381	1	1	0	1	0	39
chr18	53948155	53948644	1	1	1	14208	14	33
chr18	53948155	53948655	1	1	0	1	0	13
chr18	53948155	53953244	1	1	1	2355	5	44
chr18	53948167	53948644	1	1	0	1	0	24
chr18	53948666	53953244	1	1	0	10	0	21
chr18	53948669	53953244	1	1	1	14196	11	37
chr18	53948669	53953268	1	1	0	1	0	24
chr18	53948673	53953244	1	1	0	1	0	28
chr19	7281251	7281791	2	2	0	1	0	43
chr19	7281256	7281797	2	4	1	126	0	38
chr19	7281256	7282725	2	2	1	1325	1	36
chr19	7281960	7282725	2	2	1	131	0	35
