chr1	34295537	34296741	1	1	1	42	0	18
chr1	34295537	34299720	1	1	1	258	0	39
chr1	34296760	34299720	1	1	1	42	0	18
chr1	40010678	40011649	1	1	1	12	0	21
chr1	40010678	40011811	1	1	0	1	0	21
chr1	40010678	40014105	1	1	1	84	1	32
chr1	40011842	40014105	1	1	1	14	0	37
chr1	58558058	58565856	2	2	1	1	0	3
chr1	58565955	58586211	2	2	1	1	0	49
chr1	82735508	82741817	1	1	1	1	0	20
chr1	82735508	82747082	1	1	1	3	0	40
chr1	82735508	82750519	1	1	1	71	0	41
chr1	82747143	82750519	1	1	1	3	0	38
chr2	32292216	32296625	1	1	1	85	0	43
chr2	59932171	59933405	2	2	0	6	0	35
chr2	59932171	59933411	2	2	1	90	0	31
chr2	59932171	59933670	2	2	1	18	0	39
chr2	59933439	59933670	2	2	1	95	0	28
chr2	71849507	71853533	1	1	1	40	0	41
chr2	71849507	71855853	1	1	1	2381	3	44
chr2	71853664	71855853	1	1	1	41	0	41
chr2	75662926	75663570	1	1	1	4	0	36
chr2	91001089	91001461	1	1	1	569	1	24
chr2	91001089	91003299	1	1	0	1	1	33
chr2	91001511	91003210	1	1	1	560	1	25
chr2	91001511	91003299	1	1	0	2	0	46
chr2	91003238	91003810	1	1	0	1	0	27
chr2	91003346	91003810	1	1	1	10	0	36
chr2	91159306	91160316	2	2	1	5	0	47
chr2	91159306	91162027	2	2	1	152	0	47
chr2	91160371	91162027	2	2	1	5	0	38
chr2	91681696	91682025	2	2	1	3	0	50
chr2	91681696	91684668	2	2	1	657	1	50
chr2	91682137	91684668	2	2	1	3	0	38
chr2	153670448	153670848	1	1	1	45	0	43
chr2	153670909	153672215	1	1	1	46	0	50
chr2	168752731	168754433	2	2	0	1	0	47
chr2	168752741	168754433	2	2	1	13306	16	46
chr3	60613521	60614682	1	1	1	68	0	44
chr3	60613521	60615619	1	1	1	16	0	44
chr3	60614737	60615619	1	1	1	68	0	38
chr3	87733505	87734423	1	1	1	3	0	39
chr3	87733505	87735344	1	1	0	212	0	40
chr3	87734553	87735344	1	1	1	2	0	37
chr3	88483947	88484046	2	2	1	131	1	40
chr3	88484155	88484614	2	2	1	131	1	39
chr3	119724187	119724611	2	2	1	1926	3	34
chr3	119724187	119726065	2	2	1	7	1	29
chr3	119724646	119726065	2	2	1	1979	3	38
chr3	119726206	119740314	2	2	1	1	0	40
chr4	31992517	31993403	1	1	0	1	0	21
chr4	31992517	31994873	1	1	1	1533	0	39
chr4	31992517	32002088	1	1	1	740	0	49
chr4	31993425	31994873	1	1	0	1	0	17
chr4	31994955	32002088	1	1	1	1523	0	49
chr4	107009769	107027216	1	1	1	35	0	40
chr4	107009769	107028192	1	1	1	162	1	43
chr4	107027298	107028192	1	1	1	36	0	41
chr5	23565266	23610849	2	2	0	1	0	37
chr5	23565266	23616326	2	2	1	184	0	46
chr5	23610909	23616326	2	2	0	1	0	45
chr5	72958287	72974530	1	1	1	16	0	41
chr5	116482537	116591333	2	2	1	5	0	50
chr5	149184807	149187707	1	1	1	20	0	43
chr5	149184807	149188344	1	1	1	297	2	44
chr5	149187835	149188344	1	1	1	1	0	39
chr5	149187864	149188344	1	1	0	1	0	39
chr5	149187877	149188344	1	1	1	19	0	39
chr6	72634233	72634303	2	2	0	1	0	37
chr6	72634233	72648800	2	2	1	2696	1	42
chr6	72634233	72649119	2	2	1	6025	6	50
chr6	72634351	72649119	2	2	0	1	0	40
chr6	72648843	72649119	2	2	1	2682	1	42
chr6	98939789	98940994	2	2	1	4	0	45
chr6	98939789	98941535	2	2	1	58	1	45
chr6	98939789	98944618	2	2	0	2	0	45
chr6	98941165	98944618	2	2	0	4	0	36
chr6	98941658	98944618	2	2	1	59	1	39
chr6	125162102	125162211	2	2	1	368	13	39
chr6	128371086	128371967	1	1	1	1563	0	43
chr6	128371086	128372530	1	1	1	68	0	49
chr6	128371086	128372533	1	1	1	763	0	47
chr6	128371086	128372539	1	1	0	2	0	40
chr6	128372013	128372504	1	1	0	5	0	26
chr6	128372013	128372509	1	1	0	1	0	31
chr6	128372013	128372530	1	1	1	207	0	47
chr6	128372013	128372533	1	1	1	1339	0	46
chr6	128372013	128372539	1	1	0	1	0	40
chr6	128372018	128372530	1	1	0	1	0	39
chr6	128372018	128372533	1	1	0	14	0	46
chr7	67240441	67244520	2	2	1	11	0	24
chr7	67240441	67251656	2	2	1	465	2	44
chr7	67244545	67251656	2	2	1	11	0	24
chr7	101405603	102001614	1	1	0	6	0	13
chr7	101973352	102001612	1	1	0	1	0	12
chr7	102001660	102002294	1	1	1	294	0	43
chr7	102001660	102007485	1	1	1	4377	1	45
chr7	102002337	102007485	1	1	1	293	0	41
chr7	112839481	112841887	1	1	1	16	1	41
chr7	112839481	112842039	1	1	1	252	1	41
chr7	112839481	112856052	1	1	1	4	0	12
chr7	112839481	112856797	1	1	1	42	0	41
chr7	112841906	112842057	1	1	0	0	1	18
chr7	112841951	112856052	1	1	1	1	0	12
chr7	112841951	112856797	1	1	0	3	0	37
chr7	112842103	112856052	1	1	1	20	0	12
chr7	112842103	112856797	1	1	1	247	1	39
chr7	112842103	112856803	1	1	0	1	0	43
chr7	112856065	112856797	1	1	1	25	0	12
chr7	127980247	127981190	1	1	1	6	0	22
chr7	127981292	127981410	1	1	1	5	0	6
chr7	144861833	144862231	1	1	1	1129	1	29
chr7	144862267	144862764	1	1	0	3	0	35
chr7	144862336	144862764	1	1	1	1118	1	45
chr8	25532429	25555507	1	1	1	3	0	44
chr8	25555775	25557730	1	1	1	5	0	37
chr8	33386064	33386329	1	1	0	1	0	31
chr8	72219861	72219940	1	1	1	1	0	30
chr8	92716164	92785597	1	1	0	2	0	12
chr8	95100453	95100646	2	2	1	258	0	31
chr8	95100453	95101408	2	2	0	500	0	46
chr8	95100674	95101408	2	2	1	258	0	42
chr8	123268550	123268744	2	2	1	96	0	48
chr9	43027296	43040539	2	2	1	28	0	38
chr9	43027296	43042590	2	2	1	295	0	46
chr9	43040597	43042590	2	2	1	29	0	45
chr9	80093642	80098885	1	1	1	2184	3	27
chr9	80093642	80098892	1	1	0	30	0	19
chr9	80093642	80103693	1	1	1	7038	4	45
chr9	80098907	80099016	1	1	0	2	0	21
chr9	80098907	80103693	1	1	1	2211	3	25
chr9	80099049	80103693	1	1	0	2	0	37
chr9	114597607	114597794	2	2	1	253	0	38
chr9	114597607	114598704	2	2	0	348	0	43
chr9	114597825	114598704	2	2	0	2	0	30
chr9	114597831	114598704	2	2	1	250	0	36
chr11	20201653	20215629	1	1	1	1	0	43
chr11	20215703	20218812	1	1	1	1	0	29
chr11	26778879	26787397	2	2	0	0	1	13
chr11	79458907	79463232	1	1	1	27	0	42
chr11	79458907	79468716	1	1	1	43	0	43
chr11	79463296	79468716	1	1	1	28	0	39
chr11	94112147	94113262	1	1	1	31	0	21
chr11	94112147	94114172	1	1	1	331	0	32
chr11	94113302	94114172	1	1	1	31	0	39
chr11	102310577	102310925	2	2	1	81	0	42
chr11	102310577	102311379	2	2	1	362	1	47
chr11	102311037	102311379	2	2	1	81	0	45
chr12	71952560	71959805	1	1	1	219	1	45
chr12	83811361	83825258	2	2	1	194	0	33
chr12	83811361	83831921	2	2	1	212	0	41
chr12	83825292	83831921	2	2	1	192	0	33
chr12	113133338	113133495	1	1	0	15	0	44
chr12	113133338	113133540	1	1	1	349	1	43
chr12	113133338	113135796	1	1	1	1243	1	29
chr12	113133577	113135796	1	1	1	342	1	29
chr13	46778987	46785245	2	2	0	1	0	21
chr13	46778994	46780625	2	2	1	669	0	40
chr13	46778994	46785245	2	2	1	2997	5	46
chr13	46780665	46785245	2	2	1	670	0	40
chr13	56084286	56088251	2	2	1	2	0	40
chr13	56084286	56089757	2	2	1	15	0	40
chr13	56084286	56096123	2	2	0	1	0	40
chr13	56088343	56096123	2	2	1	2	0	38
chr13	56089858	56096123	2	2	1	16	0	41
chr14	57643224	57643334	2	2	1	1	0	39
chr14	57643224	57648418	2	2	1	173	0	47
chr14	57643490	57648418	2	2	1	1	0	38
chr14	120389164	120395711	1	1	1	263	1	42
chr14	120389164	120395717	1	1	0	1	0	38
chr14	120389164	120396450	1	1	1	86	0	48
chr14	120395766	120396450	1	1	1	277	1	48
chr15	77102940	77105576	2	2	1	153	0	40
chr15	77102940	77113604	2	2	1	25	0	44
chr15	77105670	77113604	2	2	1	150	0	48
chr16	57178021	57181491	2	2	1	18	0	43
chr16	57178021	57182850	2	2	1	1001	2	44
chr16	57181537	57182850	2	2	1	18	0	33
chr16	84831508	84834808	2	2	1	1	0	44
chr17	12979205	13846588	1	1	0	30	1	12
chr17	13846640	13848354	1	1	1	458	0	21
chr17	13846640	13849107	1	1	1	14989	22	49
chr17	13846640	13849113	1	1	0	50	0	47
chr17	13848376	13849107	1	1	1	459	0	26
chr17	45570567	45570665	2	2	1	542	2	41
chr17	45570800	45571017	2	2	1	564	1	23
chr18	53948155	53948644	1	1	1	2001	1	28
chr18	53948155	53949213	1	1	0	1	0	37
chr18	53948155	53953244	1	1	1	13049	17	45
chr18	53948666	53953244	1	1	0	4	0	21
chr18	53948669	53953244	1	1	1	1992	1	26
chr18	53949263	53953244	1	1	0	2	0	37
chr18	64515409	64516415	2	2	1	1	0	5
chr19	7281256	7281797	2	4	1	79	0	38
chr19	7281256	7282725	2	2	1	385	0	36
chr19	7281960	7282725	2	2	1	85	0	26
chrX	74238228	74239098	2	2	1	1	0	32
KV575235.1	147143	149353	1	1	0	0	1	33
