chr1	34295537	34296741	1	1	1	43	0	18
chr1	34295537	34299720	1	1	1	224	0	40
chr1	34296760	34299720	1	1	1	43	0	18
chr1	40010678	40011649	1	1	1	21	0	21
chr1	40010678	40014105	1	1	1	67	1	32
chr1	40011842	40014105	1	1	1	20	0	37
chr1	82735508	82741817	1	1	1	1	0	40
chr1	82735508	82747082	1	1	1	5	0	41
chr1	82735508	82750519	1	1	1	65	0	41
chr1	82747143	82750519	1	1	1	5	0	38
chr2	32292216	32296625	1	1	1	82	0	43
chr2	59926161	59932104	2	2	1	1	0	31
chr2	59932171	59933405	2	2	0	3	0	33
chr2	59932171	59933411	2	2	1	62	0	27
chr2	59932171	59933670	2	2	1	11	0	38
chr2	59933439	59933670	2	2	1	65	0	28
chr2	71849507	71853533	1	1	1	33	0	39
chr2	71849507	71855853	1	1	1	1748	1	46
chr2	71853664	71855853	1	1	1	34	0	41
chr2	75662926	75663570	1	1	1	3	1	27
chr2	91001089	91001461	1	1	1	563	1	34
chr2	91001089	91003299	1	1	0	0	1	33
chr2	91001511	91003210	1	1	1	555	1	22
chr2	91003346	91003810	1	1	1	20	0	36
chr2	91159300	91162027	2	2	0	9	0	41
chr2	91159306	91160316	2	2	1	6	0	47
chr2	91159306	91162027	2	2	1	198	0	47
chr2	91160371	91162027	2	2	1	6	0	38
chr2	91681696	91682025	2	2	1	3	0	50
chr2	91681696	91684668	2	2	1	619	0	50
chr2	91682110	91684668	2	2	0	3	0	38
chr2	119692227	119701117	1	1	1	1	0	38
chr2	153670448	153670848	1	1	1	84	0	43
chr2	153670448	153672215	1	1	1	3	0	50
chr2	153670909	153672215	1	1	1	83	0	50
chr2	168752731	168754433	2	2	0	1	0	47
chr2	168752741	168754433	2	2	1	14291	13	46
chr3	60613521	60614682	1	1	1	152	0	44
chr3	60613521	60615619	1	1	1	40	0	46
chr3	60614737	60615619	1	1	1	149	0	39
chr3	87733505	87734423	1	1	1	2	0	39
chr3	87733505	87735344	1	1	0	131	0	44
chr3	87734553	87735344	1	1	1	2	0	37
chr3	88483947	88484046	2	2	1	97	0	38
chr3	88484155	88484614	2	2	1	96	0	39
chr3	119724187	119724611	2	2	1	1384	1	34
chr3	119724187	119726065	2	2	1	4	0	29
chr3	119724646	119726065	2	2	1	1423	1	38
chr4	31992517	31993403	1	1	0	2	0	21
chr4	31992517	31994873	1	1	1	1410	0	40
chr4	31992517	32002088	1	1	1	744	1	49
chr4	31993425	31994873	1	1	0	2	0	17
chr4	31994955	32002088	1	1	1	1369	0	49
chr4	46468788	46469882	1	1	1	1	0	11
chr4	107009769	107027216	1	1	1	38	0	39
chr4	107009769	107028192	1	1	1	250	1	42
chr4	107027298	107028192	1	1	1	42	0	41
chr4	139473637	139476130	1	1	1	1	0	8
chr5	23565266	23616326	2	2	1	231	0	45
chr5	72958287	72965803	1	1	1	2	0	37
chr5	72958287	72974530	1	1	1	34	0	41
chr5	72965882	72974530	1	1	1	2	0	42
chr5	116482537	116591333	2	2	1	4	0	50
chr5	149184807	149185484	1	1	1	2	0	43
chr5	149184807	149187707	1	1	1	51	0	45
chr5	149184807	149188344	1	1	1	192	0	44
chr5	149185662	149188344	1	1	0	1	0	39
chr5	149187835	149188344	1	1	1	6	0	39
chr5	149187877	149188344	1	1	1	45	0	39
chr6	47577668	47594893	2	2	1	1	0	17
chr6	72634233	72648800	2	2	1	3605	3	42
chr6	72634233	72649119	2	2	1	7392	5	50
chr6	72648843	72649119	2	2	1	3609	2	42
chr6	72648843	72650179	2	2	0	0	1	42
chr6	98939789	98940994	2	2	1	3	0	45
chr6	98939789	98941535	2	2	1	74	0	46
chr6	98939789	98944618	2	2	0	1	0	45
chr6	98941165	98944618	2	2	0	3	0	36
chr6	98941658	98944618	2	2	1	75	0	36
chr6	125162102	125162211	2	2	1	529	12	43
chr6	128371086	128371967	1	1	1	1687	0	43
chr6	128371086	128372530	1	1	1	106	0	49
chr6	128371086	128372533	1	1	1	767	0	46
chr6	128371086	128372536	1	1	0	2	0	43
chr6	128371086	128372539	1	1	0	2	0	40
chr6	128372013	128372504	1	1	0	2	0	26
chr6	128372013	128372509	1	1	0	3	0	31
chr6	128372013	128372530	1	1	1	199	0	47
chr6	128372013	128372533	1	1	1	1449	0	46
chr6	128372018	128372533	1	1	0	20	0	46
chr7	67240441	67244520	2	2	1	9	0	24
chr7	67240441	67251656	2	2	1	551	0	44
chr7	67244545	67251656	2	2	1	9	0	24
chr7	99849060	99858763	2	2	1	1	0	43
chr7	101405603	102001614	1	1	0	5	0	13
chr7	101448787	102001614	1	1	0	4	0	14
chr7	102001660	102002294	1	1	1	263	0	42
chr7	102001660	102007485	1	1	1	4228	3	45
chr7	102002337	102007485	1	1	1	258	0	40
chr7	112839481	112841887	1	1	1	12	0	41
chr7	112839481	112842039	1	1	1	137	0	41
chr7	112839481	112856797	1	1	1	23	0	41
chr7	112841951	112856052	1	1	1	1	0	12
chr7	112841951	112856797	1	1	0	6	0	37
chr7	112842103	112856052	1	1	1	12	0	12
chr7	112842103	112856797	1	1	1	128	0	37
chr7	112856065	112856797	1	1	1	14	0	12
chr7	127980247	127981190	1	1	1	14	0	22
chr7	127981292	127981410	1	1	1	18	0	28
chr7	144861833	144862231	1	1	1	1581	1	28
chr7	144861837	144862231	1	1	0	1	0	32
chr7	144862267	144862764	1	1	0	10	0	35
chr7	144862336	144862764	1	1	1	1539	1	44
chr7	144862377	144862764	1	1	0	2	0	43
chr8	25532429	25557730	1	1	1	3	0	44
chr8	46207621	46208397	2	2	1	1	0	31
chr8	95100453	95100646	2	2	1	283	0	31
chr8	95100453	95101408	2	2	0	904	0	46
chr8	95100674	95101408	2	2	1	283	0	42
chr8	123268550	123268744	2	2	1	83	0	46
chr9	43027296	43029555	2	2	0	1	0	18
chr9	43027296	43040539	2	2	1	16	0	38
chr9	43027296	43042590	2	2	1	309	0	45
chr9	43029574	43040539	2	2	0	1	0	18
chr9	43040597	43042590	2	2	1	17	0	45
chr9	80093642	80098885	1	1	1	1533	1	26
chr9	80093642	80098892	1	1	0	27	0	14
chr9	80093642	80103693	1	1	1	8133	4	46
chr9	80093642	80103698	1	1	0	5	0	44
chr9	80098907	80101831	1	1	0	1	0	14
chr9	80098907	80103693	1	1	1	1555	1	24
chr9	80098907	80103698	1	1	0	2	0	21
chr9	80101891	80103693	1	1	0	1	0	37
chr9	106891199	106891813	2	2	1	1	0	39
chr9	114597607	114597794	2	2	1	271	1	38
chr9	114597607	114598704	2	2	0	267	0	42
chr9	114597825	114598704	2	2	0	6	0	30
chr9	114597831	114598704	2	2	1	266	1	36
chr10	88767593	88768634	2	2	1	1	0	33
chr11	20326726	20335047	2	2	0	0	1	14
chr11	26778879	26787397	2	2	0	0	1	13
chr11	79458907	79463232	1	1	1	35	0	43
chr11	79458907	79468716	1	1	1	47	0	42
chr11	79463296	79468716	1	1	1	34	0	39
chr11	94112147	94113262	1	1	1	18	0	21
chr11	94112147	94114172	1	1	1	245	0	32
chr11	94113302	94114172	1	1	1	18	0	39
chr11	102310333	102310442	2	2	1	1	0	31
chr11	102310577	102310925	2	2	1	71	0	42
chr11	102310577	102311379	2	2	1	304	0	45
chr11	102311037	102311379	2	2	1	68	0	45
chr11	102311037	102311403	2	2	0	1	0	21
chr12	71952560	71959805	1	1	1	243	0	44
chr12	83811361	83825258	2	2	1	152	0	33
chr12	83811361	83831921	2	2	1	195	0	41
chr12	83825292	83831921	2	2	1	153	0	33
chr12	104697145	104700364	2	2	1	1	0	42
chr12	110694705	110695051	2	2	1	1	0	11
chr12	113133338	113133495	1	1	0	10	0	42
chr12	113133338	113133540	1	1	1	278	0	43
chr12	113133338	113135796	1	1	1	918	1	29
chr12	113133577	113135796	1	1	1	266	0	29
chr13	46778990	46785245	2	2	0	2	0	45
chr13	46778994	46780625	2	2	1	581	1	40
chr13	46778994	46785245	2	2	1	2715	3	45
chr13	46780665	46785245	2	2	1	583	1	39
chr13	56084286	56089757	2	2	1	15	0	40
chr13	56089858	56096123	2	2	1	15	0	38
chr14	57643224	57643334	2	2	1	2	0	39
chr14	57643224	57648418	2	2	1	173	0	47
chr14	57643490	57648418	2	2	1	2	0	38
chr14	120389164	120395711	1	1	1	331	0	39
chr14	120389164	120395717	1	1	0	3	0	38
chr14	120389164	120396450	1	1	1	79	0	48
chr14	120395766	120396450	1	1	1	337	0	48
chr15	58126715	58128208	2	2	1	1	0	36
chr15	77102940	77105576	2	2	1	136	1	44
chr15	77102940	77113604	2	2	1	25	0	47
chr15	77105670	77113604	2	2	1	137	1	48
chr15	103242719	103243624	1	1	1	0	1	33
chr16	57178021	57181491	2	2	1	25	0	43
chr16	57178021	57182850	2	2	1	1098	0	44
chr16	57181537	57182850	2	2	1	25	0	33
chr16	94686604	94691580	1	1	1	2	0	45
chr17	12979205	13846588	1	1	0	26	4	12
chr17	13846640	13848354	1	1	1	530	0	22
chr17	13846640	13849107	1	1	1	13024	16	47
chr17	13846640	13849113	1	1	0	47	0	47
chr17	13848376	13849107	1	1	1	525	0	29
chr17	13848376	13849113	1	1	0	6	0	21
chr17	45570567	45570665	2	2	1	742	5	39
chr17	45570800	45571017	2	2	1	764	3	21
chr18	53948155	53948644	1	1	1	1747	0	28
chr18	53948155	53948910	1	1	0	2	0	36
chr18	53948155	53949213	1	1	0	1	0	39
chr18	53948155	53953244	1	1	1	12268	7	45
chr18	53948666	53953244	1	1	0	1	0	21
chr18	53948669	53953244	1	1	1	1737	0	26
chr18	53948945	53953244	1	1	0	1	0	34
chr18	53949263	53953244	1	1	0	1	0	37
chr19	4097918	4098004	1	1	1	2	0	2
chr19	7281251	7282725	2	2	0	1	0	26
chr19	7281256	7281797	2	4	1	122	0	39
chr19	7281256	7282725	2	2	1	476	0	36
chr19	7281960	7282725	2	2	1	135	0	26
KV575235.1	147143	149353	1	1	0	0	1	33
