chr1	34295537	34296741	1	1	1	63	2	18
chr1	34295537	34299720	1	1	1	292	0	40
chr1	34296760	34299720	1	1	1	63	2	18
chr1	40010678	40011649	1	1	1	59	0	21
chr1	40010678	40011811	1	1	0	2	0	21
chr1	40010678	40014105	1	1	1	108	1	32
chr1	40011842	40014105	1	1	1	61	0	38
chr1	72626646	72628100	1	1	1	1	0	17
chr1	82735508	82747082	1	1	1	7	0	40
chr1	82735508	82750519	1	1	1	123	0	41
chr1	82747143	82750519	1	1	1	7	0	38
chr1	125403567	125405844	2	2	1	1	0	26
chr2	32292216	32293314	1	1	1	2	0	43
chr2	32292216	32296625	1	1	1	136	0	44
chr2	32293396	32296625	1	1	1	2	0	38
chr2	59932171	59933405	2	2	0	10	0	33
chr2	59932171	59933411	2	2	1	158	1	31
chr2	59932171	59933670	2	2	1	29	0	39
chr2	59933439	59933670	2	2	1	167	1	28
chr2	71849507	71853533	1	1	1	67	0	39
chr2	71849507	71855853	1	1	1	3306	3	42
chr2	71853664	71855853	1	1	1	69	0	41
chr2	75662926	75663570	1	1	1	8	0	30
chr2	91001089	91001461	1	1	1	1176	2	27
chr2	91001089	91003299	1	1	0	3	0	33
chr2	91001511	91003210	1	1	1	1158	2	25
chr2	91003238	91003810	1	1	0	9	0	27
chr2	91003346	91003810	1	1	1	45	0	36
chr2	91159306	91160316	2	2	1	15	0	47
chr2	91159306	91162027	2	2	1	369	0	47
chr2	91160371	91162027	2	2	1	14	0	39
chr2	91681696	91682025	2	2	1	2	0	50
chr2	91681696	91684668	2	2	1	1199	1	50
chr2	91682110	91684668	2	2	0	2	0	38
chr2	119692227	119701117	1	1	1	1	0	37
chr2	153670448	153670848	1	1	1	97	0	44
chr2	153670448	153672215	1	1	1	1	0	50
chr2	153670909	153672215	1	1	1	95	0	50
chr2	168752741	168754433	2	2	1	18389	20	46
chr2	168754471	168860933	2	2	0	1	2	20
chr2	168754480	168788998	2	2	0	1	0	12
chr3	60613521	60614682	1	1	1	220	0	45
chr3	60613521	60615619	1	1	1	52	0	44
chr3	60614737	60615619	1	1	1	219	0	48
chr3	78904652	78918022	2	2	0	1	0	12
chr3	87733505	87734423	1	1	1	3	0	40
chr3	87733505	87735344	1	1	0	251	0	41
chr3	87734553	87735344	1	1	1	3	0	37
chr3	88483947	88484046	2	2	1	184	1	42
chr3	88484155	88484614	2	2	1	179	1	39
chr3	119724187	119724611	2	2	1	2909	0	34
chr3	119724187	119726065	2	2	1	7	0	29
chr3	119724646	119726065	2	2	1	2978	0	38
chr4	31992517	31993403	1	1	0	2	0	21
chr4	31992517	31994873	1	1	1	2666	2	43
chr4	31992517	32002088	1	1	1	1099	0	49
chr4	31993425	31994873	1	1	0	2	0	17
chr4	31994955	32002088	1	1	1	2658	2	49
chr4	31995011	32002088	1	1	1	1	0	48
chr4	107009769	107027216	1	1	1	80	0	39
chr4	107009769	107028192	1	1	1	408	0	42
chr4	107027298	107028192	1	1	1	88	0	41
chr4	107031092	107036935	1	1	1	1	0	29
chr5	23565266	23568151	2	2	0	1	0	37
chr5	23565266	23616326	2	2	1	383	0	46
chr5	23568264	23616326	2	2	0	1	0	45
chr5	72958287	72965803	1	1	1	4	0	40
chr5	72958287	72974530	1	1	1	56	1	43
chr5	72965882	72974530	1	1	1	4	0	41
chr5	116482537	116591333	2	2	1	10	0	50
chr5	149184807	149185484	1	1	1	1	0	43
chr5	149184807	149187707	1	1	1	62	0	43
chr5	149184807	149188344	1	1	1	415	0	45
chr5	149187835	149188344	1	1	1	6	0	39
chr5	149187877	149188344	1	1	1	56	0	39
chr6	47577668	47594893	2	2	1	1	0	26
chr6	72634233	72634303	2	2	0	1	0	37
chr6	72634233	72648800	2	2	1	5388	7	42
chr6	72634233	72649119	2	2	1	10596	7	50
chr6	72648843	72649119	2	2	1	5356	6	42
chr6	72648843	72650179	2	2	0	0	1	42
chr6	98939789	98940994	2	2	1	6	0	45
chr6	98939789	98941535	2	2	1	136	0	47
chr6	98939789	98944618	2	2	0	11	0	45
chr6	98941165	98944618	2	2	0	6	0	36
chr6	98941658	98944618	2	2	1	136	0	37
chr6	125121682	125121931	1	1	1	1	0	40
chr6	125162102	125162211	2	2	1	1151	49	37
chr6	128371086	128371967	1	1	1	2671	1	45
chr6	128371086	128372504	1	1	0	1	0	39
chr6	128371086	128372530	1	1	1	120	0	49
chr6	128371086	128372533	1	1	1	1255	2	47
chr6	128371086	128372536	1	1	0	2	0	43
chr6	128372013	128372504	1	1	0	3	0	26
chr6	128372013	128372509	1	1	0	1	0	31
chr6	128372013	128372530	1	1	1	348	0	47
chr6	128372013	128372533	1	1	1	2279	1	46
chr6	128372018	128372530	1	1	0	6	0	49
chr6	128372018	128372533	1	1	0	33	0	46
chr7	25724845	25725923	2	2	1	1	0	41
chr7	28896236	28896875	2	2	1	1	0	30
chr7	67240441	67244520	2	2	1	20	0	24
chr7	67240441	67251656	2	2	1	916	0	44
chr7	67244545	67251656	2	2	1	20	0	24
chr7	99849060	99858763	2	2	1	1	0	44
chr7	101474369	102001612	1	1	0	5	1	12
chr7	102001660	102002294	1	1	1	337	0	42
chr7	102001660	102007485	1	1	1	6200	4	45
chr7	102002337	102007485	1	1	1	340	0	39
chr7	112839481	112841887	1	1	1	8	0	41
chr7	112839481	112842039	1	1	1	282	0	41
chr7	112839481	112856052	1	1	1	1	0	12
chr7	112839481	112856797	1	1	1	29	0	41
chr7	112839481	112856803	1	1	0	1	0	43
chr7	112841951	112856052	1	1	1	2	0	12
chr7	112841951	112856797	1	1	0	3	0	37
chr7	112842103	112856052	1	1	1	16	0	12
chr7	112842103	112856797	1	1	1	271	0	43
chr7	112856065	112856797	1	1	1	19	0	12
chr7	127980247	127981190	1	1	1	22	0	5
chr7	127981292	127981410	1	1	1	22	0	28
chr7	144861833	144862231	1	1	1	2326	0	39
chr7	144861837	144862231	1	1	0	4	0	32
chr7	144862267	144862764	1	1	0	5	0	35
chr7	144862336	144862764	1	1	1	2301	0	45
chr8	25532429	25555507	1	1	1	2	0	44
chr8	25532429	25557730	1	1	1	2	0	44
chr8	25555775	25557730	1	1	1	4	0	37
chr8	72219861	72219940	1	1	1	1	0	33
chr8	95100453	95100646	2	2	1	561	0	31
chr8	95100453	95101408	2	2	0	1134	0	46
chr8	95100674	95101408	2	2	1	561	0	44
chr8	123268550	123268744	2	2	1	200	0	47
chr9	43027296	43029555	2	2	0	2	0	38
chr9	43027296	43040539	2	2	1	32	0	38
chr9	43027296	43042590	2	2	1	569	1	48
chr9	43029610	43042590	2	2	0	2	0	45
chr9	43040597	43042590	2	2	1	32	0	45
chr9	47813946	47818733	1	1	1	2	0	36
chr9	80093642	80098885	1	1	1	2136	3	26
chr9	80093642	80098892	1	1	0	24	0	15
chr9	80093642	80103693	1	1	1	10580	8	47
chr9	80093642	80103698	1	1	0	6	0	44
chr9	80098907	80101831	1	1	0	1	0	21
chr9	80098907	80103693	1	1	1	2158	3	24
chr9	80101891	80103693	1	1	0	1	0	37
chr9	114597607	114597794	2	2	1	543	2	38
chr9	114597607	114598704	2	2	0	538	1	43
chr9	114597825	114598704	2	2	0	1	0	30
chr9	114597831	114598704	2	2	1	537	2	38
chr11	26778879	26787397	2	2	0	0	1	13
chr11	79458907	79463232	1	1	1	67	0	42
chr11	79458907	79468716	1	1	1	92	0	42
chr11	79463296	79468716	1	1	1	68	0	40
chr11	94112147	94113262	1	1	1	26	0	21
chr11	94112147	94114172	1	1	1	387	0	32
chr11	94113302	94114172	1	1	1	27	0	39
chr11	100481848	100482144	2	2	1	2	0	39
chr11	102310577	102310925	2	2	1	179	0	42
chr11	102310577	102311379	2	2	1	467	0	46
chr11	102311037	102311379	2	2	1	179	0	45
chr12	71952560	71959805	1	1	1	354	0	46
chr12	83811361	83825258	2	2	1	283	0	37
chr12	83811361	83831921	2	2	1	282	0	41
chr12	83825292	83831921	2	2	1	280	0	34
chr12	83825319	83831921	2	2	0	3	0	39
chr12	113133338	113133495	1	1	0	12	0	42
chr12	113133338	113133540	1	1	1	464	0	42
chr12	113133338	113134186	1	1	0	1	0	42
chr12	113133338	113134800	1	1	0	1	0	14
chr12	113133338	113135796	1	1	1	1357	1	30
chr12	113133577	113135796	1	1	1	453	0	29
chr12	113134813	113135796	1	1	0	1	0	12
chr13	46778990	46785245	2	2	0	3	0	44
chr13	46778994	46780625	2	2	1	986	0	41
chr13	46778994	46785245	2	2	1	4788	5	46
chr13	46780663	46785245	2	2	0	1	0	38
chr13	46780665	46785245	2	2	1	989	0	39
chr13	56084286	56089757	2	2	1	29	0	41
chr13	56089858	56096123	2	2	1	28	0	41
chr14	8171531	8172763	2	2	1	1	0	18
chr14	8172818	8172890	2	2	1	1	0	41
chr14	29987352	29988188	1	1	1	1	0	23
chr14	57643217	57648418	2	2	0	1	0	46
chr14	57643224	57643334	2	2	1	6	0	39
chr14	57643224	57648418	2	2	1	262	0	42
chr14	57643490	57648418	2	2	1	6	0	38
chr14	120389164	120395711	1	1	1	502	1	39
chr14	120389164	120395717	1	1	0	4	0	38
chr14	120389164	120396450	1	1	1	139	0	48
chr14	120395766	120396450	1	1	1	522	0	48
chr15	77102940	77105576	2	2	1	224	1	44
chr15	77102940	77113604	2	2	1	29	0	44
chr15	77105670	77113604	2	2	1	224	1	48
chr15	103242719	103243624	1	1	1	2	1	33
chr16	57178021	57181491	2	2	1	44	0	43
chr16	57178021	57182850	2	2	1	2096	1	44
chr16	57181537	57182850	2	2	1	44	0	33
chr16	84831508	84834808	2	2	1	2	0	44
chr16	94686604	94691580	1	1	1	4	0	45
chr17	12979205	13846588	1	1	0	7	2	12
chr17	13846613	13848354	1	1	0	5	0	21
chr17	13846640	13848354	1	1	1	794	0	22
chr17	13846640	13849107	1	1	1	16636	20	49
chr17	13846640	13849113	1	1	0	116	0	47
chr17	13848376	13849107	1	1	1	797	0	26
chr17	13848376	13849113	1	1	0	3	0	21
chr17	45570567	45570665	2	2	1	927	1	44
chr17	45570800	45571017	2	2	1	999	2	24
chr17	46590452	46590758	2	2	1	1	0	11
chr18	10726534	10740982	1	1	1	1	0	15
chr18	53948155	53948644	1	1	1	2256	0	28
chr18	53948155	53949550	1	1	0	1	0	39
chr18	53948155	53953244	1	1	1	14331	14	45
chr18	53948669	53949213	1	1	0	1	0	15
chr18	53948669	53953244	1	1	1	2248	0	37
chr18	53949263	53953244	1	1	0	1	0	37
chr18	53949588	53953244	1	1	0	1	0	37
chr19	7281256	7281797	2	4	1	241	0	39
chr19	7281256	7282725	2	2	1	656	0	36
chr19	7281960	7282725	2	2	1	257	0	29
chr19	23687546	23694320	1	1	1	2	0	37
