chr1	34295537	34296741	1	1	1	48	0	18
chr1	34295537	34299720	1	1	1	233	0	42
chr1	34296760	34299720	1	1	1	49	0	19
chr1	40010678	40011649	1	1	1	31	0	21
chr1	40010678	40014105	1	1	1	56	2	32
chr1	40011842	40014105	1	1	1	30	0	38
chr1	82735508	82741817	1	1	1	2	0	40
chr1	82735508	82747082	1	1	1	4	0	40
chr1	82735508	82750519	1	1	1	72	0	40
chr1	82747143	82750519	1	1	1	6	0	38
chr2	20807374	20807901	1	1	1	1	0	15
chr2	32292216	32296625	1	1	1	84	0	43
chr2	59932171	59933405	2	2	0	13	0	33
chr2	59932171	59933411	2	2	1	84	0	31
chr2	59932171	59933670	2	2	1	19	0	39
chr2	59933439	59933670	2	2	1	95	0	30
chr2	71849507	71853533	1	1	1	28	0	39
chr2	71849507	71855853	1	1	1	1895	1	42
chr2	71853664	71855853	1	1	1	30	0	41
chr2	75662926	75663570	1	1	1	7	1	27
chr2	91001089	91001461	1	1	1	633	0	34
chr2	91001089	91003299	1	1	0	4	0	33
chr2	91001511	91003210	1	1	1	622	0	25
chr2	91003238	91003810	1	1	0	3	0	27
chr2	91003346	91003810	1	1	1	20	0	37
chr2	91003349	91003810	1	1	0	1	0	36
chr2	91159306	91160316	2	2	1	9	0	47
chr2	91159306	91162027	2	2	1	192	1	47
chr2	91160371	91162027	2	2	1	9	0	38
chr2	91681696	91682025	2	2	1	3	0	50
chr2	91681696	91684668	2	2	1	738	1	50
chr2	91681831	91684668	2	2	0	1	0	37
chr2	91682110	91684668	2	2	0	2	0	38
chr2	91682137	91684668	2	2	1	1	0	38
chr2	153670448	153670848	1	1	1	67	0	43
chr2	153670448	153672215	1	1	1	3	0	50
chr2	153670909	153672215	1	1	1	67	0	50
chr2	155064077	155064153	2	2	1	2	0	21
chr2	168752741	168754433	2	2	1	14794	9	47
chr2	168754480	168788998	2	2	0	1	0	12
chr3	60613521	60614682	1	1	1	123	0	44
chr3	60613521	60615619	1	1	1	29	0	44
chr3	60614737	60615619	1	1	1	123	0	38
chr3	87733505	87735344	1	1	0	162	0	41
chr3	88483947	88484046	2	2	1	124	0	39
chr3	88484155	88484614	2	2	1	124	0	39
chr3	119724187	119724611	2	2	1	2082	1	34
chr3	119724187	119726065	2	2	1	6	0	29
chr3	119724646	119726065	2	2	1	2118	1	38
chr3	129825617	129826823	2	2	1	3	0	36
chr3	139632407	139650143	2	2	0	0	1	13
chr3	142948246	142963375	2	2	0	0	1	13
chr4	31992517	31994873	1	1	1	1467	3	40
chr4	31992517	32002088	1	1	1	856	0	49
chr4	31994955	32002088	1	1	1	1466	2	49
chr4	46468788	46469882	1	1	1	3	0	11
chr4	107009769	107027216	1	1	1	40	0	39
chr4	107009769	107028192	1	1	1	223	0	45
chr4	107027298	107028192	1	1	1	41	0	41
chr4	107031092	107036935	1	1	1	1	0	22
chr4	139473637	139476130	1	1	1	1	0	8
chr5	23565266	23616326	2	2	1	198	0	46
chr5	72958287	72965803	1	1	1	1	0	37
chr5	72958287	72974530	1	1	1	40	1	41
chr5	72965882	72974530	1	1	1	1	0	41
chr5	116482537	116591333	2	2	1	7	0	50
chr5	149184807	149187707	1	1	1	35	1	45
chr5	149184807	149188344	1	1	1	224	1	44
chr5	149187835	149188344	1	1	1	4	0	39
chr5	149187877	149188344	1	1	1	31	1	39
chr6	47576665	47577543	2	2	1	1	0	41
chr6	47577668	47594893	2	2	1	4	0	38
chr6	72634233	72648800	2	2	1	3752	2	41
chr6	72634233	72649119	2	2	1	7592	5	50
chr6	72648843	72649119	2	2	1	3729	2	42
chr6	98939789	98940994	2	2	1	11	0	45
chr6	98939789	98941535	2	2	1	109	0	45
chr6	98939789	98944618	2	2	0	21	0	46
chr6	98941165	98944618	2	2	0	10	0	36
chr6	98941658	98944618	2	2	1	109	0	36
chr6	125162102	125162211	2	2	1	507	14	39
chr6	128371086	128371967	1	1	1	1750	0	44
chr6	128371086	128372530	1	1	1	85	0	49
chr6	128371086	128372533	1	1	1	789	1	46
chr6	128371086	128372536	1	1	0	1	0	43
chr6	128372013	128372504	1	1	0	3	0	26
chr6	128372013	128372530	1	1	1	257	0	49
chr6	128372013	128372533	1	1	1	1465	0	46
chr6	128372013	128372536	1	1	0	2	0	43
chr6	128372018	128372530	1	1	0	2	0	49
chr6	128372018	128372533	1	1	0	22	0	46
chr6	128372208	128372533	1	1	0	1	0	46
chr7	67240441	67244520	2	2	1	6	0	24
chr7	67240441	67251656	2	2	1	559	0	44
chr7	67240443	67251659	1	1	0	1	0	41
chr7	67244545	67251656	2	2	1	6	0	24
chr7	101405603	102001614	1	1	0	5	0	13
chr7	102001660	102002294	1	1	1	235	0	42
chr7	102001660	102007485	1	1	1	3901	1	45
chr7	102002337	102007485	1	1	1	236	0	42
chr7	112839481	112841887	1	1	1	8	1	41
chr7	112839481	112842039	1	1	1	135	1	41
chr7	112839481	112856797	1	1	1	20	0	41
chr7	112841906	112842057	1	1	0	0	1	18
chr7	112841951	112856797	1	1	0	3	0	37
chr7	112842103	112856052	1	1	1	13	0	12
chr7	112842103	112856797	1	1	1	127	1	39
chr7	112856065	112856797	1	1	1	13	0	12
chr7	127980247	127981190	1	1	1	12	0	5
chr7	127981292	127981410	1	1	1	16	0	6
chr7	144861833	144862231	1	1	1	1763	2	39
chr7	144862267	144862764	1	1	0	5	0	35
chr7	144862336	144862764	1	1	1	1743	2	44
chr7	144862377	144862764	1	1	0	1	0	37
chr8	25555775	25557730	1	1	1	2	0	38
chr8	72219861	72219940	1	1	1	1	0	30
chr8	95100453	95100646	2	2	1	322	0	29
chr8	95100453	95101408	2	2	0	734	1	46
chr8	95100674	95101408	2	2	1	322	0	44
chr8	123268550	123268744	2	2	1	115	0	46
chr9	43027296	43040539	2	2	1	20	0	38
chr9	43027296	43042590	2	2	1	287	2	46
chr9	43040597	43042590	2	2	1	20	0	45
chr9	80093642	80098885	1	1	1	1660	1	26
chr9	80093642	80098892	1	1	0	48	0	14
chr9	80093642	80103693	1	1	1	7950	7	46
chr9	80093642	80103698	1	1	0	1	0	45
chr9	80098907	80103693	1	1	1	1709	1	29
chr9	114597607	114597794	2	2	1	246	1	38
chr9	114597607	114598704	2	2	0	335	0	43
chr9	114597825	114598704	2	2	0	1	0	30
chr9	114597831	114598704	2	2	1	246	1	36
chr9	123011638	123013939	1	1	1	1	0	14
chr9	123014013	123014468	1	1	1	1	0	14
chr9	123014507	123017244	1	1	1	1	0	38
chr11	79458907	79463232	1	1	1	29	0	42
chr11	79458907	79468716	1	1	1	40	0	42
chr11	79463296	79468716	1	1	1	30	0	39
chr11	94112147	94113262	1	1	1	12	0	21
chr11	94112147	94114172	1	1	1	291	0	32
chr11	94113302	94114172	1	1	1	14	0	39
chr11	102310577	102310925	2	2	1	122	0	42
chr11	102310577	102311379	2	2	1	317	0	46
chr11	102311037	102311379	2	2	1	122	0	45
chr11	120128530	120129200	2	2	1	1	0	44
chr12	71952560	71959805	1	1	1	212	0	45
chr12	71952560	71959809	1	1	0	1	0	45
chr12	80209474	80259986	2	2	1	1	0	17
chr12	83811361	83825258	2	2	1	162	0	33
chr12	83811361	83831921	2	2	1	158	0	41
chr12	83825292	83831921	2	2	1	162	0	34
chr12	113133338	113133495	1	1	0	8	0	42
chr12	113133338	113133540	1	1	1	227	0	43
chr12	113133338	113134186	1	1	0	1	0	42
chr12	113133338	113135796	1	1	1	776	0	29
chr12	113133577	113135796	1	1	1	229	0	29
chr12	113134231	113135796	1	1	0	1	0	29
chr13	46777214	46778893	2	2	1	1	0	9
chr13	46778990	46785245	2	2	0	3	0	44
chr13	46778994	46780625	2	2	1	646	1	41
chr13	46778994	46785245	2	2	1	2600	5	46
chr13	46780665	46785245	2	2	1	650	1	40
chr13	56084286	56089757	2	2	1	15	0	40
chr13	56089858	56096123	2	2	1	15	0	38
chr14	57643224	57643334	2	2	1	2	0	39
chr14	57643224	57648418	2	2	1	154	0	47
chr14	57643490	57648418	2	2	1	2	0	38
chr14	120389164	120395711	1	1	1	307	0	39
chr14	120389164	120395717	1	1	0	3	0	38
chr14	120389164	120396450	1	1	1	62	0	48
chr14	120395766	120396450	1	1	1	319	0	48
chr15	77102940	77105576	2	2	1	144	0	42
chr15	77102940	77113604	2	2	1	19	0	44
chr15	77105670	77113604	2	2	1	144	0	48
chr15	103242719	103243624	1	1	1	0	3	33
chr16	56691154	56694399	2	2	1	1	0	23
chr16	57178021	57181491	2	2	1	27	1	43
chr16	57178021	57182850	2	2	1	1094	2	44
chr16	57181537	57182850	2	2	1	27	1	33
chr16	94686604	94691580	1	1	1	2	0	45
chr17	6960791	6961027	0	0	1	0	1	35
chr17	8165699	8165923	1	1	1	0	1	35
chr17	12979205	13846588	1	1	0	16	1	12
chr17	13846640	13848354	1	1	1	473	2	21
chr17	13846640	13849107	1	1	1	13296	13	46
chr17	13846640	13849113	1	1	0	123	1	47
chr17	13848376	13849107	1	1	1	460	2	26
chr17	13849254	13849567	1	1	1	1	0	40
chr17	45570567	45570665	2	2	1	731	1	44
chr17	45570800	45571017	2	2	1	818	1	21
chr18	10726534	10740982	1	1	1	1	0	15
chr18	53948155	53948644	1	1	1	1748	2	28
chr18	53948155	53953244	1	1	1	12311	10	45
chr18	53948669	53953244	1	1	1	1744	2	37
chr18	84670914	84672073	2	2	1	1	0	25
chr19	7281256	7281797	2	4	1	100	1	39
chr19	7281256	7282725	2	2	1	379	1	35
chr19	7281960	7282725	2	2	1	110	1	26
chr19	30158650	30174423	2	2	1	1	0	43
