chr1	34295537	34296741	1	1	1	94	0	18
chr1	34295537	34299720	1	1	1	19	0	38
chr1	34296760	34299720	1	1	1	94	0	19
chr1	40010678	40011649	1	1	1	89	0	21
chr1	40010678	40011783	1	1	0	1	0	21
chr1	40010678	40011811	1	1	0	2	0	21
chr1	40010678	40014105	1	1	1	40	2	32
chr1	40011842	40014105	1	1	1	90	0	37
chr1	82735508	82741817	1	1	1	1	0	40
chr1	82735508	82741934	1	1	0	1	0	40
chr1	82735508	82747082	1	1	1	1	0	40
chr1	82735508	82750519	1	1	1	65	1	44
chr1	82747143	82750519	1	1	1	3	0	38
chr1	86350697	86350811	2	2	1	1	0	11
chr1	176750161	176755165	2	2	1	1	0	33
chr2	32292216	32293314	1	1	1	12	0	43
chr2	32292216	32296625	1	1	1	81	0	43
chr2	32293396	32296625	1	1	1	12	0	38
chr2	59926161	59932104	2	2	1	1	0	20
chr2	59932171	59933405	2	2	0	82	0	33
chr2	59932171	59933411	2	2	1	501	0	31
chr2	59932171	59933670	2	2	1	1	0	34
chr2	59933439	59933670	2	2	1	570	0	28
chr2	71849507	71853533	1	1	1	691	0	41
chr2	71849507	71853890	1	1	0	3	0	39
chr2	71849507	71855853	1	1	1	2094	1	44
chr2	71849507	71855868	1	1	0	1	0	46
chr2	71853664	71855853	1	1	1	713	0	41
chr2	71853891	71855853	1	1	0	1	0	39
chr2	71853948	71855853	1	1	0	3	0	41
chr2	75662926	75663570	1	1	1	10	0	39
chr2	91001089	91001461	1	1	1	614	0	24
chr2	91001089	91003210	1	1	0	0	1	24
chr2	91001089	91003299	1	1	0	4	0	33
chr2	91001511	91003210	1	1	1	615	0	25
chr2	91001511	91003299	1	1	0	1	0	46
chr2	91003238	91003810	1	1	0	1	0	27
chr2	91003346	91003810	1	1	1	14	0	36
chr2	91159306	91160316	2	2	1	179	0	47
chr2	91159306	91162027	2	2	1	501	2	47
chr2	91160371	91162027	2	2	1	181	0	40
chr2	91681696	91684668	2	2	1	195	0	50
chr2	153670448	153672215	1	1	1	3	0	50
chr3	60422418	60613472	1	1	0	0	5	15
chr3	60613521	60614682	1	1	1	1185	4	45
chr3	60613521	60614688	1	1	0	4	0	38
chr3	60613521	60615619	1	1	1	1421	3	49
chr3	60614737	60615619	1	1	1	1185	4	38
chr3	87733505	87734423	1	1	1	6	0	39
chr3	87733505	87735344	1	1	0	4	0	39
chr3	87734553	87735344	1	1	1	6	0	37
chr3	88483947	88484046	2	2	1	303	1	39
chr3	88483947	88484614	2	2	0	1	0	38
chr3	88484155	88484614	2	2	1	299	1	43
chr3	119724187	119724611	2	2	1	6083	1	34
chr3	119724187	119726065	2	2	1	19	0	29
chr3	119724629	119726065	2	2	0	6	0	17
chr3	119724646	119726065	2	2	1	6195	1	38
chr4	31992517	31994873	1	1	1	223	1	41
chr4	31992517	32002088	1	1	1	4165	3	49
chr4	31994955	32002088	1	1	1	223	1	48
chr4	107009769	107027216	1	1	1	10	0	39
chr4	107009769	107028192	1	1	1	126	0	42
chr4	107027298	107028192	1	1	1	14	0	41
chr4	139473637	139476130	1	1	1	1	0	8
chr5	23565266	23610849	2	2	0	1	0	37
chr5	23565266	23616326	2	2	1	777	0	46
chr5	23610909	23616326	2	2	0	1	0	45
chr5	65388442	65388561	2	2	1	1	0	29
chr5	72958287	72965803	1	1	1	5	0	40
chr5	72958287	72974530	1	1	1	104	0	41
chr5	72965882	72974530	1	1	1	5	0	41
chr5	116482537	116591333	2	2	1	1063	4	50
chr5	149184807	149187707	1	1	1	14	0	43
chr5	149184807	149188344	1	1	1	686	0	45
chr5	149187835	149188344	1	1	1	2	0	39
chr5	149187877	149188344	1	1	1	12	0	39
chr5	149188474	149193839	1	1	1	1	0	25
chr6	47577668	47594893	2	2	1	1	0	32
chr6	98939789	98940994	2	2	1	3	0	45
chr6	98939789	98941535	2	2	1	110	0	45
chr6	98939789	98944618	2	2	0	20	0	45
chr6	98941165	98944618	2	2	0	3	0	36
chr6	98941658	98944618	2	2	1	109	0	36
chr6	125162102	125162211	2	2	1	343	12	36
chr6	128371086	128371967	1	1	1	3338	7	42
chr6	128371086	128371980	1	1	0	1	0	32
chr6	128371086	128372530	1	1	1	1	0	49
chr6	128371086	128372533	1	1	1	15	0	46
chr6	128372013	128372504	1	1	0	17	0	26
chr6	128372013	128372509	1	1	0	7	0	31
chr6	128372013	128372530	1	1	1	441	1	47
chr6	128372013	128372533	1	1	1	2832	6	46
chr6	128372013	128372536	1	1	0	1	0	43
chr6	128372013	128372539	1	1	0	1	0	40
chr6	128372018	128372530	1	1	0	9	0	49
chr6	128372018	128372533	1	1	0	42	0	46
chr7	67240441	67244520	2	2	1	151	0	24
chr7	67240441	67251656	2	2	1	1123	2	49
chr7	67240443	67251659	1	1	0	1	0	41
chr7	67244545	67251656	2	2	1	151	0	24
chr7	101288340	102001612	1	3	0	4	0	12
chr7	102001660	102002294	1	1	1	1519	3	43
chr7	102001660	102007485	1	1	1	502	0	44
chr7	102001665	102002300	1	1	0	0	1	36
chr7	102002337	102007485	1	1	1	1530	3	42
chr7	112839481	112841887	1	1	1	7	0	41
chr7	112839481	112842039	1	1	1	129	1	41
chr7	112839481	112856052	1	1	1	5	0	12
chr7	112839481	112856797	1	1	1	13	0	41
chr7	112841951	112856052	1	1	1	3	0	12
chr7	112842103	112856052	1	1	1	128	0	12
chr7	112842103	112856797	1	1	1	6	1	37
chr7	112856065	112856797	1	1	1	138	0	14
chr7	127972771	127974399	1	1	1	1	0	15
chr7	127980247	127981190	1	1	1	8	0	22
chr7	127981292	127981410	1	1	1	6	0	6
chr8	25532429	25557730	1	1	1	2	0	43
chr8	95100453	95100646	2	2	1	996	0	32
chr8	95100453	95101408	2	2	0	150	0	46
chr8	95100674	95101408	2	2	1	996	0	44
chr8	123268550	123268744	2	2	1	271	0	47
chr9	43027296	43040539	2	2	1	97	0	38
chr9	43027296	43042590	2	2	1	117	0	48
chr9	43040597	43042590	2	2	1	97	0	45
chr9	80093642	80098885	1	1	1	7035	4	27
chr9	80093642	80098892	1	1	0	172	0	14
chr9	80093642	80103693	1	1	1	178	0	45
chr9	80093656	80103693	1	1	0	0	1	30
chr9	80098907	80103693	1	1	1	7209	5	29
chr9	80098907	80103698	1	1	0	2	0	21
chr9	95482255	95484169	2	2	1	1	0	7
chr9	100887484	100887829	1	1	1	1	0	37
chr9	106891199	106891813	2	2	1	1	0	39
chr9	114597607	114597794	2	2	1	390	0	38
chr9	114597607	114598704	2	2	0	14	0	42
chr9	114597825	114598704	2	2	0	2	0	30
chr9	114597831	114598704	2	2	1	390	0	36
chr11	79458907	79463232	1	1	1	12	0	42
chr11	79458907	79468716	1	1	1	163	0	44
chr11	79463296	79468716	1	1	1	12	0	39
chr11	94112147	94113262	1	1	1	93	1	23
chr11	94112147	94114172	1	1	1	297	0	32
chr11	94113302	94114172	1	1	1	98	1	39
chr11	100481848	100482144	2	2	1	1	0	39
chr11	102310577	102310925	2	2	1	69	0	42
chr11	102310577	102311379	2	2	1	968	0	46
chr11	102311037	102311379	2	2	1	70	0	45
chr12	71952560	71958746	1	1	1	58	0	27
chr12	71952560	71959805	1	1	1	61	0	43
chr12	71958774	71959805	1	1	1	57	0	27
chr12	71958774	71959809	1	1	0	1	0	27
chr12	80205082	80209358	2	2	1	2	0	33
chr12	80209474	80259986	2	2	1	2	0	17
chr12	83811361	83825258	2	2	1	52	0	33
chr12	83811361	83831921	2	2	1	408	1	41
chr12	83825292	83831921	2	2	1	52	0	33
chr12	112928622	113133308	1	1	0	0	5	13
chr12	113133338	113133495	1	1	0	86	8	44
chr12	113133338	113133540	1	1	1	1921	54	43
chr12	113133338	113135796	1	1	1	8	0	29
chr12	113133577	113134186	1	1	0	2	0	28
chr12	113133577	113134800	1	1	0	8	0	12
chr12	113133577	113135796	1	1	1	1958	62	29
chr12	113134231	113135796	1	1	0	2	0	29
chr12	113134813	113135796	1	1	0	8	0	12
chr13	46778994	46780625	2	2	1	638	0	44
chr13	46778994	46785245	2	2	1	2415	5	48
chr13	46780665	46785245	2	2	1	637	0	40
chr13	56084286	56089757	2	2	1	54	0	40
chr13	56089858	56096123	2	2	1	55	0	41
chr14	57643224	57648418	2	2	1	113	0	47
chr14	120389164	120395711	1	1	1	193	0	39
chr14	120389164	120395717	1	1	0	1	0	38
chr14	120389164	120396450	1	1	1	587	2	48
chr14	120395766	120396450	1	1	1	194	0	48
chr15	58126715	58128208	2	2	1	1	0	34
chr15	76075833	76077600	2	2	1	1	0	49
chr15	77102940	77105576	2	2	1	159	0	44
chr15	77102940	77113604	2	2	1	10	0	44
chr15	77105670	77113604	2	2	1	158	0	48
chr15	103242719	103243624	1	1	1	0	3	33
chr16	57178021	57181491	2	2	1	285	1	44
chr16	57178021	57182850	2	2	1	109	1	43
chr16	57181537	57182850	2	2	1	285	1	37
chr16	95361327	95368651	2	2	1	1	0	23
chr17	12979205	13846588	1	1	0	51	3	12
chr17	13846613	13848354	1	1	0	1	0	21
chr17	13846640	13848354	1	1	1	4806	7	22
chr17	13846640	13849107	1	1	1	4459	6	46
chr17	13846640	13849113	1	1	0	30	0	47
chr17	13848376	13849107	1	1	1	4792	7	29
chr17	13848376	13849113	1	1	0	7	0	21
chr17	45570567	45570665	2	2	1	576	1	45
chr17	45570800	45571017	2	2	1	642	0	24
chr17	56578845	56578920	2	2	1	3	0	31
chr17	56578986	56582983	2	2	1	3	0	42
chr18	53948155	53948644	1	1	1	11448	7	33
chr18	53948155	53953244	1	1	1	1938	4	45
chr18	53948666	53953244	1	1	0	10	0	21
chr18	53948669	53953244	1	1	1	11436	7	37
chr18	53948673	53953244	1	1	0	2	0	28
chr18	53949705	53953244	1	1	0	1	0	24
chr18	64515406	64516415	2	2	1	1	0	42
chr18	64515409	64516415	2	2	1	1	0	40
chr19	7281256	7281797	2	4	1	158	0	39
chr19	7281256	7282725	2	2	1	1536	1	36
chr19	7281960	7282725	2	2	1	163	0	35
chrX	73952667	73952825	2	2	1	1	0	10
KV575235.1	147143	149264	1	1	0	0	1	24
