chr1	34295537	34296741	1	1	1	38	0	18
chr1	34295537	34299720	1	1	1	133	0	39
chr1	34296760	34299720	1	1	1	38	0	19
chr1	40010678	40011649	1	1	1	12	0	21
chr1	40010678	40014105	1	1	1	53	0	32
chr1	40011842	40014105	1	1	1	12	0	37
chr1	82735508	82741934	1	1	0	2	0	40
chr1	82735508	82745523	1	1	1	1	0	33
chr1	82735508	82747082	1	1	1	11	0	41
chr1	82735508	82750519	1	1	1	54	0	41
chr1	82741977	82750519	1	1	1	2	0	38
chr1	82745557	82747082	1	1	1	1	0	7
chr1	82747143	82750519	1	1	1	12	0	38
chr2	32292216	32296625	1	1	1	57	0	43
chr2	59932171	59933405	2	2	0	6	0	33
chr2	59932171	59933411	2	2	1	68	0	31
chr2	59932171	59933670	2	2	1	15	0	39
chr2	59933439	59933670	2	2	1	74	0	28
chr2	71849507	71853533	1	1	1	27	0	39
chr2	71849507	71855853	1	1	1	1623	4	41
chr2	71853664	71855853	1	1	1	27	0	41
chr2	91001089	91001461	1	1	1	428	2	24
chr2	91001511	91003210	1	1	1	431	2	22
chr2	91003346	91003810	1	1	1	7	0	36
chr2	91159306	91160316	2	2	1	4	0	47
chr2	91159306	91162027	2	2	1	137	0	47
chr2	91160371	91162027	2	2	1	4	0	38
chr2	91681696	91684668	2	2	1	448	3	50
chr2	91681831	91684668	2	2	0	1	0	37
chr2	153670448	153670848	1	1	1	31	0	45
chr2	153670909	153672215	1	1	1	31	0	50
chr2	168752741	168754433	2	2	1	9948	10	46
chr3	60613521	60614682	1	1	1	48	1	44
chr3	60613521	60615619	1	1	1	18	0	44
chr3	60614737	60615619	1	1	1	46	1	38
chr3	87733505	87734423	1	1	1	1	0	39
chr3	87733505	87735344	1	1	0	100	0	41
chr3	87734553	87735344	1	1	1	1	0	37
chr3	88483947	88484046	2	2	1	112	0	37
chr3	88484155	88484614	2	2	1	115	0	39
chr3	119724187	119724611	2	2	1	977	0	34
chr3	119724187	119726065	2	2	1	7	0	29
chr3	119724646	119726065	2	2	1	1012	0	38
chr3	129825617	129826823	2	2	1	1	0	36
chr4	31992517	31994873	1	1	1	1269	2	42
chr4	31992517	32002088	1	1	1	486	1	49
chr4	31994955	32002088	1	1	1	1216	1	49
chr4	107009769	107027216	1	1	1	33	0	39
chr4	107009769	107028192	1	1	1	161	0	46
chr4	107027298	107028192	1	1	1	35	0	41
chr5	23565266	23568183	2	2	0	1	0	37
chr5	23565266	23616326	2	2	1	97	0	45
chr5	23568264	23616326	2	2	0	1	0	45
chr5	72958287	72965803	1	1	1	3	0	40
chr5	72958287	72974530	1	1	1	9	0	41
chr5	72965882	72974530	1	1	1	3	0	41
chr5	149184807	149185484	1	1	1	1	0	36
chr5	149184807	149187707	1	1	1	25	0	43
chr5	149184807	149188344	1	1	1	237	0	44
chr5	149187806	149188344	1	1	0	1	0	39
chr5	149187835	149188344	1	1	1	5	0	39
chr5	149187877	149188344	1	1	1	19	0	39
chr6	72634233	72648800	2	2	1	1806	0	42
chr6	72634233	72649119	2	2	1	3989	5	41
chr6	72648843	72649119	2	2	1	1801	0	42
chr6	98939789	98940994	2	2	1	2	0	45
chr6	98939789	98941535	2	2	1	35	0	45
chr6	98939789	98944618	2	2	0	9	0	45
chr6	98941165	98944618	2	2	0	2	0	36
chr6	98941658	98944618	2	2	1	36	0	36
chr6	125162102	125162211	2	2	1	277	5	36
chr6	128371086	128371967	1	1	1	1098	1	43
chr6	128371086	128372530	1	1	1	61	0	49
chr6	128371086	128372533	1	1	1	606	0	47
chr6	128371086	128372536	1	1	0	3	0	43
chr6	128372013	128372509	1	1	0	1	0	31
chr6	128372013	128372530	1	1	1	167	1	49
chr6	128372013	128372533	1	1	1	910	1	46
chr6	128372018	128372533	1	1	0	15	0	46
chr7	67240441	67244520	2	2	1	9	0	24
chr7	67240441	67251656	2	2	1	436	0	45
chr7	67244545	67251656	2	2	1	9	0	24
chr7	101288340	102001612	1	3	0	4	0	12
chr7	102001660	102002294	1	1	1	279	0	42
chr7	102001660	102007485	1	1	1	2934	2	45
chr7	102002337	102007485	1	1	1	280	0	39
chr7	112839481	112841887	1	1	1	9	0	41
chr7	112839481	112842039	1	1	1	227	0	41
chr7	112839481	112856052	1	1	1	3	0	12
chr7	112839481	112856797	1	1	1	25	0	41
chr7	112841951	112856052	1	1	1	2	0	12
chr7	112841951	112856797	1	1	0	4	0	37
chr7	112842103	112856052	1	1	1	15	0	12
chr7	112842103	112856797	1	1	1	212	0	45
chr7	112856065	112856797	1	1	1	20	0	12
chr7	127980247	127981190	1	1	1	3	0	2
chr7	127981292	127981410	1	1	1	2	0	6
chr7	144861833	144862231	1	1	1	861	0	28
chr7	144862267	144862764	1	1	0	3	0	35
chr7	144862336	144862764	1	1	1	836	0	44
chr8	25532429	25557730	1	1	1	1	0	43
chr8	33386064	33386329	1	1	0	1	0	40
chr8	95100453	95100646	2	2	1	166	0	31
chr8	95100453	95101408	2	2	0	399	0	46
chr8	95100674	95101408	2	2	1	166	0	38
chr8	123268550	123268744	2	2	1	89	0	46
chr9	43027296	43040539	2	2	1	24	0	38
chr9	43027296	43042590	2	2	1	255	0	46
chr9	43040597	43042590	2	2	1	24	0	45
chr9	80093642	80098885	1	1	1	1494	1	26
chr9	80093642	80098892	1	1	0	31	0	19
chr9	80093642	80103693	1	1	1	5896	5	46
chr9	80093642	80103698	1	1	0	1	0	44
chr9	80098907	80103693	1	1	1	1524	1	24
chr9	80098907	80103698	1	1	0	1	0	14
chr9	114597607	114597794	2	2	1	227	1	39
chr9	114597607	114598704	2	2	0	266	0	43
chr9	114597831	114598704	2	2	1	227	1	36
chr11	79458907	79463232	1	1	1	22	0	42
chr11	79458907	79468716	1	1	1	46	0	43
chr11	79463296	79468716	1	1	1	23	0	39
chr11	94112147	94113262	1	1	1	18	0	21
chr11	94112147	94114172	1	1	1	213	0	32
chr11	94113302	94114172	1	1	1	19	0	39
chr11	102310577	102310925	2	2	1	60	0	42
chr11	102310577	102311379	2	2	1	302	0	45
chr11	102311037	102311379	2	2	1	59	0	45
chr12	71952560	71959805	1	1	1	195	0	44
chr12	80205082	80209358	2	2	1	1	0	33
chr12	80209474	80259986	2	2	1	1	0	17
chr12	83811361	83825258	2	2	1	276	1	37
chr12	83811361	83831921	2	2	1	205	0	41
chr12	83825292	83831921	2	2	1	274	1	34
chr12	83825319	83831921	2	2	0	3	0	38
chr12	113133338	113133495	1	1	0	15	0	43
chr12	113133338	113133540	1	1	1	289	1	43
chr12	113133338	113135796	1	1	1	893	0	29
chr12	113133577	113135796	1	1	1	279	1	29
chr13	46778990	46785245	2	2	0	3	0	44
chr13	46778994	46780625	2	2	1	413	0	42
chr13	46778994	46785245	2	2	1	2146	5	45
chr13	46780665	46785245	2	2	1	416	0	40
chr13	56084286	56089757	2	2	1	9	0	40
chr13	56084286	56096123	2	2	0	1	0	40
chr13	56089858	56096123	2	2	1	9	0	38
chr14	57643224	57643334	2	2	1	2	0	39
chr14	57643224	57648418	2	2	1	143	0	47
chr14	57643490	57648418	2	2	1	2	0	38
chr14	120389164	120395711	1	1	1	317	1	39
chr14	120389164	120395717	1	1	0	1	0	38
chr14	120389164	120396450	1	1	1	84	0	48
chr14	120395766	120396450	1	1	1	326	1	48
chr15	77102940	77105576	2	2	1	148	0	40
chr15	77102940	77113604	2	2	1	17	0	44
chr15	77105670	77113604	2	2	1	150	0	48
chr15	103242719	103242921	1	1	1	1	1	33
chr15	103242719	103243624	1	1	1	0	1	33
chr15	103242719	103243958	1	1	1	0	1	4
chr16	57178021	57181491	2	2	1	16	0	43
chr16	57178021	57182850	2	2	1	798	2	44
chr16	57181537	57182850	2	2	1	16	0	33
chr16	84831508	84834808	2	2	1	1	0	44
chr16	94686604	94691580	1	1	1	1	0	45
chr17	12979205	13846588	1	1	0	20	1	12
chr17	13846640	13848354	1	1	1	351	2	21
chr17	13846640	13849107	1	1	1	11345	11	45
chr17	13846640	13849113	1	1	0	59	0	47
chr17	13848376	13849107	1	1	1	351	2	26
chr17	45570567	45570665	2	2	1	651	0	42
chr17	45570800	45571017	2	2	1	631	0	24
chr18	53948155	53948644	1	1	1	1829	0	28
chr18	53948155	53949213	1	1	0	2	0	39
chr18	53948155	53953244	1	1	1	10498	7	45
chr18	53948666	53953244	1	1	0	1	0	21
chr18	53948669	53949213	1	1	0	1	0	15
chr18	53948669	53953244	1	1	1	1817	0	37
chr18	53949263	53953244	1	1	0	3	0	37
chr19	7281256	7281797	2	4	1	71	0	38
chr19	7281256	7282725	2	2	1	305	0	35
chr19	7281960	7282725	2	2	1	80	0	26
chrX	73952393	73952561	2	2	1	1	0	35
chrX	73952667	73952825	2	2	1	1	0	10
