chr1	34295537	34296741	1	1	1	55	0	18
chr1	34295537	34299720	1	1	1	15	0	39
chr1	34296760	34299720	1	1	1	55	0	19
chr1	40010678	40011649	1	1	1	31	0	21
chr1	40010678	40011811	1	1	0	2	0	21
chr1	40010678	40014105	1	1	1	18	0	32
chr1	40011842	40014105	1	1	1	32	0	37
chr1	82735508	82747082	1	1	1	1	0	40
chr1	82735508	82750519	1	1	1	39	0	41
chr1	82747143	82750519	1	1	1	1	0	38
chr2	32292216	32293314	1	1	1	8	0	43
chr2	32292216	32296625	1	1	1	52	0	43
chr2	32293396	32296625	1	1	1	8	0	39
chr2	59932171	59933405	2	2	0	52	0	37
chr2	59932171	59933411	2	2	1	298	0	31
chr2	59932171	59933670	2	2	1	1	0	28
chr2	59933439	59933670	2	2	1	343	0	30
chr2	71849507	71853533	1	1	1	440	0	41
chr2	71849507	71853820	1	1	0	1	0	37
chr2	71849507	71853890	1	1	0	1	0	39
chr2	71849507	71855853	1	1	1	1445	1	44
chr2	71853664	71855853	1	1	1	452	0	45
chr2	71853891	71855853	1	1	0	2	0	40
chr2	71853948	71855853	1	1	0	1	0	40
chr2	75662926	75663570	1	1	1	5	0	33
chr2	91001089	91001461	1	1	1	322	0	27
chr2	91001089	91003299	1	1	0	1	0	33
chr2	91001511	91003210	1	1	1	316	0	20
chr2	91003346	91003810	1	1	1	10	0	36
chr2	91159306	91160316	2	2	1	121	0	47
chr2	91159306	91162027	2	2	1	259	0	47
chr2	91160371	91162027	2	2	1	118	0	41
chr2	91681696	91684668	2	2	1	124	0	50
chr2	153670448	153672215	1	1	1	1	0	50
chr3	60613521	60614682	1	1	1	701	0	45
chr3	60613521	60614688	1	1	0	2	0	44
chr3	60613521	60615619	1	1	1	802	1	45
chr3	60614737	60615619	1	1	1	704	0	40
chr3	87733505	87734423	1	1	1	3	0	39
chr3	87733505	87735344	1	1	0	1	0	38
chr3	87734553	87735344	1	1	1	3	0	37
chr3	88483947	88484046	2	2	1	265	0	43
chr3	88484155	88484614	2	2	1	267	0	39
chr3	119724187	119724611	2	2	1	4097	2	34
chr3	119724187	119726065	2	2	1	5	0	29
chr3	119724629	119726065	2	2	0	1	0	17
chr3	119724646	119726065	2	2	1	4197	2	38
chr4	31992517	31994873	1	1	1	133	0	40
chr4	31992517	32002088	1	1	1	2265	2	49
chr4	31994955	32002088	1	1	1	130	0	49
chr4	46468788	46469882	1	1	1	1	0	29
chr4	107009769	107027216	1	1	1	6	0	38
chr4	107009769	107028192	1	1	1	61	0	41
chr4	107027298	107028192	1	1	1	10	0	41
chr5	23565266	23616326	2	2	1	372	2	46
chr5	72958287	72965803	1	1	1	5	0	40
chr5	72958287	72974530	1	1	1	58	0	41
chr5	72965882	72974530	1	1	1	5	0	41
chr5	116482537	116591333	2	2	1	615	3	50
chr5	149184807	149185349	1	1	0	1	0	42
chr5	149184807	149185484	1	1	1	1	0	39
chr5	149184807	149187707	1	1	1	10	0	43
chr5	149184807	149188344	1	1	1	381	0	44
chr5	149185662	149188344	1	1	0	1	0	39
chr5	149187835	149188344	1	1	1	2	0	39
chr5	149187864	149188344	1	1	0	1	0	39
chr5	149187877	149188344	1	1	1	7	0	39
chr6	98939789	98941535	2	2	1	70	1	45
chr6	98939789	98944618	2	2	0	7	0	45
chr6	98941658	98944618	2	2	1	70	1	37
chr6	125162102	125162211	2	2	1	196	9	43
chr6	128371086	128371967	1	1	1	1805	3	45
chr6	128371086	128372533	1	1	1	3	0	46
chr6	128372013	128372504	1	1	0	8	0	26
chr6	128372013	128372509	1	1	0	2	0	31
chr6	128372013	128372530	1	1	1	216	0	49
chr6	128372013	128372533	1	1	1	1565	3	46
chr6	128372013	128372539	1	1	0	1	0	40
chr6	128372018	128372530	1	1	0	4	0	49
chr6	128372018	128372533	1	1	0	18	0	46
chr7	67240441	67244520	2	2	1	69	0	24
chr7	67240441	67251656	2	2	1	749	0	44
chr7	67244545	67251656	2	2	1	70	0	25
chr7	102001660	102002294	1	1	1	1017	0	42
chr7	102001660	102007485	1	1	1	318	0	44
chr7	102002337	102007485	1	1	1	1023	0	42
chr7	112839481	112841887	1	1	1	3	0	41
chr7	112839481	112842039	1	1	1	84	0	41
chr7	112839481	112856052	1	1	1	8	0	12
chr7	112839481	112856797	1	1	1	9	0	41
chr7	112841951	112856052	1	1	1	3	0	12
chr7	112842103	112856052	1	1	1	83	0	12
chr7	112842103	112856797	1	1	1	2	0	37
chr7	112856065	112856797	1	1	1	94	0	12
chr7	127980247	127981190	1	1	1	1	0	2
chr7	127981292	127981410	1	1	1	2	0	6
chr8	25532429	25557730	1	1	1	3	0	44
chr8	95100453	95100646	2	2	1	552	0	30
chr8	95100453	95101408	2	2	0	75	0	46
chr8	95100674	95101408	2	2	1	552	0	38
chr8	123268550	123268744	2	2	1	92	0	46
chr9	43027296	43040539	2	2	1	65	0	38
chr9	43027296	43042590	2	2	1	69	0	45
chr9	43040597	43042590	2	2	1	63	0	45
chr9	80093642	80093859	1	1	0	1	0	30
chr9	80093642	80098885	1	1	1	4524	1	26
chr9	80093642	80098892	1	1	0	118	0	18
chr9	80093642	80103693	1	1	1	183	0	45
chr9	80093890	80098885	1	1	0	1	0	16
chr9	80098907	80101831	1	1	0	1	0	14
chr9	80098907	80103693	1	1	1	4643	1	24
chr9	80101891	80103693	1	1	0	1	0	37
chr9	114597607	114597794	2	2	1	240	0	38
chr9	114597607	114598704	2	2	0	8	0	42
chr9	114597825	114598704	2	2	0	1	0	30
chr9	114597831	114598704	2	2	1	239	0	38
chr11	79458907	79463232	1	1	1	4	0	42
chr11	79458907	79468716	1	1	1	97	1	42
chr11	79463296	79468716	1	1	1	4	0	39
chr11	94112147	94113262	1	1	1	51	0	21
chr11	94112147	94114172	1	1	1	173	0	32
chr11	94113302	94114172	1	1	1	54	0	39
chr11	102310577	102310925	2	2	1	29	0	42
chr11	102310577	102311379	2	2	1	590	0	46
chr11	102311037	102311379	2	2	1	27	0	45
chr12	71952560	71958746	1	1	1	35	0	27
chr12	71952560	71959805	1	1	1	21	0	43
chr12	71958774	71959805	1	1	1	35	0	27
chr12	83811361	83825258	2	2	1	30	2	33
chr12	83811361	83831921	2	2	1	284	0	41
chr12	83825292	83831921	2	2	1	30	2	33
chr12	113133338	113133495	1	1	0	90	16	44
chr12	113133338	113133540	1	1	1	1292	45	43
chr12	113133338	113135796	1	1	1	17	0	29
chr12	113133577	113134800	1	1	0	4	0	12
chr12	113133577	113135796	1	1	1	1350	61	29
chr12	113134813	113135796	1	1	0	4	0	12
chr13	46778994	46780625	2	2	1	380	2	41
chr13	46778994	46785245	2	2	1	1474	3	44
chr13	46780665	46785245	2	2	1	378	2	40
chr13	56084286	56089757	2	2	1	32	0	40
chr13	56089858	56096123	2	2	1	29	0	38
chr14	57630333	57648418	2	2	0	1	0	32
chr14	57643224	57643334	2	2	1	2	0	39
chr14	57643224	57648418	2	2	1	68	0	47
chr14	57643490	57648418	2	2	1	2	0	38
chr14	120389164	120395711	1	1	1	122	0	38
chr14	120389164	120396450	1	1	1	316	0	48
chr14	120395766	120396450	1	1	1	124	0	48
chr15	77102940	77105576	2	2	1	119	0	41
chr15	77102940	77113604	2	2	1	8	0	44
chr15	77105670	77113604	2	2	1	118	0	48
chr16	57178021	57181491	2	2	1	181	0	45
chr16	57178021	57182850	2	2	1	53	0	43
chr16	57181537	57182850	2	2	1	179	0	37
chr17	12979205	13846588	1	1	0	19	1	12
chr17	13846613	13848354	1	1	0	1	0	21
chr17	13846640	13848354	1	1	1	2871	2	22
chr17	13846640	13849107	1	1	1	2960	3	44
chr17	13846640	13849113	1	1	0	10	0	47
chr17	13848376	13849107	1	1	1	2863	2	29
chr17	13848376	13849113	1	1	0	3	0	21
chr17	45570567	45570665	2	2	1	316	2	37
chr17	45570800	45571017	2	2	1	336	1	21
chr18	10726534	10740982	1	1	1	3	0	15
chr18	53948155	53948644	1	1	1	7770	5	28
chr18	53948155	53948651	1	1	0	1	0	17
chr18	53948155	53953244	1	1	1	1289	1	45
chr18	53948666	53953244	1	1	0	3	0	21
chr18	53948669	53953244	1	1	1	7758	4	26
chr18	53948669	53953268	1	1	0	5	0	24
chr18	64511878	64511983	2	2	1	1	0	6
chr18	64512050	64515325	2	2	1	1	0	16
chr18	64515406	64516415	2	2	1	1	0	30
chr19	7281256	7281797	2	4	1	99	0	43
chr19	7281256	7282725	2	2	1	1016	0	36
chr19	7281960	7282725	2	2	1	99	0	29
chrX	20693532	20693906	1	1	1	1	0	30
