chr1	34295537	34296741	1	1	1	43	0	18
chr1	34295537	34299720	1	1	1	6	0	38
chr1	34296760	34299720	1	1	1	43	0	18
chr1	40010678	40011649	1	1	1	73	0	21
chr1	40010678	40011811	1	1	0	1	0	21
chr1	40010678	40014105	1	1	1	33	0	32
chr1	40011842	40014105	1	1	1	73	0	38
chr1	82735508	82747082	1	1	1	5	0	40
chr1	82735508	82750519	1	1	1	36	0	40
chr1	82747143	82750519	1	1	1	5	0	38
chr2	32292216	32293314	1	1	1	8	0	43
chr2	32292216	32296625	1	1	1	63	0	43
chr2	32293396	32296625	1	1	1	7	0	38
chr2	59932171	59933405	2	2	0	44	0	33
chr2	59932171	59933411	2	2	1	223	0	31
chr2	59933439	59933670	2	2	1	262	0	28
chr2	71849507	71853533	1	1	1	587	0	42
chr2	71849507	71855853	1	1	1	1777	1	44
chr2	71849507	71855868	1	1	0	3	0	46
chr2	71853664	71855853	1	1	1	602	0	43
chr2	75662926	75663570	1	1	1	8	1	39
chr2	91001089	91001461	1	1	1	353	1	24
chr2	91001511	91003210	1	1	1	350	1	20
chr2	91001511	91003299	1	1	0	1	0	46
chr2	91003346	91003810	1	1	1	9	0	36
chr2	91159300	91162027	2	2	0	1	0	41
chr2	91159306	91160316	2	2	1	148	0	47
chr2	91159306	91162027	2	2	1	308	0	47
chr2	91160371	91162027	2	2	1	147	0	39
chr2	91681696	91684668	2	2	1	145	0	50
chr2	153670448	153672215	1	1	1	5	0	50
chr3	60613521	60614682	1	1	1	1028	1	46
chr3	60613521	60614688	1	1	0	3	0	44
chr3	60613521	60615619	1	1	1	1035	2	45
chr3	60614737	60615619	1	1	1	1038	1	39
chr3	87733505	87734423	1	1	1	3	0	39
chr3	87733505	87735344	1	1	0	7	0	39
chr3	87734553	87735344	1	1	1	4	0	37
chr3	88483947	88484046	2	2	1	195	0	40
chr3	88484155	88484614	2	2	1	195	0	42
chr3	119724187	119724611	2	2	1	3682	4	34
chr3	119724187	119726065	2	2	1	7	0	29
chr3	119724629	119726065	2	2	0	3	0	17
chr3	119724646	119726065	2	2	1	3770	4	38
chr3	129825617	129826823	2	2	1	1	0	33
chr4	31992517	31994873	1	1	1	162	0	39
chr4	31992517	32002088	1	1	1	2886	4	49
chr4	31994955	32002088	1	1	1	161	0	49
chr4	107009769	107027216	1	1	1	15	0	38
chr4	107009769	107028192	1	1	1	107	0	42
chr4	107027298	107028192	1	1	1	16	0	41
chr5	13042670	13661475	1	1	0	7	0	13
chr5	23565266	23616326	2	2	1	607	2	45
chr5	72958287	72965803	1	1	1	2	0	37
chr5	72958287	72974530	1	1	1	75	0	41
chr5	72965882	72974530	1	1	1	2	0	41
chr5	76974833	76976397	1	1	1	1	0	11
chr5	116482537	116591333	2	2	1	486	2	50
chr5	149184807	149187707	1	1	1	9	0	43
chr5	149184807	149188344	1	1	1	380	1	48
chr5	149187806	149188344	1	1	0	1	0	39
chr5	149187877	149188344	1	1	1	8	0	39
chr6	98939789	98941535	2	2	1	97	0	45
chr6	98939789	98944618	2	2	0	1	0	46
chr6	98941658	98944618	2	2	1	95	0	37
chr6	125162102	125162211	2	2	1	221	12	36
chr6	128371086	128371967	1	1	1	2369	0	43
chr6	128371086	128372530	1	1	1	1	0	49
chr6	128371086	128372533	1	1	1	10	0	46
chr6	128372013	128372504	1	1	0	8	0	26
chr6	128372013	128372509	1	1	0	5	0	31
chr6	128372013	128372530	1	1	1	287	0	47
chr6	128372013	128372533	1	1	1	2039	0	46
chr6	128372013	128372536	1	1	0	2	0	43
chr6	128372018	128372530	1	1	0	2	0	49
chr6	128372018	128372533	1	1	0	24	0	46
chr7	67240441	67244520	2	2	1	112	0	24
chr7	67240441	67251656	2	2	1	965	2	44
chr7	67244545	67251656	2	2	1	112	0	24
chr7	102001660	102002294	1	1	1	821	1	42
chr7	102001660	102007485	1	1	1	229	0	43
chr7	102002337	102007485	1	1	1	823	1	42
chr7	112839481	112841887	1	1	1	5	0	41
chr7	112839481	112842039	1	1	1	50	0	41
chr7	112839481	112856052	1	1	1	2	0	12
chr7	112839481	112856797	1	1	1	3	0	41
chr7	112841951	112856052	1	1	1	1	0	12
chr7	112842103	112856052	1	1	1	54	0	12
chr7	112842103	112856797	1	1	1	2	0	37
chr7	112856065	112856797	1	1	1	57	0	12
chr7	127980247	127981190	1	1	1	6	0	2
chr7	127981292	127981410	1	1	1	6	0	6
chr8	25532429	25557730	1	1	1	1	0	44
chr8	25555775	25557730	1	1	1	1	0	37
chr8	64834569	64849632	2	2	1	1	0	21
chr8	95100453	95100646	2	2	1	616	1	31
chr8	95100453	95101408	2	2	0	69	0	46
chr8	95100674	95101408	2	2	1	616	1	42
chr8	95101447	95139983	2	2	0	0	1	15
chr8	120569377	120570716	1	1	1	1	0	13
chr8	123268550	123268744	2	2	1	177	0	46
chr9	43027296	43040539	2	2	1	52	0	38
chr9	43027296	43042590	2	2	1	74	0	48
chr9	43040597	43042590	2	2	1	52	0	45
chr9	80093642	80098885	1	1	1	4663	3	30
chr9	80093642	80098892	1	1	0	104	0	14
chr9	80093642	80103693	1	1	1	224	0	45
chr9	80098907	80101831	1	1	0	2	0	21
chr9	80098907	80103693	1	1	1	4770	3	29
chr9	80101891	80103693	1	1	0	2	0	37
chr9	106891199	106891813	2	2	1	1	0	21
chr9	114597607	114597794	2	2	1	313	1	38
chr9	114597607	114598704	2	2	0	15	0	42
chr9	114597831	114598704	2	2	1	313	1	36
chr11	26778879	26787397	2	2	0	0	1	13
chr11	79458907	79463232	1	1	1	10	0	42
chr11	79458907	79468716	1	1	1	79	0	43
chr11	79463296	79468716	1	1	1	10	0	38
chr11	94112147	94113262	1	1	1	75	0	21
chr11	94112147	94114172	1	1	1	209	0	32
chr11	94113302	94114172	1	1	1	76	0	39
chr11	102310577	102310925	2	2	1	24	0	43
chr11	102310577	102311379	2	2	1	503	1	45
chr11	102311037	102311379	2	2	1	23	0	45
chr11	102311037	102311403	2	2	0	1	0	21
chr12	71952560	71958746	1	1	1	31	0	27
chr12	71952560	71959805	1	1	1	32	0	44
chr12	71958774	71959805	1	1	1	31	0	29
chr12	83811361	83825258	2	2	1	42	0	33
chr12	83811361	83831921	2	2	1	262	0	41
chr12	83825292	83831921	2	2	1	41	0	33
chr12	113133338	113133495	1	1	0	58	6	43
chr12	113133338	113133540	1	1	1	1368	39	42
chr12	113133338	113135796	1	1	1	5	0	29
chr12	113133577	113134186	1	1	0	1	0	28
chr12	113133577	113134761	1	1	0	2	0	21
chr12	113133577	113134800	1	1	0	4	0	14
chr12	113133577	113135796	1	1	1	1370	45	29
chr12	113134231	113135796	1	1	0	1	0	29
chr12	113134813	113135796	1	1	0	5	0	29
chr13	46778990	46785245	2	2	0	1	0	44
chr13	46778994	46780545	2	2	0	2	0	40
chr13	46778994	46780625	2	2	1	447	1	40
chr13	46778994	46785245	2	2	1	1302	3	46
chr13	46780663	46785245	2	2	0	1	0	37
chr13	46780665	46785245	2	2	1	447	1	39
chr13	54684489	54688030	2	2	1	1	0	35
chr13	56084286	56089757	2	2	1	30	0	40
chr13	56089858	56096123	2	2	1	31	0	41
chr14	57643224	57643334	2	2	1	1	0	39
chr14	57643224	57648418	2	2	1	62	0	40
chr14	57643490	57648418	2	2	1	1	0	38
chr14	120389164	120395711	1	1	1	116	1	38
chr14	120389164	120396450	1	1	1	359	0	48
chr14	120395766	120396450	1	1	1	122	1	48
chr15	77102940	77105576	2	2	1	99	0	44
chr15	77102940	77113604	2	2	1	4	0	44
chr15	77105670	77113604	2	2	1	102	0	48
chr16	57178021	57181491	2	2	1	225	0	44
chr16	57178021	57182850	2	2	1	74	1	43
chr16	57181507	57182850	2	2	0	1	0	15
chr16	57181537	57182850	2	2	1	222	0	34
chr17	12979205	13846588	1	1	0	43	1	12
chr17	13846613	13848354	1	1	0	3	0	21
chr17	13846640	13848354	1	1	1	3105	4	22
chr17	13846640	13849107	1	1	1	2664	1	46
chr17	13846640	13849113	1	1	0	17	1	48
chr17	13848376	13849107	1	1	1	3093	4	29
chr17	13848376	13849113	1	1	0	15	0	21
chr17	45570567	45570665	2	2	1	457	1	41
chr17	45570800	45571017	2	2	1	502	0	21
chr18	53948155	53948644	1	1	1	8656	6	29
chr18	53948155	53953244	1	1	1	1482	0	43
chr18	53948666	53953244	1	1	0	7	0	21
chr18	53948669	53953244	1	1	1	8644	6	37
chr19	7281251	7282725	2	2	0	3	0	26
chr19	7281256	7281797	2	4	1	130	0	40
chr19	7281256	7282725	2	2	1	1022	0	35
chr19	7281960	7282725	2	2	1	135	0	35
