chr1	34295537	34296741	1	1	1	41	0	18
chr1	34295537	34299720	1	1	1	11	0	38
chr1	34296760	34299720	1	1	1	41	0	18
chr1	40010678	40011649	1	1	1	44	0	21
chr1	40010678	40011787	1	1	0	1	0	21
chr1	40010678	40011811	1	1	0	2	0	21
chr1	40010678	40014105	1	1	1	24	0	32
chr1	40011842	40014105	1	1	1	42	0	37
chr1	82735508	82741817	1	1	1	3	0	40
chr1	82735508	82747082	1	1	1	1	0	40
chr1	82735508	82750519	1	1	1	38	0	40
chr2	32292216	32293314	1	1	1	12	0	43
chr2	32292216	32296625	1	1	1	48	0	43
chr2	32293396	32296625	1	1	1	12	0	39
chr2	59932171	59933405	2	2	0	43	0	37
chr2	59932171	59933411	2	2	1	313	0	31
chr2	59933439	59933670	2	2	1	348	0	28
chr2	71849507	71853533	1	1	1	460	0	42
chr2	71849507	71855853	1	1	1	1600	3	46
chr2	71853641	71855853	1	1	0	1	0	40
chr2	71853664	71855853	1	1	1	475	0	41
chr2	75662926	75663570	1	1	1	6	2	33
chr2	91001089	91001461	1	1	1	335	0	34
chr2	91001089	91003299	1	1	0	2	0	33
chr2	91001511	91003210	1	1	1	334	0	21
chr2	91003346	91003810	1	1	1	4	0	36
chr2	91159306	91160316	2	2	1	121	0	47
chr2	91159306	91162027	2	2	1	253	2	47
chr2	91160371	91162027	2	2	1	121	0	39
chr2	91681696	91684668	2	2	1	145	0	50
chr3	60613521	60614682	1	1	1	776	2	45
chr3	60613521	60614688	1	1	0	2	0	44
chr3	60613521	60615619	1	1	1	881	1	45
chr3	60614737	60615619	1	1	1	780	2	40
chr3	87733505	87734423	1	1	1	5	0	39
chr3	87733505	87735344	1	1	0	2	0	39
chr3	87734553	87735344	1	1	1	5	0	37
chr3	88483947	88484046	2	2	1	228	0	38
chr3	88484155	88484614	2	2	1	227	0	40
chr3	119724187	119724611	2	2	1	3996	2	34
chr3	119724187	119726065	2	2	1	13	0	29
chr3	119724646	119726065	2	2	1	4078	2	38
chr3	119724646	119726086	2	2	0	1	0	34
chr3	129825617	129826823	2	2	1	1	0	36
chr3	139632407	139650143	2	2	0	0	1	13
chr4	31992517	31994873	1	1	1	172	0	39
chr4	31992517	32002088	1	1	1	2792	3	49
chr4	31994955	32002088	1	1	1	171	0	48
chr4	107009769	107027216	1	1	1	3	0	38
chr4	107009769	107028192	1	1	1	68	0	42
chr4	107027298	107028192	1	1	1	4	0	41
chr5	23565266	23616326	2	2	1	460	1	46
chr5	72958287	72965803	1	1	1	2	0	40
chr5	72958287	72974530	1	1	1	63	0	41
chr5	72965882	72974530	1	1	1	2	0	41
chr5	116482532	116591333	2	2	0	4	0	45
chr5	116482537	116591333	2	2	1	745	3	50
chr5	149184807	149187707	1	1	1	7	0	43
chr5	149184807	149188344	1	1	1	446	2	45
chr5	149187835	149188344	1	1	1	1	0	39
chr5	149187877	149188344	1	1	1	6	0	40
chr6	98939789	98941535	2	2	1	75	0	45
chr6	98939789	98944618	2	2	0	9	0	45
chr6	98941658	98944618	2	2	1	76	0	36
chr6	125162102	125162211	2	2	1	192	4	43
chr6	128371086	128371967	1	1	1	2028	0	42
chr6	128371086	128372533	1	1	1	5	0	46
chr6	128372013	128372504	1	1	0	7	0	26
chr6	128372013	128372509	1	1	0	5	0	31
chr6	128372013	128372530	1	1	1	222	0	49
chr6	128372013	128372533	1	1	1	1773	0	46
chr6	128372018	128372530	1	1	0	1	0	49
chr6	128372018	128372533	1	1	0	22	0	46
chr7	67240441	67244520	2	2	1	106	0	38
chr7	67240441	67251656	2	2	1	740	1	45
chr7	67244545	67251656	2	2	1	105	0	24
chr7	102001660	102002294	1	1	1	1007	0	43
chr7	102001660	102007485	1	1	1	277	0	43
chr7	102002310	102007485	1	1	0	2	0	15
chr7	102002337	102007485	1	1	1	1011	0	40
chr7	112839481	112841887	1	1	1	6	0	41
chr7	112839481	112842039	1	1	1	67	0	49
chr7	112839481	112856052	1	1	1	6	0	12
chr7	112839481	112856797	1	1	1	13	0	41
chr7	112841951	112856052	1	1	1	2	0	12
chr7	112842103	112856052	1	1	1	69	0	12
chr7	112842103	112856797	1	1	1	3	0	37
chr7	112856065	112856797	1	1	1	78	0	12
chr7	127980247	127981190	1	1	1	5	0	36
chr7	127981292	127981410	1	1	1	5	0	6
chr8	25555775	25557730	1	1	1	2	0	37
chr8	33386064	33386329	1	1	0	1	0	40
chr8	95100453	95100646	2	2	1	683	0	46
chr8	95100453	95101408	2	2	0	116	0	44
chr8	95100674	95101408	2	2	1	682	0	42
chr8	95100700	95101408	2	2	0	1	0	34
chr8	123268550	123268744	2	2	1	151	1	48
chr9	43027296	43040539	2	2	1	67	0	38
chr9	43027296	43042590	2	2	1	85	0	46
chr9	43040593	43042590	2	2	0	1	0	43
chr9	43040597	43042590	2	2	1	66	0	46
chr9	80093642	80098885	1	1	1	4862	4	26
chr9	80093642	80098892	1	1	0	116	0	14
chr9	80093642	80103693	1	1	1	162	0	45
chr9	80098907	80103693	1	1	1	4976	4	24
chr9	80098907	80103698	1	1	0	1	0	21
chr9	114597607	114597794	2	2	1	240	0	38
chr9	114597607	114598704	2	2	0	12	0	40
chr9	114597825	114598704	2	2	0	3	0	30
chr9	114597831	114598704	2	2	1	237	0	38
chr11	79458907	79463232	1	1	1	10	0	42
chr11	79458907	79468716	1	1	1	91	0	42
chr11	79463296	79468716	1	1	1	10	0	39
chr11	94112147	94113262	1	1	1	65	0	21
chr11	94112147	94114172	1	1	1	218	0	32
chr11	94113302	94114172	1	1	1	66	0	39
chr11	102310577	102310925	2	2	1	34	0	43
chr11	102310577	102311379	2	2	1	600	0	47
chr11	102311037	102311379	2	2	1	35	0	45
chr12	71952560	71958746	1	1	1	36	0	27
chr12	71952560	71959805	1	1	1	34	0	43
chr12	71958774	71959805	1	1	1	36	0	27
chr12	83811361	83825258	2	2	1	26	0	33
chr12	83811361	83831921	2	2	1	266	0	41
chr12	83825292	83831921	2	2	1	26	0	33
chr12	113133338	113133495	1	1	0	59	2	44
chr12	113133338	113133540	1	1	1	1120	35	43
chr12	113133338	113135796	1	1	1	6	0	29
chr12	113133577	113134800	1	1	0	7	0	12
chr12	113133577	113135796	1	1	1	1144	37	29
chr12	113134813	113135796	1	1	0	7	0	12
chr13	46778987	46785245	2	2	0	1	0	47
chr13	46778994	46780625	2	2	1	442	0	41
chr13	46778994	46785245	2	2	1	1602	4	45
chr13	46780665	46785245	2	2	1	447	0	40
chr13	56084286	56089757	2	2	1	19	0	40
chr13	56089858	56096123	2	2	1	19	0	41
chr14	57643224	57643334	2	2	1	1	0	39
chr14	57643224	57648418	2	2	1	84	0	47
chr14	57643490	57648418	2	2	1	1	0	38
chr14	120389164	120395711	1	1	1	108	0	38
chr14	120389164	120396450	1	1	1	380	0	48
chr14	120395766	120396450	1	1	1	110	0	48
chr15	77102940	77105576	2	2	1	124	0	40
chr15	77102940	77113604	2	2	1	11	0	48
chr15	77105670	77113604	2	2	1	122	0	48
chr16	57178021	57181491	2	2	1	186	0	44
chr16	57178021	57182850	2	2	1	66	1	43
chr16	57181537	57182850	2	2	1	185	0	33
chr16	84831508	84834808	2	2	1	2	0	44
chr17	12979205	13846588	1	1	0	34	1	12
chr17	13846640	13848354	1	1	1	3004	5	22
chr17	13846640	13849107	1	1	1	2884	3	45
chr17	13846640	13849113	1	1	0	12	0	47
chr17	13848376	13849107	1	1	1	2995	5	26
chr17	13848376	13849113	1	1	0	8	0	21
chr17	45570567	45570665	2	2	1	317	1	37
chr17	45570800	45571017	2	2	1	360	1	23
chr18	10726534	10740982	1	1	1	1	0	15
chr18	53948155	53948381	1	1	0	1	0	39
chr18	53948155	53948644	1	1	1	7070	7	33
chr18	53948155	53953244	1	1	1	1302	4	44
chr18	53948447	53953244	1	1	0	1	0	37
chr18	53948666	53953244	1	1	0	9	0	21
chr18	53948669	53949681	1	1	0	1	0	15
chr18	53948669	53953244	1	1	1	7054	6	37
chr18	53948669	53953268	1	1	0	2	0	24
chr18	53948673	53953244	1	1	0	2	0	28
chr18	53949705	53953244	1	1	0	1	0	23
chr19	7281251	7282725	2	2	0	1	0	31
chr19	7281256	7281797	2	4	1	92	1	38
chr19	7281256	7282725	2	2	1	917	1	36
chr19	7281960	7282725	2	2	1	95	1	35
chrX	7170516	7171143	2	2	1	1	0	18
chrX	159482377	159482959	1	1	1	1	0	24
