chr1	34295537	34296741	1	1	1	23	0	18
chr1	34295537	34299720	1	1	1	124	0	42
chr1	34296760	34299720	1	1	1	23	0	18
chr1	40010678	40011649	1	1	1	8	0	21
chr1	40010678	40011811	1	1	0	1	0	21
chr1	40010678	40014105	1	1	1	33	0	32
chr1	40011842	40014105	1	1	1	9	0	37
chr1	82735508	82741817	1	1	1	1	0	18
chr1	82735508	82747082	1	1	1	4	0	40
chr1	82735508	82750519	1	1	1	38	0	41
chr1	82747143	82750519	1	1	1	4	0	38
chr1	151344756	151349375	1	1	1	1	0	26
chr2	32292216	32296625	1	1	1	45	0	43
chr2	59932171	59933405	2	2	0	7	0	37
chr2	59932171	59933411	2	2	1	49	0	31
chr2	59932171	59933670	2	2	1	8	0	35
chr2	59933439	59933670	2	2	1	54	0	28
chr2	71849507	71853533	1	1	1	22	0	39
chr2	71849507	71855853	1	1	1	1184	2	42
chr2	71853664	71855853	1	1	1	22	0	41
chr2	75662926	75663570	1	1	1	5	1	39
chr2	91001089	91001461	1	1	1	317	0	34
chr2	91001089	91003299	1	1	0	5	0	33
chr2	91001511	91003210	1	1	1	315	0	22
chr2	91003346	91003810	1	1	1	7	0	36
chr2	91159306	91160316	2	2	1	4	0	47
chr2	91159306	91162027	2	2	1	126	0	47
chr2	91160371	91162027	2	2	1	4	0	38
chr2	91681696	91684668	2	2	1	457	0	50
chr2	153670448	153670848	1	1	1	55	0	44
chr2	153670909	153672215	1	1	1	55	0	50
chr2	157294229	157295253	1	1	1	1	0	39
chr2	157295389	157297381	1	1	1	1	0	4
chr2	168752741	168754433	2	2	1	9946	10	47
chr3	60613521	60614682	1	1	1	68	0	44
chr3	60613521	60615619	1	1	1	21	0	44
chr3	60614737	60615619	1	1	1	69	0	38
chr3	87733505	87735344	1	1	0	109	0	40
chr3	88483947	88484046	2	2	1	90	1	37
chr3	88484149	88484614	2	2	0	1	0	39
chr3	88484155	88484614	2	2	1	90	1	39
chr3	119724187	119724611	2	2	1	1174	0	34
chr3	119724187	119726065	2	2	1	1	0	29
chr3	119724646	119726065	2	2	1	1198	0	38
chr3	129825617	129826823	2	2	1	1	0	36
chr4	31992517	31994873	1	1	1	836	1	40
chr4	31992517	32002088	1	1	1	432	1	49
chr4	31994955	32002088	1	1	1	830	1	49
chr4	46468788	46469882	1	1	1	1	0	11
chr4	107009769	107027216	1	1	1	31	0	42
chr4	107009769	107028192	1	1	1	175	0	44
chr4	107009769	107028217	1	1	0	1	0	35
chr4	107027298	107028192	1	1	1	38	0	41
chr5	23565266	23616326	2	2	1	103	0	46
chr5	72958287	72974530	1	1	1	20	0	41
chr5	149184807	149185349	1	1	0	1	0	43
chr5	149184807	149185484	1	1	1	2	0	43
chr5	149184807	149187707	1	1	1	16	0	43
chr5	149184807	149188344	1	1	1	190	0	45
chr5	149185662	149188344	1	1	0	1	0	39
chr5	149187864	149188344	1	1	0	1	0	39
chr5	149187877	149188344	1	1	1	17	0	39
chr6	47577668	47594893	2	2	1	1	0	26
chr6	72634233	72634303	2	2	0	2	0	37
chr6	72634233	72648800	2	2	1	2550	0	42
chr6	72634233	72649119	2	2	1	5369	2	50
chr6	72634351	72649119	2	2	0	1	0	40
chr6	72648843	72649119	2	2	1	2542	0	42
chr6	98939789	98940994	2	2	1	3	0	45
chr6	98939789	98941535	2	2	1	35	0	46
chr6	98939789	98944618	2	2	0	12	0	45
chr6	98941165	98944618	2	2	0	4	0	37
chr6	98941658	98944618	2	2	1	35	0	37
chr6	125162102	125162211	2	2	1	303	5	39
chr6	128371086	128371967	1	1	1	1062	1	43
chr6	128371086	128372509	1	1	0	1	0	39
chr6	128371086	128372530	1	1	1	57	0	49
chr6	128371086	128372533	1	1	1	528	0	46
chr6	128371086	128372536	1	1	0	1	0	43
chr6	128372013	128372504	1	1	0	1	0	26
chr6	128372013	128372530	1	1	1	130	0	47
chr6	128372013	128372533	1	1	1	916	1	46
chr6	128372018	128372530	1	1	0	3	0	49
chr6	128372018	128372533	1	1	0	10	0	46
chr7	67240441	67244520	2	2	1	4	0	24
chr7	67240441	67251656	2	2	1	354	0	44
chr7	67244545	67251656	2	2	1	4	0	24
chr7	101405603	102001614	1	1	0	5	1	13
chr7	102001660	102002294	1	1	1	174	0	42
chr7	102001660	102007485	1	1	1	2502	3	45
chr7	102002337	102007485	1	1	1	174	0	40
chr7	112839481	112841887	1	1	1	3	0	41
chr7	112839481	112842039	1	1	1	122	0	49
chr7	112839481	112856052	1	1	1	2	0	12
chr7	112839481	112856776	1	1	0	1	0	41
chr7	112839481	112856797	1	1	1	24	0	41
chr7	112841951	112856797	1	1	0	1	0	37
chr7	112842103	112856052	1	1	1	5	0	12
chr7	112842103	112856797	1	1	1	117	0	41
chr7	112856065	112856797	1	1	1	7	0	12
chr7	127977322	127978140	1	1	1	1	0	22
chr7	127980247	127981190	1	1	1	7	0	22
chr7	127981292	127981410	1	1	1	6	0	6
chr7	144861833	144862231	1	1	1	660	2	39
chr7	144862267	144862764	1	1	0	4	0	35
chr7	144862336	144862764	1	1	1	656	3	46
chr8	25532429	25555507	1	1	1	1	0	44
chr8	25532429	25557730	1	1	1	1	0	44
chr8	25555775	25557730	1	1	1	1	0	37
chr8	47528031	47529328	2	2	1	1	0	4
chr8	95100453	95100646	2	2	1	193	0	31
chr8	95100453	95101408	2	2	0	472	0	46
chr8	95100674	95101408	2	2	1	193	0	42
chr8	123268550	123268744	2	2	1	72	0	47
chr9	43027267	43042590	2	2	0	3	0	34
chr9	43027296	43040539	2	2	1	6	0	38
chr9	43027296	43042590	2	2	1	215	1	46
chr9	43040597	43042590	2	2	1	7	0	45
chr9	80093642	80098885	1	1	1	1199	1	26
chr9	80093642	80098892	1	1	0	21	0	14
chr9	80093642	80103693	1	1	1	5224	3	45
chr9	80093642	80103698	1	1	0	2	0	44
chr9	80098907	80099016	1	1	0	2	0	21
chr9	80098907	80103693	1	1	1	1218	1	24
chr9	80099049	80103693	1	1	0	2	0	37
chr9	114597607	114597794	2	2	1	155	1	38
chr9	114597607	114598704	2	2	0	207	0	43
chr9	114597825	114598704	2	2	0	1	0	30
chr9	114597831	114598704	2	2	1	154	1	36
chr10	85951455	85953436	2	2	1	1	0	25
chr11	79458907	79463232	1	1	1	21	0	42
chr11	79458907	79468716	1	1	1	33	0	42
chr11	79463296	79468716	1	1	1	19	0	38
chr11	79468155	79468716	1	1	1	1	0	38
chr11	83497297	83497893	1	1	1	1	0	33
chr11	83497927	83499072	1	1	1	1	0	33
chr11	94112147	94113262	1	1	1	9	0	21
chr11	94112147	94114172	1	1	1	180	0	32
chr11	94113302	94114172	1	1	1	10	0	39
chr11	102310577	102310925	2	2	1	69	0	43
chr11	102310577	102311379	2	2	1	161	0	45
chr11	102311037	102311379	2	2	1	67	0	45
chr12	71952560	71958746	1	1	1	1	0	27
chr12	71952560	71959805	1	1	1	173	0	45
chr12	71958774	71959805	1	1	1	1	0	27
chr12	83811361	83825258	2	2	1	118	0	33
chr12	83811361	83831921	2	2	1	138	0	41
chr12	83825292	83831921	2	2	1	118	0	33
chr12	113133338	113133495	1	1	0	10	0	42
chr12	113133338	113133540	1	1	1	188	0	43
chr12	113133338	113135796	1	1	1	641	0	29
chr12	113133577	113135796	1	1	1	184	0	29
chr13	46778990	46785245	2	2	0	1	0	44
chr13	46778994	46780625	2	2	1	390	0	44
chr13	46778994	46785245	2	2	1	1740	4	45
chr13	46780663	46785245	2	2	0	1	0	37
chr13	46780665	46785245	2	2	1	393	0	40
chr13	56084286	56088251	2	2	1	1	0	40
chr13	56084286	56089757	2	2	1	13	0	40
chr13	56088343	56096123	2	2	1	1	0	38
chr13	56089858	56096123	2	2	1	11	0	39
chr14	57643224	57643334	2	2	1	2	0	39
chr14	57643224	57648418	2	2	1	89	0	39
chr14	57643490	57648418	2	2	1	2	0	38
chr14	120389164	120395711	1	1	1	147	0	39
chr14	120389164	120396450	1	1	1	38	1	48
chr14	120395766	120396450	1	1	1	159	0	48
chr15	77102940	77105576	2	2	1	87	0	48
chr15	77102940	77113604	2	2	1	16	0	48
chr15	77105670	77113604	2	2	1	85	0	48
chr16	57178021	57181491	2	2	1	15	0	43
chr16	57178021	57182850	2	2	1	757	2	44
chr16	57181537	57182850	2	2	1	16	0	42
chr16	84831508	84834808	2	2	1	1	0	44
chr16	94686604	94691580	1	1	1	1	0	45
chr17	12979205	13846588	1	1	0	24	0	12
chr17	13846640	13848354	1	1	1	342	4	21
chr17	13846640	13849107	1	1	1	9707	17	45
chr17	13846640	13849113	1	1	0	60	0	48
chr17	13848376	13849107	1	1	1	338	4	26
chr17	45570567	45570665	2	2	1	316	1	39
chr17	45570800	45571017	2	2	1	332	1	21
chr18	53948155	53948644	1	1	1	1207	0	33
chr18	53948155	53949213	1	1	0	2	0	39
chr18	53948155	53953244	1	1	1	9121	8	45
chr18	53948666	53953244	1	1	0	1	0	21
chr18	53948669	53953244	1	1	1	1202	0	26
chr18	53948673	53953244	1	1	0	1	0	28
chr18	53949263	53953244	1	1	0	2	0	37
chr18	64512050	64515325	2	2	1	1	0	36
chr18	64515409	64516415	2	2	1	1	0	30
chr19	7281256	7281797	2	4	1	60	0	39
chr19	7281256	7282725	2	2	1	272	0	35
chr19	7281960	7282725	2	2	1	63	0	26
