chr1	34295537	34296741	1	1	1	104	0	18
chr1	34295537	34299720	1	1	1	19	0	38
chr1	34296760	34299720	1	1	1	104	0	18
chr1	40010678	40011649	1	1	1	129	0	32
chr1	40010678	40011787	1	1	0	1	0	21
chr1	40010678	40011811	1	1	0	4	0	21
chr1	40010678	40014105	1	1	1	31	1	32
chr1	40011842	40014105	1	1	1	134	0	40
chr1	55088413	55089050	1	1	1	1	0	25
chr1	82735508	82741817	1	1	1	2	0	40
chr1	82735508	82747082	1	1	1	1	0	40
chr1	82735508	82750519	1	1	1	83	0	43
chr1	82747143	82750519	1	1	1	3	0	38
chr2	32292216	32293314	1	1	1	19	0	43
chr2	32292216	32296625	1	1	1	118	0	44
chr2	32293396	32296625	1	1	1	19	0	38
chr2	59926161	59932104	2	2	1	1	0	20
chr2	59932171	59933405	2	2	0	100	0	37
chr2	59932171	59933411	2	2	1	503	1	31
chr2	59932171	59933670	2	2	1	1	0	29
chr2	59933439	59933670	2	2	1	599	1	28
chr2	71849507	71853533	1	1	1	1031	1	42
chr2	71849507	71853890	1	1	0	2	0	39
chr2	71849507	71855853	1	1	1	2150	1	46
chr2	71849507	71855868	1	1	0	2	0	46
chr2	71853664	71853890	1	1	0	1	0	41
chr2	71853664	71855853	1	1	1	1068	1	41
chr2	71853948	71855853	1	1	0	3	0	40
chr2	75662926	75663570	1	1	1	2	0	39
chr2	91001089	91001461	1	1	1	1010	3	34
chr2	91001089	91003299	1	1	0	2	0	33
chr2	91001511	91003210	1	1	1	987	3	25
chr2	91001511	91003299	1	1	0	1	0	45
chr2	91003238	91003810	1	1	0	3	0	27
chr2	91003346	91003810	1	1	1	30	0	36
chr2	91159306	91160316	2	2	1	307	0	47
chr2	91159306	91162027	2	2	1	457	0	47
chr2	91160371	91162027	2	2	1	310	0	40
chr2	91681696	91684668	2	2	1	234	0	50
chr2	153670448	153672215	1	1	1	4	0	50
chr3	60422418	60613472	1	1	0	0	3	15
chr3	60613521	60614682	1	1	1	1252	3	46
chr3	60613521	60614688	1	1	0	1	0	38
chr3	60613521	60615619	1	1	1	1275	2	45
chr3	60614737	60615619	1	1	1	1243	3	40
chr3	87733505	87734423	1	1	1	14	0	39
chr3	87733505	87735344	1	1	0	4	0	39
chr3	87734553	87735344	1	1	1	14	0	37
chr3	88483947	88484046	2	2	1	322	0	40
chr3	88484155	88484614	2	2	1	317	0	43
chr3	119724187	119724611	2	2	1	4756	1	34
chr3	119724187	119726065	2	2	1	10	0	29
chr3	119724646	119726065	2	2	1	4882	1	38
chr4	31992517	31994873	1	1	1	307	0	39
chr4	31992517	32002088	1	1	1	3757	10	49
chr4	31994955	32002088	1	1	1	302	0	49
chr4	107009769	107027216	1	1	1	9	0	38
chr4	107009769	107028192	1	1	1	96	0	41
chr4	107027298	107028192	1	1	1	14	0	41
chr5	23565266	23616326	2	2	1	697	1	48
chr5	72958287	72965803	1	1	1	1	0	37
chr5	72958287	72974530	1	1	1	92	0	41
chr5	72965882	72974530	1	1	1	1	0	41
chr5	116475248	116477058	2	2	1	1	0	16
chr5	116477146	116482389	2	2	1	2	0	45
chr5	116482537	116591333	2	2	1	835	5	50
chr5	125441893	125451669	1	1	1	1	0	12
chr5	149184807	149185349	1	1	0	1	0	43
chr5	149184807	149187707	1	1	1	18	0	44
chr5	149184807	149188344	1	1	1	665	0	44
chr5	149185405	149188344	1	1	0	1	0	39
chr5	149187835	149188344	1	1	1	3	0	39
chr5	149187864	149188344	1	1	0	1	0	39
chr5	149187877	149188344	1	1	1	14	0	39
chr5	149188474	149193839	1	1	1	1	0	25
chr6	47577668	47594893	2	2	1	3	0	34
chr6	51464548	51465178	2	2	1	1	0	27
chr6	51465242	51466141	2	2	1	1	0	42
chr6	98939789	98941535	2	2	1	201	0	47
chr6	98939789	98944618	2	2	0	20	0	45
chr6	98941658	98944618	2	2	1	201	0	37
chr6	125162102	125162211	2	2	1	393	13	38
chr6	128371086	128371967	1	1	1	3231	3	45
chr6	128371086	128372530	1	1	1	2	0	49
chr6	128371086	128372533	1	1	1	10	0	46
chr6	128371086	128372539	1	1	0	1	0	40
chr6	128372013	128372278	1	1	0	1	0	25
chr6	128372013	128372504	1	1	0	22	0	26
chr6	128372013	128372509	1	1	0	7	0	31
chr6	128372013	128372530	1	1	1	378	1	47
chr6	128372013	128372533	1	1	1	2772	1	46
chr6	128372013	128372536	1	1	0	3	0	43
chr6	128372018	128372509	1	1	0	1	0	31
chr6	128372018	128372530	1	1	0	5	0	49
chr6	128372018	128372533	1	1	0	38	0	46
chr6	128372306	128372530	1	1	0	1	0	27
chr7	67240441	67244520	2	2	1	163	1	28
chr7	67240441	67251656	2	2	1	1134	2	48
chr7	67244545	67251656	2	2	1	163	1	24
chr7	101288340	102001612	1	3	0	4	0	12
chr7	102001660	102002294	1	1	1	1972	1	43
chr7	102001660	102007485	1	1	1	583	0	43
chr7	102002337	102007485	1	1	1	1960	1	41
chr7	112839481	112841887	1	1	1	7	0	41
chr7	112839481	112842039	1	1	1	150	0	41
chr7	112839481	112856052	1	1	1	4	0	12
chr7	112839481	112856797	1	1	1	11	0	41
chr7	112841951	112856052	1	1	1	2	0	12
chr7	112842103	112856052	1	1	1	145	0	12
chr7	112842103	112856797	1	1	1	7	0	37
chr7	112856065	112856797	1	1	1	152	0	14
chr7	123124716	123143749	1	1	1	1	0	44
chr7	127980247	127981190	1	1	1	6	0	5
chr7	127981292	127981410	1	1	1	7	0	6
chr8	25532429	25557730	1	1	1	1	0	44
chr8	25555775	25557730	1	1	1	1	0	37
chr8	33386064	33386329	1	1	0	1	0	46
chr8	72219861	72219940	1	1	1	2	0	30
chr8	95100443	95100636	2	2	0	1	0	36
chr8	95100453	95100646	2	2	1	912	1	31
chr8	95100453	95101408	2	2	0	102	0	46
chr8	95100674	95101408	2	2	1	913	2	42
chr8	123268550	123268744	2	2	1	196	0	46
chr9	43027296	43040539	2	2	1	185	0	40
chr9	43027296	43042590	2	2	1	147	0	46
chr9	43040593	43042590	2	2	0	2	0	43
chr9	43040597	43042590	2	2	1	185	0	45
chr9	80093642	80098885	1	1	1	7350	6	31
chr9	80093642	80098892	1	1	0	199	0	18
chr9	80093642	80103693	1	1	1	237	0	44
chr9	80098907	80099229	1	1	0	1	0	21
chr9	80098907	80103693	1	1	1	7551	6	24
chr9	80098907	80103698	1	1	0	5	0	21
chr9	80099305	80103693	1	1	0	1	0	37
chr9	114597607	114597794	2	2	1	466	1	39
chr9	114597607	114598704	2	2	0	35	0	42
chr9	114597825	114598704	2	2	0	2	0	30
chr9	114597831	114598704	2	2	1	465	1	38
chr11	79458907	79463232	1	1	1	16	0	42
chr11	79458907	79468716	1	1	1	214	0	43
chr11	79463296	79468716	1	1	1	17	0	38
chr11	83497297	83497893	1	1	1	1	0	33
chr11	83497927	83499072	1	1	1	1	0	33
chr11	94112147	94113262	1	1	1	115	0	21
chr11	94112147	94114172	1	1	1	336	1	32
chr11	94113302	94114172	1	1	1	118	0	39
chr11	100479298	100481376	2	2	1	1	0	30
chr11	100481848	100482144	2	2	1	2	0	39
chr11	102310577	102310925	2	2	1	30	0	43
chr11	102310577	102311379	2	2	1	811	0	46
chr11	102311037	102311379	2	2	1	31	0	45
chr12	17277305	17278513	1	1	1	1	0	11
chr12	71952560	71958746	1	1	1	74	0	27
chr12	71952560	71959805	1	1	1	54	0	43
chr12	71958774	71959805	1	1	1	74	0	29
chr12	83811361	83825258	2	2	1	67	0	33
chr12	83811361	83831921	2	2	1	400	0	42
chr12	83825292	83831921	2	2	1	67	0	33
chr12	112928622	113133308	1	1	0	0	4	13
chr12	113133338	113133495	1	1	0	119	18	46
chr12	113133338	113133540	1	1	1	1507	56	42
chr12	113133338	113135796	1	1	1	8	0	29
chr12	113133577	113134186	1	1	0	3	0	28
chr12	113133577	113134800	1	1	0	10	0	12
chr12	113133577	113135796	1	1	1	1558	74	29
chr12	113134231	113135796	1	1	0	3	0	29
chr12	113134813	113135796	1	1	0	10	0	12
chr13	46778990	46785245	2	2	0	1	0	44
chr13	46778994	46780545	2	2	0	1	0	40
chr13	46778994	46780625	2	2	1	713	0	43
chr13	46778994	46785245	2	2	1	2421	6	47
chr13	46780665	46785245	2	2	1	718	0	40
chr13	56084286	56089757	2	2	1	77	1	41
chr13	56089858	56096123	2	2	1	77	1	41
chr14	57643224	57643334	2	2	1	1	0	39
chr14	57643224	57648418	2	2	1	171	0	47
chr14	57643490	57648418	2	2	1	1	0	38
chr14	120389164	120395711	1	1	1	247	0	39
chr14	120389164	120395717	1	1	0	2	0	38
chr14	120389164	120396450	1	1	1	601	0	48
chr14	120395766	120396450	1	1	1	250	0	48
chr15	77102940	77105576	2	2	1	296	0	41
chr15	77102940	77113604	2	2	1	10	0	44
chr15	77105670	77113604	2	2	1	298	0	48
chr16	57178021	57181491	2	2	1	455	0	43
chr16	57178021	57182850	2	2	1	125	0	43
chr16	57181507	57182850	2	2	0	3	0	15
chr16	57181537	57182850	2	2	1	448	0	41
chr17	12979205	13846588	1	1	0	18	1	12
chr17	13846640	13848354	1	1	1	4483	6	22
chr17	13846640	13849107	1	1	1	4111	1	46
chr17	13846640	13849113	1	1	0	13	0	47
chr17	13846644	13848358	1	1	0	0	1	20
chr17	13848376	13849107	1	1	1	4466	6	30
chr17	13848376	13849113	1	1	0	6	0	21
chr17	45570567	45570665	2	2	1	528	2	42
chr17	45570800	45571017	2	2	1	589	2	21
chr17	47341180	47348649	1	1	1	2	0	13
chr18	10726534	10740982	1	1	1	3	0	15
chr18	53948155	53948381	1	1	0	1	0	39
chr18	53948155	53948419	1	1	0	1	0	27
chr18	53948155	53948644	1	1	1	11163	11	33
chr18	53948155	53953244	1	1	1	1800	2	45
chr18	53948155	53953268	1	1	0	2	0	40
chr18	53948447	53948644	1	1	0	1	0	13
chr18	53948666	53953244	1	1	0	10	0	21
chr18	53948669	53953244	1	1	1	11131	10	37
chr18	53948669	53953268	1	1	0	1	0	24
chr18	53948673	53953244	1	1	0	2	0	28
chr18	64515409	64516415	2	2	1	4	0	39
chr18	84670914	84672073	2	2	1	1	0	46
chr19	7281256	7281797	2	4	1	160	0	39
chr19	7281256	7282725	2	2	1	1107	1	36
chr19	7281960	7282725	2	2	1	179	0	35
