chr1	34295537	34296741	1	1	1	44	0	18
chr1	34295537	34299720	1	1	1	8	0	38
chr1	34296760	34299720	1	1	1	44	0	19
chr1	40010678	40011649	1	1	1	70	0	21
chr1	40010678	40011811	1	1	0	2	0	21
chr1	40010678	40014105	1	1	1	12	0	32
chr1	40011842	40014105	1	1	1	69	0	38
chr1	82735508	82741934	1	1	0	1	0	40
chr1	82735508	82750519	1	1	1	42	0	41
chr1	82747143	82750519	1	1	1	1	0	38
chr2	32292216	32293314	1	1	1	7	0	43
chr2	32292216	32296625	1	1	1	60	0	43
chr2	32293396	32296625	1	1	1	6	0	38
chr2	59932171	59933405	2	2	0	37	0	33
chr2	59932171	59933411	2	2	1	259	0	31
chr2	59932171	59933670	2	2	1	1	0	30
chr2	59933439	59933670	2	2	1	291	0	33
chr2	71849507	71853533	1	1	1	526	2	43
chr2	71849507	71853890	1	1	0	2	0	39
chr2	71849507	71855853	1	1	1	1652	3	42
chr2	71849507	71855868	1	1	0	6	0	46
chr2	71853664	71855853	1	1	1	536	2	42
chr2	71853948	71855853	1	1	0	2	0	40
chr2	75662926	75663570	1	1	1	1	0	27
chr2	91001089	91001461	1	1	1	521	0	25
chr2	91001089	91003299	1	1	0	3	0	33
chr2	91001511	91003210	1	1	1	523	0	25
chr2	91003238	91003810	1	1	0	2	0	27
chr2	91003346	91003810	1	1	1	14	0	36
chr2	91159300	91162027	2	2	0	2	0	41
chr2	91159306	91160316	2	2	1	154	0	47
chr2	91159306	91162027	2	2	1	261	0	47
chr2	91160371	91162027	2	2	1	157	0	39
chr2	91681696	91684668	2	2	1	165	0	50
chr2	153670448	153672215	1	1	1	3	0	50
chr2	160715828	160717386	1	1	1	1	0	43
chr3	60422418	60613472	1	1	0	0	3	15
chr3	60613521	60614682	1	1	1	903	3	45
chr3	60613521	60614688	1	1	0	3	0	38
chr3	60613521	60615619	1	1	1	789	2	44
chr3	60614737	60615619	1	1	1	904	3	45
chr3	87733505	87734423	1	1	1	6	0	39
chr3	87733505	87735344	1	1	0	7	0	39
chr3	87734553	87735344	1	1	1	6	0	37
chr3	88483947	88484046	2	2	1	150	0	40
chr3	88484155	88484614	2	2	1	148	0	42
chr3	119724187	119724611	2	2	1	3941	0	34
chr3	119724187	119726065	2	2	1	11	0	29
chr3	119724646	119726065	2	2	1	4052	1	38
chr3	129825617	129826823	2	2	1	1	0	4
chr4	31992517	31994873	1	1	1	173	0	39
chr4	31992517	32002088	1	1	1	2166	4	49
chr4	31994955	32002088	1	1	1	172	0	49
chr4	107009769	107027216	1	1	1	7	0	39
chr4	107009769	107028192	1	1	1	113	1	44
chr4	107027298	107028192	1	1	1	7	0	41
chr5	23565266	23616326	2	2	1	591	0	46
chr5	72958287	72965803	1	1	1	2	0	37
chr5	72958287	72974530	1	1	1	56	0	41
chr5	72965882	72974530	1	1	1	2	0	41
chr5	116477146	116482389	2	2	1	1	0	33
chr5	116482537	116513708	2	2	0	1	0	50
chr5	116482537	116591333	2	2	1	440	3	50
chr5	149184807	149187707	1	1	1	19	0	43
chr5	149184807	149188344	1	1	1	358	1	45
chr5	149187835	149188344	1	1	1	1	0	39
chr5	149187877	149188344	1	1	1	18	0	39
chr6	47577668	47594893	2	2	1	1	0	24
chr6	98939789	98941535	2	2	1	134	1	46
chr6	98939789	98944618	2	2	0	10	0	45
chr6	98941658	98944618	2	2	1	134	1	36
chr6	125162102	125162211	2	2	1	175	8	42
chr6	128371086	128371967	1	1	1	2246	4	45
chr6	128371086	128372530	1	1	1	3	0	49
chr6	128371086	128372533	1	1	1	8	0	46
chr6	128372013	128372278	1	1	0	1	0	27
chr6	128372013	128372504	1	1	0	12	0	26
chr6	128372013	128372509	1	1	0	4	0	31
chr6	128372013	128372530	1	1	1	279	0	49
chr6	128372013	128372533	1	1	1	1917	3	46
chr6	128372013	128372536	1	1	0	2	0	43
chr6	128372018	128372530	1	1	0	1	0	49
chr6	128372018	128372533	1	1	0	33	0	46
chr6	128372306	128372533	1	1	0	1	0	27
chr7	67240441	67244520	2	2	1	108	0	24
chr7	67240441	67251656	2	2	1	693	1	45
chr7	67244545	67251656	2	2	1	108	0	24
chr7	102001660	102002294	1	1	1	728	0	44
chr7	102001660	102007485	1	1	1	225	0	45
chr7	102002337	102007485	1	1	1	729	0	42
chr7	112839481	112841887	1	1	1	5	0	41
chr7	112839481	112842039	1	1	1	73	0	42
chr7	112839481	112856052	1	1	1	2	0	12
chr7	112839481	112856797	1	1	1	6	0	41
chr7	112841951	112856052	1	1	1	2	0	12
chr7	112842103	112856052	1	1	1	71	0	12
chr7	112842103	112856797	1	1	1	2	0	37
chr7	112856065	112856797	1	1	1	75	0	12
chr7	127980247	127981190	1	1	1	7	0	5
chr7	127981292	127981410	1	1	1	9	0	28
chr8	25532429	25557730	1	1	1	1	0	43
chr8	95100453	95100646	2	2	1	403	0	31
chr8	95100453	95101408	2	2	0	73	0	46
chr8	95100674	95101408	2	2	1	403	0	42
chr8	123268550	123268744	2	2	1	106	0	47
chr9	43027296	43040539	2	2	1	72	0	39
chr9	43027296	43042590	2	2	1	72	1	45
chr9	43040597	43042590	2	2	1	74	0	45
chr9	80093642	80098847	1	1	0	1	0	44
chr9	80093642	80098885	1	1	1	4378	3	26
chr9	80093642	80098892	1	1	0	128	0	14
chr9	80093642	80103693	1	1	1	134	0	44
chr9	80098907	80101831	1	1	0	1	0	21
chr9	80098907	80103693	1	1	1	4511	3	37
chr9	80101891	80103693	1	1	0	1	0	37
chr9	114597607	114597794	2	2	1	308	0	38
chr9	114597607	114598704	2	2	0	10	0	42
chr9	114597831	114598704	2	2	1	308	0	36
chr11	26778879	26787397	2	2	0	0	1	13
chr11	79458907	79463232	1	1	1	2	0	42
chr11	79458907	79468716	1	1	1	77	0	43
chr11	79463296	79468716	1	1	1	2	0	38
chr11	94112147	94113262	1	1	1	70	0	23
chr11	94112147	94114172	1	1	1	218	0	32
chr11	94113302	94114172	1	1	1	71	0	39
chr11	100479298	100481376	2	2	1	1	0	31
chr11	100481848	100482144	2	2	1	1	0	35
chr11	102310577	102310925	2	2	1	27	0	43
chr11	102310577	102311379	2	2	1	442	0	46
chr11	102311037	102311379	2	2	1	28	0	45
chr12	71952560	71958746	1	1	1	36	0	27
chr12	71952560	71959805	1	1	1	27	0	43
chr12	71958774	71959805	1	1	1	36	0	27
chr12	83811361	83825258	2	2	1	30	0	33
chr12	83811361	83831921	2	2	1	249	1	41
chr12	83825292	83831921	2	2	1	30	0	33
chr12	113133338	113133495	1	1	0	71	17	44
chr12	113133338	113133540	1	1	1	1207	46	43
chr12	113133338	113134761	1	1	0	1	0	42
chr12	113133338	113135796	1	1	1	6	0	29
chr12	113133577	113134186	1	1	0	1	0	28
chr12	113133577	113134800	1	1	0	8	0	12
chr12	113133577	113135796	1	1	1	1233	63	29
chr12	113134231	113135796	1	1	0	1	0	29
chr12	113134813	113135796	1	1	0	9	0	29
chr13	46778994	46780066	2	2	0	1	0	40
chr13	46778994	46780545	2	2	0	1	0	40
chr13	46778994	46780625	2	2	1	369	1	40
chr13	46778994	46785245	2	2	1	1134	4	45
chr13	46780127	46785245	2	2	0	1	0	39
chr13	46780665	46785245	2	2	1	370	1	40
chr13	56084286	56089757	2	2	1	46	0	41
chr13	56089858	56096123	2	2	1	46	0	41
chr14	57643224	57643334	2	2	1	1	0	39
chr14	57643224	57648418	2	2	1	68	0	47
chr14	57643490	57648418	2	2	1	1	0	34
chr14	120389164	120395711	1	1	1	131	0	39
chr14	120389164	120395717	1	1	0	1	0	39
chr14	120389164	120396450	1	1	1	271	0	48
chr14	120395766	120396450	1	1	1	138	0	48
chr15	77102940	77105576	2	2	1	155	0	41
chr15	77102940	77113604	2	2	1	13	0	44
chr15	77105670	77113604	2	2	1	155	0	48
chr16	57178021	57181491	2	2	1	183	1	43
chr16	57178021	57182850	2	2	1	68	0	44
chr16	57181537	57182850	2	2	1	182	1	34
chr17	12979205	13846588	1	1	0	40	1	12
chr17	13846640	13848354	1	1	1	1962	2	22
chr17	13846640	13849107	1	1	1	2757	2	46
chr17	13846640	13849113	1	1	0	13	1	47
chr17	13846644	13848358	1	1	0	1	0	17
chr17	13848376	13849107	1	1	1	1965	2	27
chr17	45570567	45570665	2	2	1	286	1	39
chr17	45570800	45571017	2	2	1	319	0	21
chr18	10726534	10740982	1	1	1	1	0	15
chr18	53948155	53948644	1	1	1	9001	6	28
chr18	53948155	53953244	1	1	1	1445	3	44
chr18	53948666	53953244	1	1	0	7	0	21
chr18	53948669	53953244	1	1	1	8992	5	37
chr19	7281256	7281797	2	4	1	120	0	38
chr19	7281256	7282725	2	2	1	817	1	36
chr19	7281960	7282725	2	2	1	124	0	35
