chr1	34295537	34296741	1	1	1	166	0	18
chr1	34295537	34299720	1	1	1	33	0	38
chr1	34296760	34299720	1	1	1	166	0	19
chr1	40010678	40011649	1	1	1	93	1	21
chr1	40010678	40011811	1	1	0	1	0	21
chr1	40010678	40014105	1	1	1	33	1	32
chr1	40011842	40014105	1	1	1	93	0	37
chr1	82735508	82741817	1	1	1	2	0	40
chr1	82735508	82747082	1	1	1	4	0	40
chr1	82735508	82750519	1	1	1	56	0	42
chr1	82747143	82750519	1	1	1	5	0	38
chr1	178329940	178330164	2	2	1	1	0	20
chr2	32292216	32293314	1	1	1	19	0	43
chr2	32292216	32296625	1	1	1	78	0	43
chr2	32293396	32296625	1	1	1	19	0	39
chr2	59926161	59932104	2	2	1	2	0	20
chr2	59932171	59933405	2	2	0	67	0	37
chr2	59932171	59933411	2	2	1	470	0	31
chr2	59932171	59933670	2	2	1	2	0	32
chr2	59933439	59933670	2	2	1	529	0	28
chr2	71849507	71853533	1	1	1	757	0	40
chr2	71849507	71853820	1	1	0	1	0	37
chr2	71849507	71853875	1	1	0	1	0	15
chr2	71849507	71855853	1	1	1	3028	1	44
chr2	71853664	71855853	1	1	1	772	0	41
chr2	71853891	71855853	1	1	0	3	0	40
chr2	75662926	75663570	1	1	1	8	2	39
chr2	91001089	91001461	1	1	1	499	1	34
chr2	91001511	91003210	1	1	1	491	2	25
chr2	91001511	91003299	1	1	0	3	1	46
chr2	91003238	91003810	1	1	0	1	0	27
chr2	91003346	91003810	1	1	1	16	0	36
chr2	91159306	91160316	2	2	1	229	0	47
chr2	91159306	91162027	2	2	1	389	0	47
chr2	91160371	91162027	2	2	1	227	0	39
chr2	91681696	91684668	2	2	1	214	0	50
chr2	153670448	153672215	1	1	1	2	0	50
chr3	60422418	60613472	1	1	0	0	5	15
chr3	60613521	60614682	1	1	1	1251	5	45
chr3	60613521	60614688	1	1	0	2	0	38
chr3	60613521	60615619	1	1	1	1170	2	45
chr3	60614737	60615619	1	1	1	1255	5	48
chr3	87733505	87734423	1	1	1	12	0	39
chr3	87733505	87735344	1	1	0	6	0	39
chr3	87734553	87735344	1	1	1	11	0	37
chr3	88483947	88484046	2	2	1	238	0	41
chr3	88484155	88484614	2	2	1	233	0	39
chr3	119724187	119724611	2	2	1	6427	1	34
chr3	119724187	119726065	2	2	1	19	0	29
chr3	119724646	119726065	2	2	1	6551	1	38
chr3	129825617	129826823	2	2	1	1	0	36
chr4	31992517	31994873	1	1	1	269	1	41
chr4	31992517	32002088	1	1	1	3394	4	49
chr4	31994955	32002088	1	1	1	265	1	49
chr4	107009769	107027216	1	1	1	20	0	41
chr4	107009769	107028192	1	1	1	141	0	41
chr4	107027298	107028192	1	1	1	22	0	41
chr4	139473637	139476130	1	1	1	2	0	8
chr5	23565266	23610849	2	2	0	1	0	37
chr5	23565266	23616326	2	2	1	833	0	46
chr5	23610909	23616326	2	2	0	1	0	45
chr5	72958287	72965803	1	1	1	1	0	37
chr5	72958287	72974530	1	1	1	70	0	42
chr5	72965882	72974530	1	1	1	1	0	41
chr5	116477146	116482389	2	2	1	1	0	14
chr5	116482537	116591333	2	2	1	871	6	50
chr5	149184807	149185484	1	1	1	1	0	42
chr5	149184807	149187707	1	1	1	24	0	43
chr5	149184807	149188344	1	1	1	511	2	45
chr5	149185662	149188344	1	1	0	1	0	38
chr5	149187835	149188344	1	1	1	2	0	39
chr5	149187864	149188344	1	1	0	1	0	39
chr5	149187877	149188344	1	1	1	21	0	39
chr5	149188474	149193839	1	1	1	1	0	25
chr6	98939789	98941535	2	2	1	192	1	47
chr6	98939789	98944618	2	2	0	9	0	45
chr6	98941658	98944618	2	2	1	192	1	36
chr6	125162102	125162211	2	2	1	246	7	36
chr6	128371086	128371967	1	1	1	4271	3	45
chr6	128371086	128372533	1	1	1	19	0	46
chr6	128372013	128372504	1	1	0	23	0	26
chr6	128372013	128372509	1	1	0	7	0	31
chr6	128372013	128372530	1	1	1	500	1	49
chr6	128372013	128372533	1	1	1	3705	2	46
chr6	128372013	128372536	1	1	0	2	0	43
chr6	128372013	128372539	1	1	0	1	0	40
chr6	128372018	128372530	1	1	0	6	0	49
chr6	128372018	128372533	1	1	0	40	0	46
chr7	67240441	67244520	2	2	1	199	0	24
chr7	67240441	67251656	2	2	1	1477	2	45
chr7	67240443	67251659	1	1	0	1	0	29
chr7	67241319	67251656	2	2	0	1	0	38
chr7	67244545	67251656	2	2	1	199	0	24
chr7	101288340	102001612	1	3	0	4	0	12
chr7	102001660	102002294	1	1	1	1241	2	42
chr7	102001660	102007485	1	1	1	500	0	44
chr7	102002337	102007485	1	1	1	1236	1	42
chr7	112839481	112841887	1	1	1	8	0	41
chr7	112839481	112842039	1	1	1	131	0	41
chr7	112839481	112856052	1	1	1	3	0	12
chr7	112839481	112856797	1	1	1	11	0	41
chr7	112842103	112856052	1	1	1	135	0	12
chr7	112842103	112856797	1	1	1	5	0	37
chr7	112856065	112856797	1	1	1	139	0	12
chr7	127980247	127981190	1	1	1	9	0	28
chr7	127981292	127981410	1	1	1	9	0	6
chr8	25532429	25557730	1	1	1	4	0	44
chr8	95100453	95100646	2	2	1	769	1	31
chr8	95100453	95101408	2	2	0	105	0	46
chr8	95100674	95101408	2	2	1	769	1	42
chr8	121628690	121651724	2	2	1	4	0	20
chr8	123268550	123268744	2	2	1	201	0	49
chr9	43027296	43040539	2	2	1	109	0	38
chr9	43027296	43042590	2	2	1	118	0	45
chr9	43040593	43042590	2	2	0	2	0	45
chr9	43040597	43042590	2	2	1	104	0	45
chr9	47813946	47818733	1	1	1	1	0	35
chr9	80093642	80098885	1	1	1	8006	3	26
chr9	80093642	80098892	1	1	0	160	0	19
chr9	80093642	80103693	1	1	1	366	0	45
chr9	80098907	80099016	1	1	0	5	0	21
chr9	80098907	80103693	1	1	1	8158	3	24
chr9	80098907	80103698	1	1	0	1	0	21
chr9	80099049	80103693	1	1	0	5	0	37
chr9	114597607	114597794	2	2	1	411	1	38
chr9	114597607	114598704	2	2	0	14	0	42
chr9	114597825	114598704	2	2	0	6	0	30
chr9	114597831	114598704	2	2	1	405	1	38
chr11	79458907	79463232	1	1	1	16	0	42
chr11	79458907	79468716	1	1	1	164	0	43
chr11	79463296	79468716	1	1	1	16	0	38
chr11	94112147	94113262	1	1	1	108	0	21
chr11	94112147	94114172	1	1	1	335	1	32
chr11	94113302	94114172	1	1	1	111	0	39
chr11	100481848	100482144	2	2	1	3	0	36
chr11	102310577	102310925	2	2	1	54	0	43
chr11	102310577	102311379	2	2	1	711	0	46
chr11	102311037	102311379	2	2	1	54	0	46
chr12	71952560	71958746	1	1	1	64	0	27
chr12	71952560	71959805	1	1	1	50	0	44
chr12	71958774	71959805	1	1	1	65	0	43
chr12	83811361	83819180	2	2	0	1	0	37
chr12	83811361	83825258	2	2	1	53	0	33
chr12	83811361	83831921	2	2	1	279	1	41
chr12	83825292	83831921	2	2	1	53	0	34
chr12	113133338	113133495	1	1	0	117	18	45
chr12	113133338	113133540	1	1	1	1656	50	42
chr12	113133338	113135796	1	1	1	15	0	29
chr12	113133577	113134186	1	1	0	1	0	28
chr12	113133577	113134800	1	1	0	3	0	12
chr12	113133577	113135796	1	1	1	1726	68	29
chr12	113134231	113135796	1	1	0	1	0	29
chr12	113134813	113135796	1	1	0	3	0	12
chr13	46778994	46780545	2	2	0	2	0	40
chr13	46778994	46780625	2	2	1	569	0	41
chr13	46778994	46785245	2	2	1	2435	4	48
chr13	46780665	46785245	2	2	1	575	0	39
chr13	56084286	56089757	2	2	1	61	0	44
chr13	56089858	56096123	2	2	1	62	0	41
chr14	57643224	57643334	2	2	1	6	0	39
chr14	57643224	57648418	2	2	1	106	0	40
chr14	57643490	57648418	2	2	1	5	0	38
chr14	57643506	57648418	2	2	0	1	0	38
chr14	120389164	120395711	1	1	1	193	0	39
chr14	120389164	120396450	1	1	1	408	1	48
chr14	120395766	120396450	1	1	1	195	0	48
chr15	44428243	44429559	1	1	1	0	1	27
chr15	77102940	77105576	2	2	1	170	0	40
chr15	77102940	77113604	2	2	1	13	0	48
chr15	77105670	77113604	2	2	1	168	0	48
chr15	103242719	103243624	1	1	1	0	1	33
chr16	57178021	57181491	2	2	1	270	0	44
chr16	57178021	57182850	2	2	1	118	1	43
chr16	57181511	57182850	2	2	0	2	0	19
chr16	57181537	57182850	2	2	1	267	0	37
chr16	84831508	84834808	2	2	1	1	0	11
chr17	12979205	13846588	1	1	0	40	1	12
chr17	13846640	13848354	1	1	1	5081	5	22
chr17	13846640	13848358	1	1	0	1	0	17
chr17	13846640	13848361	1	1	0	3	0	14
chr17	13846640	13849107	1	1	1	3810	10	45
chr17	13846640	13849113	1	1	0	18	0	48
chr17	13848376	13849107	1	1	1	5074	5	29
chr17	13848376	13849113	1	1	0	1	0	21
chr17	45570567	45570665	2	2	1	437	0	37
chr17	45570800	45571017	2	2	1	483	0	23
chr17	56578845	56578920	2	2	1	1	0	16
chr17	56578986	56582983	2	2	1	1	0	42
chr18	10726534	10740982	1	1	1	1	0	20
chr18	53948155	53948644	1	1	1	17047	13	29
chr18	53948155	53953244	1	1	1	2980	2	43
chr18	53948666	53953244	1	1	0	16	0	21
chr18	53948669	53949213	1	1	0	1	0	15
chr18	53948669	53953244	1	1	1	17021	13	37
chr18	53949263	53953244	1	1	0	2	0	37
chr19	7281251	7282725	2	2	0	1	0	26
chr19	7281256	7281797	2	4	1	116	1	40
chr19	7281256	7282725	2	2	1	1282	3	36
chr19	7281960	7282725	2	2	1	116	1	35
chrX	73952667	73952825	2	2	1	3	0	10
KV575235.1	147565	149353	1	1	0	0	1	46
