chr1	34295537	34296741	1	1	1	87	0	18
chr1	34295537	34299720	1	1	1	39	0	38
chr1	34296760	34299720	1	1	1	87	0	19
chr1	40010678	40011649	1	1	1	136	0	32
chr1	40010678	40011783	1	1	0	2	0	21
chr1	40010678	40011811	1	1	0	1	0	21
chr1	40010678	40014105	1	1	1	71	0	32
chr1	40011842	40014105	1	1	1	137	0	39
chr1	82735508	82747082	1	1	1	4	0	40
chr1	82735508	82750519	1	1	1	64	0	41
chr1	82747143	82750519	1	1	1	4	0	38
chr2	32292216	32293314	1	1	1	10	0	43
chr2	32292216	32296625	1	1	1	93	0	43
chr2	32293396	32296625	1	1	1	10	0	38
chr2	59926161	59932104	2	2	1	2	0	33
chr2	59932171	59933405	2	2	0	65	0	37
chr2	59932171	59933411	2	2	1	636	0	32
chr2	59932171	59933670	2	2	1	3	0	33
chr2	59933439	59933670	2	2	1	686	0	28
chr2	71849507	71853533	1	1	1	655	0	43
chr2	71849507	71853820	1	1	0	3	0	37
chr2	71849507	71853890	1	1	0	2	0	39
chr2	71849507	71855853	1	1	1	7925	10	45
chr2	71849507	71855868	1	1	0	11	0	46
chr2	71853664	71855853	1	1	1	666	0	42
chr2	71853891	71855853	1	1	0	4	0	40
chr2	71853948	71855853	1	1	0	3	0	40
chr2	75662926	75663570	1	1	1	5	1	33
chr2	91001089	91001461	1	1	1	689	0	34
chr2	91001511	91003210	1	1	1	682	0	25
chr2	91001511	91003299	1	1	0	1	0	46
chr2	91003238	91003810	1	1	0	1	0	27
chr2	91003346	91003810	1	1	1	20	0	36
chr2	91159300	91162027	2	2	0	1	0	41
chr2	91159306	91160316	2	2	1	237	2	47
chr2	91159306	91162027	2	2	1	511	0	47
chr2	91160371	91162027	2	2	1	237	2	40
chr2	91681696	91682025	2	2	1	1	0	50
chr2	91681696	91684668	2	2	1	331	1	50
chr2	91682137	91684668	2	2	1	1	0	38
chr2	153670448	153672215	1	1	1	2	0	50
chr3	60613521	60614682	1	1	1	1573	1	45
chr3	60613521	60614688	1	1	0	4	0	42
chr3	60613521	60615619	1	1	1	1069	0	45
chr3	60614737	60615619	1	1	1	1581	1	39
chr3	87733505	87734423	1	1	1	19	0	41
chr3	87733505	87735344	1	1	0	11	0	42
chr3	87734553	87735344	1	1	1	19	0	38
chr3	88483947	88484046	2	2	1	414	1	40
chr3	88484155	88484614	2	2	1	415	1	41
chr3	119724187	119724611	2	2	1	6172	1	34
chr3	119724187	119726065	2	2	1	27	0	29
chr3	119724646	119726065	2	2	1	6321	1	38
chr3	119726116	120643502	2	2	0	4	0	13
chr3	129825617	129826823	2	2	1	1	0	11
chr4	31992517	31994873	1	1	1	350	0	39
chr4	31992517	32002088	1	1	1	4459	3	50
chr4	31994955	32002088	1	1	1	346	0	49
chr4	107009769	107027216	1	1	1	26	0	38
chr4	107009769	107028192	1	1	1	158	0	45
chr4	107027298	107028192	1	1	1	28	0	41
chr4	149222365	149223229	2	2	1	1	0	33
chr5	23565266	23616326	2	2	1	874	0	46
chr5	23615795	23616326	2	2	0	1	0	45
chr5	28493655	28539334	2	2	0	0	1	13
chr5	72958287	72965803	1	1	1	2	0	40
chr5	72958287	72974530	1	1	1	118	0	42
chr5	72965882	72974530	1	1	1	2	0	41
chr5	116482537	116591333	2	2	1	1269	1	50
chr5	121134147	121134735	2	2	1	1	0	35
chr5	149184807	149185349	1	1	0	1	0	31
chr5	149184807	149185484	1	1	1	1	0	42
chr5	149184807	149187707	1	1	1	16	0	43
chr5	149184807	149188344	1	1	1	781	3	45
chr5	149185381	149188344	1	1	0	1	0	32
chr5	149185662	149188344	1	1	0	1	0	39
chr5	149187864	149188344	1	1	0	1	0	39
chr5	149187877	149188344	1	1	1	15	0	39
chr6	47577668	47594893	2	2	1	2	0	10
chr6	98939789	98940994	2	2	1	1	0	45
chr6	98939789	98941535	2	2	1	156	1	45
chr6	98939789	98944618	2	2	0	17	0	45
chr6	98941165	98944618	2	2	0	1	0	36
chr6	98941658	98944618	2	2	1	156	1	37
chr6	125162102	125162211	2	2	1	290	11	36
chr6	128371086	128371967	1	1	1	3598	2	44
chr6	128371086	128372530	1	1	1	1	0	49
chr6	128371086	128372533	1	1	1	19	0	46
chr6	128372013	128372504	1	1	0	25	0	26
chr6	128372013	128372509	1	1	0	7	0	31
chr6	128372013	128372530	1	1	1	453	1	49
chr6	128372013	128372533	1	1	1	3061	1	46
chr6	128372013	128372536	1	1	0	1	0	43
chr6	128372013	128372539	1	1	0	2	0	40
chr6	128372018	128372530	1	1	0	8	0	49
chr6	128372018	128372533	1	1	0	45	0	46
chr7	67240441	67244520	2	2	1	223	0	24
chr7	67240441	67251656	2	2	1	1961	2	45
chr7	67240443	67251659	1	1	0	1	0	41
chr7	67244545	67251656	2	2	1	223	0	24
chr7	101288340	102001612	1	3	0	5	0	12
chr7	102001660	102002294	1	1	1	1401	0	42
chr7	102001660	102007485	1	1	1	931	0	44
chr7	102002337	102007485	1	1	1	1405	0	40
chr7	112839481	112841887	1	1	1	8	1	41
chr7	112839481	112842039	1	1	1	133	1	41
chr7	112839481	112856052	1	1	1	3	0	12
chr7	112839481	112856797	1	1	1	4	0	41
chr7	112841906	112842057	1	1	0	0	1	18
chr7	112841951	112856052	1	1	1	3	0	12
chr7	112842103	112856052	1	1	1	131	1	12
chr7	112842103	112856797	1	1	1	6	0	37
chr7	112856065	112856797	1	1	1	138	1	12
chr7	127980247	127981190	1	1	1	15	0	30
chr7	127981292	127981410	1	1	1	13	0	6
chr8	25532429	25555507	1	1	1	1	0	44
chr8	25532429	25557730	1	1	1	3	0	44
chr8	25555775	25557730	1	1	1	1	0	37
chr8	91688606	91932332	1	1	0	6	0	13
chr8	95100448	95100642	2	2	0	1	0	31
chr8	95100453	95100646	2	2	1	1190	0	31
chr8	95100453	95101408	2	2	0	206	0	46
chr8	95100674	95101408	2	2	1	1191	0	42
chr8	123268550	123268744	2	2	1	226	0	47
chr9	43027296	43040539	2	2	1	85	0	38
chr9	43027296	43042590	2	2	1	149	1	46
chr9	43040593	43042590	2	2	0	1	0	45
chr9	43040597	43042590	2	2	1	85	0	46
chr9	55500165	55512030	2	2	1	0	1	5
chr9	80093642	80098885	1	1	1	9335	7	30
chr9	80093642	80098892	1	1	0	212	0	19
chr9	80093642	80103693	1	1	1	278	0	45
chr9	80098907	80103693	1	1	1	9553	7	24
chr9	80098907	80103698	1	1	0	3	0	21
chr9	114597607	114597794	2	2	1	458	1	38
chr9	114597607	114598704	2	2	0	13	0	40
chr9	114597820	114598704	2	2	0	1	0	25
chr9	114597825	114598704	2	2	0	11	0	30
chr9	114597831	114598704	2	2	1	444	1	36
chr11	79458907	79463232	1	1	1	10	0	42
chr11	79458907	79468716	1	1	1	110	0	42
chr11	79463296	79468716	1	1	1	9	0	39
chr11	94112147	94113262	1	1	1	121	0	21
chr11	94112147	94114172	1	1	1	410	0	32
chr11	94113302	94114172	1	1	1	127	0	39
chr11	102310577	102310925	2	2	1	54	0	42
chr11	102310577	102311379	2	2	1	876	2	46
chr11	102311037	102311379	2	2	1	54	0	45
chr12	65036469	65042460	1	1	1	1	0	12
chr12	71952560	71958746	1	1	1	37	0	27
chr12	71952560	71959805	1	1	1	41	0	43
chr12	71958774	71959805	1	1	1	37	0	27
chr12	83811361	83811669	2	2	0	1	0	37
chr12	83811361	83825258	2	2	1	78	1	37
chr12	83811361	83831921	2	2	1	470	1	41
chr12	83811744	83825258	2	2	0	1	0	19
chr12	83825292	83831921	2	2	1	78	1	34
chr12	83825319	83831921	2	2	0	1	0	38
chr12	113133338	113133495	1	1	0	127	15	44
chr12	113133338	113133540	1	1	1	2217	41	41
chr12	113133338	113135796	1	1	1	25	0	29
chr12	113133577	113134761	1	1	0	1	0	21
chr12	113133577	113134800	1	1	0	10	0	12
chr12	113133577	113135796	1	1	1	2248	56	29
chr12	113134813	113135796	1	1	0	11	0	29
chr13	25268091	25269841	2	2	1	1	0	38
chr13	46778994	46779694	2	2	0	2	0	39
chr13	46778994	46780625	2	2	1	650	0	43
chr13	46778994	46785245	2	2	1	3392	7	47
chr13	46779732	46785245	2	2	0	2	0	38
chr13	46780663	46785245	2	2	0	2	0	37
chr13	46780665	46785245	2	2	1	646	0	40
chr13	56084286	56089757	2	2	1	44	0	46
chr13	56084286	56096123	2	2	0	1	0	35
chr13	56089858	56096123	2	2	1	43	0	41
chr14	57643217	57648418	2	2	0	1	0	46
chr14	57643224	57643334	2	2	1	2	0	39
chr14	57643224	57648418	2	2	1	99	0	41
chr14	57643490	57648418	2	2	1	2	0	40
chr14	120389164	120395711	1	1	1	375	0	38
chr14	120389164	120396450	1	1	1	504	2	48
chr14	120395766	120396450	1	1	1	390	0	48
chr15	77102940	77105576	2	2	1	195	0	41
chr15	77102940	77113604	2	2	1	13	0	48
chr15	77105670	77113604	2	2	1	194	0	48
chr16	57178021	57181491	2	2	1	265	0	45
chr16	57178021	57182850	2	2	1	264	0	44
chr16	57181537	57182850	2	2	1	266	0	37
chr17	12979205	13846588	1	1	0	81	1	12
chr17	13846613	13848354	1	1	0	3	0	21
chr17	13846613	13849107	1	1	0	1	0	37
chr17	13846640	13848354	1	1	1	5643	7	22
chr17	13846640	13849107	1	1	1	6192	8	46
chr17	13846640	13849113	1	1	0	27	0	47
chr17	13848376	13849107	1	1	1	5649	8	41
chr17	13848376	13849113	1	1	0	3	0	21
chr17	45570543	45571878	2	2	1	1	0	9
chr17	45570567	45570665	2	2	1	747	2	37
chr17	45570800	45571017	2	2	1	828	3	21
chr18	10726534	10740982	1	1	1	1	0	15
chr18	42299337	42300249	1	1	1	1	0	20
chr18	53948155	53948644	1	1	1	16731	13	28
chr18	53948155	53948651	1	1	0	3	0	17
chr18	53948155	53953244	1	1	1	3252	6	44
chr18	53948666	53953244	1	1	0	7	0	21
chr18	53948669	53949681	1	1	0	1	0	15
chr18	53948669	53953244	1	1	1	16694	12	37
chr18	53948669	53953268	1	1	0	4	0	24
chr18	53949705	53953244	1	1	0	1	0	23
chr18	64512050	64515325	2	2	1	1	0	24
chr18	64515409	64516415	2	2	1	1	0	30
chr19	7281251	7282725	2	2	0	3	0	35
chr19	7281256	7281797	2	4	1	295	0	44
chr19	7281256	7282725	2	2	1	1796	1	36
chr19	7281960	7282725	2	2	1	323	0	35
