chr1	34295537	34296741	1	1	1	152	0	18
chr1	34295537	34299720	1	1	1	55	0	39
chr1	34296760	34299720	1	1	1	152	0	19
chr1	40010678	40011649	1	1	1	206	0	26
chr1	40010678	40011783	1	1	0	1	0	21
chr1	40010678	40011811	1	1	0	1	0	21
chr1	40010678	40014105	1	1	1	82	2	32
chr1	40011842	40014105	1	1	1	204	0	38
chr1	82735508	82747082	1	1	1	6	0	40
chr1	82735508	82750519	1	1	1	126	0	41
chr1	82747143	82750519	1	1	1	6	0	38
chr2	32292216	32293314	1	1	1	25	0	43
chr2	32292216	32296625	1	1	1	231	0	44
chr2	32293396	32296625	1	1	1	25	0	38
chr2	59932171	59933405	2	2	0	122	0	37
chr2	59932171	59933411	2	2	1	662	0	32
chr2	59932171	59933670	2	2	1	1	0	30
chr2	59933439	59933670	2	2	1	767	0	28
chr2	71849507	71853533	1	1	1	816	2	42
chr2	71849507	71853820	1	1	0	5	0	37
chr2	71849507	71853890	1	1	0	1	0	39
chr2	71849507	71855853	1	1	1	5372	3	43
chr2	71849507	71855868	1	1	0	4	0	46
chr2	71853664	71855853	1	1	1	864	2	43
chr2	71853891	71855853	1	1	0	5	0	40
chr2	71853948	71855853	1	1	0	1	0	40
chr2	75662926	75663570	1	1	1	9	0	36
chr2	91001089	91001461	1	1	1	1059	0	27
chr2	91001089	91003210	1	1	0	0	1	24
chr2	91001089	91003299	1	1	0	4	0	33
chr2	91001511	91003210	1	1	1	1047	1	25
chr2	91003238	91003810	1	1	0	2	0	27
chr2	91003346	91003810	1	1	1	24	0	36
chr2	91159300	91160316	2	2	0	1	0	41
chr2	91159300	91162027	2	2	0	3	0	41
chr2	91159306	91160316	2	2	1	321	0	47
chr2	91159306	91162027	2	2	1	760	2	47
chr2	91160371	91162027	2	2	1	323	0	40
chr2	91681696	91682025	2	2	1	2	0	50
chr2	91681696	91684668	2	2	1	396	1	50
chr2	91681831	91684668	2	2	0	1	0	38
chr2	91682110	91684668	2	2	0	1	0	38
chr2	91682137	91684668	2	2	1	1	0	38
chr2	153670448	153670848	1	1	1	1	0	42
chr2	153670448	153672215	1	1	1	7	0	50
chr2	153670909	153672215	1	1	1	1	0	50
chr2	155064077	155064153	2	2	1	1	0	20
chr3	60422418	60613472	1	1	0	0	3	15
chr3	60613521	60614682	1	1	1	1904	2	46
chr3	60613521	60614688	1	1	0	1	0	38
chr3	60613521	60615619	1	1	1	977	3	46
chr3	60614737	60615619	1	1	1	1901	2	42
chr3	87733505	87734423	1	1	1	23	0	39
chr3	87733505	87735344	1	1	0	15	0	39
chr3	87734553	87735344	1	1	1	23	0	42
chr3	88483947	88484046	2	2	1	510	1	41
chr3	88483947	88484055	2	2	0	1	0	37
chr3	88484155	88484614	2	2	1	506	1	40
chr3	119724187	119724611	2	2	1	8294	6	34
chr3	119724187	119726065	2	2	1	35	0	29
chr3	119724646	119726065	2	2	1	8437	6	38
chr3	129825617	129826823	2	2	1	3	0	36
chr4	31992517	31994873	1	1	1	602	1	39
chr4	31992517	32002088	1	1	1	4695	5	49
chr4	31994955	32002088	1	1	1	602	1	50
chr4	107009769	107027216	1	1	1	19	0	39
chr4	107009769	107028192	1	1	1	226	0	46
chr4	107027298	107028192	1	1	1	26	0	44
chr4	139473637	139476130	1	1	1	3	0	8
chr5	23565266	23616326	2	2	1	1036	1	45
chr5	72958287	72965803	1	1	1	2	0	40
chr5	72958287	72974530	1	1	1	164	1	43
chr5	72958291	72974530	1	1	0	1	0	41
chr5	72965882	72974530	1	1	1	2	0	41
chr5	108433338	108433730	2	2	1	1	0	14
chr5	116477146	116482389	2	2	1	1	0	33
chr5	116482532	116591333	2	2	0	3	0	27
chr5	116482537	116591333	2	2	1	1491	2	50
chr5	145131517	145132858	2	2	1	1	0	23
chr5	149184807	149185484	1	1	1	1	0	43
chr5	149184807	149187707	1	1	1	19	0	43
chr5	149184807	149188344	1	1	1	1022	2	46
chr5	149185662	149188344	1	1	0	1	0	39
chr5	149187877	149188344	1	1	1	19	0	41
chr6	47577668	47594893	2	2	1	2	0	39
chr6	54429861	54452825	1	1	1	1	0	11
chr6	98939789	98940994	2	2	1	2	0	45
chr6	98939789	98941535	2	2	1	219	1	46
chr6	98939789	98944618	2	2	0	17	0	45
chr6	98941165	98944618	2	2	0	2	0	36
chr6	98941658	98944618	2	2	1	219	1	36
chr6	125162102	125162211	2	2	1	576	10	41
chr6	128371086	128371967	1	1	1	6081	3	43
chr6	128371086	128372530	1	1	1	5	0	49
chr6	128371086	128372533	1	1	1	34	0	46
chr6	128372013	128372504	1	1	0	30	0	27
chr6	128372013	128372509	1	1	0	9	0	31
chr6	128372013	128372530	1	1	1	777	0	49
chr6	128372013	128372533	1	1	1	5207	3	46
chr6	128372013	128372536	1	1	0	4	0	43
chr6	128372018	128372504	1	1	0	1	0	26
chr6	128372018	128372530	1	1	0	4	0	49
chr6	128372018	128372533	1	1	0	53	0	46
chr6	128372018	128372539	1	1	0	1	0	40
chr7	28174893	28174983	1	1	1	2	0	32
chr7	67240441	67244520	2	2	1	282	2	40
chr7	67240441	67251656	2	2	1	2384	2	45
chr7	67240443	67251659	1	1	0	1	0	41
chr7	67244545	67251656	2	2	1	281	2	24
chr7	67244580	67251656	2	2	0	1	0	38
chr7	99849060	99858763	2	2	1	1	0	44
chr7	101288340	102001612	1	3	0	5	0	12
chr7	102001660	102002294	1	1	1	2027	1	43
chr7	102001660	102007485	1	1	1	1336	3	44
chr7	102001665	102002300	1	1	0	1	0	32
chr7	102002310	102007485	1	1	0	2	0	15
chr7	102002337	102007485	1	1	1	2038	1	42
chr7	112839481	112841887	1	1	1	2	0	41
chr7	112839481	112842039	1	1	1	169	0	41
chr7	112839481	112856052	1	1	1	3	0	12
chr7	112839481	112856797	1	1	1	8	0	41
chr7	112841951	112856052	1	1	1	1	0	12
chr7	112842103	112856052	1	1	1	155	0	12
chr7	112842103	112856797	1	1	1	11	0	37
chr7	112856065	112856797	1	1	1	161	0	14
chr7	127980247	127981190	1	1	1	16	0	5
chr7	127981292	127981410	1	1	1	17	0	6
chr8	25532429	25555507	1	1	1	2	0	44
chr8	25532429	25557730	1	1	1	4	0	44
chr8	25555775	25557730	1	1	1	6	0	38
chr8	47528031	47529328	2	2	1	1	0	4
chr8	91688606	91932332	1	1	0	13	0	13
chr8	95100453	95100646	2	2	1	1619	2	31
chr8	95100453	95101408	2	2	0	298	0	46
chr8	95100674	95101408	2	2	1	1619	2	42
chr8	95101447	95139983	2	2	0	0	1	15
chr8	123268550	123268744	2	2	1	331	1	49
chr9	43027296	43029555	2	2	0	1	0	38
chr9	43027296	43040539	2	2	1	134	0	38
chr9	43027296	43042590	2	2	1	256	0	45
chr9	43040597	43042590	2	2	1	135	0	45
chr9	47813946	47818733	1	1	1	1	0	35
chr9	80093642	80098885	1	1	1	9865	5	31
chr9	80093642	80098892	1	1	0	178	0	19
chr9	80093642	80103693	1	1	1	458	0	45
chr9	80098907	80101831	1	1	0	1	0	21
chr9	80098907	80103693	1	1	1	10041	5	24
chr9	80098907	80103698	1	1	0	3	0	21
chr9	80101891	80103693	1	1	0	1	0	37
chr9	114597607	114597794	2	2	1	625	1	39
chr9	114597607	114598704	2	2	0	35	0	42
chr9	114597825	114598704	2	2	0	1	0	30
chr9	114597831	114598704	2	2	1	624	1	39
chr11	79458907	79463232	1	1	1	17	0	42
chr11	79458907	79468716	1	1	1	309	0	43
chr11	79463296	79468716	1	1	1	18	0	38
chr11	83497297	83497893	1	1	1	1	0	33
chr11	83497927	83499072	1	1	1	1	0	33
chr11	94112147	94113262	1	1	1	87	0	21
chr11	94112147	94114172	1	1	1	697	2	32
chr11	94113302	94114172	1	1	1	89	0	39
chr11	102310574	102311379	2	2	0	1	0	45
chr11	102310577	102310925	2	2	1	71	1	42
chr11	102310577	102311379	2	2	1	1209	1	46
chr11	102311037	102311379	2	2	1	70	1	45
chr12	71952560	71958746	1	1	1	88	0	27
chr12	71952560	71959805	1	1	1	66	0	43
chr12	71952560	71959809	1	1	0	1	0	45
chr12	71958774	71959805	1	1	1	88	0	29
chr12	83811361	83825258	2	2	1	62	0	33
chr12	83811361	83831921	2	2	1	687	1	41
chr12	83825292	83831921	2	2	1	61	0	33
chr12	112928622	113133308	1	1	0	0	5	13
chr12	113133338	113133495	1	1	0	130	8	44
chr12	113133338	113133540	1	1	1	2616	94	43
chr12	113133338	113135796	1	1	1	54	0	29
chr12	113133577	113134186	1	1	0	1	0	16
chr12	113133577	113134761	1	1	0	1	0	21
chr12	113133577	113134800	1	1	0	13	0	14
chr12	113133577	113135796	1	1	1	2658	101	29
chr12	113134231	113134800	1	1	0	1	0	12
chr12	113134813	113135796	1	1	0	14	0	29
chr13	46778994	46780625	2	2	1	724	0	42
chr13	46778994	46785245	2	2	1	4858	8	48
chr13	46780665	46785245	2	2	1	728	1	39
chr13	56084286	56088251	2	2	1	1	0	40
chr13	56084286	56089757	2	2	1	67	0	41
chr13	56084286	56096123	2	2	0	2	0	40
chr13	56088343	56096123	2	2	1	1	0	38
chr13	56089858	56096123	2	2	1	66	0	41
chr14	57643224	57643334	2	2	1	4	0	39
chr14	57643224	57648418	2	2	1	159	0	47
chr14	57643490	57648418	2	2	1	4	0	38
chr14	120389164	120395711	1	1	1	348	0	39
chr14	120389164	120396450	1	1	1	541	1	48
chr14	120395766	120396417	1	1	0	1	0	20
chr14	120395766	120396450	1	1	1	357	0	48
chr15	77102940	77104480	2	2	0	1	0	32
chr15	77102940	77105576	2	2	1	302	0	45
chr15	77102940	77112712	2	2	0	1	0	40
chr15	77102940	77113604	2	2	1	11	0	47
chr15	77105670	77113604	2	2	1	302	0	48
chr15	77112781	77113604	2	2	0	1	0	44
chr15	77112788	77113604	2	2	0	1	0	48
chr16	56691917	56694399	2	2	1	1	0	23
chr16	57178021	57181491	2	2	1	519	2	44
chr16	57178021	57182850	2	2	1	319	0	44
chr16	57181511	57182850	2	2	0	2	0	19
chr16	57181537	57182850	2	2	1	512	2	37
chr17	12979205	13846588	1	1	0	66	0	12
chr17	13846613	13848354	1	1	0	5	0	21
chr17	13846640	13848306	1	1	0	2	0	38
chr17	13846640	13848354	1	1	1	5407	4	24
chr17	13846640	13849107	1	1	1	7294	5	47
chr17	13846640	13849113	1	1	0	20	0	47
chr17	13848376	13849107	1	1	1	5389	4	41
chr17	13848376	13849113	1	1	0	18	0	21
chr17	45570567	45570665	2	2	1	706	1	40
chr17	45570800	45571017	2	2	1	781	0	21
chr18	10726534	10740982	1	1	1	1	0	15
chr18	53948155	53948644	1	1	1	14423	11	30
chr18	53948155	53953244	1	1	1	3806	5	44
chr18	53948666	53953244	1	1	0	6	0	21
chr18	53948669	53949681	1	1	0	3	0	15
chr18	53948669	53953244	1	1	1	14411	10	37
chr18	53948669	53953268	1	1	0	1	0	24
chr18	53949263	53953244	1	1	0	1	0	37
chr18	53949705	53953244	1	1	0	3	0	23
chr18	64511878	64511983	2	2	1	1	0	6
chr18	64512050	64515325	2	2	1	1	0	15
chr18	64515406	64516415	2	2	1	2	0	42
chr19	7281256	7281797	2	4	1	247	0	44
chr19	7281256	7282725	2	2	1	1768	1	36
chr19	7281960	7282725	2	2	1	256	0	35
chrX	74021964	74022184	2	2	1	1	0	41
KV575235.1	147143	149264	1	1	0	0	1	24
