chr1	34295537	34296741	1	1	1	57	0	18
chr1	34295537	34299720	1	1	1	28	0	38
chr1	34296760	34299720	1	1	1	57	0	18
chr1	40010678	40011649	1	1	1	94	1	22
chr1	40010678	40011787	1	1	0	1	0	21
chr1	40010678	40011811	1	1	0	2	0	21
chr1	40010678	40014105	1	1	1	51	2	32
chr1	40011842	40014105	1	1	1	97	1	40
chr1	40011842	40014111	1	1	0	1	0	43
chr1	74350704	74351536	1	1	1	1	0	14
chr1	74351653	74351757	1	1	1	1	0	21
chr1	82735508	82741817	1	1	1	4	0	40
chr1	82735508	82747082	1	1	1	4	0	40
chr1	82735508	82750519	1	1	1	62	0	40
chr1	82747143	82750519	1	1	1	5	0	38
chr2	32292216	32293314	1	1	1	9	0	43
chr2	32292216	32296625	1	1	1	91	0	43
chr2	32293396	32296625	1	1	1	9	0	38
chr2	59926161	59932104	2	2	1	1	0	24
chr2	59932171	59933405	2	2	0	71	0	37
chr2	59932171	59933411	2	2	1	428	0	31
chr2	59932171	59933670	2	2	1	2	0	38
chr2	59933439	59933670	2	2	1	493	0	32
chr2	71849507	71853533	1	1	1	676	1	41
chr2	71849507	71853820	1	1	0	6	0	37
chr2	71849507	71853875	1	1	0	1	0	15
chr2	71849507	71855853	1	1	1	5163	14	46
chr2	71853664	71855853	1	1	1	697	1	41
chr2	71853891	71855853	1	1	0	6	0	40
chr2	75662926	75663570	1	1	1	5	0	36
chr2	91001089	91001461	1	1	1	774	1	34
chr2	91001089	91003299	1	1	0	1	0	33
chr2	91001511	91003210	1	1	1	759	1	20
chr2	91001511	91003299	1	1	0	3	0	46
chr2	91003346	91003810	1	1	1	26	0	36
chr2	91159306	91160316	2	2	1	208	0	47
chr2	91159306	91162027	2	2	1	596	0	47
chr2	91160371	91162027	2	2	1	210	0	39
chr2	91681696	91682025	2	2	1	1	0	50
chr2	91681696	91684668	2	2	1	213	0	50
chr2	91681831	91684668	2	2	0	1	0	38
chr2	91682110	91684668	2	2	0	1	0	38
chr2	153670448	153670848	1	1	1	1	0	42
chr2	153670448	153672215	1	1	1	5	0	50
chr2	153670909	153672215	1	1	1	1	0	48
chr3	60613521	60614682	1	1	1	1648	1	46
chr3	60613521	60615619	1	1	1	1047	0	45
chr3	60614737	60615619	1	1	1	1655	2	41
chr3	87733505	87734423	1	1	1	11	0	39
chr3	87733505	87735344	1	1	0	13	0	44
chr3	87734553	87735344	1	1	1	11	0	37
chr3	88483947	88484046	2	2	1	244	0	37
chr3	88484077	88484614	2	2	0	1	0	30
chr3	88484155	88484614	2	2	1	241	0	40
chr3	119724187	119724611	2	2	1	4152	1	34
chr3	119724187	119726065	2	2	1	18	0	29
chr3	119724646	119726065	2	2	1	4287	1	38
chr3	129825617	129826823	2	2	1	1	0	11
chr4	31992517	31994873	1	1	1	282	0	39
chr4	31992517	32002088	1	1	1	3595	6	50
chr4	31994955	32002088	1	1	1	281	0	49
chr4	46468788	46469882	1	1	1	1	0	31
chr4	107009769	107027216	1	1	1	18	0	39
chr4	107009769	107028192	1	1	1	121	1	42
chr4	107009769	107028217	1	1	0	1	0	35
chr4	107027298	107028192	1	1	1	21	0	41
chr5	13042670	13661475	1	1	0	4	0	13
chr5	23565266	23616326	2	2	1	790	1	46
chr5	72958287	72965803	1	1	1	1	0	37
chr5	72958287	72974530	1	1	1	128	0	42
chr5	72965882	72974530	1	1	1	1	0	41
chr5	116477146	116482389	2	2	1	2	0	33
chr5	116482532	116591333	2	2	0	3	0	45
chr5	116482537	116591333	2	2	1	1001	7	50
chr5	149184807	149187707	1	1	1	21	0	44
chr5	149184807	149188344	1	1	1	533	2	44
chr5	149187835	149188344	1	1	1	1	0	39
chr5	149187877	149188344	1	1	1	20	0	39
chr6	47577668	47594893	2	2	1	1	0	26
chr6	98939789	98941535	2	2	1	177	0	46
chr6	98939789	98944618	2	2	0	10	0	45
chr6	98941658	98944618	2	2	1	176	0	40
chr6	125162102	125162211	2	2	1	249	10	36
chr6	128371086	128371967	1	1	1	3622	0	45
chr6	128371086	128372530	1	1	1	1	0	49
chr6	128371086	128372533	1	1	1	33	0	46
chr6	128372013	128372504	1	1	0	13	0	26
chr6	128372013	128372509	1	1	0	10	0	31
chr6	128372013	128372530	1	1	1	470	0	49
chr6	128372013	128372533	1	1	1	3074	0	46
chr6	128372018	128372530	1	1	0	10	0	49
chr6	128372018	128372533	1	1	0	42	0	46
chr7	67240441	67244520	2	2	1	144	0	24
chr7	67240441	67251656	2	2	1	1410	0	49
chr7	67244545	67251656	2	2	1	144	0	24
chr7	99849060	99858763	2	2	1	2	0	44
chr7	101288340	102001612	1	3	0	4	0	12
chr7	102001660	102002294	1	1	1	1016	1	43
chr7	102001660	102007485	1	1	1	914	0	43
chr7	102001665	102002300	1	1	0	0	1	36
chr7	102002337	102007485	1	1	1	1020	1	41
chr7	112839481	112841887	1	1	1	5	0	41
chr7	112839481	112842039	1	1	1	96	0	41
chr7	112839481	112856052	1	1	1	3	0	12
chr7	112842103	112856052	1	1	1	89	0	12
chr7	112842103	112856797	1	1	1	7	0	37
chr7	112856065	112856797	1	1	1	93	0	14
chr7	127980247	127981190	1	1	1	14	0	2
chr7	127981292	127981410	1	1	1	13	0	6
chr8	25555775	25557730	1	1	1	1	0	37
chr8	33386064	33386329	1	1	0	1	0	46
chr8	72219861	72219940	1	1	1	1	0	30
chr8	95100453	95100646	2	2	1	1203	1	31
chr8	95100453	95101408	2	2	0	218	0	46
chr8	95100666	95101408	2	2	0	3	0	19
chr8	95100674	95101408	2	2	1	1200	1	43
chr8	95101447	95139983	2	2	0	0	1	15
chr8	123268550	123268744	2	2	1	196	0	49
chr9	43027296	43040539	2	2	1	91	0	39
chr9	43027296	43042590	2	2	1	164	0	46
chr9	43040597	43042590	2	2	1	92	0	45
chr9	80093642	80098885	1	1	1	7991	6	26
chr9	80093642	80098892	1	1	0	157	0	14
chr9	80093642	80103693	1	1	1	268	0	45
chr9	80098907	80101831	1	1	0	2	0	14
chr9	80098907	80103693	1	1	1	8149	6	29
chr9	80098907	80103698	1	1	0	4	0	21
chr9	80101891	80103693	1	1	0	3	0	37
chr9	80103765	80111310	1	1	1	1	0	14
chr9	114597607	114597794	2	2	1	455	0	38
chr9	114597607	114598704	2	2	0	19	0	40
chr9	114597825	114598704	2	2	0	4	0	30
chr9	114597831	114598704	2	2	1	447	0	36
chr11	26778879	26787397	2	2	0	0	1	13
chr11	78233684	78245547	2	2	1	1	0	21
chr11	79458907	79463232	1	1	1	18	0	42
chr11	79458907	79468716	1	1	1	189	0	43
chr11	79463296	79468716	1	1	1	18	0	39
chr11	79468155	79468716	1	1	1	1	0	38
chr11	83497297	83497893	1	1	1	1	0	22
chr11	83497927	83499072	1	1	1	1	0	33
chr11	94112147	94113262	1	1	1	84	0	21
chr11	94112147	94114172	1	1	1	353	0	32
chr11	94113302	94114172	1	1	1	88	0	39
chr11	102310577	102310925	2	2	1	53	0	42
chr11	102310577	102311379	2	2	1	810	0	46
chr11	102311037	102311379	2	2	1	54	0	45
chr12	71952560	71958746	1	1	1	48	0	30
chr12	71952560	71959805	1	1	1	45	0	43
chr12	71958774	71959805	1	1	1	48	0	27
chr12	83811361	83811669	2	2	0	1	0	37
chr12	83811361	83825258	2	2	1	59	0	34
chr12	83811361	83831921	2	2	1	448	0	41
chr12	83811744	83831921	2	2	0	1	0	38
chr12	83825287	83831917	2	2	0	1	0	28
chr12	83825292	83831921	2	2	1	58	0	34
chr12	112928622	113133308	1	1	0	0	5	13
chr12	113133338	113133495	1	1	0	105	10	44
chr12	113133338	113133540	1	1	1	1774	38	43
chr12	113133338	113135796	1	1	1	15	0	29
chr12	113133577	113134186	1	1	0	1	0	28
chr12	113133577	113134800	1	1	0	16	0	12
chr12	113133577	113135796	1	1	1	1780	48	29
chr12	113134231	113135796	1	1	0	1	0	29
chr12	113134813	113135796	1	1	0	16	0	12
chr13	46778990	46785245	2	2	0	6	0	44
chr13	46778994	46780625	2	2	1	403	0	40
chr13	46778994	46785245	2	2	1	2890	3	47
chr13	46780665	46785245	2	2	1	405	0	39
chr13	54606691	54611077	2	2	1	1	0	41
chr13	56084286	56089757	2	2	1	55	0	40
chr13	56089858	56096123	2	2	1	57	0	41
chr14	57643224	57648418	2	2	1	106	0	47
chr14	120389164	120395711	1	1	1	215	0	39
chr14	120389164	120395717	1	1	0	2	0	38
chr14	120389164	120396450	1	1	1	491	1	48
chr14	120395766	120396450	1	1	1	226	0	48
chr15	77102940	77105576	2	2	1	168	1	41
chr15	77102940	77113604	2	2	1	13	0	44
chr15	77105670	77113604	2	2	1	168	1	48
chr15	103242719	103243624	1	1	1	0	2	33
chr16	57178021	57181491	2	2	1	277	1	44
chr16	57178021	57182850	2	2	1	334	1	44
chr16	57181537	57182850	2	2	1	276	1	34
chr17	12979205	13846588	1	1	0	88	2	12
chr17	13846613	13849107	1	1	0	2	0	29
chr17	13846640	13848354	1	1	1	4538	8	22
chr17	13846640	13849107	1	1	1	5392	9	44
chr17	13846640	13849113	1	1	0	19	1	47
chr17	13846644	13848358	1	1	0	1	0	17
chr17	13848376	13849107	1	1	1	4532	8	29
chr17	13848376	13849113	1	1	0	9	0	21
chr17	45570567	45570665	2	2	1	829	2	42
chr17	45570800	45571017	2	2	1	913	1	23
chr18	53948155	53948644	1	1	1	17148	14	28
chr18	53948155	53953244	1	1	1	3804	3	46
chr18	53948666	53953244	1	1	0	12	0	21
chr18	53948669	53949681	1	1	0	1	0	15
chr18	53948669	53953244	1	1	1	17120	14	37
chr18	53949705	53953244	1	1	0	1	0	23
chr18	64515406	64516415	2	2	1	1	0	28
chr19	7281256	7281797	2	4	1	203	0	39
chr19	7281256	7282725	2	2	1	1476	0	36
chr19	7281960	7282725	2	2	1	207	0	35
chrX	73952667	73952825	2	2	1	1	0	10
