chr1	34295537	34296741	1	1	1	50	1	18
chr1	34295537	34299720	1	1	1	222	0	39
chr1	34296760	34299720	1	1	1	50	1	19
chr1	40010678	40011649	1	1	1	34	0	21
chr1	40010678	40011783	1	1	0	1	0	21
chr1	40010678	40014105	1	1	1	63	2	32
chr1	40011842	40014105	1	1	1	35	0	37
chr1	82735508	82747082	1	1	1	4	0	40
chr1	82735508	82750519	1	1	1	55	0	41
chr1	82747143	82750519	1	1	1	4	0	38
chr2	32292216	32296625	1	1	1	84	0	43
chr2	59926161	59932104	2	2	1	1	0	25
chr2	59932171	59933405	2	2	0	7	0	33
chr2	59932171	59933411	2	2	1	75	0	31
chr2	59932171	59933670	2	2	1	17	0	39
chr2	59933439	59933670	2	2	1	82	0	30
chr2	71849507	71853533	1	1	1	16	0	39
chr2	71849507	71855853	1	1	1	1818	2	44
chr2	71853664	71855853	1	1	1	16	0	40
chr2	75662926	75663570	1	1	1	4	0	39
chr2	91001089	91001461	1	1	1	483	0	24
chr2	91001511	91003210	1	1	1	479	0	25
chr2	91003238	91003810	1	1	0	6	0	27
chr2	91003346	91003810	1	1	1	13	0	36
chr2	91159306	91160316	2	2	1	3	0	47
chr2	91159306	91162027	2	2	1	181	0	47
chr2	91160371	91162027	2	2	1	3	0	38
chr2	91681696	91684668	2	2	1	781	1	50
chr2	153670448	153670848	1	1	1	72	0	42
chr2	153670448	153672215	1	1	1	3	0	50
chr2	153670909	153672215	1	1	1	73	0	50
chr2	168752741	168754433	2	2	1	17157	16	46
chr3	60613521	60614682	1	1	1	103	0	44
chr3	60613521	60614688	1	1	0	1	0	38
chr3	60613521	60615619	1	1	1	29	0	44
chr3	60614737	60615619	1	1	1	105	0	38
chr3	87733505	87734423	1	1	1	1	0	39
chr3	87733505	87735344	1	1	0	180	0	40
chr3	87734553	87735344	1	1	1	1	0	37
chr3	88483947	88484046	2	2	1	144	1	38
chr3	88484155	88484614	2	2	1	142	1	41
chr3	119724187	119724611	2	2	1	1767	4	34
chr3	119724187	119726065	2	2	1	7	0	29
chr3	119724646	119726065	2	2	1	1802	4	41
chr3	119726116	119820407	2	2	0	3	0	13
chr3	129825617	129826823	2	2	1	1	0	36
chr4	31992517	31993403	1	1	0	3	0	21
chr4	31992517	31994873	1	1	1	1336	1	41
chr4	31992517	32002088	1	1	1	685	3	49
chr4	31993425	31994873	1	1	0	2	0	17
chr4	31994955	32002088	1	1	1	1332	1	49
chr4	107009769	107027216	1	1	1	46	0	40
chr4	107009769	107028192	1	1	1	258	0	43
chr4	107027298	107028192	1	1	1	51	0	42
chr5	23565266	23616326	2	2	1	209	1	46
chr5	72958287	72965803	1	1	1	3	0	37
chr5	72958287	72974530	1	1	1	30	0	41
chr5	72965882	72974530	1	1	1	3	0	41
chr5	116482537	116591333	2	2	1	4	0	50
chr5	149184807	149187707	1	1	1	41	0	44
chr5	149184807	149188344	1	1	1	256	1	44
chr5	149187835	149188344	1	1	1	3	0	39
chr5	149187864	149188344	1	1	0	1	0	39
chr5	149187877	149188344	1	1	1	37	0	39
chr6	72634233	72648800	2	2	1	4185	2	42
chr6	72634233	72649119	2	2	1	7952	2	50
chr6	72634256	72648800	2	2	0	1	0	14
chr6	72634351	72649119	2	2	0	1	0	40
chr6	72648843	72649119	2	2	1	4169	2	42
chr6	98939789	98940994	2	2	1	6	0	45
chr6	98939789	98941535	2	2	1	72	0	45
chr6	98939789	98944618	2	2	0	20	0	45
chr6	98941165	98944618	2	2	0	6	0	36
chr6	98941658	98944618	2	2	1	72	0	36
chr6	125162102	125162211	2	2	1	541	12	37
chr6	125162102	125162309	2	2	0	1	0	35
chr6	128371086	128371967	1	1	1	1680	2	44
chr6	128371086	128372504	1	1	0	1	0	39
chr6	128371086	128372530	1	1	1	91	0	49
chr6	128371086	128372533	1	1	1	696	0	46
chr6	128371086	128372536	1	1	0	4	0	43
chr6	128371086	128372539	1	1	0	1	0	40
chr6	128372013	128372504	1	1	0	4	0	26
chr6	128372013	128372509	1	1	0	1	0	31
chr6	128372013	128372530	1	1	1	221	0	47
chr6	128372013	128372533	1	1	1	1419	2	46
chr6	128372013	128372536	1	1	0	3	0	43
chr6	128372018	128372530	1	1	0	2	0	49
chr6	128372018	128372533	1	1	0	25	0	46
chr6	128372208	128372533	1	1	0	2	0	46
chr7	67240441	67244520	2	2	1	5	0	24
chr7	67240441	67251656	2	2	1	498	1	44
chr7	67244545	67251656	2	2	1	5	0	24
chr7	101405603	102001614	1	1	0	6	0	13
chr7	101963861	102001614	1	1	0	1	0	14
chr7	102001660	102002294	1	1	1	196	0	43
chr7	102001660	102007485	1	1	1	3536	0	45
chr7	102002310	102007485	1	1	0	1	0	15
chr7	102002337	102007485	1	1	1	197	0	40
chr7	112839481	112841887	1	1	1	7	0	41
chr7	112839481	112842039	1	1	1	144	0	41
chr7	112839481	112856052	1	1	1	2	0	12
chr7	112839481	112856797	1	1	1	20	0	41
chr7	112841951	112856797	1	1	0	3	0	37
chr7	112842103	112856052	1	1	1	10	0	12
chr7	112842103	112856797	1	1	1	141	0	45
chr7	112856065	112856797	1	1	1	12	0	12
chr7	127980247	127981190	1	1	1	10	0	2
chr7	127981292	127981410	1	1	1	12	0	6
chr7	144861833	144862231	1	1	1	1570	4	39
chr7	144861837	144862231	1	1	0	1	0	32
chr7	144862267	144862764	1	1	0	5	0	35
chr7	144862336	144862764	1	1	1	1543	4	48
chr8	25532429	25557730	1	1	1	2	0	44
chr8	95100453	95100646	2	2	1	430	1	31
chr8	95100453	95101408	2	2	0	733	0	46
chr8	95100674	95101408	2	2	1	430	1	44
chr8	111094827	111101860	1	1	1	1	0	39
chr8	120569377	120570716	1	1	1	1	0	13
chr8	123268550	123268744	2	2	1	135	0	46
chr9	43027296	43040539	2	2	1	28	0	38
chr9	43027296	43042590	2	2	1	221	0	45
chr9	43040597	43042590	2	2	1	27	0	45
chr9	80093642	80098885	1	1	1	1439	1	26
chr9	80093642	80098892	1	1	0	36	0	14
chr9	80093642	80103693	1	1	1	8258	7	45
chr9	80093642	80103698	1	1	0	4	0	44
chr9	80098907	80099016	1	1	0	2	0	21
chr9	80098907	80103693	1	1	1	1471	1	24
chr9	80099049	80103693	1	1	0	2	0	37
chr9	114597607	114597794	2	2	1	246	0	39
chr9	114597607	114598704	2	2	0	323	0	42
chr9	114597825	114598704	2	2	0	5	0	30
chr9	114597831	114598704	2	2	1	237	0	36
chr9	123011638	123013939	1	1	1	1	0	12
chr9	123014013	123014468	1	1	1	1	0	23
chr11	26778879	26787397	2	2	0	0	1	13
chr11	79458907	79463232	1	1	1	35	0	43
chr11	79458907	79468716	1	1	1	40	0	43
chr11	79463296	79468716	1	1	1	35	0	39
chr11	94112147	94113262	1	1	1	13	0	21
chr11	94112147	94114172	1	1	1	267	0	32
chr11	94113302	94114172	1	1	1	14	0	39
chr11	102310577	102310925	2	2	1	114	0	42
chr11	102310577	102311379	2	2	1	299	0	46
chr11	102311037	102311379	2	2	1	115	0	45
chr12	71952560	71959805	1	1	1	203	0	44
chr12	83811361	83811669	2	2	0	1	0	37
chr12	83811361	83825258	2	2	1	148	0	36
chr12	83811361	83831921	2	2	1	149	0	41
chr12	83811744	83831921	2	2	0	1	0	38
chr12	83825292	83831921	2	2	1	146	0	34
chr12	113133338	113133495	1	1	0	12	0	42
chr12	113133338	113133540	1	1	1	214	0	43
chr12	113133338	113135796	1	1	1	765	0	30
chr12	113133577	113135796	1	1	1	212	0	29
chr13	46778994	46780625	2	2	1	694	1	44
chr13	46778994	46785245	2	2	1	2809	3	45
chr13	46780665	46785245	2	2	1	691	1	39
chr13	56084286	56089757	2	2	1	13	0	40
chr13	56089858	56096123	2	2	1	13	0	38
chr14	57643224	57643334	2	2	1	2	0	39
chr14	57643224	57648418	2	2	1	138	0	41
chr14	57643490	57648418	2	2	1	2	0	38
chr14	120389164	120395711	1	1	1	241	0	39
chr14	120389164	120395717	1	1	0	2	0	38
chr14	120389164	120396450	1	1	1	63	0	48
chr14	120395766	120396450	1	1	1	253	0	48
chr15	77102940	77105576	2	2	1	130	0	47
chr15	77102940	77113604	2	2	1	26	0	47
chr15	77105670	77113604	2	2	1	129	0	47
chr15	77112788	77113604	2	2	0	1	0	41
chr16	57178009	57182850	2	2	0	1	0	44
chr16	57178021	57181491	2	2	1	19	0	43
chr16	57178021	57182850	2	2	1	1057	2	44
chr16	57181537	57182850	2	2	1	19	0	33
chr16	94686604	94691580	1	1	1	1	0	45
chr17	12979205	13846588	1	1	0	10	1	12
chr17	13695874	13846588	1	1	0	3	0	12
chr17	13846640	13848354	1	1	1	467	1	21
chr17	13846640	13849107	1	1	1	13816	10	47
chr17	13846640	13849113	1	1	0	40	0	47
chr17	13846644	13848358	1	1	0	1	0	17
chr17	13848376	13849107	1	1	1	468	1	26
chr17	45570567	45570665	2	2	1	587	0	44
chr17	45570800	45571017	2	2	1	633	0	22
chr17	46590452	46590758	2	2	1	1	0	11
chr18	53948155	53948644	1	1	1	1714	0	28
chr18	53948155	53953244	1	1	1	13098	12	45
chr18	53948666	53953244	1	1	0	3	0	21
chr18	53948669	53953244	1	1	1	1705	0	26
chr19	7281256	7281797	2	4	1	157	0	39
chr19	7281256	7282725	2	2	1	447	0	36
chr19	7281960	7282725	2	2	1	160	0	35
