chr1	34295537	34296741	1	1	1	21	0	18
chr1	34295537	34299720	1	1	1	153	1	39
chr1	34296760	34299720	1	1	1	21	0	18
chr1	40010678	40011649	1	1	1	12	0	21
chr1	40010678	40011783	1	1	0	1	0	21
chr1	40010678	40014105	1	1	1	70	0	32
chr1	40011842	40014105	1	1	1	11	0	37
chr1	55088413	55089050	1	1	1	1	0	9
chr1	82735508	82741817	1	1	1	1	0	40
chr1	82735508	82747082	1	1	1	5	0	40
chr1	82735508	82750519	1	1	1	105	0	41
chr1	82747143	82750519	1	1	1	6	0	38
chr2	32292216	32293314	1	1	1	1	0	43
chr2	32292216	32296625	1	1	1	91	0	44
chr2	32293396	32296625	1	1	1	1	0	38
chr2	59932171	59933405	2	2	0	7	0	33
chr2	59932171	59933411	2	2	1	84	0	32
chr2	59932171	59933670	2	2	1	18	0	38
chr2	59933439	59933670	2	2	1	87	0	28
chr2	71849507	71853533	1	1	1	37	0	39
chr2	71849507	71855853	1	1	1	2440	4	43
chr2	71853664	71855853	1	1	1	38	0	41
chr2	75662926	75663570	1	1	1	1	1	27
chr2	91001089	91001461	1	1	1	766	0	34
chr2	91001089	91003299	1	1	0	9	1	33
chr2	91001511	91003210	1	1	1	764	0	35
chr2	91003238	91003810	1	1	0	2	0	27
chr2	91003346	91003810	1	1	1	13	0	36
chr2	91159306	91160316	2	2	1	4	0	47
chr2	91159306	91162027	2	2	1	218	0	47
chr2	91160371	91162027	2	2	1	4	0	38
chr2	91681696	91684668	2	2	1	732	2	50
chr2	153670448	153670848	1	1	1	59	1	42
chr2	153670909	153672215	1	1	1	60	1	50
chr2	153670909	153714954	1	1	0	0	1	50
chr2	168752741	168754433	2	2	1	11448	18	46
chr2	168754471	168860933	2	2	0	0	4	20
chr3	60613521	60614682	1	1	1	70	0	44
chr3	60613521	60615619	1	1	1	13	0	44
chr3	60614737	60615619	1	1	1	70	0	38
chr3	87733505	87734423	1	1	1	1	0	39
chr3	87733505	87735344	1	1	0	143	0	40
chr3	87734553	87735344	1	1	1	1	0	37
chr3	88483947	88484046	2	2	1	94	0	38
chr3	88483947	88484055	2	2	0	2	0	37
chr3	88483947	88484614	2	2	0	1	0	38
chr3	88484155	88484614	2	2	1	100	0	39
chr3	119724187	119724611	2	2	1	3026	2	34
chr3	119724187	119726065	2	2	1	2	0	29
chr3	119724646	119726065	2	2	1	3109	3	38
chr3	119726116	120643502	2	2	0	4	0	13
chr4	31992517	31994873	1	1	1	1786	5	40
chr4	31992517	32002088	1	1	1	662	1	49
chr4	31994955	32002088	1	1	1	1786	4	49
chr4	107009769	107027216	1	1	1	16	0	38
chr4	107009769	107028192	1	1	1	101	0	42
chr4	107027298	107028192	1	1	1	19	0	41
chr4	107027298	107028217	1	1	0	1	0	35
chr5	23565266	23616326	2	2	1	181	0	45
chr5	72958287	72965803	1	1	1	3	0	37
chr5	72958287	72974530	1	1	1	15	0	41
chr5	72965882	72974530	1	1	1	3	0	41
chr5	116482537	116591333	2	2	1	3	0	50
chr5	149184807	149187707	1	1	1	29	0	43
chr5	149184807	149188344	1	1	1	351	0	45
chr5	149187835	149188344	1	1	1	5	0	39
chr5	149187877	149188344	1	1	1	25	0	39
chr6	72634233	72648800	2	2	1	2159	5	42
chr6	72634233	72649119	2	2	1	5112	4	50
chr6	72648843	72649119	2	2	1	2150	5	41
chr6	98939789	98940994	2	2	1	3	0	45
chr6	98939789	98941535	2	2	1	50	0	45
chr6	98939789	98944618	2	2	0	8	0	45
chr6	98941165	98944618	2	2	0	3	0	36
chr6	98941658	98944618	2	2	1	49	0	36
chr6	125162102	125162211	2	2	1	304	13	37
chr6	128371086	128371967	1	1	1	1654	3	41
chr6	128371086	128372530	1	1	1	105	0	49
chr6	128371086	128372533	1	1	1	862	1	46
chr6	128371086	128372536	1	1	0	2	0	43
chr6	128372013	128372504	1	1	0	3	0	26
chr6	128372013	128372509	1	1	0	1	0	31
chr6	128372013	128372530	1	1	1	189	0	49
chr6	128372013	128372533	1	1	1	1431	3	46
chr6	128372018	128372530	1	1	0	3	0	49
chr6	128372018	128372533	1	1	0	26	0	46
chr7	67240441	67244520	2	2	1	10	0	24
chr7	67240441	67251656	2	2	1	739	0	45
chr7	67244545	67251656	2	2	1	10	0	24
chr7	101405603	102001614	1	1	0	4	1	13
chr7	102001660	102002294	1	1	1	231	0	43
chr7	102001660	102007485	1	1	1	3643	3	46
chr7	102002337	102007485	1	1	1	232	0	39
chr7	112839481	112841887	1	1	1	2	0	41
chr7	112839481	112842039	1	1	1	222	1	41
chr7	112839481	112856052	1	1	1	1	0	12
chr7	112839481	112856797	1	1	1	17	1	41
chr7	112839481	112856803	1	1	0	1	0	41
chr7	112842103	112856052	1	1	1	14	0	12
chr7	112842103	112856797	1	1	1	207	1	45
chr7	112842103	112856803	1	1	0	1	0	43
chr7	112856065	112856797	1	1	1	16	0	14
chr7	127980247	127981190	1	1	1	5	0	17
chr7	127981292	127981410	1	1	1	4	0	6
chr7	144861833	144862231	1	1	1	788	0	29
chr7	144861837	144862231	1	1	0	1	0	32
chr7	144862267	144862764	1	1	0	2	0	35
chr7	144862336	144862764	1	1	1	773	0	43
chr8	25532429	25557730	1	1	1	3	0	44
chr8	25555775	25557730	1	1	1	1	0	37
chr8	72470228	72470870	2	2	1	2	0	7
chr8	95100453	95100646	2	2	1	191	1	31
chr8	95100453	95101408	2	2	0	352	0	46
chr8	95100674	95101408	2	2	1	191	1	42
chr8	123268550	123268744	2	2	1	101	1	46
chr9	43027296	43040539	2	2	1	23	0	38
chr9	43027296	43042590	2	2	1	335	1	46
chr9	43040597	43042590	2	2	1	23	0	45
chr9	80093642	80098885	1	1	1	2385	1	26
chr9	80093642	80098892	1	1	0	55	0	14
chr9	80093642	80103693	1	1	1	8630	4	45
chr9	80093642	80103698	1	1	0	1	0	44
chr9	80098907	80103693	1	1	1	2441	1	24
chr9	114597607	114597794	2	2	1	348	2	39
chr9	114597607	114598704	2	2	0	527	0	43
chr9	114597825	114598704	2	2	0	6	0	30
chr9	114597831	114598704	2	2	1	341	2	36
chr9	123011638	123013939	1	1	1	1	0	29
chr11	20201653	20215629	1	1	1	1	0	44
chr11	20215703	20218812	1	1	1	1	0	7
chr11	26778879	26787397	2	2	0	0	1	13
chr11	79458907	79463232	1	1	1	32	0	42
chr11	79458907	79468716	1	1	1	55	0	43
chr11	79463296	79468716	1	1	1	30	0	39
chr11	79468155	79468716	1	1	1	1	0	38
chr11	94112147	94113262	1	1	1	29	0	21
chr11	94112147	94114172	1	1	1	447	0	32
chr11	94113302	94114172	1	1	1	31	0	39
chr11	95713229	95748999	1	1	1	2	0	19
chr11	100481848	100482144	2	2	1	1	0	35
chr11	102310577	102310925	2	2	1	94	0	42
chr11	102310577	102311379	2	2	1	413	0	46
chr11	102311037	102311379	2	2	1	94	0	46
chr12	71952560	71959805	1	1	1	263	1	46
chr12	71952560	71959809	1	1	0	2	0	45
chr12	83811361	83825258	2	2	1	310	0	33
chr12	83811361	83831921	2	2	1	277	0	41
chr12	83825292	83831921	2	2	1	311	0	34
chr12	113133338	113133495	1	1	0	10	0	42
chr12	113133338	113133540	1	1	1	437	3	39
chr12	113133338	113135796	1	1	1	1139	1	33
chr12	113133577	113135796	1	1	1	421	2	29
chr12	113135829	113136280	1	1	1	1	0	32
chr12	113136433	113136517	1	1	1	1	0	20
chr13	46778990	46785245	2	2	0	2	0	44
chr13	46778994	46780625	2	2	1	445	0	43
chr13	46778994	46785245	2	2	1	2859	4	46
chr13	46780663	46785245	2	2	0	1	0	37
chr13	46780665	46785245	2	2	1	449	0	39
chr13	56084286	56089757	2	2	1	15	0	42
chr13	56084286	56096123	2	2	0	1	0	40
chr13	56089858	56096123	2	2	1	15	0	41
chr14	57643224	57643334	2	2	1	4	0	39
chr14	57643224	57648418	2	2	1	164	0	39
chr14	57643490	57648418	2	2	1	4	0	38
chr14	101654106	101654207	1	1	1	1	0	4
chr14	101665890	101666511	1	1	1	1	0	7
chr14	120389164	120395711	1	1	1	390	2	39
chr14	120389164	120395717	1	1	0	1	0	38
chr14	120389164	120396450	1	1	1	80	0	48
chr14	120395766	120396450	1	1	1	412	2	48
chr15	77102940	77105576	2	2	1	179	0	42
chr15	77102940	77113604	2	2	1	12	0	44
chr15	77105670	77113604	2	2	1	180	0	48
chr16	57178021	57181491	2	2	1	39	1	44
chr16	57178021	57182850	2	2	1	1333	1	44
chr16	57181537	57182850	2	2	1	39	1	33
chr16	94686604	94691580	1	1	1	2	0	45
chr17	12979205	13846588	1	1	0	42	2	12
chr17	13837442	13846588	1	1	0	1	0	12
chr17	13846640	13848354	1	1	1	378	2	24
chr17	13846640	13849107	1	1	1	15769	23	50
chr17	13846640	13849113	1	1	0	87	0	47
chr17	13848376	13849107	1	1	1	378	2	41
chr17	13848376	13849113	1	1	0	1	0	21
chr17	45570567	45570665	2	2	1	889	3	43
chr17	45570800	45571017	2	2	1	897	3	21
chr18	53948155	53948644	1	1	1	2234	2	28
chr18	53948155	53949213	1	1	0	2	0	39
chr18	53948155	53953244	1	1	1	14677	23	46
chr18	53948666	53953244	1	1	0	4	0	21
chr18	53948669	53953244	1	1	1	2224	2	26
chr18	53949263	53953244	1	1	0	2	0	37
chr19	7281256	7281797	2	4	1	53	0	39
chr19	7281256	7282725	2	2	1	320	0	35
chr19	7281960	7282725	2	2	1	56	0	31
KV575235.1	147143	149353	1	1	0	0	1	33
