chr1	34295537	34296741	1	1	1	69	0	18
chr1	34295537	34299720	1	1	1	22	0	38
chr1	34296760	34299720	1	1	1	69	0	19
chr1	40010678	40011649	1	1	1	93	0	32
chr1	40010678	40011811	1	1	0	5	0	21
chr1	40010678	40014105	1	1	1	36	4	32
chr1	40011842	40014105	1	1	1	96	0	37
chr1	82735508	82741817	1	1	1	2	0	40
chr1	82735508	82747082	1	1	1	1	0	40
chr1	82735508	82750519	1	1	1	76	0	40
chr1	82741977	82750519	1	1	1	1	0	38
chr1	82747143	82750519	1	1	1	1	0	38
chr2	32292216	32293314	1	1	1	9	0	43
chr2	32292216	32296625	1	1	1	89	0	43
chr2	32293396	32296625	1	1	1	9	0	38
chr2	59932171	59933405	2	2	0	71	0	37
chr2	59932171	59933411	2	2	1	370	0	32
chr2	59932171	59933670	2	2	1	1	0	34
chr2	59933439	59933670	2	2	1	432	0	28
chr2	71849507	71853533	1	1	1	770	0	42
chr2	71849507	71853820	1	1	0	1	0	37
chr2	71849507	71853890	1	1	0	2	0	39
chr2	71849507	71855853	1	1	1	3773	7	45
chr2	71849507	71855868	1	1	0	1	0	46
chr2	71853641	71855853	1	1	0	1	0	40
chr2	71853664	71855853	1	1	1	789	0	41
chr2	71853891	71855853	1	1	0	1	0	40
chr2	71853948	71855853	1	1	0	2	0	40
chr2	75662926	75663570	1	1	1	2	0	38
chr2	91001089	91001461	1	1	1	743	3	34
chr2	91001089	91003299	1	1	0	3	0	33
chr2	91001511	91003210	1	1	1	739	3	23
chr2	91001511	91003299	1	1	0	4	0	46
chr2	91003346	91003810	1	1	1	17	0	36
chr2	91159300	91162027	2	2	0	1	0	41
chr2	91159306	91160316	2	2	1	203	0	47
chr2	91159306	91162027	2	2	1	405	0	47
chr2	91160371	91162027	2	2	1	205	0	40
chr2	91681696	91682025	2	2	1	1	0	50
chr2	91681696	91684668	2	2	1	237	0	50
chr2	91682110	91684668	2	2	0	1	0	38
chr2	153670448	153670848	1	1	1	1	0	42
chr2	153670448	153672215	1	1	1	3	1	50
chr2	153670909	153672215	1	1	1	1	0	50
chr2	153713625	153714954	1	1	1	0	1	50
chr3	60607681	60613472	1	1	0	1	0	14
chr3	60613521	60614682	1	1	1	1398	3	45
chr3	60613521	60614688	1	1	0	1	0	38
chr3	60613521	60615619	1	1	1	1194	1	45
chr3	60614737	60615619	1	1	1	1405	4	41
chr3	78904652	78918022	2	2	0	1	0	12
chr3	87733505	87734423	1	1	1	11	0	39
chr3	87733505	87735344	1	1	0	6	0	39
chr3	87734553	87735344	1	1	1	12	0	37
chr3	88483947	88484046	2	2	1	304	2	38
chr3	88483947	88484614	2	2	0	2	0	38
chr3	88484155	88484614	2	2	1	298	2	40
chr3	88484666	88537145	2	2	0	0	2	12
chr3	119724187	119724611	2	2	1	6393	1	34
chr3	119724187	119726065	2	2	1	25	0	29
chr3	119724646	119726065	2	2	1	6569	1	39
chr3	119726116	119820407	2	2	0	2	0	13
chr3	129825617	129826823	2	2	1	1	0	28
chr4	31992517	31994873	1	1	1	286	0	45
chr4	31992517	32002088	1	1	1	3744	4	50
chr4	31994955	32002088	1	1	1	285	0	49
chr4	107009769	107027216	1	1	1	16	0	39
chr4	107009769	107028192	1	1	1	162	0	42
chr4	107027298	107028192	1	1	1	20	0	41
chr4	149222365	149223229	2	2	1	2	0	3
chr5	23565266	23610849	2	2	0	1	0	37
chr5	23565266	23616326	2	2	1	941	0	49
chr5	23610909	23616326	2	2	0	1	0	45
chr5	23615795	23616326	2	2	0	1	0	45
chr5	72958287	72965803	1	1	1	2	0	40
chr5	72958287	72974530	1	1	1	137	0	42
chr5	72965882	72974530	1	1	1	2	0	41
chr5	116477146	116482389	2	2	1	1	0	14
chr5	116482537	116591333	2	2	1	708	5	50
chr5	149184807	149185484	1	1	1	1	0	43
chr5	149184807	149187707	1	1	1	25	0	43
chr5	149184807	149188344	1	1	1	707	0	45
chr5	149187835	149188344	1	1	1	2	0	39
chr5	149187877	149188344	1	1	1	25	0	40
chr6	98939789	98941535	2	2	1	143	1	46
chr6	98939789	98944618	2	2	0	13	0	45
chr6	98941658	98944618	2	2	1	144	1	36
chr6	125162102	125162211	2	2	1	361	10	36
chr6	128371086	128371967	1	1	1	3510	1	45
chr6	128371086	128372530	1	1	1	5	0	49
chr6	128371086	128372533	1	1	1	16	0	46
chr6	128372013	128372504	1	1	0	20	0	26
chr6	128372013	128372509	1	1	0	8	0	31
chr6	128372013	128372530	1	1	1	453	0	49
chr6	128372013	128372533	1	1	1	2977	1	46
chr6	128372013	128372539	1	1	0	2	0	40
chr6	128372018	128372530	1	1	0	6	0	49
chr6	128372018	128372533	1	1	0	43	0	46
chr7	25724845	25725923	2	2	1	1	0	37
chr7	67240441	67244520	2	2	1	193	0	24
chr7	67240441	67251656	2	2	1	1377	0	45
chr7	67244545	67251656	2	2	1	193	0	24
chr7	102001660	102002294	1	1	1	924	1	42
chr7	102001660	102007485	1	1	1	522	0	44
chr7	102001665	102002300	1	1	0	0	1	36
chr7	102002337	102007485	1	1	1	927	1	42
chr7	112839481	112841887	1	1	1	6	1	41
chr7	112839481	112842039	1	1	1	140	1	42
chr7	112839481	112856052	1	1	1	3	1	12
chr7	112839481	112856797	1	1	1	4	0	41
chr7	112841906	112842057	1	1	0	0	1	18
chr7	112841951	112856052	1	1	1	3	0	12
chr7	112842103	112856052	1	1	1	134	1	12
chr7	112842103	112856797	1	1	1	5	0	37
chr7	112856065	112856797	1	1	1	142	2	14
chr7	127980247	127981190	1	1	1	10	0	22
chr7	127981292	127981410	1	1	1	9	0	6
chr8	25532429	25557730	1	1	1	5	0	44
chr8	72219861	72219940	1	1	1	1	0	30
chr8	91688606	91932332	1	1	0	4	1	13
chr8	95100453	95100646	2	2	1	929	0	31
chr8	95100453	95101408	2	2	0	154	0	46
chr8	95100674	95101408	2	2	1	929	0	42
chr8	123268550	123268744	2	2	1	191	0	47
chr9	43027296	43040539	2	2	1	91	0	40
chr9	43027296	43042590	2	2	1	132	0	45
chr9	43040597	43042590	2	2	1	92	0	46
chr9	80093642	80098885	1	1	1	7373	2	26
chr9	80093642	80098892	1	1	0	199	0	14
chr9	80093642	80103693	1	1	1	311	0	45
chr9	80098907	80101831	1	1	0	1	0	21
chr9	80098907	80103693	1	1	1	7573	2	29
chr9	80098907	80103698	1	1	0	2	0	21
chr9	80101891	80103693	1	1	0	1	0	37
chr9	114597607	114597794	2	2	1	430	0	38
chr9	114597607	114598704	2	2	0	27	0	40
chr9	114597825	114598704	2	2	0	5	0	30
chr9	114597831	114598704	2	2	1	425	0	36
chr11	26778879	26787397	2	2	0	0	1	13
chr11	79458907	79463232	1	1	1	16	0	42
chr11	79458907	79468716	1	1	1	132	0	42
chr11	79463296	79468716	1	1	1	16	0	38
chr11	94112147	94113262	1	1	1	137	0	21
chr11	94112147	94114172	1	1	1	355	0	32
chr11	94113302	94114172	1	1	1	140	0	39
chr11	102310577	102310925	2	2	1	51	0	42
chr11	102310577	102311379	2	2	1	783	0	46
chr11	102310577	102311403	2	2	0	1	0	21
chr11	102311037	102311379	2	2	1	51	0	46
chr12	71952560	71958746	1	1	1	53	0	27
chr12	71952560	71959805	1	1	1	70	0	44
chr12	71958774	71959805	1	1	1	53	0	29
chr12	83811361	83811669	2	2	0	1	0	27
chr12	83811361	83825258	2	2	1	53	0	36
chr12	83811361	83831921	2	2	1	376	0	41
chr12	83811744	83831921	2	2	0	1	0	38
chr12	83825292	83831921	2	2	1	53	0	33
chr12	83829167	83831921	2	2	0	1	0	38
chr12	100199717	100202392	1	1	1	1	0	1
chr12	113133338	113133495	1	1	0	120	12	43
chr12	113133338	113133540	1	1	1	1891	53	43
chr12	113133338	113135796	1	1	1	11	0	29
chr12	113133577	113134761	1	1	0	1	0	21
chr12	113133577	113134800	1	1	0	6	0	12
chr12	113133577	113135796	1	1	1	1958	65	29
chr12	113134813	113135796	1	1	0	7	0	29
chr13	46778994	46780625	2	2	1	549	2	40
chr13	46778994	46785245	2	2	1	2227	2	46
chr13	46780665	46785245	2	2	1	551	2	40
chr13	56084286	56089757	2	2	1	60	0	41
chr13	56084286	56096123	2	2	0	1	0	40
chr13	56089858	56096123	2	2	1	59	0	41
chr14	57643224	57643334	2	2	1	3	0	39
chr14	57643224	57648418	2	2	1	115	0	41
chr14	57643490	57648418	2	2	1	3	0	38
chr14	120389164	120395711	1	1	1	275	0	38
chr14	120389164	120395717	1	1	0	4	0	38
chr14	120389164	120396450	1	1	1	559	0	48
chr14	120395766	120396450	1	1	1	295	0	48
chr15	77102940	77105576	2	2	1	214	1	41
chr15	77102940	77113604	2	2	1	7	0	44
chr15	77105670	77113604	2	2	1	215	1	48
chr16	57178021	57181491	2	2	1	305	0	44
chr16	57178021	57182850	2	2	1	172	0	44
chr16	57181537	57182850	2	2	1	304	0	37
chr16	57181594	57182850	2	2	0	1	0	33
chr17	12979205	13846588	1	1	0	86	1	12
chr17	13846613	13848354	1	1	0	1	0	21
chr17	13846640	13848354	1	1	1	3679	3	22
chr17	13846640	13849107	1	1	1	3962	10	46
chr17	13846640	13849113	1	1	0	19	0	47
chr17	13848376	13849107	1	1	1	3678	3	29
chr17	13848376	13849113	1	1	0	3	0	21
chr17	45570567	45570665	2	2	1	463	0	42
chr17	45570800	45571017	2	2	1	512	1	21
chr17	51783067	51785528	2	2	1	2	0	40
chr17	51785641	51803430	2	2	1	2	0	14
chr18	53948155	53948644	1	1	1	13841	15	33
chr18	53948155	53948651	1	1	0	2	0	17
chr18	53948155	53953244	1	1	1	2791	9	43
chr18	53948155	53953268	1	1	0	2	0	40
chr18	53948669	53953244	1	1	1	13819	10	37
chr18	53948669	53953268	1	1	0	2	0	24
chr18	53948673	53953244	1	1	0	3	0	28
chr18	64515409	64516415	2	2	1	1	0	38
chr19	7281256	7281797	2	4	1	181	0	40
chr19	7281256	7282725	2	2	1	1403	1	36
chr19	7281960	7282725	2	2	1	187	0	35
