chr1	34295537	34296741	1	1	1	45	1	18
chr1	34295537	34299720	1	1	1	207	0	40
chr1	34296760	34299720	1	1	1	45	1	19
chr1	40010678	40011649	1	1	1	28	0	21
chr1	40010678	40014105	1	1	1	49	2	33
chr1	40011842	40014105	1	1	1	27	0	37
chr1	82735508	82747082	1	1	1	2	0	40
chr1	82735508	82750519	1	1	1	64	0	41
chr1	82747143	82750519	1	1	1	2	0	38
chr2	32292216	32296625	1	1	1	65	0	43
chr2	59932171	59933405	2	2	0	2	0	33
chr2	59932171	59933411	2	2	1	75	0	31
chr2	59932171	59933670	2	2	1	10	0	37
chr2	59933439	59933670	2	2	1	76	0	28
chr2	71849507	71853533	1	1	1	24	0	39
chr2	71849507	71855853	1	1	1	1574	0	43
chr2	71853664	71855853	1	1	1	25	0	41
chr2	75662926	75663570	1	1	1	7	0	40
chr2	91001089	91001461	1	1	1	519	0	34
chr2	91001511	91003210	1	1	1	510	0	25
chr2	91003238	91003810	1	1	0	2	0	27
chr2	91003346	91003810	1	1	1	15	0	36
chr2	91159306	91160316	2	2	1	1	0	47
chr2	91159306	91162027	2	2	1	163	0	47
chr2	91160371	91162027	2	2	1	1	0	38
chr2	91681696	91682025	2	2	1	1	0	50
chr2	91681696	91684668	2	2	1	558	0	50
chr2	91682137	91684668	2	2	1	1	0	38
chr2	153670448	153670848	1	1	1	50	0	42
chr2	153670909	153672215	1	1	1	49	0	50
chr2	168752741	168754433	2	2	1	12912	20	46
chr3	60613521	60614682	1	1	1	112	1	44
chr3	60613521	60615619	1	1	1	22	0	44
chr3	60614737	60615619	1	1	1	115	1	38
chr3	87733505	87734423	1	1	1	2	0	39
chr3	87733505	87735344	1	1	0	126	0	40
chr3	87734553	87735344	1	1	1	2	0	37
chr3	88483947	88484046	2	2	1	124	0	40
chr3	88484155	88484614	2	2	1	123	0	39
chr3	119724187	119724611	2	2	1	1356	1	34
chr3	119724187	119726065	2	2	1	4	0	29
chr3	119724646	119726065	2	2	1	1386	1	38
chr3	142948246	142963375	2	2	0	0	1	13
chr4	31992517	31994873	1	1	1	1149	0	39
chr4	31992517	32002088	1	1	1	717	4	49
chr4	31994955	32002088	1	1	1	1138	0	49
chr4	107009769	107027216	1	1	1	38	0	39
chr4	107009769	107028192	1	1	1	208	0	42
chr4	107027298	107028192	1	1	1	38	0	41
chr5	23565266	23616326	2	2	1	125	0	45
chr5	23568264	23616326	2	2	0	1	0	45
chr5	65388442	65388561	2	2	1	1	0	29
chr5	72958287	72965803	1	1	1	1	0	40
chr5	72958287	72974530	1	1	1	18	0	41
chr5	72965882	72974530	1	1	1	1	0	41
chr5	116482537	116591333	2	2	1	4	0	50
chr5	143098506	143112898	2	2	1	1	0	30
chr5	149184807	149185349	1	1	0	1	0	43
chr5	149184807	149185484	1	1	1	1	0	43
chr5	149184807	149187707	1	1	1	52	0	43
chr5	149184807	149188344	1	1	1	286	0	44
chr5	149185405	149188344	1	1	0	1	0	40
chr5	149187806	149188344	1	1	0	1	0	39
chr5	149187835	149188344	1	1	1	10	0	39
chr5	149187877	149188344	1	1	1	42	0	40
chr6	72634233	72648800	2	2	1	3014	2	42
chr6	72634233	72649119	2	2	1	5633	2	50
chr6	72648843	72649119	2	2	1	3006	2	42
chr6	98939789	98940994	2	2	1	8	0	45
chr6	98939789	98941535	2	2	1	74	0	45
chr6	98939789	98944618	2	2	0	20	0	45
chr6	98941165	98944618	2	2	0	8	0	36
chr6	98941658	98944618	2	2	1	74	0	37
chr6	125162102	125162211	2	2	1	511	17	38
chr6	128371086	128371967	1	1	1	1318	1	43
chr6	128371086	128372530	1	1	1	65	0	49
chr6	128371086	128372533	1	1	1	641	0	47
chr6	128372013	128372504	1	1	0	3	0	26
chr6	128372013	128372509	1	1	0	2	0	31
chr6	128372013	128372530	1	1	1	183	1	47
chr6	128372013	128372533	1	1	1	1108	0	46
chr6	128372018	128372533	1	1	0	19	0	46
chr6	128372018	128372536	1	1	0	1	0	43
chr7	25724845	25725923	2	2	1	2	0	41
chr7	67240441	67244520	2	2	1	7	0	24
chr7	67240441	67251656	2	2	1	458	1	45
chr7	67240443	67251659	1	1	0	2	0	41
chr7	67244545	67251656	2	2	1	7	0	24
chr7	101405603	102001614	1	1	0	7	0	13
chr7	101448787	102001614	1	1	0	4	0	14
chr7	102001660	102002294	1	1	1	236	0	42
chr7	102001660	102007485	1	1	1	3394	4	46
chr7	102002337	102007485	1	1	1	236	0	39
chr7	112839481	112841887	1	1	1	11	1	41
chr7	112839481	112842039	1	1	1	148	1	41
chr7	112839481	112856052	1	1	1	1	0	12
chr7	112839481	112856797	1	1	1	40	0	41
chr7	112841906	112842057	1	1	0	0	1	18
chr7	112841951	112856052	1	1	1	3	0	12
chr7	112841951	112856797	1	1	0	5	0	37
chr7	112842103	112856052	1	1	1	15	0	12
chr7	112842103	112856797	1	1	1	139	1	43
chr7	112856065	112856797	1	1	1	19	0	12
chr7	127980247	127981190	1	1	1	17	0	22
chr7	127981292	127981410	1	1	1	17	0	6
chr7	144861833	144862231	1	1	1	828	0	29
chr7	144862267	144862764	1	1	0	2	0	35
chr7	144862336	144862764	1	1	1	813	0	44
chr8	25555775	25557730	1	1	1	4	0	38
chr8	47669337	47674505	2	2	1	2	0	17
chr8	72219861	72219940	1	1	1	2	0	30
chr8	95100453	95100646	2	2	1	358	0	31
chr8	95100453	95101408	2	2	0	762	0	46
chr8	95100674	95101408	2	2	1	359	0	44
chr8	120569377	120570716	1	1	1	1	0	13
chr8	123268550	123268744	2	2	1	95	0	48
chr9	43027296	43040539	2	2	1	20	0	38
chr9	43027296	43042590	2	2	1	270	0	46
chr9	43040597	43042590	2	2	1	19	0	45
chr9	80093642	80098885	1	1	1	1065	2	26
chr9	80093642	80098892	1	1	0	15	0	14
chr9	80093642	80103693	1	1	1	7060	3	45
chr9	80098907	80103693	1	1	1	1079	2	23
chr9	80103765	80111310	1	1	1	2	0	22
chr9	114597607	114597794	2	2	1	244	0	38
chr9	114597607	114598704	2	2	0	198	0	42
chr9	114597825	114598704	2	2	0	3	0	30
chr9	114597831	114598704	2	2	1	242	0	38
chr11	20201653	20215629	1	1	1	1	0	41
chr11	20218909	20223083	1	1	1	1	0	7
chr11	26778879	26787397	2	2	0	0	1	13
chr11	79458907	79463232	1	1	1	34	1	42
chr11	79458907	79468716	1	1	1	65	0	42
chr11	79463296	79468716	1	1	1	35	1	39
chr11	94112147	94113262	1	1	1	11	0	21
chr11	94112147	94114172	1	1	1	219	1	32
chr11	94113302	94114172	1	1	1	11	0	39
chr11	100381878	100383006	2	2	1	1	0	35
chr11	102310577	102310925	2	2	1	99	0	45
chr11	102310577	102311379	2	2	1	261	0	45
chr11	102311037	102311379	2	2	1	98	0	45
chr12	71952560	71958746	1	1	1	1	0	27
chr12	71952560	71959805	1	1	1	210	0	44
chr12	71958774	71959805	1	1	1	1	0	27
chr12	83811361	83825258	2	2	1	138	0	33
chr12	83811361	83831921	2	2	1	151	0	41
chr12	83825292	83831921	2	2	1	137	0	33
chr12	113133338	113133495	1	1	0	9	0	42
chr12	113133338	113133540	1	1	1	261	0	42
chr12	113133338	113135796	1	1	1	676	0	29
chr12	113133577	113135796	1	1	1	253	0	29
chr13	46778990	46780625	2	2	0	1	0	39
chr13	46778990	46785245	2	2	0	2	0	44
chr13	46778994	46780625	2	2	1	473	0	40
chr13	46778994	46785245	2	2	1	2143	3	47
chr13	46780663	46785245	2	2	0	1	0	37
chr13	46780665	46785245	2	2	1	472	0	40
chr13	56084286	56089757	2	2	1	19	0	40
chr13	56084286	56096123	2	2	0	4	0	40
chr13	56089858	56096123	2	2	1	22	0	41
chr14	57643224	57643334	2	2	1	2	0	39
chr14	57643224	57648418	2	2	1	113	0	47
chr14	57643490	57648418	2	2	1	2	0	38
chr14	120389164	120395711	1	1	1	300	0	41
chr14	120389164	120395717	1	1	0	4	0	38
chr14	120389164	120396450	1	1	1	102	0	48
chr14	120395766	120396450	1	1	1	324	0	48
chr15	77102940	77105576	2	2	1	129	0	41
chr15	77102940	77113604	2	2	1	25	0	44
chr15	77105670	77113604	2	2	1	132	0	48
chr15	103242719	103242921	1	1	1	1	0	36
chr15	103242719	103243624	1	1	1	1	0	20
chr16	57178021	57181491	2	2	1	22	0	43
chr16	57178021	57182850	2	2	1	885	2	44
chr16	57181537	57182850	2	2	1	22	0	33
chr16	94686604	94691580	1	1	1	1	0	45
chr17	12979205	13846588	1	1	0	11	0	12
chr17	13846640	13848354	1	1	1	335	0	21
chr17	13846640	13849107	1	1	1	11391	17	49
chr17	13846640	13849113	1	1	0	73	1	47
chr17	13848376	13849107	1	1	1	335	0	26
chr17	45570567	45570665	2	2	1	576	1	43
chr17	45570800	45571017	2	2	1	647	1	21
chr18	10726534	10740982	1	1	1	2	0	15
chr18	53948155	53948644	1	1	1	1537	1	28
chr18	53948155	53948651	1	1	0	1	0	17
chr18	53948155	53953244	1	1	1	9737	9	45
chr18	53948669	53953244	1	1	1	1532	1	37
chr19	7281251	7282725	2	2	0	1	0	26
chr19	7281256	7281797	2	4	1	118	1	41
chr19	7281256	7282725	2	2	1	356	0	36
chr19	7281960	7282725	2	2	1	120	1	26
