chr1	34295537	34296741	1	1	1	23	0	18
chr1	34295537	34299720	1	1	1	175	1	40
chr1	34296760	34299720	1	1	1	23	0	19
chr1	40010678	40011649	1	1	1	26	0	21
chr1	40010678	40014105	1	1	1	68	1	32
chr1	40011842	40014105	1	1	1	27	0	38
chr1	58565955	58586211	2	2	1	1	0	49
chr1	82735508	82741817	1	1	1	1	0	20
chr1	82735508	82747082	1	1	1	1	0	40
chr1	82735508	82750519	1	1	1	53	0	41
chr1	82747143	82750519	1	1	1	1	0	38
chr2	32292216	32296625	1	1	1	60	0	43
chr2	59932171	59933405	2	2	0	4	0	33
chr2	59932171	59933411	2	2	1	61	0	31
chr2	59932171	59933670	2	2	1	22	0	39
chr2	59933439	59933670	2	2	1	65	0	28
chr2	71849507	71853533	1	1	1	39	0	39
chr2	71849507	71855853	1	1	1	1717	0	44
chr2	71853664	71855853	1	1	1	41	0	41
chr2	75662926	75663570	1	1	1	9	0	36
chr2	91001089	91001461	1	1	1	453	0	24
chr2	91001089	91003299	1	1	0	3	0	33
chr2	91001511	91003210	1	1	1	452	0	35
chr2	91003238	91003810	1	1	0	3	0	27
chr2	91003346	91003810	1	1	1	15	0	36
chr2	91159306	91160316	2	2	1	5	0	47
chr2	91159306	91162027	2	2	1	192	0	47
chr2	91160371	91162027	2	2	1	5	0	38
chr2	91681696	91684668	2	2	1	595	1	50
chr2	91685250	91685781	2	2	1	1	0	35
chr2	153670448	153670848	1	1	1	52	0	43
chr2	153670448	153672215	1	1	1	1	0	42
chr2	153670909	153672215	1	1	1	51	0	50
chr2	168752741	168754433	2	2	1	11010	11	46
chr3	60613521	60614682	1	1	1	79	0	44
chr3	60613521	60615619	1	1	1	16	0	44
chr3	60614737	60615619	1	1	1	78	0	37
chr3	87733505	87735344	1	1	0	149	0	40
chr3	88483947	88484046	2	2	1	98	0	38
chr3	88484155	88484614	2	2	1	93	0	39
chr3	119724187	119724611	2	2	1	1165	0	34
chr3	119724187	119726065	2	2	1	5	0	29
chr3	119724646	119726065	2	2	1	1190	0	38
chr3	142770583	142963375	2	2	0	2	1	13
chr4	31992517	31994873	1	1	1	1271	0	40
chr4	31992517	32002088	1	1	1	558	0	49
chr4	31994955	32002088	1	1	1	1260	0	49
chr4	46468788	46469882	1	1	1	1	0	11
chr4	107009769	107027216	1	1	1	65	0	39
chr4	107009769	107028192	1	1	1	249	0	43
chr4	107027298	107028192	1	1	1	74	0	46
chr5	23565266	23616326	2	2	1	170	0	45
chr5	72958287	72965803	1	1	1	1	0	37
chr5	72958287	72974530	1	1	1	27	0	41
chr5	72965882	72974530	1	1	1	1	0	41
chr5	121134147	121134735	2	2	1	1	0	35
chr5	149184807	149185484	1	1	1	1	0	43
chr5	149184807	149187707	1	1	1	31	0	43
chr5	149184807	149188344	1	1	1	252	0	45
chr5	149187835	149188344	1	1	1	1	0	39
chr5	149187877	149188344	1	1	1	31	0	39
chr6	47577668	47594893	2	2	1	1	0	24
chr6	72634233	72648800	2	2	1	3220	3	42
chr6	72634233	72649119	2	2	1	6257	4	50
chr6	72648843	72649119	2	2	1	3207	3	42
chr6	85467786	85468052	1	1	1	1	0	19
chr6	98939789	98940994	2	2	1	2	0	45
chr6	98939789	98941535	2	2	1	41	0	45
chr6	98939789	98941539	2	2	0	1	0	45
chr6	98939789	98944618	2	2	0	7	0	45
chr6	98941165	98944618	2	2	0	2	0	36
chr6	98941658	98944618	2	2	1	43	0	36
chr6	125162102	125162211	2	2	1	487	12	38
chr6	128371086	128371967	1	1	1	1422	1	45
chr6	128371086	128372530	1	1	1	102	0	49
chr6	128371086	128372533	1	1	1	862	2	46
chr6	128371086	128372536	1	1	0	3	0	43
chr6	128371086	128372539	1	1	0	1	0	40
chr6	128372013	128372504	1	1	0	5	0	26
chr6	128372013	128372509	1	1	0	1	0	31
chr6	128372013	128372530	1	1	1	169	0	49
chr6	128372013	128372533	1	1	1	1230	1	46
chr6	128372018	128372530	1	1	0	1	0	49
chr6	128372018	128372533	1	1	0	20	0	46
chr7	67240441	67244520	2	2	1	9	0	24
chr7	67240441	67251656	2	2	1	504	0	45
chr7	67240443	67251659	1	1	0	2	0	41
chr7	67244545	67251656	2	2	1	9	0	24
chr7	102001660	102002294	1	1	1	187	1	42
chr7	102001660	102007485	1	1	1	3281	4	45
chr7	102001665	102002300	1	1	0	0	1	36
chr7	102002337	102007485	1	1	1	188	1	40
chr7	112839481	112841887	1	1	1	4	0	41
chr7	112839481	112842039	1	1	1	168	0	41
chr7	112839481	112856052	1	1	1	1	0	12
chr7	112839481	112856797	1	1	1	25	0	41
chr7	112839481	112856803	1	1	0	1	0	43
chr7	112841951	112856797	1	1	0	1	0	37
chr7	112842103	112856052	1	1	1	9	0	12
chr7	112842103	112856776	1	1	0	1	0	16
chr7	112842103	112856797	1	1	1	163	0	45
chr7	112856065	112856797	1	1	1	10	0	12
chr7	127980247	127981190	1	1	1	17	0	22
chr7	127981292	127981410	1	1	1	15	0	19
chr7	144861833	144862231	1	1	1	769	0	34
chr7	144861837	144862231	1	1	0	2	0	32
chr7	144862267	144862764	1	1	0	1	0	35
chr7	144862331	144862764	1	1	0	1	0	37
chr7	144862336	144862764	1	1	1	763	0	44
chr8	25532429	25555507	1	1	1	1	0	44
chr8	25532429	25557730	1	1	1	3	0	44
chr8	25555775	25557730	1	1	1	1	0	37
chr8	33386064	33386329	1	1	0	1	0	46
chr8	95100453	95100646	2	2	1	365	0	31
chr8	95100453	95101408	2	2	0	695	0	46
chr8	95100674	95101408	2	2	1	365	0	42
chr8	95101447	95139983	2	2	0	1	0	15
chr8	123268550	123268744	2	2	1	79	0	46
chr9	43027296	43040539	2	2	1	18	0	38
chr9	43027296	43042590	2	2	1	313	1	46
chr9	43040597	43042590	2	2	1	19	0	45
chr9	80093642	80098885	1	1	1	1464	1	26
chr9	80093642	80098892	1	1	0	27	0	14
chr9	80093642	80103693	1	1	1	6373	4	45
chr9	80093642	80103698	1	1	0	2	0	44
chr9	80098907	80103693	1	1	1	1491	1	24
chr9	80103765	80111310	1	1	1	1	0	12
chr9	114597607	114597794	2	2	1	211	0	38
chr9	114597607	114598704	2	2	0	228	0	43
chr9	114597825	114598704	2	2	0	1	0	30
chr9	114597831	114598704	2	2	1	210	0	38
chr11	60804409	60806945	2	2	1	1	0	30
chr11	60807043	60810903	2	2	1	1	0	34
chr11	79458907	79463232	1	1	1	24	0	42
chr11	79458907	79468716	1	1	1	39	0	43
chr11	79463296	79468716	1	1	1	25	0	39
chr11	83497297	83497893	1	1	1	2	0	33
chr11	83497927	83499072	1	1	1	2	0	33
chr11	94112147	94113262	1	1	1	7	0	21
chr11	94112147	94114172	1	1	1	248	0	32
chr11	94113302	94114172	1	1	1	9	0	39
chr11	102310577	102310925	2	2	1	83	0	43
chr11	102310577	102311379	2	2	1	270	1	45
chr11	102311037	102311379	2	2	1	84	0	45
chr12	71952560	71959805	1	1	1	269	0	45
chr12	83811361	83825258	2	2	1	158	0	37
chr12	83811361	83831921	2	2	1	187	0	41
chr12	83825292	83831921	2	2	1	158	0	34
chr12	83825319	83831921	2	2	0	1	0	38
chr12	113133338	113133495	1	1	0	7	0	42
chr12	113133338	113133540	1	1	1	329	0	43
chr12	113133338	113135796	1	1	1	772	0	29
chr12	113133577	113135796	1	1	1	308	0	29
chr13	38151795	38164763	1	1	1	1	0	2
chr13	46778994	46780625	2	2	1	410	0	40
chr13	46778994	46785245	2	2	1	2452	5	44
chr13	46780665	46785245	2	2	1	415	0	40
chr13	56084286	56088251	2	2	1	1	0	40
chr13	56084286	56089757	2	2	1	18	0	40
chr13	56088343	56096123	2	2	1	1	0	38
chr13	56089858	56096123	2	2	1	18	0	41
chr14	57643224	57643334	2	2	1	1	0	39
chr14	57643224	57648418	2	2	1	123	0	40
chr14	57643490	57648418	2	2	1	1	0	38
chr14	120389164	120395711	1	1	1	232	0	39
chr14	120389164	120396450	1	1	1	52	0	48
chr14	120395766	120396450	1	1	1	245	0	48
chr15	77102940	77105576	2	2	1	78	0	40
chr15	77102940	77113604	2	2	1	10	0	44
chr15	77105670	77113604	2	2	1	78	0	48
chr15	103351679	103352014	2	2	1	1	0	16
chr16	15581208	15594459	2	2	1	1	0	34
chr16	57178021	57181491	2	2	1	16	0	43
chr16	57178021	57182850	2	2	1	1048	1	44
chr16	57181537	57182850	2	2	1	16	0	33
chr16	84831508	84834808	2	2	1	1	0	44
chr16	94686604	94691580	1	1	1	1	0	45
chr17	12979205	13846588	1	1	0	26	1	12
chr17	13846640	13848354	1	1	1	478	1	21
chr17	13846640	13849107	1	1	1	12532	13	48
chr17	13846640	13849113	1	1	0	81	0	47
chr17	13848376	13849107	1	1	1	474	1	26
chr17	45570567	45570665	2	2	1	501	0	37
chr17	45570800	45571017	2	2	1	525	0	23
chr18	53948155	53948644	1	1	1	1113	1	28
chr18	53948155	53953244	1	1	1	10703	7	45
chr18	53948666	53953244	1	1	0	2	0	21
chr18	53948669	53953244	1	1	1	1109	1	26
chr19	7281256	7281797	2	4	1	145	0	39
chr19	7281256	7282725	2	2	1	387	0	35
chr19	7281960	7282725	2	2	1	163	0	36
