chr1	34295537	34296741	1	1	1	9	0	18
chr1	34295537	34299720	1	1	1	70	0	39
chr1	34296760	34299720	1	1	1	9	0	18
chr1	40010678	40011649	1	1	1	18	0	21
chr1	40010678	40011783	1	1	0	1	0	21
chr1	40010678	40011811	1	1	0	1	0	21
chr1	40010678	40014105	1	1	1	70	2	32
chr1	40011842	40014105	1	1	1	19	0	37
chr1	82735508	82741817	1	1	1	1	0	40
chr1	82735508	82747082	1	1	1	6	0	40
chr1	82735508	82750519	1	1	1	99	0	41
chr1	82741977	82750519	1	1	1	1	0	39
chr1	82747143	82750519	1	1	1	6	0	38
chr2	32292216	32296625	1	1	1	85	0	43
chr2	59932171	59933405	2	2	0	13	0	33
chr2	59932171	59933411	2	2	1	35	0	27
chr2	59932171	59933670	2	2	1	7	0	37
chr2	59933439	59933670	2	2	1	48	0	28
chr2	71849507	71853533	1	1	1	30	0	40
chr2	71849507	71855853	1	1	1	2478	3	43
chr2	71853664	71855853	1	1	1	33	0	41
chr2	75662926	75663570	1	1	1	1	0	5
chr2	91001089	91001461	1	1	1	730	0	34
chr2	91001089	91003299	1	1	0	3	0	33
chr2	91001511	91003210	1	1	1	722	0	25
chr2	91003238	91003810	1	1	0	3	0	27
chr2	91003346	91003810	1	1	1	9	0	36
chr2	91003891	91004700	1	1	1	1	0	40
chr2	91159306	91160316	2	2	1	2	0	47
chr2	91159306	91162027	2	2	1	187	0	47
chr2	91160371	91162027	2	2	1	2	0	38
chr2	91681696	91682025	2	2	1	1	0	50
chr2	91681696	91684668	2	2	1	637	1	50
chr2	91682110	91684668	2	2	0	1	0	38
chr2	153670448	153670848	1	1	1	51	0	44
chr2	153670909	153672215	1	1	1	51	0	50
chr2	168752741	168754433	2	2	1	10324	9	46
chr2	168754471	168755753	2	2	0	0	1	20
chr3	60613521	60614682	1	1	1	77	1	44
chr3	60613521	60615619	1	1	1	20	0	44
chr3	60614737	60615619	1	1	1	77	1	37
chr3	87733505	87734423	1	1	1	2	0	39
chr3	87733505	87735344	1	1	0	118	0	42
chr3	87734553	87735344	1	1	1	2	0	37
chr3	88483947	88484046	2	2	1	161	0	37
chr3	88484155	88484614	2	2	1	160	0	39
chr3	119724187	119724611	2	2	1	2173	2	34
chr3	119724187	119726065	2	2	1	9	0	29
chr3	119724646	119726065	2	2	1	2253	2	38
chr4	31992517	31994873	1	1	1	2016	3	40
chr4	31992517	32002088	1	1	1	829	2	49
chr4	31994955	32002088	1	1	1	1998	3	49
chr4	57371190	58265278	1	1	0	0	4	12
chr4	91851905	92635584	1	1	0	0	4	12
chr4	107009769	107027216	1	1	1	16	0	38
chr4	107009769	107028192	1	1	1	147	0	41
chr4	107027298	107028192	1	1	1	20	0	41
chr5	23565266	23616326	2	2	1	156	0	46
chr5	28493655	28539334	2	2	0	0	1	13
chr5	72958287	72974530	1	1	1	14	0	42
chr5	72958291	72974530	1	1	0	1	0	41
chr5	116482537	116591333	2	2	1	6	0	50
chr5	149184807	149185484	1	1	1	1	0	41
chr5	149184807	149187707	1	1	1	26	0	43
chr5	149184807	149188344	1	1	1	284	0	47
chr5	149185662	149188344	1	1	0	1	0	39
chr5	149187835	149188344	1	1	1	2	0	39
chr5	149187877	149188344	1	1	1	25	0	39
chr6	72634233	72648800	2	2	1	1881	0	42
chr6	72634233	72649119	2	2	1	3902	2	47
chr6	72648843	72649119	2	2	1	1873	0	42
chr6	98939789	98940994	2	2	1	2	0	45
chr6	98939789	98941535	2	2	1	57	0	46
chr6	98939789	98944618	2	2	0	6	0	45
chr6	98941165	98944618	2	2	0	2	0	36
chr6	98941658	98944618	2	2	1	57	0	36
chr6	125162102	125162211	2	2	1	524	29	43
chr6	128371086	128371967	1	1	1	1255	0	44
chr6	128371086	128372504	1	1	0	1	0	39
chr6	128371086	128372530	1	1	1	75	0	49
chr6	128371086	128372533	1	1	1	519	1	46
chr6	128372013	128372509	1	1	0	1	0	31
chr6	128372013	128372530	1	1	1	172	0	47
chr6	128372013	128372533	1	1	1	1068	0	46
chr6	128372018	128372530	1	1	0	1	0	49
chr6	128372018	128372533	1	1	0	15	0	46
chr7	30192593	30192866	2	2	1	1	0	31
chr7	30192901	30193877	2	2	1	1	0	20
chr7	67240441	67244520	2	2	1	14	0	24
chr7	67240441	67251656	2	2	1	542	0	44
chr7	67244545	67251656	2	2	1	14	0	24
chr7	101288340	102001612	1	3	0	8	0	12
chr7	102001660	102002294	1	1	1	165	0	42
chr7	102001660	102007485	1	1	1	2198	1	44
chr7	102002337	102007485	1	1	1	163	0	42
chr7	112839481	112841887	1	1	1	4	0	41
chr7	112839481	112842039	1	1	1	178	0	41
chr7	112839481	112856052	1	1	1	6	0	12
chr7	112839481	112856797	1	1	1	30	0	41
chr7	112842103	112856052	1	1	1	17	0	12
chr7	112842103	112856797	1	1	1	164	0	44
chr7	112856065	112856797	1	1	1	23	0	12
chr7	127980247	127981190	1	1	1	6	0	8
chr7	127981292	127981410	1	1	1	5	0	6
chr7	144861833	144862231	1	1	1	1073	1	31
chr7	144862267	144862764	1	1	0	3	0	35
chr7	144862336	144862764	1	1	1	1058	1	44
chr8	25532429	25557730	1	1	1	3	0	44
chr8	57305349	57551066	2	2	0	1	3	13
chr8	95100453	95100646	2	2	1	255	0	31
chr8	95100453	95101408	2	2	0	446	0	46
chr8	95100674	95101408	2	2	1	255	0	42
chr8	123268550	123268744	2	2	1	140	0	46
chr9	43027296	43040539	2	2	1	13	0	38
chr9	43027296	43042590	2	2	1	280	0	46
chr9	43040597	43042590	2	2	1	13	0	45
chr9	80093642	80098885	1	1	1	1673	1	26
chr9	80093642	80098892	1	1	0	35	0	14
chr9	80093642	80103693	1	1	1	7487	6	46
chr9	80093642	80103698	1	1	0	2	0	44
chr9	80098907	80103693	1	1	1	1708	1	24
chr9	114597607	114597794	2	2	1	360	0	39
chr9	114597607	114598704	2	2	0	386	0	44
chr9	114597825	114598704	2	2	0	8	0	30
chr9	114597831	114598704	2	2	1	351	0	38
chr9	123011638	123013939	1	1	1	2	0	29
chr11	26541984	26787397	2	2	0	0	4	12
chr11	79458907	79463232	1	1	1	29	0	42
chr11	79458907	79468716	1	1	1	43	0	42
chr11	79463296	79468716	1	1	1	31	0	39
chr11	94112147	94113262	1	1	1	28	0	21
chr11	94112147	94114172	1	1	1	322	0	32
chr11	94113302	94114172	1	1	1	28	0	39
chr11	102310577	102310925	2	2	1	72	0	42
chr11	102310577	102311379	2	2	1	368	0	46
chr11	102311037	102311379	2	2	1	71	0	45
chr11	102311037	102311403	2	2	0	1	0	21
chr12	71952560	71959805	1	1	1	225	0	44
chr12	71952560	71959809	1	1	0	1	0	46
chr12	83811361	83825258	2	2	1	305	0	37
chr12	83811361	83831921	2	2	1	283	0	41
chr12	83825292	83831921	2	2	1	302	0	38
chr12	83825319	83831921	2	2	0	2	0	38
chr12	113133338	113133495	1	1	0	7	0	42
chr12	113133338	113133540	1	1	1	412	1	42
chr12	113133338	113135796	1	1	1	980	0	29
chr12	113133577	113135796	1	1	1	390	1	29
chr13	46778990	46780625	2	2	0	2	0	39
chr13	46778994	46780625	2	2	1	401	2	44
chr13	46778994	46785245	2	2	1	1957	6	46
chr13	46780665	46785245	2	2	1	410	2	40
chr13	56084286	56089757	2	2	1	11	0	41
chr13	56089858	56096123	2	2	1	12	0	41
chr14	57643224	57643334	2	2	1	3	0	39
chr14	57643224	57648418	2	2	1	201	0	45
chr14	57643490	57648418	2	2	1	3	0	38
chr14	120389164	120395711	1	1	1	426	0	39
chr14	120389164	120395717	1	1	0	4	0	38
chr14	120389164	120396450	1	1	1	115	0	48
chr14	120395766	120396450	1	1	1	451	0	48
chr15	77102940	77105576	2	2	1	172	1	41
chr15	77102940	77113604	2	2	1	33	0	48
chr15	77105670	77113604	2	2	1	173	0	48
chr15	102088754	102088856	1	1	1	1	0	24
chr15	103242719	103243624	1	1	1	0	1	34
chr16	57178021	57181491	2	2	1	29	0	43
chr16	57178021	57182850	2	2	1	1429	3	44
chr16	57181537	57182850	2	2	1	29	0	34
chr16	94686604	94691580	1	1	1	1	0	45
chr17	12979205	13846588	1	1	0	27	1	12
chr17	13846640	13848354	1	1	1	416	0	21
chr17	13846640	13849107	1	1	1	11128	15	47
chr17	13846640	13849113	1	1	0	43	0	47
chr17	13848376	13849107	1	1	1	417	0	29
chr17	45570567	45570665	2	2	1	1307	2	39
chr17	45570800	45571017	2	2	1	1287	1	23
chr18	53948155	53948644	1	1	1	1924	0	33
chr18	53948155	53949213	1	1	0	2	0	39
chr18	53948155	53953244	1	1	1	12743	21	45
chr18	53948666	53953244	1	1	0	3	0	21
chr18	53948669	53953244	1	1	1	1913	0	26
chr18	53948673	53953244	1	1	0	1	0	28
chr18	53949263	53953244	1	1	0	1	0	37
chr19	7281256	7281797	2	4	1	83	0	39
chr19	7281256	7282725	2	2	1	373	1	36
chr19	7281960	7282725	2	2	1	85	0	27
