chr1	34295537	34296741	1	1	1	85	0	18
chr1	34295537	34299720	1	1	1	5	0	38
chr1	34296760	34299720	1	1	1	85	0	19
chr1	40010678	40011649	1	1	1	65	0	21
chr1	40010678	40011811	1	1	0	2	0	21
chr1	40010678	40014105	1	1	1	40	0	32
chr1	40011842	40014105	1	1	1	64	0	38
chr1	82735508	82741817	1	1	1	3	0	40
chr1	82735508	82747082	1	1	1	3	0	40
chr1	82735508	82750519	1	1	1	41	0	40
chr1	82747143	82750519	1	1	1	4	0	38
chr2	30066894	30068268	1	1	1	1	0	15
chr2	32292216	32293314	1	1	1	26	0	43
chr2	32292216	32296625	1	1	1	83	0	43
chr2	32293396	32296625	1	1	1	26	0	39
chr2	59926161	59932104	2	2	1	1	0	20
chr2	59932171	59933405	2	2	0	78	0	37
chr2	59932171	59933411	2	2	1	420	1	32
chr2	59932171	59933670	2	2	1	3	0	38
chr2	59933439	59933670	2	2	1	491	1	28
chr2	71849507	71853533	1	1	1	731	1	41
chr2	71849507	71853820	1	1	0	1	0	37
chr2	71849507	71853875	1	1	0	1	0	15
chr2	71849507	71855853	1	1	1	1741	0	44
chr2	71849507	71855868	1	1	0	2	0	46
chr2	71853664	71855853	1	1	1	747	1	42
chr2	71853891	71855853	1	1	0	1	0	15
chr2	75662926	75663570	1	1	1	6	1	41
chr2	91001089	91001461	1	1	1	555	0	25
chr2	91001089	91003299	1	1	0	2	0	33
chr2	91001511	91003210	1	1	1	554	0	25
chr2	91001511	91003299	1	1	0	4	0	46
chr2	91003238	91003810	1	1	0	1	0	27
chr2	91003346	91003810	1	1	1	23	0	36
chr2	91159306	91160316	2	2	1	182	1	47
chr2	91159306	91162027	2	2	1	468	0	47
chr2	91160371	91162027	2	2	1	181	1	39
chr2	91681696	91684668	2	2	1	171	1	50
chr2	153670448	153672215	1	1	1	2	0	50
chr3	60422418	60613472	1	1	0	0	9	15
chr3	60613521	60614682	1	1	1	1053	3	46
chr3	60613521	60614688	1	1	0	1	0	44
chr3	60613521	60615619	1	1	1	1264	7	45
chr3	60614737	60615619	1	1	1	1053	3	39
chr3	87733505	87734423	1	1	1	9	0	39
chr3	87733505	87735344	1	1	0	2	0	39
chr3	87734553	87735344	1	1	1	9	0	37
chr3	88483947	88484046	2	2	1	289	0	38
chr3	88483947	88484614	2	2	0	2	0	38
chr3	88484155	88484614	2	2	1	282	0	43
chr3	119724187	119724611	2	2	1	6030	6	34
chr3	119724187	119726065	2	2	1	21	0	29
chr3	119724266	119726065	2	2	0	2	0	38
chr3	119724646	119726065	2	2	1	6146	7	38
chr3	139632407	139650143	2	2	0	0	1	13
chr4	31992517	31994873	1	1	1	244	0	39
chr4	31992517	32002088	1	1	1	3665	2	50
chr4	31994955	32002088	1	1	1	243	0	49
chr4	46468788	46469882	1	1	1	1	0	9
chr4	107009769	107027216	1	1	1	7	0	38
chr4	107009769	107028192	1	1	1	86	0	42
chr4	107027298	107028192	1	1	1	9	0	41
chr5	23565266	23610849	2	2	0	1	0	37
chr5	23565266	23616326	2	2	1	643	0	46
chr5	23610909	23616326	2	2	0	1	0	45
chr5	72958287	72965803	1	1	1	1	0	37
chr5	72958287	72974530	1	1	1	81	0	42
chr5	72965882	72974530	1	1	1	1	0	41
chr5	116482532	116591333	2	2	0	4	0	37
chr5	116482537	116483887	2	2	0	1	0	50
chr5	116482537	116591333	2	2	1	981	5	50
chr5	149184807	149187707	1	1	1	10	0	43
chr5	149184807	149188344	1	1	1	602	0	45
chr5	149187877	149188344	1	1	1	10	0	39
chr6	51464548	51465178	2	2	1	1	0	30
chr6	51465242	51466141	2	2	1	1	0	42
chr6	98939789	98941535	2	2	1	127	0	47
chr6	98939789	98944618	2	2	0	4	0	45
chr6	98941658	98944618	2	2	1	128	0	37
chr6	125162102	125162211	2	2	1	356	7	36
chr6	128371086	128371967	1	1	1	2986	1	43
chr6	128371086	128371980	1	1	0	1	0	32
chr6	128371086	128372509	1	1	0	1	0	39
chr6	128371086	128372530	1	1	1	3	0	49
chr6	128371086	128372533	1	1	1	13	0	46
chr6	128372013	128372504	1	1	0	12	0	27
chr6	128372013	128372509	1	1	0	3	0	31
chr6	128372013	128372530	1	1	1	370	1	49
chr6	128372013	128372533	1	1	1	2560	0	46
chr6	128372018	128372504	1	1	0	2	0	26
chr6	128372018	128372530	1	1	0	7	0	49
chr6	128372018	128372533	1	1	0	33	0	46
chr7	25724845	25725923	2	2	1	1	0	37
chr7	67240441	67244520	2	2	1	116	0	24
chr7	67240441	67251656	2	2	1	1012	0	45
chr7	67244545	67251656	2	2	1	116	0	24
chr7	102001660	102002294	1	1	1	1455	3	43
chr7	102001660	102007485	1	1	1	370	0	43
chr7	102001665	102002300	1	1	0	0	1	36
chr7	102002337	102007485	1	1	1	1450	2	42
chr7	102003812	102007485	1	1	0	2	0	38
chr7	112839481	112841887	1	1	1	5	0	41
chr7	112839481	112842039	1	1	1	145	0	41
chr7	112839481	112856052	1	1	1	1	0	12
chr7	112839481	112856797	1	1	1	15	0	49
chr7	112841951	112856052	1	1	1	3	0	12
chr7	112842103	112856052	1	1	1	138	0	12
chr7	112842103	112856797	1	1	1	5	0	37
chr7	112856065	112856797	1	1	1	146	0	14
chr7	127980247	127981190	1	1	1	9	0	2
chr7	127981292	127981410	1	1	1	9	0	6
chr8	11423625	11423716	1	1	1	1	0	19
chr8	25532429	25557730	1	1	1	4	0	44
chr8	95100453	95100646	2	2	1	802	1	31
chr8	95100453	95101408	2	2	0	124	0	46
chr8	95100674	95101408	2	2	1	802	1	42
chr8	123268550	123268744	2	2	1	217	0	46
chr9	43027296	43040539	2	2	1	116	0	39
chr9	43027296	43042590	2	2	1	79	0	45
chr9	43040593	43042590	2	2	0	2	0	45
chr9	43040597	43042590	2	2	1	113	0	45
chr9	47813946	47818733	1	1	1	1	0	38
chr9	80093642	80098885	1	1	1	7003	4	27
chr9	80093642	80098892	1	1	0	235	0	14
chr9	80093642	80103693	1	1	1	213	0	45
chr9	80098907	80103693	1	1	1	7242	4	29
chr9	80098907	80103698	1	1	0	1	0	21
chr9	114597607	114597794	2	2	1	354	0	38
chr9	114597607	114598704	2	2	0	14	0	42
chr9	114597825	114598704	2	2	0	3	0	30
chr9	114597831	114598704	2	2	1	348	0	36
chr11	79458907	79463232	1	1	1	10	0	42
chr11	79458907	79468716	1	1	1	185	0	45
chr11	79463296	79468716	1	1	1	6	0	38
chr11	83497297	83497893	1	1	1	1	0	33
chr11	83497927	83499072	1	1	1	1	0	33
chr11	94112147	94113262	1	1	1	72	0	21
chr11	94112147	94114172	1	1	1	274	0	32
chr11	94112147	94114187	1	1	0	1	0	32
chr11	94113302	94114172	1	1	1	74	0	39
chr11	97778379	97781333	2	2	1	2	0	15
chr11	102310577	102310925	2	2	1	44	0	42
chr11	102310577	102311379	2	2	1	810	0	46
chr11	102311037	102311379	2	2	1	44	0	45
chr12	71952560	71958746	1	1	1	54	0	27
chr12	71952560	71959805	1	1	1	43	0	44
chr12	71952560	71959809	1	1	0	1	0	45
chr12	71958774	71959805	1	1	1	54	0	27
chr12	83811361	83825258	2	2	1	42	0	33
chr12	83811361	83831921	2	2	1	406	0	41
chr12	83825292	83831921	2	2	1	42	0	33
chr12	104697145	104700364	2	2	1	1	0	39
chr12	113133338	113133495	1	1	0	87	5	43
chr12	113133338	113133540	1	1	1	1405	50	42
chr12	113133338	113135796	1	1	1	13	0	29
chr12	113133577	113134800	1	1	0	6	0	14
chr12	113133577	113135796	1	1	1	1435	55	29
chr12	113134813	113135796	1	1	0	6	0	29
chr13	46778987	46785245	2	2	0	1	0	47
chr13	46778990	46785245	2	2	0	1	0	44
chr13	46778994	46780625	2	2	1	727	0	43
chr13	46778994	46785245	2	2	1	2194	4	46
chr13	46780665	46785245	2	2	1	728	0	39
chr13	56084286	56089757	2	2	1	29	0	40
chr13	56089858	56096123	2	2	1	32	0	41
chr13	56094885	56096123	2	2	0	1	0	38
chr14	8171531	8172763	2	2	1	1	0	18
chr14	8172818	8172890	2	2	1	1	0	41
chr14	57643191	57648418	2	2	0	1	0	29
chr14	57643224	57643334	2	2	1	2	0	39
chr14	57643224	57648418	2	2	1	99	0	47
chr14	57643490	57648418	2	2	1	2	0	38
chr14	120389164	120395711	1	1	1	210	2	38
chr14	120389164	120395717	1	1	0	1	0	38
chr14	120389164	120396450	1	1	1	633	0	48
chr14	120395766	120396450	1	1	1	213	2	48
chr15	77102940	77105576	2	2	1	196	1	41
chr15	77102940	77113604	2	2	1	19	0	49
chr15	77105670	77113604	2	2	1	197	1	48
chr16	57178021	57181491	2	2	1	366	0	44
chr16	57178021	57182850	2	2	1	129	0	44
chr16	57181537	57182850	2	2	1	365	0	34
chr17	12979205	13846588	1	1	0	53	0	12
chr17	13846640	13848306	1	1	0	2	0	38
chr17	13846640	13848354	1	1	1	4136	5	24
chr17	13846640	13848358	1	1	0	2	0	17
chr17	13846640	13849107	1	1	1	3883	8	46
chr17	13846640	13849113	1	1	0	13	0	47
chr17	13848376	13849107	1	1	1	4124	5	41
chr17	13848376	13849113	1	1	0	5	0	21
chr17	45570567	45570665	2	2	1	446	1	39
chr17	45570800	45571017	2	2	1	475	1	21
chr18	53948155	53948381	1	1	0	1	0	39
chr18	53948155	53948644	1	1	1	11157	11	28
chr18	53948155	53953244	1	1	1	1694	3	43
chr18	53948447	53953244	1	1	0	1	0	37
chr18	53948666	53953244	1	1	0	7	0	21
chr18	53948669	53949213	1	1	0	1	0	15
chr18	53948669	53953244	1	1	1	11130	10	37
chr18	53948669	53953268	1	1	0	5	0	24
chr18	53949263	53953244	1	1	0	1	0	37
chr19	7281251	7282725	2	2	0	3	0	26
chr19	7281256	7281797	2	4	1	143	0	39
chr19	7281256	7282725	2	2	1	1356	0	36
chr19	7281960	7282725	2	2	1	151	0	35
