chr1	34295537	34296741	1	1	1	51	0	18
chr1	34295537	34299720	1	1	1	138	0	40
chr1	34296760	34299720	1	1	1	51	0	19
chr1	40010678	40011649	1	1	1	31	0	21
chr1	40010678	40011783	1	1	0	2	0	21
chr1	40010678	40014105	1	1	1	62	2	32
chr1	40011842	40014105	1	1	1	32	0	37
chr1	58565955	58586211	2	2	1	1	0	49
chr1	72628202	72629374	1	1	1	1	0	6
chr1	82735508	82747082	1	1	1	5	0	40
chr1	82735508	82750519	1	1	1	61	0	44
chr1	82747143	82750519	1	1	1	5	0	38
chr2	32292216	32296625	1	1	1	87	0	43
chr2	59926161	59932104	2	2	1	8	0	24
chr2	59932171	59933405	2	2	0	4	0	33
chr2	59932171	59933411	2	2	1	81	0	27
chr2	59932171	59933670	2	2	1	23	0	39
chr2	59933439	59933670	2	2	1	85	0	28
chr2	71849507	71853533	1	1	1	30	0	39
chr2	71849507	71855853	1	1	1	1610	2	42
chr2	71853664	71855853	1	1	1	32	0	41
chr2	75662926	75663570	1	1	1	4	0	39
chr2	91001089	91001461	1	1	1	558	0	34
chr2	91001089	91003299	1	1	0	3	0	33
chr2	91001511	91003210	1	1	1	551	0	25
chr2	91003238	91003810	1	1	0	1	0	27
chr2	91003346	91003810	1	1	1	25	0	36
chr2	91159306	91160316	2	2	1	5	0	47
chr2	91159306	91162027	2	2	1	209	0	47
chr2	91160371	91162027	2	2	1	5	0	38
chr2	91681696	91682025	2	2	1	1	0	50
chr2	91681696	91684668	2	2	1	569	1	50
chr2	91681831	91684668	2	2	0	1	0	38
chr2	91682110	91684668	2	2	0	1	0	38
chr2	153670448	153670848	1	1	1	46	0	42
chr2	153670909	153672215	1	1	1	44	0	50
chr2	168752741	168754433	2	2	1	13217	15	46
chr2	168754471	168860933	2	2	0	1	3	20
chr3	60613521	60614682	1	1	1	97	0	45
chr3	60613521	60614688	1	1	0	1	0	38
chr3	60613521	60615619	1	1	1	26	0	44
chr3	60614737	60615619	1	1	1	97	0	38
chr3	87733505	87735344	1	1	0	115	0	42
chr3	88483947	88484046	2	2	1	200	0	38
chr3	88484155	88484614	2	2	1	192	0	40
chr3	119724187	119724611	2	2	1	1439	3	34
chr3	119724187	119726065	2	2	1	4	0	29
chr3	119724646	119726065	2	2	1	1475	3	38
chr3	129825617	129826823	2	2	1	1	0	11
chr4	31992517	31993403	1	1	0	1	0	21
chr4	31992517	31994873	1	1	1	1490	4	40
chr4	31992517	32002088	1	1	1	890	0	49
chr4	31993425	31994873	1	1	0	1	0	17
chr4	31994955	32002088	1	1	1	1489	4	49
chr4	107009769	107027216	1	1	1	35	0	38
chr4	107009769	107028192	1	1	1	187	0	43
chr4	107009769	107028217	1	1	0	1	0	35
chr4	107027298	107028192	1	1	1	39	0	41
chr4	139473637	139476130	1	1	1	3	0	8
chr5	23565266	23616326	2	2	1	172	0	45
chr5	65388442	65388561	2	2	1	2	0	29
chr5	72958287	72965803	1	1	1	2	0	37
chr5	72958287	72974530	1	1	1	24	0	41
chr5	72965882	72974530	1	1	1	3	0	41
chr5	116482537	116591333	2	2	1	3	0	32
chr5	149184807	149187707	1	1	1	34	0	43
chr5	149184807	149188344	1	1	1	355	0	45
chr5	149187835	149188344	1	1	1	3	0	39
chr5	149187864	149188344	1	1	0	1	0	39
chr5	149187877	149188344	1	1	1	31	0	39
chr6	72634233	72648800	2	2	1	2965	5	42
chr6	72634233	72649119	2	2	1	5445	4	48
chr6	72648843	72649119	2	2	1	2954	5	41
chr6	98939789	98940994	2	2	1	1	0	45
chr6	98939789	98941535	2	2	1	84	0	45
chr6	98939789	98944618	2	2	0	8	0	45
chr6	98941165	98944618	2	2	0	1	0	36
chr6	98941658	98944618	2	2	1	83	0	36
chr6	125162102	125162211	2	2	1	590	16	41
chr6	128371086	128371967	1	1	1	1534	0	43
chr6	128371086	128372530	1	1	1	60	0	49
chr6	128371086	128372533	1	1	1	559	0	46
chr6	128372013	128372504	1	1	0	5	0	26
chr6	128372013	128372509	1	1	0	3	0	31
chr6	128372013	128372530	1	1	1	211	0	47
chr6	128372013	128372533	1	1	1	1285	0	46
chr6	128372013	128372539	1	1	0	1	0	40
chr6	128372018	128372530	1	1	0	5	0	49
chr6	128372018	128372533	1	1	0	20	0	46
chr7	25724845	25725923	2	2	1	1	0	41
chr7	28174893	28174983	1	1	1	2	0	32
chr7	30192593	30192866	2	2	1	1	0	32
chr7	30192901	30193877	2	2	1	1	0	26
chr7	59229272	59247172	1	1	1	1	0	26
chr7	67240441	67244520	2	2	1	4	0	24
chr7	67240441	67251656	2	2	1	401	0	44
chr7	67244545	67251656	2	2	1	4	0	24
chr7	101405603	102001614	1	1	0	9	0	13
chr7	102001660	102002294	1	1	1	220	0	42
chr7	102001660	102007485	1	1	1	3138	1	45
chr7	102002337	102007485	1	1	1	216	0	40
chr7	102002538	102007485	1	1	0	1	0	38
chr7	112839481	112841887	1	1	1	7	1	41
chr7	112839481	112842039	1	1	1	165	1	41
chr7	112839481	112856052	1	1	1	1	1	12
chr7	112839481	112856797	1	1	1	16	0	41
chr7	112839481	112856803	1	1	0	1	0	43
chr7	112841906	112842057	1	1	0	0	1	18
chr7	112841951	112856052	1	1	1	2	0	12
chr7	112841951	112856797	1	1	0	1	0	37
chr7	112842103	112856052	1	1	1	21	0	12
chr7	112842103	112856797	1	1	1	151	1	44
chr7	112842103	112856803	1	1	0	1	0	43
chr7	112856065	112856797	1	1	1	25	1	15
chr7	127980247	127981190	1	1	1	12	0	5
chr7	127981292	127981410	1	1	1	12	0	6
chr7	144847532	144862231	1	1	1	1	0	3
chr7	144861833	144862231	1	1	1	637	2	29
chr7	144862267	144862764	1	1	0	2	0	35
chr7	144862336	144862764	1	1	1	634	2	43
chr8	33386064	33386329	1	1	0	1	0	46
chr8	72219861	72219940	1	1	1	1	0	30
chr8	95100453	95100646	2	2	1	403	0	31
chr8	95100453	95101408	2	2	0	755	0	46
chr8	95100674	95101408	2	2	1	403	0	43
chr8	123268550	123268744	2	2	1	95	0	46
chr9	43027296	43040539	2	2	1	20	0	38
chr9	43027296	43042590	2	2	1	262	0	46
chr9	43040597	43042590	2	2	1	21	0	45
chr9	80093642	80098885	1	1	1	1631	1	26
chr9	80093642	80098892	1	1	0	24	0	14
chr9	80093642	80103693	1	1	1	6244	1	46
chr9	80093642	80103698	1	1	0	2	0	44
chr9	80098907	80103693	1	1	1	1656	1	24
chr9	80103765	80116531	1	1	1	1	0	30
chr9	114597607	114597794	2	2	1	212	0	38
chr9	114597607	114598704	2	2	0	181	0	43
chr9	114597825	114598704	2	2	0	1	0	30
chr9	114597831	114598704	2	2	1	212	0	38
chr11	79458907	79463232	1	1	1	29	0	43
chr11	79458907	79468716	1	1	1	41	0	45
chr11	79463296	79468716	1	1	1	29	0	38
chr11	84994578	85005807	2	2	1	1	0	17
chr11	85005929	85006992	2	2	1	1	0	14
chr11	94112147	94113262	1	1	1	17	0	21
chr11	94112147	94113279	1	1	0	1	0	21
chr11	94112147	94114172	1	1	1	241	0	32
chr11	94113302	94114172	1	1	1	18	0	39
chr11	100481848	100482144	2	2	1	1	0	39
chr11	102310550	102310925	2	2	0	1	0	32
chr11	102310577	102310925	2	2	1	85	1	42
chr11	102310577	102311379	2	2	1	252	0	46
chr11	102311037	102311379	2	2	1	85	1	45
chr12	71952560	71959805	1	1	1	219	0	43
chr12	71959913	71971093	1	1	1	1	0	21
chr12	83811361	83825258	2	2	1	167	0	33
chr12	83811361	83831921	2	2	1	103	1	41
chr12	83825292	83831921	2	2	1	167	0	34
chr12	113133338	113133495	1	1	0	12	0	42
chr12	113133338	113133540	1	1	1	250	1	42
chr12	113133338	113135796	1	1	1	545	0	29
chr12	113133577	113134186	1	1	0	2	0	28
chr12	113133577	113135796	1	1	1	251	1	29
chr12	113134231	113135796	1	1	0	2	0	29
chr13	46778994	46780625	2	2	1	842	0	40
chr13	46778994	46785245	2	2	1	2466	5	45
chr13	46780665	46785245	2	2	1	845	0	39
chr13	56084286	56089757	2	2	1	5	0	40
chr13	56084286	56096123	2	2	0	2	0	40
chr13	56089858	56096123	2	2	1	6	0	38
chr14	8171531	8172763	2	2	1	1	0	30
chr14	8172818	8172890	2	2	1	1	0	41
chr14	57643224	57643334	2	2	1	1	0	39
chr14	57643224	57648418	2	2	1	161	0	41
chr14	57643490	57648418	2	2	1	1	0	38
chr14	120389164	120395711	1	1	1	366	0	45
chr14	120389164	120395717	1	1	0	1	0	38
chr14	120389164	120396450	1	1	1	83	1	48
chr14	120395766	120396450	1	1	1	383	0	48
chr15	77102940	77105576	2	2	1	125	0	42
chr15	77102940	77113604	2	2	1	11	0	44
chr15	77105670	77113604	2	2	1	125	0	48
chr15	79716269	79716982	1	1	1	1	0	2
chr15	103242719	103243624	1	1	1	2	1	33
chr15	103243781	103243958	1	1	1	1	0	40
chr16	57178021	57181491	2	2	1	25	0	43
chr16	57178021	57182850	2	2	1	1234	2	44
chr16	57181537	57182850	2	2	1	25	0	33
chr16	94686604	94691580	1	1	1	2	0	45
chr17	12979205	13846588	1	1	0	10	0	12
chr17	13846640	13848354	1	1	1	505	0	24
chr17	13846640	13849107	1	1	1	10354	12	49
chr17	13846640	13849113	1	1	0	44	0	47
chr17	13846644	13849113	1	1	0	1	0	47
chr17	13848376	13849107	1	1	1	500	0	26
chr17	45570567	45570665	2	2	1	615	1	42
chr17	45570800	45571017	2	2	1	683	2	21
chr18	10726534	10740982	1	1	1	1	0	15
chr18	53948155	53948644	1	1	1	1527	3	28
chr18	53948155	53953244	1	1	1	8584	7	44
chr18	53948155	53953268	1	1	0	5	0	40
chr18	53948669	53949213	1	1	0	1	0	15
chr18	53948669	53953244	1	1	1	1528	3	26
chr18	53949263	53953244	1	1	0	2	0	37
chr19	7281256	7281797	2	4	1	133	0	39
chr19	7281256	7282725	2	2	1	447	0	36
chr19	7281960	7282725	2	2	1	135	0	26
