chr1	34295537	34296741	1	1	1	100	0	18
chr1	34295537	34299720	1	1	1	40	0	39
chr1	34296760	34299720	1	1	1	100	0	20
chr1	40010678	40011649	1	1	1	103	0	21
chr1	40010678	40011783	1	1	0	1	0	21
chr1	40010678	40011811	1	1	0	1	0	21
chr1	40010678	40014105	1	1	1	40	1	32
chr1	40011842	40014105	1	1	1	102	0	38
chr1	55088413	55089050	1	1	1	1	0	30
chr1	82735508	82741817	1	1	1	1	0	40
chr1	82735508	82747082	1	1	1	2	0	40
chr1	82735508	82750519	1	1	1	61	0	41
chr1	82747143	82750519	1	1	1	3	0	39
chr2	25583989	25584102	2	2	1	1	0	33
chr2	25584162	25584775	2	2	1	1	0	35
chr2	32292216	32293314	1	1	1	8	0	43
chr2	32292216	32296625	1	1	1	71	0	43
chr2	32293396	32296625	1	1	1	9	0	38
chr2	59932171	59933405	2	2	0	51	0	37
chr2	59932171	59933411	2	2	1	382	0	31
chr2	59932171	59933670	2	2	1	4	0	38
chr2	59933439	59933670	2	2	1	423	0	28
chr2	71849507	71853533	1	1	1	558	0	41
chr2	71849507	71853820	1	1	0	2	0	37
chr2	71849507	71855853	1	1	1	3398	4	44
chr2	71853664	71855853	1	1	1	572	0	41
chr2	71853891	71855853	1	1	0	2	0	40
chr2	75662926	75663570	1	1	1	8	1	39
chr2	91001089	91001461	1	1	1	835	1	27
chr2	91001511	91003210	1	1	1	835	1	27
chr2	91003238	91003810	1	1	0	4	0	27
chr2	91003346	91003810	1	1	1	19	0	36
chr2	91159306	91160316	2	2	1	217	0	47
chr2	91159306	91162027	2	2	1	481	2	47
chr2	91160371	91162027	2	2	1	216	0	39
chr2	91681696	91682025	2	2	1	1	0	50
chr2	91681696	91684668	2	2	1	181	0	50
chr2	91682137	91684668	2	2	1	1	0	38
chr2	153670448	153672215	1	1	1	3	0	50
chr3	51399756	51400668	2	2	0	1	0	21
chr3	60422418	60613472	1	1	0	0	3	15
chr3	60613521	60614682	1	1	1	1837	4	46
chr3	60613521	60614688	1	1	0	3	0	44
chr3	60613521	60615619	1	1	1	1302	2	46
chr3	60614737	60615619	1	1	1	1839	4	39
chr3	87733505	87734423	1	1	1	16	0	39
chr3	87733505	87735344	1	1	0	15	0	39
chr3	87734553	87735344	1	1	1	16	0	37
chr3	88483947	88484046	2	2	1	246	0	38
chr3	88484155	88484614	2	2	1	241	0	39
chr3	119724187	119724611	2	2	1	4401	4	34
chr3	119724187	119726065	2	2	1	18	0	29
chr3	119724646	119726065	2	2	1	4518	4	38
chr3	119726116	120643502	2	2	0	4	0	13
chr3	129825617	129826823	2	2	1	1	0	30
chr4	31992517	31994873	1	1	1	313	0	38
chr4	31992517	32002088	1	1	1	4374	6	49
chr4	31994955	32002088	1	1	1	318	0	49
chr4	107009769	107027216	1	1	1	19	0	38
chr4	107009769	107028192	1	1	1	179	0	42
chr4	107009769	107028217	1	1	0	1	0	35
chr4	107027298	107028192	1	1	1	24	0	41
chr4	107031092	107036935	1	1	1	1	0	29
chr5	23565266	23615740	2	2	0	2	0	38
chr5	23565266	23616326	2	2	1	1219	4	49
chr5	23615795	23616326	2	2	0	2	0	45
chr5	72958287	72965803	1	1	1	3	0	37
chr5	72958287	72974530	1	1	1	96	0	42
chr5	72965882	72974530	1	1	1	4	0	41
chr5	116477146	116482389	2	2	1	1	0	33
chr5	116482537	116591333	2	2	1	847	4	50
chr5	149184807	149185484	1	1	1	1	0	43
chr5	149184807	149187707	1	1	1	25	0	43
chr5	149184807	149188344	1	1	1	792	3	45
chr5	149185662	149188344	1	1	0	1	0	39
chr5	149187835	149188344	1	1	1	2	0	39
chr5	149187864	149188344	1	1	0	1	0	37
chr5	149187877	149188344	1	1	1	22	0	39
chr5	149188474	149193839	1	1	1	1	0	25
chr6	47577668	47594893	2	2	1	1	0	24
chr6	98939789	98940994	2	2	1	1	0	45
chr6	98939789	98941535	2	2	1	187	2	48
chr6	98939789	98944618	2	2	0	16	0	45
chr6	98941165	98944618	2	2	0	1	0	36
chr6	98941658	98944618	2	2	1	182	2	37
chr6	125162102	125162211	2	2	1	313	8	36
chr6	128371086	128371967	1	1	1	5082	2	45
chr6	128371086	128371980	1	1	0	1	0	32
chr6	128371086	128372533	1	1	1	31	0	46
chr6	128372013	128372504	1	1	0	36	1	26
chr6	128372013	128372509	1	1	0	10	0	31
chr6	128372013	128372530	1	1	1	680	0	49
chr6	128372013	128372533	1	1	1	4318	1	46
chr6	128372013	128372536	1	1	0	2	0	43
chr6	128372018	128372530	1	1	0	9	0	49
chr6	128372018	128372533	1	1	0	42	0	46
chr7	25724845	25725923	2	2	1	2	0	28
chr7	30192593	30192866	2	2	1	2	0	32
chr7	30192901	30193877	2	2	1	2	0	26
chr7	59229272	59247172	1	1	1	1	0	9
chr7	67240441	67244520	2	2	1	185	0	24
chr7	67240441	67251656	2	2	1	2047	2	48
chr7	67244545	67251656	2	2	1	185	0	24
chr7	102001660	102002294	1	1	1	1030	1	43
chr7	102001660	102007485	1	1	1	594	0	46
chr7	102002310	102007485	1	1	0	4	0	15
chr7	102002337	102007485	1	1	1	1030	1	41
chr7	112839481	112841887	1	1	1	2	0	41
chr7	112839481	112842039	1	1	1	121	0	41
chr7	112839481	112856052	1	1	1	4	0	12
chr7	112839481	112856797	1	1	1	5	0	41
chr7	112841951	112856052	1	1	1	1	0	12
chr7	112842103	112856052	1	1	1	116	0	12
chr7	112842103	112856797	1	1	1	7	0	37
chr7	112856065	112856797	1	1	1	120	0	12
chr7	112856065	112856803	1	1	0	1	0	12
chr7	127980247	127981190	1	1	1	11	0	30
chr7	127981292	127981410	1	1	1	14	0	6
chr8	25532429	25555507	1	1	1	1	0	44
chr8	25532429	25557730	1	1	1	1	0	44
chr8	25555775	25557730	1	1	1	2	0	38
chr8	91688606	91932332	1	1	0	4	0	13
chr8	95100453	95100646	2	2	1	804	1	31
chr8	95100453	95101408	2	2	0	167	0	46
chr8	95100674	95101408	2	2	1	804	1	42
chr8	123268550	123268744	2	2	1	91	0	46
chr9	43027296	43040539	2	2	1	138	0	41
chr9	43027296	43042590	2	2	1	207	0	46
chr9	43040593	43042590	2	2	0	1	0	43
chr9	43040597	43042590	2	2	1	137	0	46
chr9	59454470	59485978	2	2	1	1	0	36
chr9	80093642	80098885	1	1	1	8080	5	30
chr9	80093642	80098892	1	1	0	180	0	44
chr9	80093642	80103693	1	1	1	519	0	45
chr9	80098907	80101831	1	1	0	2	0	21
chr9	80098907	80103693	1	1	1	8254	5	24
chr9	80098907	80103698	1	1	0	3	0	21
chr9	80101891	80103693	1	1	0	3	0	37
chr9	114597607	114597790	2	2	0	1	0	40
chr9	114597607	114597794	2	2	1	542	1	39
chr9	114597607	114598704	2	2	0	34	0	42
chr9	114597825	114598704	2	2	0	1	0	30
chr9	114597831	114598704	2	2	1	541	1	39
chr9	123011638	123013939	1	1	1	1	0	14
chr9	123014013	123014468	1	1	1	1	0	14
chr9	123014507	123017244	1	1	1	1	0	38
chr11	79458907	79463232	1	1	1	12	0	42
chr11	79458907	79468716	1	1	1	190	0	43
chr11	79463296	79468716	1	1	1	12	0	39
chr11	94112147	94113262	1	1	1	93	0	21
chr11	94112147	94113279	1	1	0	1	0	21
chr11	94112147	94114172	1	1	1	349	0	32
chr11	94113302	94114172	1	1	1	95	0	39
chr11	102310577	102310925	2	2	1	54	0	42
chr11	102310577	102311379	2	2	1	681	0	46
chr11	102311037	102311360	2	2	0	1	0	27
chr11	102311037	102311379	2	2	1	50	0	45
chr12	71952560	71958746	1	1	1	39	0	27
chr12	71952560	71959805	1	1	1	49	0	43
chr12	71958774	71959805	1	1	1	39	0	27
chr12	83811361	83811669	2	2	0	2	0	37
chr12	83811361	83819180	2	2	0	1	0	37
chr12	83811361	83825258	2	2	1	49	0	33
chr12	83811361	83831921	2	2	1	412	1	41
chr12	83811744	83831921	2	2	0	2	0	38
chr12	83825292	83831921	2	2	1	49	0	33
chr12	112928622	113133308	1	1	0	0	5	13
chr12	113133338	113133495	1	1	0	139	29	44
chr12	113133338	113133540	1	1	1	2254	74	43
chr12	113133338	113134761	1	1	0	3	0	42
chr12	113133338	113135796	1	1	1	26	0	29
chr12	113133577	113134186	1	1	0	2	0	28
chr12	113133577	113134761	1	1	0	2	0	22
chr12	113133577	113134800	1	1	0	13	0	14
chr12	113133577	113135796	1	1	1	2277	103	29
chr12	113134231	113135796	1	1	0	1	0	29
chr12	113134813	113135796	1	1	0	16	0	29
chr13	46778994	46780545	2	2	0	2	0	40
chr13	46778994	46780625	2	2	1	415	0	42
chr13	46778994	46785245	2	2	1	2593	2	46
chr13	46780665	46785245	2	2	1	424	0	40
chr13	56084286	56088251	2	2	1	2	0	40
chr13	56084286	56089757	2	2	1	49	0	40
chr13	56084286	56096123	2	2	0	1	0	40
chr13	56088343	56096123	2	2	1	2	0	38
chr13	56089858	56096123	2	2	1	49	0	38
chr14	57643224	57643334	2	2	1	3	0	39
chr14	57643224	57648418	2	2	1	109	0	42
chr14	57643365	57648418	2	2	0	1	0	30
chr14	57643490	57648418	2	2	1	2	0	38
chr14	101665890	101666511	1	1	1	1	0	7
chr14	120389164	120395711	1	1	1	152	0	39
chr14	120389164	120396450	1	1	1	310	0	48
chr14	120395766	120396450	1	1	1	159	0	48
chr15	76194431	76194750	2	2	1	1	0	23
chr15	76194813	76229357	2	2	1	1	0	7
chr15	77102940	77105576	2	2	1	241	0	41
chr15	77102940	77113604	2	2	1	19	0	48
chr15	77105670	77113604	2	2	1	239	0	48
chr16	57178021	57181491	2	2	1	240	0	44
chr16	57178021	57182850	2	2	1	194	0	43
chr16	57181537	57182850	2	2	1	239	0	33
chr17	6960791	6961027	0	0	1	0	1	2
chr17	8165699	8165923	1	1	1	0	1	2
chr17	12979205	13846588	1	1	0	75	3	12
chr17	13846613	13848354	1	1	0	3	0	21
chr17	13846640	13848354	1	1	1	4906	9	24
chr17	13846640	13848358	1	1	0	12	1	17
chr17	13846640	13848361	1	1	0	3	0	14
chr17	13846640	13849107	1	1	1	5736	7	46
chr17	13846640	13849113	1	1	0	15	0	47
chr17	13848376	13849107	1	1	1	4923	10	29
chr17	45570567	45570665	2	2	1	679	3	42
chr17	45570800	45571017	2	2	1	785	1	21
chr18	53948155	53948644	1	1	1	17625	11	33
chr18	53948155	53953244	1	1	1	4460	6	44
chr18	53948155	53953268	1	1	0	5	0	40
chr18	53948666	53953244	1	1	0	20	0	21
chr18	53948669	53953244	1	1	1	17591	10	37
chr18	53948673	53953244	1	1	0	2	0	28
chr19	7281251	7282725	2	2	0	1	0	31
chr19	7281256	7281797	2	4	1	204	0	39
chr19	7281256	7282725	2	2	1	1714	1	35
chr19	7281960	7282725	2	2	1	213	0	26
