chr1	34295537	34296741	1	1	1	115	0	18
chr1	34295537	34299720	1	1	1	20	0	38
chr1	34296760	34299720	1	1	1	115	0	18
chr1	40010678	40011649	1	1	1	82	0	21
chr1	40010678	40011783	1	1	0	1	0	21
chr1	40010678	40011811	1	1	0	5	0	21
chr1	40010678	40014105	1	1	1	46	3	32
chr1	40011842	40014105	1	1	1	83	0	39
chr1	55088413	55089050	1	1	1	1	0	30
chr1	82735508	82741817	1	1	1	3	0	40
chr1	82735508	82747082	1	1	1	1	0	40
chr1	82735508	82750519	1	1	1	86	0	42
chr1	82741977	82750519	1	1	1	2	0	38
chr1	82747143	82750519	1	1	1	1	0	38
chr2	32292216	32293314	1	1	1	26	0	43
chr2	32292216	32296625	1	1	1	109	0	44
chr2	32293396	32296625	1	1	1	26	0	38
chr2	59926161	59932104	2	2	1	2	0	7
chr2	59932171	59933405	2	2	0	78	0	37
chr2	59932171	59933411	2	2	1	523	0	32
chr2	59933439	59933670	2	2	1	588	0	28
chr2	71849507	71853533	1	1	1	673	1	42
chr2	71849507	71853875	1	1	0	1	0	15
chr2	71849507	71855853	1	1	1	4234	6	44
chr2	71849507	71855868	1	1	0	3	0	46
chr2	71849507	71855876	1	1	0	1	0	38
chr2	71853664	71855853	1	1	1	700	1	41
chr2	71853891	71855853	1	1	0	1	0	15
chr2	71853948	71855853	1	1	0	1	0	40
chr2	75662926	75663570	1	1	1	8	0	38
chr2	75663583	75663621	1	1	0	1	0	12
chr2	91001089	91001461	1	1	1	645	1	34
chr2	91001089	91003299	1	1	0	1	0	33
chr2	91001511	91003210	1	1	1	630	1	20
chr2	91001511	91003299	1	1	0	6	0	46
chr2	91003346	91003810	1	1	1	24	1	36
chr2	91159306	91160316	2	2	1	226	0	47
chr2	91159306	91162027	2	2	1	550	0	47
chr2	91160371	91162027	2	2	1	226	0	39
chr2	91681696	91684668	2	2	1	252	0	50
chr2	153670448	153672215	1	1	1	3	0	50
chr3	60613521	60614682	1	1	1	1161	3	45
chr3	60613521	60614688	1	1	0	1	0	38
chr3	60613521	60615619	1	1	1	1034	3	45
chr3	60614737	60615619	1	1	1	1165	3	48
chr3	87733505	87734423	1	1	1	11	0	39
chr3	87733505	87734456	1	1	0	1	0	39
chr3	87733505	87735344	1	1	0	20	0	39
chr3	87734553	87735344	1	1	1	11	0	37
chr3	88483947	88484046	2	2	1	450	0	38
chr3	88484155	88484614	2	2	1	443	0	44
chr3	119724187	119724611	2	2	1	5919	6	34
chr3	119724187	119726065	2	2	1	13	0	29
chr3	119724629	119726065	2	2	0	3	0	17
chr3	119724646	119726065	2	2	1	6034	7	38
chr4	31992517	31994873	1	1	1	225	0	40
chr4	31992517	32002088	1	1	1	3478	6	49
chr4	31994955	32002088	1	1	1	227	0	49
chr4	107009769	107027216	1	1	1	13	0	38
chr4	107009769	107028192	1	1	1	131	0	43
chr4	107027298	107028192	1	1	1	18	0	41
chr4	107031092	107036935	1	1	1	2	0	29
chr5	23565266	23610849	2	2	0	1	0	37
chr5	23565266	23616326	2	2	1	565	0	46
chr5	23610909	23616326	2	2	0	1	0	45
chr5	28493655	28539334	2	2	0	0	1	13
chr5	72958287	72965803	1	1	1	2	0	40
chr5	72958287	72974530	1	1	1	106	0	42
chr5	72965882	72974530	1	1	1	2	0	41
chr5	116482537	116591333	2	2	1	967	3	50
chr5	149184807	149185484	1	1	1	1	0	42
chr5	149184807	149187707	1	1	1	18	0	43
chr5	149184807	149188344	1	1	1	617	0	45
chr5	149185662	149188344	1	1	0	1	0	39
chr5	149187877	149188344	1	1	1	19	0	39
chr6	47577668	47594893	2	2	1	4	0	35
chr6	98939789	98941535	2	2	1	216	0	46
chr6	98939789	98944618	2	2	0	6	0	45
chr6	98941658	98944618	2	2	1	213	0	37
chr6	125162102	125162211	2	2	1	383	13	43
chr6	128371086	128371967	1	1	1	2735	3	43
chr6	128371086	128371980	1	1	0	1	0	32
chr6	128371086	128372530	1	1	1	2	0	49
chr6	128371086	128372533	1	1	1	1	0	46
chr6	128372013	128372278	1	1	0	1	0	27
chr6	128372013	128372504	1	1	0	18	0	26
chr6	128372013	128372509	1	1	0	3	0	31
chr6	128372013	128372530	1	1	1	350	2	49
chr6	128372013	128372533	1	1	1	2335	3	46
chr6	128372013	128372536	1	1	0	1	0	43
chr6	128372018	128372504	1	1	0	1	0	26
chr6	128372018	128372530	1	1	0	3	0	49
chr6	128372018	128372533	1	1	0	24	0	46
chr6	128372306	128372533	1	1	0	1	0	27
chr7	25230041	25230604	2	2	1	2	0	26
chr7	30192593	30192866	2	2	1	1	0	32
chr7	30192901	30193877	2	2	1	1	0	18
chr7	67240441	67243755	2	2	0	1	0	40
chr7	67240441	67244520	2	2	1	166	0	24
chr7	67240441	67251656	2	2	1	1617	0	45
chr7	67243817	67244520	2	2	0	1	0	14
chr7	67244545	67250479	2	2	0	1	0	16
chr7	67244545	67251656	2	2	1	166	0	24
chr7	99849060	99858763	2	2	1	1	0	44
chr7	101288340	102001612	1	3	0	5	0	12
chr7	102001660	102002294	1	1	1	1873	2	43
chr7	102001660	102007485	1	1	1	835	0	43
chr7	102001665	102002300	1	1	0	0	1	36
chr7	102002337	102007485	1	1	1	1890	2	42
chr7	112839481	112841887	1	1	1	7	0	41
chr7	112839481	112842039	1	1	1	159	0	41
chr7	112839481	112856052	1	1	1	2	0	12
chr7	112839481	112856797	1	1	1	6	0	41
chr7	112841951	112856052	1	1	1	3	0	12
chr7	112842103	112856052	1	1	1	166	0	12
chr7	112842103	112856797	1	1	1	1	0	37
chr7	112856065	112856776	1	1	0	1	0	12
chr7	112856065	112856797	1	1	1	172	0	14
chr7	127980247	127981190	1	1	1	12	0	40
chr7	127981292	127981410	1	1	1	12	0	6
chr8	25532429	25557730	1	1	1	1	0	44
chr8	25555775	25557730	1	1	1	5	0	38
chr8	91688606	91932332	1	1	0	6	0	13
chr8	95100453	95100646	2	2	1	869	1	32
chr8	95100453	95101408	2	2	0	151	0	46
chr8	95100674	95101408	2	2	1	869	1	42
chr8	123268550	123268744	2	2	1	271	0	47
chr9	43027296	43040539	2	2	1	95	0	39
chr9	43027296	43042590	2	2	1	139	0	45
chr9	43040593	43042590	2	2	0	1	0	43
chr9	43040597	43042590	2	2	1	94	0	45
chr9	80093642	80098885	1	1	1	8052	5	30
chr9	80093642	80098892	1	1	0	162	0	14
chr9	80093642	80103693	1	1	1	272	0	45
chr9	80098907	80103693	1	1	1	8204	5	37
chr9	80098907	80103698	1	1	0	7	0	21
chr9	80101891	80103693	1	1	0	1	0	37
chr9	114597607	114597794	2	2	1	464	0	38
chr9	114597607	114598704	2	2	0	16	0	42
chr9	114597825	114598704	2	2	0	6	0	30
chr9	114597831	114598704	2	2	1	457	0	36
chr9	123011638	123013939	1	1	1	1	0	14
chr9	123014013	123014468	1	1	1	1	0	14
chr9	123014507	123017244	1	1	1	1	0	38
chr11	79458907	79463232	1	1	1	24	0	42
chr11	79458907	79468716	1	1	1	227	0	43
chr11	79458907	79468740	1	1	0	2	0	39
chr11	79463296	79468716	1	1	1	24	0	39
chr11	84994578	85005807	2	2	1	1	0	17
chr11	85005929	85006992	2	2	1	1	0	14
chr11	94112147	94113262	1	1	1	93	0	21
chr11	94112147	94114172	1	1	1	318	0	32
chr11	94113302	94114172	1	1	1	98	0	39
chr11	102310577	102310925	2	2	1	65	0	42
chr11	102310577	102311379	2	2	1	992	0	46
chr11	102311037	102311379	2	2	1	64	0	45
chr12	71952560	71958746	1	1	1	53	0	27
chr12	71952560	71959805	1	1	1	67	0	43
chr12	71958774	71959805	1	1	1	53	0	29
chr12	83811361	83811669	2	2	0	1	0	37
chr12	83811361	83825258	2	2	1	45	0	33
chr12	83811361	83831921	2	2	1	456	0	41
chr12	83811744	83831921	2	2	0	1	0	38
chr12	83825292	83831921	2	2	1	44	0	33
chr12	112928622	113133308	1	1	0	0	4	13
chr12	113133338	113133495	1	1	0	138	21	45
chr12	113133338	113133540	1	1	1	2425	77	42
chr12	113133338	113135796	1	1	1	31	0	29
chr12	113133577	113134186	1	1	0	3	0	28
chr12	113133577	113134761	1	1	0	2	0	21
chr12	113133577	113134800	1	1	0	14	1	14
chr12	113133577	113135796	1	1	1	2482	97	29
chr12	113134231	113135796	1	1	0	3	0	29
chr12	113134813	113135796	1	1	0	15	1	29
chr13	46778994	46780545	2	2	0	1	0	40
chr13	46778994	46780625	2	2	1	629	0	43
chr13	46778994	46785245	2	2	1	2992	4	46
chr13	46780665	46785245	2	2	1	637	0	40
chr13	56084286	56089757	2	2	1	53	0	41
chr13	56089858	56096123	2	2	1	56	0	41
chr14	55022207	55023049	1	1	1	2	0	31
chr14	57643224	57643334	2	2	1	6	0	39
chr14	57643224	57648418	2	2	1	152	0	39
chr14	57643490	57648418	2	2	1	6	0	38
chr14	120389164	120395711	1	1	1	201	1	39
chr14	120389164	120396450	1	1	1	621	1	48
chr14	120395766	120396450	1	1	1	212	1	48
chr15	77102940	77105576	2	2	1	269	0	41
chr15	77102940	77113604	2	2	1	17	0	48
chr15	77105670	77113604	2	2	1	270	0	48
chr15	103242719	103243624	1	1	1	0	2	33
chr16	57178021	57181491	2	2	1	386	0	45
chr16	57178021	57182850	2	2	1	158	0	44
chr16	57181537	57182850	2	2	1	388	0	44
chr17	12979205	13846588	1	1	0	57	1	12
chr17	13846640	13848354	1	1	1	5424	11	24
chr17	13846640	13849107	1	1	1	6465	9	50
chr17	13846640	13849113	1	1	0	60	0	47
chr17	13848376	13849107	1	1	1	5393	11	29
chr17	13848376	13849113	1	1	0	6	0	21
chr17	45570567	45570665	2	2	1	583	2	37
chr17	45570800	45571017	2	2	1	645	1	24
chr18	10726534	10740982	1	1	1	1	0	15
chr18	53948155	53948381	1	1	0	1	0	37
chr18	53948155	53948644	1	1	1	14792	20	30
chr18	53948155	53948651	1	1	0	3	0	17
chr18	53948155	53952820	1	1	0	1	0	39
chr18	53948155	53953244	1	1	1	2561	4	45
chr18	53948447	53953244	1	1	0	1	0	37
chr18	53948666	53953244	1	1	0	5	0	21
chr18	53948669	53953244	1	1	1	14774	21	37
chr18	53948669	53953268	1	1	0	2	0	24
chr18	53952864	53953244	1	1	0	1	0	37
chr19	7281251	7282725	2	2	0	1	0	26
chr19	7281256	7281797	2	4	1	234	0	39
chr19	7281256	7282725	2	2	1	1650	1	36
chr19	7281960	7282725	2	2	1	246	0	35
chrX	73952667	73952825	2	2	1	1	0	10
