chr1	34295537	34296741	1	1	1	12	0	18
chr1	34295537	34299720	1	1	1	98	0	39
chr1	34296760	34299720	1	1	1	12	0	19
chr1	40010678	40011649	1	1	1	12	0	21
chr1	40010678	40014105	1	1	1	76	2	32
chr1	40011842	40014105	1	1	1	13	0	37
chr1	82735508	82741817	1	1	1	1	0	20
chr1	82735508	82745523	1	1	1	1	0	33
chr1	82735508	82747082	1	1	1	1	0	40
chr1	82735508	82750519	1	1	1	33	0	41
chr1	82745557	82747082	1	1	1	1	0	6
chr1	82747143	82750519	1	1	1	2	0	38
chr2	24884703	24887002	2	2	1	1	0	17
chr2	32292216	32296625	1	1	1	40	0	43
chr2	59932171	59933405	2	2	0	2	0	33
chr2	59932171	59933411	2	2	1	25	0	31
chr2	59932171	59933670	2	2	1	9	0	39
chr2	59933439	59933670	2	2	1	26	0	28
chr2	71849507	71853533	1	1	1	14	0	39
chr2	71849507	71855853	1	1	1	1253	5	43
chr2	71853664	71855853	1	1	1	16	0	40
chr2	75662926	75663570	1	1	1	9	0	39
chr2	91001089	91001461	1	1	1	241	0	24
chr2	91001511	91003210	1	1	1	240	0	24
chr2	91003346	91003810	1	1	1	8	0	36
chr2	91159300	91162027	2	2	0	1	0	41
chr2	91159306	91160316	2	2	1	9	0	47
chr2	91159306	91162027	2	2	1	94	0	47
chr2	91160371	91162027	2	2	1	9	0	38
chr2	91681696	91684668	2	2	1	445	0	50
chr2	153670448	153670848	1	1	1	23	0	42
chr2	153670909	153672215	1	1	1	24	0	50
chr2	168752741	168754433	2	2	1	16237	19	46
chr2	168754480	168788998	2	2	0	1	0	12
chr3	60613521	60614682	1	1	1	46	0	45
chr3	60613521	60615619	1	1	1	14	0	44
chr3	60614737	60615619	1	1	1	46	0	37
chr3	87733505	87734423	1	1	1	1	0	39
chr3	87733505	87735344	1	1	0	89	0	39
chr3	87734553	87735344	1	1	1	1	0	37
chr3	88483947	88484046	2	2	1	103	0	39
chr3	88484155	88484614	2	2	1	100	0	39
chr3	119724187	119724611	2	2	1	1060	0	34
chr3	119724646	119726065	2	2	1	1080	0	38
chr3	129825617	129826823	2	2	1	2	0	36
chr4	31992517	31994873	1	1	1	646	1	40
chr4	31992517	32002088	1	1	1	524	1	49
chr4	31994955	32002088	1	1	1	643	1	49
chr4	107009769	107027216	1	1	1	22	0	39
chr4	107009769	107028192	1	1	1	169	1	42
chr4	107027298	107028192	1	1	1	24	0	41
chr5	23565266	23616326	2	2	1	104	0	45
chr5	72958287	72965803	1	1	1	2	0	37
chr5	72958287	72974530	1	1	1	19	0	41
chr5	72965882	72974530	1	1	1	2	0	41
chr5	116482537	116591333	2	2	1	3	0	32
chr5	149184807	149187707	1	1	1	16	0	43
chr5	149184807	149188344	1	1	1	175	1	43
chr5	149187835	149188344	1	1	1	3	0	39
chr5	149187877	149188344	1	1	1	13	0	39
chr6	72634233	72634303	2	2	0	1	0	37
chr6	72634233	72648800	2	2	1	2667	1	42
chr6	72634233	72649119	2	2	1	6789	4	50
chr6	72634351	72649119	2	2	0	1	0	40
chr6	72648843	72649119	2	2	1	2659	1	41
chr6	98939789	98941535	2	2	1	15	0	45
chr6	98939789	98944618	2	2	0	5	0	45
chr6	98941165	98944618	2	2	0	1	0	36
chr6	98941658	98944618	2	2	1	15	0	36
chr6	125162102	125162211	2	2	1	318	5	36
chr6	128371086	128371967	1	1	1	1108	0	42
chr6	128371086	128372530	1	1	1	58	0	49
chr6	128371086	128372533	1	1	1	532	1	46
chr6	128371086	128372539	1	1	0	1	0	40
chr6	128372013	128372504	1	1	0	1	0	26
chr6	128372013	128372509	1	1	0	1	0	31
chr6	128372013	128372530	1	1	1	152	0	49
chr6	128372013	128372533	1	1	1	939	0	46
chr6	128372018	128372530	1	1	0	1	0	49
chr6	128372018	128372533	1	1	0	20	0	46
chr7	25724845	25725923	2	2	1	1	0	38
chr7	67240441	67244520	2	2	1	5	0	24
chr7	67240441	67251656	2	2	1	379	0	44
chr7	67240443	67251659	1	1	0	1	0	41
chr7	67244545	67251656	2	2	1	5	0	24
chr7	102001660	102002294	1	1	1	108	0	42
chr7	102001660	102007485	1	1	1	2569	0	45
chr7	102002337	102007485	1	1	1	109	0	38
chr7	112839481	112841887	1	1	1	6	1	41
chr7	112839481	112842039	1	1	1	65	1	41
chr7	112839481	112856052	1	1	1	1	0	12
chr7	112839481	112856797	1	1	1	16	0	41
chr7	112841906	112842057	1	1	0	0	1	18
chr7	112841951	112856052	1	1	1	1	0	12
chr7	112841951	112856797	1	1	0	3	0	37
chr7	112842103	112856052	1	1	1	2	0	12
chr7	112842103	112856797	1	1	1	66	1	45
chr7	112856065	112856797	1	1	1	4	0	12
chr7	127980247	127981190	1	1	1	5	0	5
chr7	127981292	127981410	1	1	1	4	0	6
chr7	144861833	144862231	1	1	1	773	1	39
chr7	144862267	144862764	1	1	0	2	0	28
chr7	144862336	144862764	1	1	1	761	2	49
chr8	95100453	95100646	2	2	1	384	1	31
chr8	95100453	95101408	2	2	0	877	1	46
chr8	95100674	95101408	2	2	1	384	1	42
chr8	123268550	123268744	2	2	1	74	0	46
chr9	43027296	43040539	2	2	1	9	0	40
chr9	43027296	43042590	2	2	1	180	0	45
chr9	43040597	43042590	2	2	1	9	0	45
chr9	80093642	80098885	1	1	1	1179	0	26
chr9	80093642	80098892	1	1	0	22	0	14
chr9	80093642	80103693	1	1	1	6680	3	45
chr9	80093642	80103698	1	1	0	7	0	44
chr9	80098907	80103693	1	1	1	1201	0	24
chr9	80098907	80103698	1	1	0	1	0	21
chr9	114597607	114597794	2	2	1	154	0	38
chr9	114597607	114598704	2	2	0	182	0	42
chr9	114597825	114598704	2	2	0	1	0	30
chr9	114597831	114598704	2	2	1	153	0	38
chr11	79458907	79463232	1	1	1	16	0	42
chr11	79458907	79468716	1	1	1	26	0	42
chr11	79463296	79468716	1	1	1	16	0	39
chr11	83497297	83497893	1	1	1	1	0	16
chr11	83497927	83499072	1	1	1	1	0	33
chr11	94112147	94113262	1	1	1	13	0	21
chr11	94112147	94114172	1	1	1	169	0	32
chr11	94113302	94114172	1	1	1	13	0	39
chr11	102310577	102310925	2	2	1	40	0	42
chr11	102310577	102311379	2	2	1	226	1	45
chr11	102311037	102311379	2	2	1	41	0	45
chr12	71952560	71959805	1	1	1	99	0	45
chr12	83811361	83825258	2	2	1	88	0	33
chr12	83811361	83831921	2	2	1	93	0	41
chr12	83825292	83831921	2	2	1	88	0	33
chr12	113133338	113133495	1	1	0	2	0	42
chr12	113133338	113133540	1	1	1	206	1	43
chr12	113133338	113134186	1	1	0	1	0	42
chr12	113133338	113135796	1	1	1	765	0	29
chr12	113133577	113135796	1	1	1	191	1	29
chr12	113134231	113134800	1	1	0	1	0	12
chr12	113134813	113135796	1	1	0	1	0	12
chr13	46778994	46780625	2	2	1	378	0	40
chr13	46778994	46785245	2	2	1	1853	2	45
chr13	46780665	46785245	2	2	1	378	0	39
chr13	56084286	56089757	2	2	1	13	0	40
chr13	56089858	56096123	2	2	1	12	0	41
chr14	57643224	57648418	2	2	1	76	0	47
chr14	120389164	120395711	1	1	1	125	0	38
chr14	120389164	120395717	1	1	0	2	0	38
chr14	120389164	120396450	1	1	1	30	0	48
chr14	120395766	120396450	1	1	1	130	0	48
chr15	77102940	77105576	2	2	1	65	0	41
chr15	77102940	77113604	2	2	1	4	0	44
chr15	77105670	77113604	2	2	1	66	0	48
chr15	103242719	103243624	1	1	1	0	1	33
chr16	57178021	57181491	2	2	1	11	0	43
chr16	57178021	57182850	2	2	1	928	2	44
chr16	57181537	57182850	2	2	1	11	0	33
chr17	12979205	13846588	1	1	0	26	1	12
chr17	13846640	13848354	1	1	1	489	0	21
chr17	13846640	13849107	1	1	1	15054	18	47
chr17	13846640	13849113	1	1	0	116	0	49
chr17	13848376	13849107	1	1	1	483	0	26
chr17	13848376	13849113	1	1	0	8	0	21
chr17	45570567	45570665	2	2	1	284	0	42
chr17	45570800	45571017	2	2	1	321	0	21
chr17	51783067	51785528	2	2	1	1	0	40
chr17	51785641	51803430	2	2	1	1	0	14
chr18	10726534	10740982	1	1	1	1	0	15
chr18	53948155	53948644	1	1	1	1360	2	28
chr18	53948155	53953244	1	1	1	12471	12	45
chr18	53948669	53953244	1	1	1	1357	2	25
chr18	53953289	53966848	1	1	0	0	1	20
chr19	7281256	7281797	2	4	1	62	0	38
chr19	7281256	7282725	2	2	1	315	1	35
chr19	7281960	7282725	2	2	1	64	0	35
chr19	23687546	23694320	1	1	1	1	0	37
chr19	52999213	53000388	2	2	1	1	0	42
chr19	53000461	53002473	2	2	1	1	0	12
