chr1	34295537	34296741	1	1	1	53	0	18
chr1	34295537	34299720	1	1	1	18	0	38
chr1	34296760	34299720	1	1	1	53	0	19
chr1	40010678	40011649	1	1	1	76	0	28
chr1	40010678	40011787	1	1	0	1	0	21
chr1	40010678	40014105	1	1	1	38	3	32
chr1	40011842	40014105	1	1	1	77	0	38
chr1	82735508	82747082	1	1	1	2	0	40
chr1	82735508	82750519	1	1	1	44	0	40
chr1	82747143	82750519	1	1	1	2	0	38
chr2	30066894	30068268	1	1	1	1	0	21
chr2	32292216	32293314	1	1	1	7	0	43
chr2	32292216	32296625	1	1	1	64	0	43
chr2	32293396	32296625	1	1	1	7	0	38
chr2	59926161	59932104	2	2	1	2	0	23
chr2	59932171	59933405	2	2	0	55	0	37
chr2	59932171	59933411	2	2	1	288	0	31
chr2	59932171	59933670	2	2	1	2	0	38
chr2	59933439	59933670	2	2	1	336	0	28
chr2	71849507	71853533	1	1	1	539	1	42
chr2	71849507	71855853	1	1	1	3121	7	43
chr2	71849507	71855868	1	1	0	12	0	46
chr2	71853664	71855853	1	1	1	554	1	41
chr2	75662926	75663570	1	1	1	3	0	25
chr2	91001089	91001461	1	1	1	538	1	24
chr2	91001511	91003210	1	1	1	530	1	25
chr2	91003238	91003810	1	1	0	2	0	27
chr2	91003346	91003810	1	1	1	16	0	36
chr2	91159306	91160316	2	2	1	189	0	47
chr2	91159306	91162027	2	2	1	350	0	47
chr2	91160371	91162027	2	2	1	188	0	40
chr2	91681696	91684668	2	2	1	164	0	50
chr2	153670448	153672215	1	1	1	1	0	50
chr3	60201323	60613472	1	1	0	0	4	14
chr3	60422418	60613472	1	1	0	0	5	15
chr3	60613521	60614682	1	1	1	1505	7	45
chr3	60613521	60615619	1	1	1	891	4	45
chr3	60614737	60615619	1	1	1	1520	8	42
chr3	87733505	87734423	1	1	1	12	0	39
chr3	87733505	87735344	1	1	0	10	0	41
chr3	87734553	87735344	1	1	1	12	0	37
chr3	88483947	88484046	2	2	1	241	0	37
chr3	88484155	88484614	2	2	1	238	0	39
chr3	119724187	119724611	2	2	1	4067	2	34
chr3	119724187	119726065	2	2	1	20	0	29
chr3	119724646	119726065	2	2	1	4214	2	38
chr3	129825617	129826823	2	2	1	1	0	36
chr4	31992517	31994873	1	1	1	196	0	39
chr4	31992517	32002088	1	1	1	2833	3	49
chr4	31994955	32002088	1	1	1	200	0	49
chr4	107009769	107027216	1	1	1	22	0	39
chr4	107009769	107028192	1	1	1	144	0	42
chr4	107027298	107028192	1	1	1	23	0	41
chr4	107031092	107036935	1	1	1	1	0	29
chr5	23565266	23616326	2	2	1	769	1	46
chr5	72958287	72974530	1	1	1	82	0	42
chr5	116475248	116477058	2	2	1	1	0	24
chr5	116477146	116482389	2	2	1	1	0	33
chr5	116482537	116591333	2	2	1	689	4	50
chr5	149184807	149187707	1	1	1	20	0	43
chr5	149184807	149188344	1	1	1	677	0	45
chr5	149187835	149188344	1	1	1	2	0	39
chr5	149187864	149188344	1	1	0	1	0	39
chr5	149187877	149188344	1	1	1	17	0	39
chr6	47577668	47594893	2	2	1	1	0	24
chr6	98939789	98941535	2	2	1	75	0	46
chr6	98939789	98944618	2	2	0	4	0	45
chr6	98941658	98944618	2	2	1	75	0	36
chr6	125162102	125162211	2	2	1	203	4	38
chr6	128371086	128371967	1	1	1	2148	2	43
chr6	128371086	128372530	1	1	1	2	0	49
chr6	128371086	128372533	1	1	1	5	0	46
chr6	128372013	128372278	1	1	0	1	0	27
chr6	128372013	128372504	1	1	0	14	0	26
chr6	128372013	128372509	1	1	0	3	0	31
chr6	128372013	128372530	1	1	1	271	0	49
chr6	128372013	128372533	1	1	1	1830	2	46
chr6	128372013	128372536	1	1	0	3	0	43
chr6	128372013	128372539	1	1	0	2	0	40
chr6	128372018	128372530	1	1	0	1	0	49
chr6	128372018	128372533	1	1	0	24	0	46
chr6	128372306	128372533	1	1	0	1	0	27
chr7	67240441	67244520	2	2	1	108	0	24
chr7	67240441	67251656	2	2	1	1297	3	45
chr7	67244545	67251656	2	2	1	108	0	24
chr7	102001660	102002294	1	1	1	797	0	43
chr7	102001660	102007485	1	1	1	471	1	43
chr7	102002337	102007485	1	1	1	794	0	42
chr7	112839481	112841887	1	1	1	11	0	41
chr7	112839481	112842039	1	1	1	75	0	41
chr7	112839481	112856797	1	1	1	7	0	41
chr7	112841951	112856052	1	1	1	2	0	12
chr7	112842103	112856052	1	1	1	75	0	12
chr7	112842103	112856797	1	1	1	5	0	37
chr7	112856065	112856797	1	1	1	78	0	14
chr7	112856065	112856803	1	1	0	1	0	12
chr7	127980247	127981190	1	1	1	16	1	8
chr7	127981292	127981410	1	1	1	14	1	6
chr8	25532429	25557730	1	1	1	4	0	44
chr8	95100453	95100646	2	2	1	702	0	31
chr8	95100453	95101408	2	2	0	146	0	46
chr8	95100674	95101408	2	2	1	702	0	42
chr8	121628690	121651724	2	2	1	2	0	44
chr8	123268550	123268744	2	2	1	155	0	49
chr9	43027296	43040539	2	2	1	74	0	39
chr9	43027296	43042590	2	2	1	130	0	46
chr9	43040597	43042590	2	2	1	75	0	45
chr9	80093642	80098885	1	1	1	5257	2	26
chr9	80093642	80098892	1	1	0	126	0	18
chr9	80093642	80103693	1	1	1	264	0	45
chr9	80098907	80099016	1	1	0	3	0	21
chr9	80098907	80101831	1	1	0	2	0	21
chr9	80098907	80103693	1	1	1	5382	2	24
chr9	80099049	80103693	1	1	0	3	0	37
chr9	80101891	80103693	1	1	0	3	0	37
chr9	114597607	114597794	2	2	1	353	2	38
chr9	114597607	114598704	2	2	0	11	0	42
chr9	114597825	114598704	2	2	0	2	0	30
chr9	114597831	114598704	2	2	1	351	2	36
chr11	78233684	78245547	2	2	1	1	0	13
chr11	79458907	79463232	1	1	1	5	0	42
chr11	79458907	79468716	1	1	1	92	0	43
chr11	79463296	79468716	1	1	1	5	0	39
chr11	94112147	94113262	1	1	1	67	0	21
chr11	94112147	94114172	1	1	1	283	0	32
chr11	94113302	94114172	1	1	1	71	0	39
chr11	102310577	102310925	2	2	1	44	0	42
chr11	102310577	102311379	2	2	1	517	1	45
chr11	102311037	102311379	2	2	1	44	0	45
chr12	71952560	71958746	1	1	1	38	0	27
chr12	71952560	71959805	1	1	1	59	0	44
chr12	71958774	71959805	1	1	1	38	0	27
chr12	83811361	83825258	2	2	1	33	0	37
chr12	83811361	83831921	2	2	1	421	0	41
chr12	83825292	83831921	2	2	1	32	0	33
chr12	83825334	83831921	2	2	0	1	0	38
chr12	113133331	113133495	1	1	0	1	0	43
chr12	113133338	113133495	1	1	0	90	7	46
chr12	113133338	113133540	1	1	1	1634	35	43
chr12	113133338	113135796	1	1	1	25	0	29
chr12	113133577	113134800	1	1	0	4	0	12
chr12	113133577	113135796	1	1	1	1638	42	29
chr12	113134813	113135796	1	1	0	4	0	12
chr13	46778990	46785245	2	2	0	1	0	44
chr13	46778994	46780625	2	2	1	258	0	42
chr13	46778994	46785245	2	2	1	2157	4	45
chr13	46780665	46785245	2	2	1	259	0	39
chr13	56084286	56089757	2	2	1	44	0	40
chr13	56089858	56096123	2	2	1	48	0	38
chr14	57643224	57643334	2	2	1	2	0	39
chr14	57643224	57648418	2	2	1	65	0	47
chr14	57643490	57648418	2	2	1	2	0	38
chr14	120389164	120395711	1	1	1	173	0	39
chr14	120389164	120396450	1	1	1	370	1	48
chr14	120395766	120396450	1	1	1	176	0	48
chr15	77102940	77105576	2	2	1	134	0	43
chr15	77102940	77113604	2	2	1	3	0	48
chr15	77105670	77113604	2	2	1	134	0	48
chr15	103242719	103242921	1	1	1	1	0	13
chr16	57178021	57181491	2	2	1	192	0	43
chr16	57178021	57182850	2	2	1	177	1	44
chr16	57181507	57182850	2	2	0	1	0	15
chr16	57181537	57182850	2	2	1	192	0	37
chr17	12979205	13846588	1	1	0	36	2	12
chr17	13846613	13848354	1	1	0	7	0	21
chr17	13846640	13847291	1	1	0	2	0	19
chr17	13846640	13848354	1	1	1	3362	5	22
chr17	13846640	13849107	1	1	1	4508	9	49
chr17	13846640	13849113	1	1	0	27	1	47
chr17	13846644	13849113	1	1	0	1	0	47
chr17	13847311	13848354	1	1	0	2	0	19
chr17	13848376	13849107	1	1	1	3372	5	29
chr17	13848376	13849113	1	1	0	1	0	21
chr17	45570567	45570665	2	2	1	566	1	37
chr17	45570800	45571017	2	2	1	617	1	21
chr18	53948155	53948644	1	1	1	12605	8	38
chr18	53948155	53953244	1	1	1	2996	3	44
chr18	53948666	53953244	1	1	0	15	0	21
chr18	53948669	53953244	1	1	1	12568	8	26
chr18	53948681	53953244	1	1	0	1	0	36
chr18	64512050	64515325	2	2	1	1	0	16
chr18	64515409	64516415	2	2	1	1	0	31
chr19	7281256	7281797	2	4	1	203	0	38
chr19	7281256	7282725	2	2	1	1226	0	36
chr19	7281960	7282725	2	2	1	215	0	35
