chr1	34295537	34296741	1	1	1	22	0	18
chr1	34295537	34299720	1	1	1	201	0	39
chr1	34296760	34299720	1	1	1	22	0	18
chr1	40010678	40011649	1	1	1	12	0	21
chr1	40010678	40011787	1	1	0	1	0	21
chr1	40010678	40014105	1	1	1	61	2	32
chr1	40011842	40014105	1	1	1	12	0	37
chr1	82735508	82747082	1	1	1	4	0	40
chr1	82735508	82750519	1	1	1	64	0	40
chr1	82747143	82750519	1	1	1	3	0	38
chr2	32292216	32296625	1	1	1	54	0	43
chr2	59932171	59933405	2	2	0	2	0	33
chr2	59932171	59933411	2	2	1	61	0	32
chr2	59932171	59933670	2	2	1	13	0	38
chr2	59933439	59933670	2	2	1	61	0	28
chr2	71849507	71853533	1	1	1	32	1	39
chr2	71849507	71855853	1	1	1	2020	2	43
chr2	71853664	71855853	1	1	1	32	1	40
chr2	75662926	75663570	1	1	1	1	1	38
chr2	91001089	91001461	1	1	1	494	0	34
chr2	91001089	91003299	1	1	0	1	0	33
chr2	91001511	91003210	1	1	1	493	0	24
chr2	91003346	91003810	1	1	1	14	0	36
chr2	91159306	91160316	2	2	1	5	0	47
chr2	91159306	91162027	2	2	1	141	0	47
chr2	91160371	91162027	2	2	1	5	0	38
chr2	91681696	91682025	2	2	1	1	0	50
chr2	91681696	91684668	2	2	1	531	2	50
chr2	91682137	91684668	2	2	1	1	0	38
chr2	153670448	153670848	1	1	1	58	0	43
chr2	153670909	153672215	1	1	1	57	0	50
chr2	168752741	168754433	2	2	1	9123	13	46
chr3	60613521	60614682	1	1	1	42	0	44
chr3	60613521	60614688	1	1	0	1	0	44
chr3	60613521	60615619	1	1	1	7	0	44
chr3	60614737	60615619	1	1	1	42	0	38
chr3	87733505	87735344	1	1	0	102	0	44
chr3	88483947	88484046	2	2	1	117	0	38
chr3	88483947	88484614	2	2	0	1	0	38
chr3	88484155	88484614	2	2	1	116	0	39
chr3	119724187	119724611	2	2	1	1243	0	34
chr3	119724187	119726065	2	2	1	5	0	29
chr3	119724646	119726065	2	2	1	1279	0	38
chr4	31992517	31993403	1	1	0	1	0	21
chr4	31992517	31994873	1	1	1	1051	1	39
chr4	31992517	32002088	1	1	1	545	2	49
chr4	31993425	31994873	1	1	0	1	0	17
chr4	31994955	32002088	1	1	1	1041	0	49
chr4	107009769	107027216	1	1	1	25	1	38
chr4	107009769	107028192	1	1	1	125	0	42
chr4	107027298	107028192	1	1	1	29	1	41
chr5	23565266	23616326	2	2	1	98	0	45
chr5	72958287	72974530	1	1	1	13	0	44
chr5	116482537	116591333	2	2	1	2	0	50
chr5	149184807	149185484	1	1	1	1	0	43
chr5	149184807	149187707	1	1	1	27	1	43
chr5	149184807	149188344	1	1	1	241	0	43
chr5	149185662	149188344	1	1	0	1	0	39
chr5	149187806	149188344	1	1	0	1	0	39
chr5	149187835	149188344	1	1	1	4	0	39
chr5	149187877	149188344	1	1	1	22	1	39
chr6	47577668	47594893	2	2	1	2	0	7
chr6	72634233	72634303	2	2	0	1	0	37
chr6	72634233	72648800	2	2	1	1859	1	42
chr6	72634233	72649119	2	2	1	3970	4	50
chr6	72648843	72649119	2	2	1	1850	1	42
chr6	98939789	98940994	2	2	1	7	0	45
chr6	98939789	98941535	2	2	1	47	1	46
chr6	98939789	98944618	2	2	0	5	0	45
chr6	98941165	98944618	2	2	0	7	0	36
chr6	98941658	98944618	2	2	1	47	1	36
chr6	125162102	125162211	2	2	1	243	8	36
chr6	128371086	128371967	1	1	1	1240	2	44
chr6	128371086	128372530	1	1	1	87	0	49
chr6	128371086	128372533	1	1	1	547	1	46
chr6	128371086	128372536	1	1	0	2	0	43
chr6	128372013	128372504	1	1	0	4	0	26
chr6	128372013	128372509	1	1	0	1	0	31
chr6	128372013	128372530	1	1	1	154	0	47
chr6	128372013	128372533	1	1	1	1064	2	46
chr6	128372013	128372536	1	1	0	1	0	42
chr6	128372018	128372530	1	1	0	2	0	49
chr6	128372018	128372533	1	1	0	18	0	46
chr7	67240441	67244520	2	2	1	9	0	24
chr7	67240441	67251656	2	2	1	416	0	47
chr7	67244545	67251656	2	2	1	9	0	24
chr7	101405603	102001614	1	1	0	5	0	13
chr7	102001660	102002294	1	1	1	246	0	42
chr7	102001660	102007485	1	1	1	3303	4	44
chr7	102002337	102007485	1	1	1	248	0	41
chr7	112839481	112841887	1	1	1	3	0	41
chr7	112839481	112842039	1	1	1	194	0	49
chr7	112839481	112856052	1	1	1	1	0	12
chr7	112839481	112856797	1	1	1	27	0	41
chr7	112839481	112856803	1	1	0	3	0	43
chr7	112841951	112856052	1	1	1	1	0	12
chr7	112841951	112856797	1	1	0	1	0	37
chr7	112842103	112856052	1	1	1	14	0	12
chr7	112842103	112856797	1	1	1	177	0	43
chr7	112856065	112856797	1	1	1	18	0	14
chr7	127980247	127981190	1	1	1	2	0	2
chr7	127981292	127981410	1	1	1	4	0	6
chr7	144861833	144862231	1	1	1	683	1	38
chr7	144862267	144862764	1	1	0	1	0	35
chr7	144862336	144862764	1	1	1	665	1	43
chr8	25532429	25555507	1	1	1	2	0	44
chr8	25532429	25557730	1	1	1	1	0	44
chr8	25555775	25557730	1	1	1	3	0	38
chr8	95100453	95100646	2	2	1	181	1	31
chr8	95100453	95101408	2	2	0	257	0	46
chr8	95100674	95101408	2	2	1	181	1	42
chr8	123268550	123268744	2	2	1	62	0	46
chr9	43027296	43040539	2	2	1	18	0	38
chr9	43027296	43042590	2	2	1	231	1	45
chr9	43040597	43042590	2	2	1	18	0	45
chr9	80093642	80098885	1	1	1	1401	2	26
chr9	80093642	80098892	1	1	0	24	0	14
chr9	80093642	80103693	1	1	1	5785	7	45
chr9	80093642	80103698	1	1	0	1	0	44
chr9	80098907	80103693	1	1	1	1426	2	24
chr9	114597607	114597794	2	2	1	229	0	38
chr9	114597607	114598704	2	2	0	370	0	42
chr9	114597825	114598704	2	2	0	6	0	30
chr9	114597831	114598704	2	2	1	223	0	36
chr11	26778879	26787397	2	2	0	0	1	13
chr11	69651073	69651238	1	1	1	2	0	41
chr11	79458907	79463232	1	1	1	28	0	42
chr11	79458907	79468716	1	1	1	35	0	42
chr11	79463296	79468716	1	1	1	27	0	39
chr11	94112147	94113262	1	1	1	17	0	21
chr11	94112147	94114172	1	1	1	275	0	32
chr11	94113302	94114172	1	1	1	17	0	39
chr11	102310577	102310925	2	2	1	93	0	43
chr11	102310577	102311379	2	2	1	320	0	45
chr11	102311037	102311379	2	2	1	91	0	45
chr11	102311037	102311403	2	2	0	1	0	21
chr12	71952560	71959805	1	1	1	241	0	44
chr12	83811361	83825258	2	2	1	166	0	33
chr12	83811361	83831921	2	2	1	198	0	41
chr12	83825292	83831921	2	2	1	167	0	33
chr12	113133338	113133495	1	1	0	6	0	42
chr12	113133338	113133540	1	1	1	232	0	39
chr12	113133338	113134186	1	1	0	1	0	42
chr12	113133338	113135796	1	1	1	883	0	29
chr12	113133577	113135796	1	1	1	216	0	29
chr13	46778994	46780625	2	2	1	423	1	40
chr13	46778994	46785245	2	2	1	2423	6	45
chr13	46780663	46785245	2	2	0	1	0	37
chr13	46780665	46785245	2	2	1	422	1	39
chr13	56084286	56089757	2	2	1	7	0	40
chr13	56084286	56096123	2	2	0	1	0	40
chr13	56089858	56096123	2	2	1	7	0	38
chr14	57643224	57648418	2	2	1	136	0	47
chr14	120389164	120395711	1	1	1	256	1	39
chr14	120389164	120395717	1	1	0	1	0	38
chr14	120389164	120396450	1	1	1	67	0	48
chr14	120395766	120396450	1	1	1	269	1	48
chr15	77102940	77105576	2	2	1	135	0	41
chr15	77102940	77113604	2	2	1	26	0	48
chr15	77105670	77113604	2	2	1	137	0	48
chr16	57178021	57181491	2	2	1	17	0	43
chr16	57178021	57182850	2	2	1	827	3	44
chr16	57181537	57182850	2	2	1	17	0	33
chr17	12979205	13846588	1	1	0	29	1	12
chr17	13846640	13848354	1	1	1	440	1	22
chr17	13846640	13849107	1	1	1	12233	23	45
chr17	13846640	13849113	1	1	0	83	1	47
chr17	13848376	13849107	1	1	1	427	1	26
chr17	13848376	13849113	1	1	0	13	0	21
chr17	45570567	45570665	2	2	1	590	0	43
chr17	45570800	45571017	2	2	1	593	2	23
chr17	45570800	45573366	2	2	0	1	0	17
chr17	47468854	47469275	1	1	1	1	0	30
chr18	53948155	53948381	1	1	0	1	0	39
chr18	53948155	53948644	1	1	1	1488	1	28
chr18	53948155	53953244	1	1	1	10095	10	45
chr18	53948155	53953268	1	1	0	1	0	40
chr18	53948447	53953244	1	1	0	1	0	37
chr18	53948669	53953244	1	1	1	1481	1	37
chr19	7281251	7282725	2	2	0	1	0	26
chr19	7281256	7281797	2	4	1	43	0	39
chr19	7281256	7282725	2	2	1	282	0	35
chr19	7281960	7282725	2	2	1	44	0	29
chrX	140456864	140465230	1	1	1	1	0	27
