chr1	34295537	34296741	1	1	1	34	0	18
chr1	34295537	34299720	1	1	1	187	1	43
chr1	34296760	34299720	1	1	1	34	0	18
chr1	40010678	40011649	1	1	1	11	0	21
chr1	40010678	40014105	1	1	1	54	1	32
chr1	40011842	40014105	1	1	1	11	0	37
chr1	82735508	82750519	1	1	1	49	0	42
chr2	32292216	32296625	1	1	1	52	0	43
chr2	59932171	59933405	2	2	0	17	0	36
chr2	59932171	59933411	2	2	1	80	0	30
chr2	59932171	59933670	2	2	1	11	0	39
chr2	59933439	59933670	2	2	1	97	0	31
chr2	71849507	71853533	1	1	1	19	0	39
chr2	71849507	71855853	1	1	1	1720	3	42
chr2	71853664	71855853	1	1	1	20	0	41
chr2	91001089	91001461	1	1	1	343	0	34
chr2	91001511	91003210	1	1	1	343	0	25
chr2	91003238	91003810	1	1	0	2	0	27
chr2	91003346	91003810	1	1	1	6	0	36
chr2	91159306	91160316	2	2	1	9	0	47
chr2	91159306	91162027	2	2	1	129	1	47
chr2	91160371	91162027	2	2	1	9	0	41
chr2	91681696	91684668	2	2	1	414	1	50
chr2	153670448	153670848	1	1	1	41	0	43
chr2	153670448	153672215	1	1	1	0	1	50
chr2	153670909	153672215	1	1	1	42	0	50
chr2	153713625	153714954	1	1	1	0	1	50
chr2	168752741	168754433	2	2	1	8568	12	46
chr3	60613521	60614682	1	1	1	38	0	44
chr3	60613521	60615619	1	1	1	17	0	44
chr3	60614737	60615619	1	1	1	40	0	38
chr3	87733505	87735344	1	1	0	81	0	42
chr3	88483947	88484046	2	2	1	72	0	38
chr3	88484155	88484614	2	2	1	70	0	39
chr3	119724187	119724611	2	2	1	1182	0	34
chr3	119724187	119726065	2	2	1	3	0	29
chr3	119724646	119726065	2	2	1	1213	0	41
chr4	31992517	31993403	1	1	0	1	0	21
chr4	31992517	31994873	1	1	1	1071	0	39
chr4	31992517	32002088	1	1	1	424	3	49
chr4	31993425	31994873	1	1	0	1	0	16
chr4	31994955	32002088	1	1	1	1066	0	49
chr4	107009769	107027216	1	1	1	21	0	39
chr4	107009769	107028192	1	1	1	96	0	41
chr4	107027298	107028192	1	1	1	25	0	41
chr5	23565266	23568151	2	2	0	1	0	37
chr5	23565266	23596890	2	2	0	1	0	39
chr5	23565266	23616326	2	2	1	127	1	45
chr5	23568264	23616326	2	2	0	1	0	45
chr5	23597043	23616326	2	2	0	1	0	45
chr5	72958287	72974530	1	1	1	10	0	41
chr5	116482537	116591333	2	2	1	1	0	32
chr5	149184807	149187707	1	1	1	16	0	44
chr5	149184807	149188344	1	1	1	225	3	45
chr5	149187835	149188344	1	1	1	2	0	39
chr5	149187877	149188344	1	1	1	14	0	39
chr6	72634233	72648800	2	2	1	1696	1	40
chr6	72634233	72649119	2	2	1	4091	4	50
chr6	72648843	72649119	2	2	1	1685	1	41
chr6	98939789	98940994	2	2	1	2	0	45
chr6	98939789	98941535	2	2	1	40	0	45
chr6	98939789	98944618	2	2	0	4	0	45
chr6	98941165	98944618	2	2	0	2	0	36
chr6	98941658	98944618	2	2	1	41	0	37
chr6	125162102	125162211	2	2	1	173	5	36
chr6	128371086	128371967	1	1	1	1017	0	42
chr6	128371086	128371980	1	1	0	1	0	32
chr6	128371086	128372530	1	1	1	66	0	49
chr6	128371086	128372533	1	1	1	605	1	46
chr6	128372013	128372509	1	1	0	1	0	32
chr6	128372013	128372530	1	1	1	156	0	47
chr6	128372013	128372533	1	1	1	844	0	46
chr6	128372018	128372530	1	1	0	1	0	49
chr6	128372018	128372533	1	1	0	10	0	46
chr7	30192593	30192866	2	2	1	1	0	32
chr7	30192901	30193877	2	2	1	1	0	26
chr7	67240441	67244520	2	2	1	4	0	24
chr7	67240441	67251656	2	2	1	375	1	47
chr7	67244545	67251656	2	2	1	4	0	24
chr7	102001660	102002294	1	1	1	149	0	43
chr7	102001660	102007485	1	1	1	2823	3	45
chr7	102002337	102007485	1	1	1	150	0	38
chr7	112839481	112841887	1	1	1	4	1	41
chr7	112839481	112842039	1	1	1	141	1	41
chr7	112839481	112856052	1	1	1	1	0	12
chr7	112839481	112856797	1	1	1	19	0	41
chr7	112841906	112842057	1	1	0	0	1	18
chr7	112841951	112856052	1	1	1	1	0	12
chr7	112842103	112856052	1	1	1	6	0	12
chr7	112842103	112856797	1	1	1	137	1	38
chr7	112856065	112856797	1	1	1	8	0	12
chr7	127980247	127981190	1	1	1	3	0	2
chr7	127981292	127981410	1	1	1	3	0	6
chr7	144861833	144862231	1	1	1	618	0	41
chr7	144862267	144862764	1	1	0	2	0	35
chr7	144862336	144862764	1	1	1	606	0	43
chr8	25532429	25555507	1	1	1	1	0	44
chr8	25532429	25557730	1	1	1	1	0	43
chr8	25555775	25557730	1	1	1	2	0	37
chr8	95100453	95100646	2	2	1	121	0	31
chr8	95100453	95101408	2	2	0	192	0	46
chr8	95100674	95101408	2	2	1	121	0	42
chr8	123268550	123268744	2	2	1	85	0	46
chr9	43027296	43040539	2	2	1	10	0	38
chr9	43027296	43042590	2	2	1	209	1	46
chr9	43040597	43042590	2	2	1	10	0	45
chr9	80093642	80098885	1	1	1	1369	2	26
chr9	80093642	80098892	1	1	0	21	0	14
chr9	80093642	80103693	1	1	1	5332	1	45
chr9	80098907	80103693	1	1	1	1390	2	23
chr9	114597607	114597794	2	2	1	196	0	38
chr9	114597607	114598704	2	2	0	339	0	42
chr9	114597831	114598704	2	2	1	196	0	38
chr11	79458907	79463232	1	1	1	17	0	42
chr11	79458907	79468716	1	1	1	21	0	42
chr11	79463296	79468716	1	1	1	18	0	39
chr11	94112147	94113262	1	1	1	16	0	21
chr11	94112147	94114172	1	1	1	229	0	32
chr11	94113302	94114172	1	1	1	16	0	39
chr11	102310577	102310925	2	2	1	46	0	44
chr11	102310577	102311379	2	2	1	261	0	45
chr11	102310577	102311403	2	2	0	2	0	21
chr11	102311037	102311379	2	2	1	47	0	45
chr12	71952560	71959805	1	1	1	166	0	45
chr12	83811361	83825258	2	2	1	140	0	37
chr12	83811361	83831921	2	2	1	137	0	41
chr12	83825292	83831921	2	2	1	139	0	34
chr12	83825319	83831921	2	2	0	1	0	38
chr12	104697145	104700364	2	2	1	1	0	39
chr12	113133338	113133495	1	1	0	10	0	42
chr12	113133338	113133540	1	1	1	243	1	38
chr12	113133338	113135796	1	1	1	805	0	29
chr12	113133577	113135796	1	1	1	237	1	29
chr13	46778990	46785245	2	2	0	2	0	44
chr13	46778994	46780625	2	2	1	413	1	42
chr13	46778994	46785245	2	2	1	2176	8	46
chr13	46780665	46785245	2	2	1	417	1	40
chr13	55282783	55290054	1	1	1	1	0	11
chr13	56084286	56089757	2	2	1	7	0	40
chr13	56089858	56096123	2	2	1	7	0	39
chr14	57643224	57648418	2	2	1	102	0	40
chr14	120389164	120395711	1	1	1	183	0	39
chr14	120389164	120396450	1	1	1	47	0	48
chr14	120395766	120396450	1	1	1	202	0	48
chr15	77102940	77105576	2	2	1	92	0	41
chr15	77102940	77113604	2	2	1	7	0	44
chr15	77105670	77113604	2	2	1	94	0	48
chr15	103242719	103243624	1	1	1	1	0	20
chr16	57178021	57181491	2	2	1	11	0	43
chr16	57178021	57182850	2	2	1	617	0	44
chr16	57181537	57182850	2	2	1	11	0	33
chr17	12979205	13846588	1	1	0	28	0	12
chr17	13846640	13848354	1	1	1	319	0	21
chr17	13846640	13849107	1	1	1	10422	6	47
chr17	13846640	13849113	1	1	0	24	0	47
chr17	13848376	13849107	1	1	1	318	0	26
chr17	45570567	45570665	2	2	1	400	0	42
chr17	45570800	45571017	2	2	1	399	0	23
chr17	46590452	46590758	2	2	1	1	0	11
chr18	53948155	53948644	1	1	1	1272	0	28
chr18	53948155	53953244	1	1	1	9354	10	44
chr18	53948669	53953244	1	1	1	1269	0	26
chr19	7281256	7281797	2	4	1	48	0	39
chr19	7281256	7282725	2	2	1	270	0	35
chr19	7281960	7282725	2	2	1	49	0	26
chrX	73952667	73952825	2	2	1	2	0	10
