chr1	34295537	34296741	1	1	1	158	0	18
chr1	34295537	34299720	1	1	1	33	0	38
chr1	34296760	34299720	1	1	1	158	0	19
chr1	40010678	40011649	1	1	1	127	0	21
chr1	40010678	40011811	1	1	0	2	0	21
chr1	40010678	40014105	1	1	1	51	0	32
chr1	40011842	40014105	1	1	1	129	0	39
chr1	82735508	82747082	1	1	1	1	0	40
chr1	82735508	82750519	1	1	1	58	1	40
chr1	82747143	82750519	1	1	1	1	0	38
chr2	32292216	32293314	1	1	1	14	0	43
chr2	32292216	32296625	1	1	1	92	0	43
chr2	32293396	32296625	1	1	1	14	0	39
chr2	59932171	59933405	2	2	0	101	0	33
chr2	59932171	59933411	2	2	1	491	0	31
chr2	59933439	59933670	2	2	1	586	0	30
chr2	71849500	71855876	1	1	0	1	0	38
chr2	71849507	71853533	1	1	1	1013	1	43
chr2	71849507	71853820	1	1	0	3	0	37
chr2	71849507	71853875	1	1	0	1	0	39
chr2	71849507	71855853	1	1	1	2730	2	43
chr2	71849507	71855868	1	1	0	6	0	46
chr2	71853664	71855853	1	1	1	1030	1	41
chr2	71853891	71855853	1	1	0	3	0	40
chr2	71853948	71855853	1	1	0	1	0	40
chr2	75662926	75663570	1	1	1	7	1	40
chr2	91001089	91001461	1	1	1	810	0	34
chr2	91001089	91003299	1	1	0	8	0	33
chr2	91001511	91003210	1	1	1	813	0	25
chr2	91001511	91003299	1	1	0	5	0	46
chr2	91003238	91003810	1	1	0	1	0	27
chr2	91003346	91003810	1	1	1	23	0	36
chr2	91159300	91162027	2	2	0	4	0	41
chr2	91159306	91160316	2	2	1	321	0	47
chr2	91159306	91162027	2	2	1	596	0	47
chr2	91160371	91162027	2	2	1	323	0	39
chr2	91160417	91162027	2	2	0	1	0	38
chr2	91681696	91682025	2	2	1	3	0	50
chr2	91681696	91684668	2	2	1	250	1	50
chr2	91682110	91684668	2	2	0	3	0	38
chr2	168752741	168754433	2	2	1	3	0	44
chr3	60422418	60613472	1	1	0	0	9	15
chr3	60613521	60614682	1	1	1	1582	6	45
chr3	60613521	60614688	1	1	0	2	0	42
chr3	60613521	60615619	1	1	1	1646	5	45
chr3	60614737	60615619	1	1	1	1582	7	43
chr3	87733505	87734423	1	1	1	12	0	41
chr3	87733505	87734456	1	1	0	1	0	39
chr3	87733505	87735344	1	1	0	11	0	39
chr3	87734553	87735344	1	1	1	14	0	37
chr3	88483947	88484046	2	2	1	333	0	39
chr3	88483947	88484614	2	2	0	1	0	38
chr3	88484077	88484614	2	2	0	1	0	30
chr3	88484155	88484614	2	2	1	332	0	41
chr3	119724187	119724611	2	2	1	4585	2	34
chr3	119724187	119725581	2	2	0	1	0	29
chr3	119724187	119726065	2	2	1	20	0	29
chr3	119724646	119726065	2	2	1	4685	2	38
chr3	119725626	119726065	2	2	0	1	0	38
chr3	119726116	119820407	2	2	0	2	0	13
chr3	119726116	120643502	2	2	0	6	0	13
chr3	129825617	129826823	2	2	1	3	0	36
chr4	31992517	31994873	1	1	1	298	0	39
chr4	31992517	32002088	1	1	1	4216	5	49
chr4	31994955	32002088	1	1	1	289	0	49
chr4	107009769	107027216	1	1	1	21	0	38
chr4	107009769	107028192	1	1	1	199	0	42
chr4	107027298	107028192	1	1	1	22	0	41
chr5	13042670	13661475	1	1	0	4	0	13
chr5	23565266	23576311	2	2	0	1	0	37
chr5	23565266	23616326	2	2	1	1133	2	46
chr5	23576386	23616326	2	2	0	1	0	45
chr5	72958287	72965803	1	1	1	3	0	40
chr5	72958287	72974530	1	1	1	89	0	43
chr5	72965882	72974530	1	1	1	2	0	41
chr5	72965882	72974563	1	1	0	1	0	27
chr5	116475248	116477058	2	2	1	1	0	24
chr5	116482537	116591333	2	2	1	1252	2	50
chr5	122284910	122308130	1	1	1	1	0	39
chr5	149184807	149187707	1	1	1	19	0	44
chr5	149184807	149188344	1	1	1	671	2	45
chr5	149187835	149188344	1	1	1	1	0	39
chr5	149187877	149188344	1	1	1	18	0	39
chr6	47577668	47594893	2	2	1	2	0	26
chr6	72634233	72649119	2	2	1	6	0	40
chr6	98939789	98940994	2	2	1	1	0	45
chr6	98939789	98941535	2	2	1	155	1	46
chr6	98939789	98944618	2	2	0	8	0	45
chr6	98941165	98944618	2	2	0	1	0	36
chr6	98941658	98944618	2	2	1	153	1	36
chr6	125162102	125162211	2	2	1	473	10	36
chr6	128371086	128371967	1	1	1	4480	1	44
chr6	128371086	128372530	1	1	1	1	0	49
chr6	128371086	128372533	1	1	1	19	0	46
chr6	128371086	128372536	1	1	0	1	0	43
chr6	128372013	128372504	1	1	0	22	0	26
chr6	128372013	128372509	1	1	0	14	0	31
chr6	128372013	128372530	1	1	1	559	0	49
chr6	128372013	128372533	1	1	1	3835	1	46
chr6	128372013	128372536	1	1	0	1	0	43
chr6	128372013	128372539	1	1	0	2	0	40
chr6	128372018	128372530	1	1	0	7	0	49
chr6	128372018	128372533	1	1	0	44	0	46
chr6	128372018	128372539	1	1	0	1	0	40
chr7	25724845	25725923	2	2	1	1	0	41
chr7	67240441	67244520	2	2	1	256	0	24
chr7	67240441	67251656	2	2	1	1909	2	45
chr7	67240443	67251659	1	1	0	2	0	41
chr7	67244545	67251656	2	2	1	256	0	24
chr7	102001660	102002294	1	1	1	1615	5	43
chr7	102001660	102007485	1	1	1	606	1	44
chr7	102001665	102002300	1	1	0	0	3	37
chr7	102002310	102007485	1	1	0	2	0	15
chr7	102002337	102007485	1	1	1	1610	5	42
chr7	112839481	112841887	1	1	1	5	2	41
chr7	112839481	112842039	1	1	1	124	2	41
chr7	112839481	112856052	1	1	1	5	0	12
chr7	112839481	112856797	1	1	1	7	0	41
chr7	112841906	112842057	1	1	0	0	2	18
chr7	112841951	112856052	1	1	1	1	0	12
chr7	112842103	112856052	1	1	1	119	2	12
chr7	112842103	112856797	1	1	1	7	0	37
chr7	112856065	112856797	1	1	1	128	2	17
chr7	127980247	127981190	1	1	1	15	0	5
chr7	127981292	127981410	1	1	1	17	0	6
chr7	143534418	143535650	2	2	1	1	0	34
chr8	25532429	25555507	1	1	1	3	0	44
chr8	25532429	25557730	1	1	1	6	0	44
chr8	25555775	25557730	1	1	1	3	0	38
chr8	33386064	33386329	1	1	0	1	0	46
chr8	91688606	91932332	1	1	0	4	0	13
chr8	95100453	95100646	2	2	1	1217	1	31
chr8	95100453	95101408	2	2	0	231	1	46
chr8	95100674	95101408	2	2	1	1217	1	42
chr8	123268550	123268744	2	2	1	254	1	47
chr9	43027296	43040539	2	2	1	147	0	39
chr9	43027296	43042590	2	2	1	147	0	46
chr9	43040597	43042590	2	2	1	149	0	45
chr9	55500165	55512030	2	2	1	1	0	28
chr9	80093642	80098885	1	1	1	8132	5	26
chr9	80093642	80098892	1	1	0	226	0	19
chr9	80093642	80103693	1	1	1	244	0	45
chr9	80098907	80099016	1	1	0	1	0	21
chr9	80098907	80103693	1	1	1	8358	5	24
chr9	80098907	80103698	1	1	0	3	0	21
chr9	80099049	80103693	1	1	0	1	0	37
chr9	114597607	114597794	2	2	1	582	0	38
chr9	114597607	114598704	2	2	0	27	0	42
chr9	114597825	114598704	2	2	0	6	0	30
chr9	114597831	114598704	2	2	1	577	0	38
chr11	26778879	26787397	2	2	0	0	2	13
chr11	78233684	78245547	2	2	1	1	0	27
chr11	79458907	79459929	1	1	0	1	0	42
chr11	79458907	79463232	1	1	1	21	0	42
chr11	79458907	79468716	1	1	1	211	0	42
chr11	79459999	79468716	1	1	0	1	0	38
chr11	79463296	79468716	1	1	1	21	0	39
chr11	94112147	94113262	1	1	1	134	0	21
chr11	94112147	94114172	1	1	1	344	0	32
chr11	94113302	94114172	1	1	1	137	0	39
chr11	102310577	102310925	2	2	1	59	0	42
chr11	102310577	102311379	2	2	1	934	0	46
chr11	102311037	102311379	2	2	1	59	0	45
chr12	71952560	71958746	1	1	1	67	0	27
chr12	71952560	71959805	1	1	1	63	0	43
chr12	71958774	71959805	1	1	1	67	0	27
chr12	83811361	83811669	2	2	0	2	0	37
chr12	83811361	83825258	2	2	1	67	0	37
chr12	83811361	83831921	2	2	1	415	0	41
chr12	83811744	83831921	2	2	0	2	0	38
chr12	83825292	83831921	2	2	1	65	0	33
chr12	83825319	83831921	2	2	0	1	0	38
chr12	104697145	104700364	2	2	1	1	0	39
chr12	113133338	113133495	1	1	0	133	15	45
chr12	113133338	113133540	1	1	1	2203	79	42
chr12	113133338	113135796	1	1	1	13	0	29
chr12	113133577	113134186	1	1	0	2	0	28
chr12	113133577	113134761	1	1	0	1	0	21
chr12	113133577	113134800	1	1	0	7	0	12
chr12	113133577	113135796	1	1	1	2258	94	29
chr12	113134231	113135796	1	1	0	2	0	29
chr12	113134813	113135796	1	1	0	9	0	29
chr13	46778994	46780545	2	2	0	1	0	40
chr13	46778994	46780625	2	2	1	943	1	42
chr13	46778994	46785245	2	2	1	3103	6	49
chr13	46780665	46785245	2	2	1	949	1	39
chr13	56084286	56088251	2	2	1	1	0	40
chr13	56084286	56089757	2	2	1	82	0	40
chr13	56084286	56096123	2	2	0	3	0	40
chr13	56088343	56096123	2	2	1	1	0	38
chr13	56089858	56096123	2	2	1	82	0	41
chr13	59758996	59762741	2	2	1	1	0	1
chr13	59762796	59769623	2	2	1	1	0	48
chr14	8171531	8172763	2	2	1	2	0	20
chr14	8172818	8172890	2	2	1	2	0	41
chr14	57643224	57643334	2	2	1	3	0	39
chr14	57643224	57648418	2	2	1	133	0	40
chr14	57643490	57648418	2	2	1	3	0	38
chr14	120389164	120395711	1	1	1	232	0	39
chr14	120389164	120396450	1	1	1	667	1	48
chr14	120395766	120396450	1	1	1	240	0	48
chr15	44428243	44429559	1	1	1	1	0	12
chr15	58126715	58128208	2	2	1	1	0	35
chr15	77102940	77105576	2	2	1	206	0	43
chr15	77102940	77113604	2	2	1	18	0	48
chr15	77105670	77113604	2	2	1	205	0	48
chr15	103242719	103242921	1	1	1	1	0	33
chr15	103242719	103243624	1	1	1	0	1	33
chr16	57178021	57181491	2	2	1	367	0	45
chr16	57178021	57182850	2	2	1	178	0	44
chr16	57181507	57182850	2	2	0	2	0	15
chr16	57181537	57182850	2	2	1	362	0	44
chr17	12979205	13846588	1	1	0	46	3	12
chr17	13846640	13848354	1	1	1	5187	7	24
chr17	13846640	13848358	1	1	0	3	0	17
chr17	13846640	13849107	1	1	1	4637	7	47
chr17	13846640	13849113	1	1	0	35	0	47
chr17	13846644	13848358	1	1	0	1	0	17
chr17	13848376	13849107	1	1	1	5184	7	29
chr17	13848376	13849113	1	1	0	7	0	21
chr17	45570567	45570665	2	2	1	803	1	42
chr17	45570800	45571017	2	2	1	872	1	23
chr18	10726534	10740982	1	1	1	2	0	15
chr18	53948155	53948644	1	1	1	12992	12	28
chr18	53948155	53948651	1	1	0	2	0	17
chr18	53948155	53953244	1	1	1	2218	4	43
chr18	53948666	53953244	1	1	0	5	0	21
chr18	53948669	53949213	1	1	0	1	0	15
chr18	53948669	53953244	1	1	1	12974	9	37
chr18	53949263	53953244	1	1	0	1	0	37
chr19	7281256	7281797	2	4	1	225	0	39
chr19	7281256	7282725	2	2	1	1687	1	36
chr19	7281960	7282725	2	2	1	225	0	29
chrX	73952667	73952825	2	2	1	1	0	10
