chr1	34295537	34296741	1	1	1	120	1	18
chr1	34295537	34299720	1	1	1	24	0	38
chr1	34296760	34299720	1	1	1	120	1	18
chr1	40010678	40011649	1	1	1	78	0	26
chr1	40010678	40011783	1	1	0	1	0	19
chr1	40010678	40011811	1	1	0	2	0	21
chr1	40010678	40014105	1	1	1	20	1	32
chr1	40011842	40014105	1	1	1	77	0	38
chr1	82735508	82741817	1	1	1	1	0	20
chr1	82735508	82750519	1	1	1	43	0	40
chr2	32292216	32293314	1	1	1	12	0	43
chr2	32292216	32296625	1	1	1	60	0	43
chr2	32293396	32296625	1	1	1	12	0	38
chr2	59932171	59933405	2	2	0	64	0	33
chr2	59932171	59933411	2	2	1	425	0	32
chr2	59932171	59933670	2	2	1	1	0	30
chr2	59933439	59933670	2	2	1	482	0	28
chr2	71849507	71853533	1	1	1	783	1	42
chr2	71849507	71853875	1	1	0	1	0	15
chr2	71849507	71853890	1	1	0	1	0	39
chr2	71849507	71855853	1	1	1	2842	5	43
chr2	71849507	71855868	1	1	0	3	0	46
chr2	71853664	71855853	1	1	1	795	1	42
chr2	71853891	71855853	1	1	0	1	0	15
chr2	75662926	75663570	1	1	1	6	0	30
chr2	91001089	91001461	1	1	1	556	0	34
chr2	91001089	91003210	1	1	0	0	1	24
chr2	91001089	91003299	1	1	0	4	0	33
chr2	91001511	91003210	1	1	1	555	0	22
chr2	91003346	91003810	1	1	1	15	0	36
chr2	91159306	91160316	2	2	1	167	0	47
chr2	91159306	91162027	2	2	1	351	0	47
chr2	91160371	91162027	2	2	1	166	0	38
chr2	91161512	91162027	2	2	1	1	0	5
chr2	91681696	91684668	2	2	1	198	0	50
chr2	153670448	153672215	1	1	1	2	0	50
chr3	60422418	60613472	1	1	0	0	3	15
chr3	60613521	60614682	1	1	1	1133	4	45
chr3	60613521	60615619	1	1	1	1179	3	45
chr3	60614737	60615619	1	1	1	1145	5	42
chr3	87733505	87734423	1	1	1	9	0	39
chr3	87733505	87735344	1	1	0	9	0	39
chr3	87734553	87735344	1	1	1	8	0	38
chr3	88483947	88484046	2	2	1	214	1	38
chr3	88484155	88484614	2	2	1	212	1	44
chr3	119724187	119724611	2	2	1	6990	4	34
chr3	119724187	119726065	2	2	1	15	0	29
chr3	119724646	119726065	2	2	1	7153	4	38
chr4	31992517	31994873	1	1	1	195	0	38
chr4	31992517	32002088	1	1	1	3570	2	49
chr4	31994955	32002088	1	1	1	197	0	49
chr4	107009769	107027216	1	1	1	11	0	39
chr4	107009769	107028192	1	1	1	99	0	41
chr4	107027298	107028192	1	1	1	13	0	41
chr4	107031092	107036911	1	1	1	1	0	36
chr5	23565266	23596669	2	2	0	1	0	37
chr5	23565266	23616326	2	2	1	934	1	46
chr5	23596830	23616326	2	2	0	1	0	45
chr5	72958287	72974530	1	1	1	79	0	42
chr5	116477146	116482389	2	2	1	1	0	33
chr5	116482537	116591333	2	2	1	809	3	50
chr5	149184807	149187707	1	1	1	13	0	43
chr5	149184807	149188344	1	1	1	499	1	45
chr5	149187835	149188344	1	1	1	2	0	39
chr5	149187864	149188344	1	1	0	1	0	39
chr5	149187877	149188344	1	1	1	10	0	39
chr5	149188474	149193839	1	1	1	1	0	20
chr6	47577668	47594893	2	2	1	1	1	26
chr6	98939789	98941535	2	2	1	104	1	45
chr6	98939789	98944618	2	2	0	7	0	45
chr6	98941658	98944618	2	2	1	106	1	37
chr6	125162102	125162211	2	2	1	190	7	37
chr6	128371086	128371967	1	1	1	3721	3	44
chr6	128371086	128371980	1	1	0	2	0	32
chr6	128371086	128372530	1	1	1	2	0	49
chr6	128371086	128372533	1	1	1	11	0	46
chr6	128372013	128372278	1	1	0	1	0	27
chr6	128372013	128372504	1	1	0	17	0	26
chr6	128372013	128372509	1	1	0	9	0	31
chr6	128372013	128372530	1	1	1	469	1	49
chr6	128372013	128372533	1	1	1	3179	2	46
chr6	128372013	128372536	1	1	0	2	0	43
chr6	128372018	128372530	1	1	0	9	0	49
chr6	128372018	128372533	1	1	0	40	0	46
chr6	128372018	128372536	1	1	0	1	0	43
chr6	128372306	128372533	1	1	0	1	0	27
chr7	25724845	25725923	2	2	1	1	0	41
chr7	67240441	67244520	2	2	1	143	1	24
chr7	67240441	67251656	2	2	1	1368	3	49
chr7	67244545	67251656	2	2	1	143	1	24
chr7	102001660	102002294	1	1	1	1170	0	42
chr7	102001660	102007485	1	1	1	454	0	43
chr7	102002337	102007485	1	1	1	1173	0	42
chr7	112839481	112841887	1	1	1	6	0	41
chr7	112839481	112842039	1	1	1	92	0	41
chr7	112839481	112856052	1	1	1	2	0	12
chr7	112839481	112856797	1	1	1	6	0	41
chr7	112841951	112856052	1	1	1	1	0	12
chr7	112842103	112856052	1	1	1	93	0	12
chr7	112842103	112856797	1	1	1	2	0	37
chr7	112856065	112856797	1	1	1	94	0	12
chr7	112856065	112856803	1	1	0	2	0	12
chr7	127980247	127981190	1	1	1	10	0	5
chr7	127981292	127981410	1	1	1	10	0	6
chr8	11423625	11423716	1	1	1	1	0	3
chr8	25532429	25557730	1	1	1	2	0	44
chr8	95100453	95100646	2	2	1	710	1	31
chr8	95100453	95101408	2	2	0	140	0	46
chr8	95100674	95101408	2	2	1	711	1	44
chr8	95101447	95139983	2	2	0	0	1	15
chr8	123268550	123268744	2	2	1	137	0	46
chr9	43027296	43040539	2	2	1	99	2	38
chr9	43027296	43042590	2	2	1	100	0	45
chr9	43040597	43042590	2	2	1	102	2	45
chr9	80093642	80098847	1	1	0	1	0	44
chr9	80093642	80098885	1	1	1	6826	9	31
chr9	80093642	80098892	1	1	0	158	0	19
chr9	80093642	80103693	1	1	1	221	0	45
chr9	80098907	80099229	1	1	0	1	0	21
chr9	80098907	80103693	1	1	1	6992	9	37
chr9	80099337	80103693	1	1	0	1	0	37
chr9	114597607	114597794	2	2	1	367	1	38
chr9	114597607	114598704	2	2	0	6	0	41
chr9	114597825	114598704	2	2	0	3	0	30
chr9	114597831	114598704	2	2	1	362	1	38
chr11	79458907	79463232	1	1	1	12	0	42
chr11	79458907	79468716	1	1	1	146	0	43
chr11	79463296	79468716	1	1	1	11	0	39
chr11	79468155	79468716	1	1	1	1	0	38
chr11	94112147	94113262	1	1	1	95	0	21
chr11	94112147	94114172	1	1	1	388	0	32
chr11	94113302	94114172	1	1	1	97	0	39
chr11	102310577	102310925	2	2	1	42	1	42
chr11	102310577	102311379	2	2	1	605	0	46
chr11	102311037	102311379	2	2	1	41	1	45
chr12	71952560	71958746	1	1	1	50	0	27
chr12	71952560	71959805	1	1	1	47	0	43
chr12	71958774	71959805	1	1	1	50	0	27
chr12	83811361	83825258	2	2	1	40	0	33
chr12	83811361	83831921	2	2	1	283	0	41
chr12	83825292	83831921	2	2	1	40	0	33
chr12	104697145	104700364	2	2	1	1	0	39
chr12	113133338	113133495	1	1	0	79	14	46
chr12	113133338	113133540	1	1	1	1521	37	43
chr12	113133338	113135796	1	1	1	9	0	29
chr12	113133577	113134761	1	1	0	1	0	21
chr12	113133577	113134800	1	1	0	5	0	12
chr12	113133577	113135796	1	1	1	1549	51	29
chr12	113134813	113135796	1	1	0	6	0	29
chr13	46778994	46780066	2	2	0	1	0	40
chr13	46778994	46780545	2	2	0	2	0	40
chr13	46778994	46780625	2	2	1	585	3	42
chr13	46778994	46785245	2	2	1	1791	3	45
chr13	46780148	46785245	2	2	0	1	0	39
chr13	46780665	46785245	2	2	1	591	3	40
chr13	56084286	56089757	2	2	1	44	0	41
chr13	56089858	56096123	2	2	1	44	0	41
chr13	92353343	92354762	2	2	1	1	0	19
chr14	57643224	57643334	2	2	1	1	0	47
chr14	57643224	57648418	2	2	1	72	0	39
chr14	57643490	57648418	2	2	1	1	0	38
chr14	120389164	120395711	1	1	1	192	0	40
chr14	120389164	120396450	1	1	1	410	1	48
chr14	120395766	120396450	1	1	1	197	0	48
chr15	58126151	58126548	2	2	1	1	0	34
chr15	58126715	58128208	2	2	1	1	0	35
chr15	77102940	77105576	2	2	1	177	0	45
chr15	77102940	77113604	2	2	1	13	0	48
chr15	77105670	77113604	2	2	1	177	0	48
chr16	57178021	57181491	2	2	1	220	1	44
chr16	57178021	57182850	2	2	1	64	0	43
chr16	57181507	57182850	2	2	0	1	0	15
chr16	57181537	57182850	2	2	1	218	1	34
chr17	12979205	13846588	1	1	0	48	1	12
chr17	13846640	13848354	1	1	1	3973	3	21
chr17	13846640	13849107	1	1	1	4778	2	45
chr17	13846640	13849113	1	1	0	28	0	47
chr17	13848367	13849107	1	1	0	5	0	12
chr17	13848376	13849107	1	1	1	3968	4	41
chr17	13848376	13849113	1	1	0	2	0	21
chr17	45570567	45570665	2	2	1	360	0	37
chr17	45570800	45571017	2	2	1	390	0	21
chr18	10726534	10740982	1	1	1	1	0	15
chr18	27599395	27599703	1	1	0	1	0	33
chr18	53948155	53948644	1	1	1	13666	12	28
chr18	53948155	53953244	1	1	1	2127	2	45
chr18	53948167	53948644	1	1	0	1	0	24
chr18	53948666	53953244	1	1	0	3	0	21
chr18	53948669	53953244	1	1	1	13655	12	37
chr18	53948669	53953268	1	1	0	4	0	24
chr19	7281251	7282725	2	2	0	1	0	26
chr19	7281256	7281797	2	4	1	133	0	39
chr19	7281256	7282725	2	2	1	1248	1	35
chr19	7281960	7282725	2	2	1	140	0	26
KV575235.1	147143	149264	1	1	0	0	1	24
