chr1	34295537	34296741	1	1	1	58	1	18
chr1	34295537	34299720	1	1	1	366	1	40
chr1	34296760	34299720	1	1	1	58	1	19
chr1	40010678	40011649	1	1	1	11	0	21
chr1	40010678	40011787	1	1	0	1	0	21
chr1	40010678	40014105	1	1	1	68	0	32
chr1	40011842	40014105	1	1	1	11	0	37
chr1	82735508	82745523	1	1	1	1	0	33
chr1	82735508	82747082	1	1	1	9	0	40
chr1	82735508	82750519	1	1	1	93	0	40
chr1	82735556	82750519	1	1	0	1	0	38
chr1	82745557	82747082	1	1	1	1	0	6
chr1	82747143	82750519	1	1	1	10	0	38
chr1	178336159	178336952	2	2	1	4	0	13
chr2	32292216	32293314	1	1	1	1	0	43
chr2	32292216	32296625	1	1	1	85	0	44
chr2	32293396	32296625	1	1	1	1	0	38
chr2	59932171	59933405	2	2	0	12	0	37
chr2	59932171	59933411	2	2	1	91	0	31
chr2	59932171	59933670	2	2	1	20	0	39
chr2	59933439	59933670	2	2	1	101	0	28
chr2	71849507	71853533	1	1	1	41	0	39
chr2	71849507	71855853	1	1	1	2888	3	42
chr2	71853664	71855853	1	1	1	41	0	41
chr2	91001089	91001461	1	1	1	657	0	25
chr2	91001089	91003299	1	1	0	6	1	33
chr2	91001511	91003210	1	1	1	651	0	20
chr2	91003346	91003810	1	1	1	15	0	36
chr2	91159306	91160316	2	2	1	4	0	47
chr2	91159306	91162027	2	2	1	188	0	47
chr2	91160371	91162027	2	2	1	3	0	38
chr2	91681696	91682025	2	2	1	2	0	50
chr2	91681696	91684668	2	2	1	723	1	50
chr2	91682137	91684668	2	2	1	2	0	38
chr2	153670448	153670848	1	1	1	64	0	43
chr2	153670448	153672215	1	1	1	1	0	50
chr2	153670909	153672215	1	1	1	62	0	50
chr2	168752741	168754433	2	2	1	12361	13	47
chr3	60613521	60614682	1	1	1	70	0	44
chr3	60613521	60615619	1	1	1	19	0	44
chr3	60614737	60615619	1	1	1	72	0	38
chr3	87733505	87735344	1	1	0	162	0	40
chr3	88483947	88484046	2	2	1	77	0	38
chr3	88484155	88484614	2	2	1	77	0	40
chr3	119724187	119724611	2	2	1	2209	0	34
chr3	119724187	119726065	2	2	1	4	0	29
chr3	119724646	119726065	2	2	1	2266	0	38
chr3	129825617	129826823	2	2	1	1	0	36
chr4	31992517	31994873	1	1	1	2077	2	40
chr4	31992517	32002088	1	1	1	725	0	49
chr4	31994955	32002088	1	1	1	2072	2	50
chr4	107009769	107027216	1	1	1	30	0	39
chr4	107009769	107028192	1	1	1	170	0	42
chr4	107027298	107028192	1	1	1	33	0	41
chr5	23565266	23616326	2	2	1	205	0	46
chr5	72958287	72965803	1	1	1	1	0	37
chr5	72958287	72974530	1	1	1	17	0	42
chr5	72965882	72974530	1	1	1	1	0	41
chr5	105862938	105949991	1	1	0	2	0	13
chr5	116482537	116591333	2	2	1	2	0	50
chr5	149184807	149187707	1	1	1	34	0	43
chr5	149184807	149188344	1	1	1	373	1	44
chr5	149187835	149188344	1	1	1	6	0	39
chr5	149187877	149188344	1	1	1	28	0	39
chr6	72634233	72634303	2	2	0	1	0	37
chr6	72634233	72648800	2	2	1	2700	4	43
chr6	72634233	72649119	2	2	1	6438	5	50
chr6	72648843	72649119	2	2	1	2687	4	42
chr6	98939789	98940994	2	2	1	5	0	45
chr6	98939789	98941535	2	2	1	53	0	46
chr6	98939789	98944618	2	2	0	8	0	45
chr6	98941165	98944618	2	2	0	5	0	36
chr6	98941658	98944618	2	2	1	52	0	36
chr6	125162102	125162211	2	2	1	316	7	36
chr6	128371086	128371967	1	1	1	1915	2	42
chr6	128371086	128372530	1	1	1	137	0	49
chr6	128371086	128372533	1	1	1	1113	2	46
chr6	128371086	128372536	1	1	0	3	0	43
chr6	128371086	128372539	1	1	0	1	0	40
chr6	128372013	128372504	1	1	0	8	0	26
chr6	128372013	128372509	1	1	0	2	0	31
chr6	128372013	128372530	1	1	1	246	0	49
chr6	128372013	128372533	1	1	1	1615	2	46
chr6	128372013	128372536	1	1	0	1	0	43
chr6	128372013	128372539	1	1	0	1	0	40
chr6	128372018	128372530	1	1	0	8	0	49
chr6	128372018	128372533	1	1	0	29	0	46
chr7	24462568	24465130	1	1	1	1	0	21
chr7	30192593	30192866	2	2	1	2	0	31
chr7	30192901	30193877	2	2	1	2	0	22
chr7	67240441	67244520	2	2	1	12	0	24
chr7	67240441	67251656	2	2	1	666	0	44
chr7	67244545	67251656	2	2	1	12	0	24
chr7	101474369	102001612	1	1	0	5	0	12
chr7	102001660	102002294	1	1	1	355	0	43
chr7	102001660	102007485	1	1	1	5752	4	44
chr7	102001665	102007485	1	1	0	2	0	38
chr7	102002310	102007485	1	1	0	1	0	15
chr7	102002337	102007485	1	1	1	352	0	40
chr7	112839481	112841887	1	1	1	13	2	41
chr7	112839481	112842039	1	1	1	292	2	41
chr7	112839481	112856797	1	1	1	29	0	41
chr7	112841906	112842057	1	1	0	0	2	18
chr7	112841951	112856052	1	1	1	2	0	12
chr7	112841951	112856797	1	1	0	6	0	37
chr7	112842103	112856052	1	1	1	24	0	12
chr7	112842103	112856797	1	1	1	277	2	43
chr7	112856065	112856797	1	1	1	27	0	12
chr7	127972771	127975887	1	1	1	0	1	1
chr7	127980247	127981190	1	1	1	4	0	35
chr7	127981292	127981410	1	1	1	6	0	6
chr7	144861833	144862231	1	1	1	1068	1	29
chr7	144861837	144862231	1	1	0	2	0	32
chr7	144862267	144862764	1	1	0	3	0	35
chr7	144862336	144862764	1	1	1	1063	1	43
chr8	25532429	25555507	1	1	1	1	0	37
chr8	25532429	25557730	1	1	1	2	0	44
chr8	25555775	25557730	1	1	1	1	0	38
chr8	46207621	46208397	2	2	1	1	0	31
chr8	95100453	95100646	2	2	1	225	2	31
chr8	95100453	95101408	2	2	0	459	0	46
chr8	95100674	95101408	2	2	1	225	2	41
chr8	95101447	95139983	2	2	0	1	0	15
chr8	122485957	122486306	2	2	1	1	0	24
chr8	123268550	123268744	2	2	1	103	0	46
chr9	43027296	43040539	2	2	1	28	0	38
chr9	43027296	43042590	2	2	1	299	0	45
chr9	43040597	43042590	2	2	1	28	0	46
chr9	80093642	80098885	1	1	1	2422	0	26
chr9	80093642	80098892	1	1	0	62	0	19
chr9	80093642	80103693	1	1	1	7821	5	48
chr9	80093642	80103698	1	1	0	2	0	44
chr9	80098907	80103693	1	1	1	2483	0	24
chr9	80098907	80103698	1	1	0	2	0	21
chr9	80099049	80103693	1	1	0	1	0	37
chr9	114597607	114597794	2	2	1	361	0	39
chr9	114597607	114598704	2	2	0	506	0	44
chr9	114597825	114598704	2	2	0	1	0	30
chr9	114597831	114598704	2	2	1	359	0	38
chr11	79458907	79463232	1	1	1	36	0	42
chr11	79458907	79468716	1	1	1	51	0	42
chr11	79463296	79468716	1	1	1	36	0	39
chr11	94112147	94113262	1	1	1	23	0	21
chr11	94112147	94114172	1	1	1	364	0	32
chr11	94113302	94114172	1	1	1	26	0	39
chr11	102310577	102310925	2	2	1	97	0	42
chr11	102310577	102311379	2	2	1	465	0	45
chr11	102310577	102311403	2	2	0	2	0	21
chr11	102311037	102311379	2	2	1	98	0	45
chr12	71952560	71959805	1	1	1	327	0	45
chr12	83811361	83825258	2	2	1	304	0	37
chr12	83811361	83831921	2	2	1	336	2	41
chr12	83825292	83831921	2	2	1	301	0	34
chr12	83825319	83831921	2	2	0	2	0	38
chr12	113133331	113135796	1	1	0	1	0	29
chr12	113133338	113133495	1	1	0	12	0	42
chr12	113133338	113133540	1	1	1	431	1	43
chr12	113133338	113134186	1	1	0	1	0	42
chr12	113133338	113135796	1	1	1	1583	1	29
chr12	113133577	113135796	1	1	1	408	1	29
chr13	46778990	46780625	2	2	0	2	0	39
chr13	46778994	46780625	2	2	1	823	0	43
chr13	46778994	46785245	2	2	1	3831	9	46
chr13	46780665	46785245	2	2	1	829	0	39
chr13	56084286	56089757	2	2	1	11	0	40
chr13	56089858	56096123	2	2	1	11	0	38
chr14	57643224	57643334	2	2	1	1	0	39
chr14	57643224	57648418	2	2	1	208	0	40
chr14	57643490	57648418	2	2	1	1	0	35
chr14	120389164	120395711	1	1	1	344	0	39
chr14	120389164	120395717	1	1	0	2	0	38
chr14	120389164	120396450	1	1	1	91	0	48
chr14	120395766	120396450	1	1	1	368	0	48
chr15	77102940	77105576	2	2	1	186	0	43
chr15	77102940	77113604	2	2	1	14	0	44
chr15	77105670	77113604	2	2	1	186	0	48
chr16	57178021	57181491	2	2	1	24	0	43
chr16	57178021	57182850	2	2	1	1225	2	44
chr16	57181537	57182850	2	2	1	24	0	33
chr17	12979205	13846588	1	1	0	56	0	12
chr17	13837442	13846588	1	1	0	1	0	12
chr17	13846640	13848354	1	1	1	547	0	22
chr17	13846640	13849107	1	1	1	17452	23	49
chr17	13846640	13849113	1	1	0	106	1	47
chr17	13848376	13849107	1	1	1	548	0	26
chr17	45570567	45570665	2	2	1	649	2	39
chr17	45570800	45571017	2	2	1	647	1	24
chr18	10726534	10740982	1	1	1	1	0	15
chr18	53948155	53948644	1	1	1	1960	1	28
chr18	53948155	53949550	1	1	0	2	0	39
chr18	53948155	53953244	1	1	1	14388	19	45
chr18	53948167	53953244	1	1	0	1	0	37
chr18	53948666	53953244	1	1	0	1	0	21
chr18	53948669	53953244	1	1	1	1954	1	26
chr18	53949588	53953244	1	1	0	2	0	37
chr18	64515406	64516415	2	2	1	1	0	32
chr19	7281256	7281797	2	4	1	72	0	38
chr19	7281256	7282725	2	2	1	397	0	35
chr19	7281960	7282725	2	2	1	73	0	35
KV575235.1	147143	149353	1	1	0	0	1	33
