chr1	34295537	34296741	1	1	1	124	0	18
chr1	34295537	34299720	1	1	1	185	1	40
chr1	34296760	34299720	1	1	1	123	0	19
chr1	40010678	40011649	1	1	1	122	0	21
chr1	40010678	40014105	1	1	1	107	1	32
chr1	40011842	40014105	1	1	1	118	0	38
chr1	58558058	58565856	2	2	1	1	0	2
chr1	58565955	58586211	2	2	1	1	0	46
chr1	82735508	82741817	1	1	1	4	0	40
chr1	82735508	82747082	1	1	1	1	0	40
chr1	82735508	82750519	1	1	1	79	0	40
chr1	82741977	82750519	1	1	1	1	0	38
chr1	82747143	82750519	1	1	1	1	0	38
chr2	32292216	32293314	1	1	1	6	0	43
chr2	32292216	32296625	1	1	1	194	0	44
chr2	32293396	32296625	1	1	1	6	0	38
chr2	59932171	59933405	2	2	0	84	0	37
chr2	59932171	59933411	2	2	1	535	0	31
chr2	59932171	59933670	2	2	1	6	0	37
chr2	59933439	59933670	2	2	1	609	0	33
chr2	71849507	71853533	1	1	1	406	0	41
chr2	71849507	71853820	1	1	0	2	0	37
chr2	71849507	71855853	1	1	1	9192	13	45
chr2	71849507	71855868	1	1	0	9	0	46
chr2	71853664	71855853	1	1	1	417	0	41
chr2	71853891	71855853	1	1	0	2	0	40
chr2	75662926	75663570	1	1	1	4	1	36
chr2	91001089	91001461	1	1	1	1075	2	34
chr2	91001089	91003299	1	1	0	2	0	33
chr2	91001511	91003210	1	1	1	1072	2	25
chr2	91003238	91003810	1	1	0	1	0	27
chr2	91003346	91003810	1	1	1	26	0	36
chr2	91159306	91160316	2	2	1	271	0	47
chr2	91159306	91162027	2	2	1	575	0	47
chr2	91160371	91162027	2	2	1	269	0	39
chr2	91681696	91684668	2	2	1	242	0	50
chr2	153670448	153672215	1	1	1	9	0	50
chr2	168752741	168754433	2	2	1	1	0	44
chr3	60422418	60613472	1	1	0	0	6	15
chr3	60613521	60614682	1	1	1	1210	8	45
chr3	60613521	60614688	1	1	0	1	0	44
chr3	60613521	60615619	1	1	1	509	3	44
chr3	60614737	60615619	1	1	1	1220	9	41
chr3	87733505	87734423	1	1	1	17	0	39
chr3	87733505	87734456	1	1	0	1	0	39
chr3	87733505	87735344	1	1	0	17	0	44
chr3	87734553	87735344	1	1	1	18	0	38
chr3	88483947	88484046	2	2	1	390	1	40
chr3	88484155	88484614	2	2	1	387	1	42
chr3	119724187	119724611	2	2	1	6272	5	34
chr3	119724187	119725581	2	2	0	1	0	29
chr3	119724187	119726065	2	2	1	24	0	29
chr3	119724646	119726065	2	2	1	6415	6	38
chr3	119725626	119726065	2	2	0	1	0	38
chr4	31992517	31994873	1	1	1	353	0	39
chr4	31992517	32002088	1	1	1	4893	5	49
chr4	31994955	32002088	1	1	1	351	0	49
chr4	107009769	107027216	1	1	1	32	0	44
chr4	107009769	107028192	1	1	1	90	0	41
chr4	107009769	107028217	1	1	0	1	0	35
chr4	107027298	107028192	1	1	1	33	0	41
chr5	13042670	13661475	1	1	0	5	0	13
chr5	23565266	23616326	2	2	1	1149	1	45
chr5	23615795	23616326	2	2	0	1	0	45
chr5	72958287	72965803	1	1	1	1	0	37
chr5	72958287	72974530	1	1	1	131	1	42
chr5	72965882	72974530	1	1	1	1	0	41
chr5	116482537	116513708	2	2	0	1	0	50
chr5	116482537	116591333	2	2	1	1192	6	50
chr5	149184807	149187707	1	1	1	23	0	44
chr5	149184807	149188344	1	1	1	785	2	45
chr5	149187806	149188344	1	1	0	1	0	39
chr5	149187835	149188344	1	1	1	5	0	40
chr5	149187877	149188344	1	1	1	16	0	39
chr5	149188474	149193839	1	1	1	1	0	25
chr6	47577668	47594893	2	2	1	1	0	35
chr6	98935441	98939718	2	2	1	1	0	24
chr6	98939789	98941535	2	2	1	205	0	45
chr6	98939789	98944618	2	2	0	13	0	45
chr6	98941658	98944618	2	2	1	206	0	36
chr6	125162102	125162211	2	2	1	524	16	36
chr6	128371086	128371967	1	1	1	5100	3	45
chr6	128371086	128372530	1	1	1	7	0	49
chr6	128371086	128372533	1	1	1	38	1	46
chr6	128372013	128372504	1	1	0	22	0	26
chr6	128372013	128372509	1	1	0	8	0	31
chr6	128372013	128372530	1	1	1	668	0	49
chr6	128372013	128372533	1	1	1	4343	3	46
chr6	128372013	128372536	1	1	0	1	0	43
chr6	128372013	128372539	1	1	0	2	0	40
chr6	128372018	128372530	1	1	0	6	0	49
chr6	128372018	128372533	1	1	0	61	0	46
chr7	67240441	67244520	2	2	1	278	0	28
chr7	67240441	67251656	2	2	1	1868	1	46
chr7	67244545	67251656	2	2	1	278	0	24
chr7	101288340	102001612	1	3	0	5	0	12
chr7	102001660	102002294	1	1	1	838	1	42
chr7	102001660	102007485	1	1	1	1482	0	44
chr7	102002337	102007485	1	1	1	840	1	42
chr7	112839481	112841887	1	1	1	7	1	41
chr7	112839481	112842039	1	1	1	174	1	41
chr7	112839481	112856052	1	1	1	1	0	12
chr7	112839481	112856797	1	1	1	7	0	41
chr7	112841906	112842057	1	1	0	0	1	18
chr7	112842103	112856052	1	1	1	147	1	12
chr7	112842103	112856797	1	1	1	30	0	43
chr7	112856065	112856797	1	1	1	148	1	14
chr7	112856065	112856803	1	1	0	1	0	12
chr7	127980247	127981190	1	1	1	24	0	8
chr7	127981292	127981410	1	1	1	25	0	6
chr7	143534418	143535650	2	2	1	1	0	33
chr8	25532429	25557730	1	1	1	2	0	44
chr8	47528031	47529328	2	2	1	1	0	4
chr8	91688606	91932332	1	1	0	11	0	13
chr8	95100453	95100646	2	2	1	1269	1	31
chr8	95100453	95101408	2	2	0	790	1	46
chr8	95100674	95101408	2	2	1	1270	1	44
chr8	121628690	121651724	2	2	1	1	0	20
chr8	123268550	123268744	2	2	1	288	0	47
chr9	43027296	43040539	2	2	1	103	0	38
chr9	43027296	43042590	2	2	1	320	0	46
chr9	43040597	43042590	2	2	1	103	0	46
chr9	80093642	80098885	1	1	1	9329	4	30
chr9	80093642	80098892	1	1	0	231	0	19
chr9	80093642	80103693	1	1	1	464	0	44
chr9	80093642	80103698	1	1	0	3	0	44
chr9	80098907	80101831	1	1	0	1	0	21
chr9	80098907	80103693	1	1	1	9554	4	29
chr9	80101891	80103693	1	1	0	1	0	37
chr9	114597607	114597790	2	2	0	2	0	40
chr9	114597607	114597794	2	2	1	501	0	39
chr9	114597607	114598704	2	2	0	32	0	41
chr9	114597825	114598704	2	2	0	7	0	30
chr9	114597831	114598704	2	2	1	494	0	38
chr11	79458907	79463232	1	1	1	22	0	43
chr11	79458907	79468716	1	1	1	263	0	45
chr11	79463296	79468716	1	1	1	21	0	39
chr11	84994578	85005807	2	2	1	1	0	14
chr11	85005929	85006992	2	2	1	2	0	14
chr11	94112147	94113262	1	1	1	95	0	21
chr11	94112147	94114172	1	1	1	558	0	32
chr11	94113302	94114172	1	1	1	101	0	39
chr11	96828224	96829818	2	2	1	1	0	33
chr11	102310577	102310925	2	2	1	87	0	42
chr11	102310577	102311379	2	2	1	1016	1	46
chr11	102311037	102311379	2	2	1	87	0	45
chr12	71952560	71958746	1	1	1	73	0	27
chr12	71952560	71959805	1	1	1	58	0	43
chr12	71958774	71959805	1	1	1	73	0	27
chr12	83811361	83825258	2	2	1	94	0	37
chr12	83811361	83831921	2	2	1	426	0	41
chr12	83825287	83831921	2	2	0	1	0	28
chr12	83825292	83831921	2	2	1	92	0	33
chr12	83825319	83831921	2	2	0	1	0	38
chr12	113133338	113133495	1	1	0	137	12	44
chr12	113133338	113133540	1	1	1	2657	77	43
chr12	113133338	113135796	1	1	1	173	0	29
chr12	113133577	113134186	1	1	0	1	0	28
chr12	113133577	113134761	1	1	0	2	0	21
chr12	113133577	113134800	1	1	0	12	0	14
chr12	113133577	113135796	1	1	1	2687	89	29
chr12	113134231	113135796	1	1	0	1	0	29
chr12	113134813	113135796	1	1	0	13	0	29
chr13	46778994	46780625	2	2	1	335	2	41
chr13	46778994	46785245	2	2	1	4148	11	47
chr13	46780665	46785245	2	2	1	332	2	39
chr13	56084286	56089757	2	2	1	74	0	42
chr13	56089858	56096123	2	2	1	79	0	41
chr14	57643224	57643334	2	2	1	3	0	39
chr14	57643224	57648418	2	2	1	179	0	47
chr14	57643490	57648418	2	2	1	3	0	38
chr14	120389164	120395711	1	1	1	393	1	39
chr14	120389164	120395717	1	1	0	3	0	38
chr14	120389164	120396450	1	1	1	405	0	48
chr14	120395766	120396450	1	1	1	411	1	48
chr15	77102940	77105576	2	2	1	275	0	41
chr15	77102940	77112712	2	2	0	1	0	40
chr15	77102940	77113604	2	2	1	21	0	48
chr15	77105670	77113604	2	2	1	274	0	48
chr15	77112788	77113604	2	2	0	1	0	44
chr15	103242719	103243624	1	1	1	0	2	33
chr16	57178021	57181491	2	2	1	349	0	45
chr16	57178021	57182850	2	2	1	550	0	44
chr16	57181507	57182850	2	2	0	2	0	15
chr16	57181537	57182850	2	2	1	344	0	37
chr17	12979205	13846588	1	1	0	62	5	12
chr17	13846613	13848354	1	1	0	1	0	21
chr17	13846640	13848354	1	1	1	3355	8	25
chr17	13846640	13849107	1	1	1	8241	10	47
chr17	13846640	13849113	1	1	0	55	1	47
chr17	13846640	13849116	1	1	0	4	0	50
chr17	13848376	13849107	1	1	1	3345	8	41
chr17	13848376	13849113	1	1	0	8	0	21
chr17	45570558	45570665	2	2	0	1	0	35
chr17	45570567	45570665	2	2	1	760	0	42
chr17	45570800	45571017	2	2	1	830	0	24
chr18	10726534	10740982	1	1	1	3	0	15
chr18	53948155	53948644	1	1	1	12500	16	33
chr18	53948155	53948655	1	1	0	1	0	13
chr18	53948155	53953244	1	1	1	4142	9	44
chr18	53948155	53953268	1	1	0	2	0	40
chr18	53948167	53953244	1	1	0	1	0	37
chr18	53948666	53953244	1	1	0	2	0	21
chr18	53948669	53953244	1	1	1	12483	16	37
chr18	53948669	53953268	1	1	0	5	0	24
chr18	53948673	53953244	1	1	0	2	0	28
chr19	7281251	7282725	2	2	0	2	0	26
chr19	7281256	7281797	2	4	1	286	0	43
chr19	7281256	7282725	2	2	1	1078	0	36
chr19	7281960	7282725	2	2	1	301	0	35
chr19	23687546	23694320	1	1	1	1	0	37
