chr1	34295537	34296741	1	1	1	96	0	18
chr1	34295537	34299720	1	1	1	150	0	40
chr1	34296760	34299720	1	1	1	96	0	18
chr1	40010678	40011649	1	1	1	42	0	30
chr1	40010678	40011811	1	1	0	4	0	21
chr1	40010678	40014105	1	1	1	38	3	32
chr1	40011842	40014105	1	1	1	47	0	39
chr1	82735508	82741817	1	1	1	1	0	40
chr1	82735508	82747082	1	1	1	3	0	41
chr1	82735508	82750519	1	1	1	66	0	41
chr1	82747143	82750519	1	1	1	3	0	38
chr2	32292216	32293314	1	1	1	8	0	43
chr2	32292216	32296625	1	1	1	86	0	43
chr2	32293396	32296625	1	1	1	8	0	38
chr2	59932171	59933405	2	2	0	55	0	37
chr2	59932171	59933411	2	2	1	366	0	31
chr2	59932171	59933670	2	2	1	8	0	38
chr2	59933439	59933670	2	2	1	410	0	30
chr2	71849507	71853533	1	1	1	328	0	40
chr2	71849507	71853875	1	1	0	1	0	15
chr2	71849507	71855853	1	1	1	11773	12	45
chr2	71853664	71855853	1	1	1	335	0	41
chr2	71853891	71855853	1	1	0	1	0	15
chr2	75662926	75663570	1	1	1	3	0	19
chr2	91001089	91001461	1	1	1	811	2	34
chr2	91001089	91003299	1	1	0	1	0	33
chr2	91001511	91003210	1	1	1	816	2	25
chr2	91001511	91003299	1	1	0	1	0	46
chr2	91003238	91003810	1	1	0	2	0	27
chr2	91003346	91003810	1	1	1	12	0	38
chr2	91159306	91160316	2	2	1	223	0	47
chr2	91159306	91162027	2	2	1	423	0	47
chr2	91160371	91162027	2	2	1	218	0	39
chr2	91681696	91684668	2	2	1	162	0	50
chr2	153670448	153672215	1	1	1	3	0	50
chr3	60613521	60614682	1	1	1	1530	1	45
chr3	60613521	60615619	1	1	1	666	1	45
chr3	60614737	60615619	1	1	1	1541	2	42
chr3	87733505	87734423	1	1	1	9	0	39
chr3	87733505	87735344	1	1	0	20	0	39
chr3	87734553	87735344	1	1	1	9	0	37
chr3	88483947	88484046	2	2	1	116	1	38
chr3	88484155	88484614	2	2	1	114	1	39
chr3	119724187	119724611	2	2	1	6849	3	34
chr3	119724187	119726065	2	2	1	52	0	29
chr3	119724646	119726065	2	2	1	7048	4	38
chr3	119724646	119726086	2	2	0	2	0	34
chr3	119726116	119820407	2	2	0	5	0	13
chr3	129825617	129826823	2	2	1	5	0	36
chr4	31992517	31994873	1	1	1	315	1	40
chr4	31992517	32002088	1	1	1	3604	2	50
chr4	31994955	32002088	1	1	1	315	1	49
chr4	107009769	107027216	1	1	1	17	0	38
chr4	107009769	107028192	1	1	1	84	0	42
chr4	107027298	107028192	1	1	1	21	0	46
chr5	23565266	23615740	2	2	0	5	0	37
chr5	23565266	23616326	2	2	1	2515	5	49
chr5	23575717	23616326	2	2	0	1	0	45
chr5	23615795	23616326	2	2	0	5	0	45
chr5	72958287	72965803	1	1	1	2	0	37
chr5	72958287	72974530	1	1	1	164	0	43
chr5	72965882	72974530	1	1	1	2	0	41
chr5	116475248	116477058	2	2	1	1	0	26
chr5	116477146	116482389	2	2	1	1	0	33
chr5	116482537	116591333	2	2	1	825	3	50
chr5	122284910	122308130	1	1	1	1	0	39
chr5	149184807	149185484	1	1	1	2	0	43
chr5	149184807	149187707	1	1	1	20	0	43
chr5	149184807	149188344	1	1	1	547	1	45
chr5	149185662	149188344	1	1	0	2	0	39
chr5	149187835	149188344	1	1	1	1	0	39
chr5	149187864	149188344	1	1	0	1	0	39
chr5	149187877	149188344	1	1	1	18	0	39
chr6	47577668	47594893	2	2	1	2	0	39
chr6	98939789	98940994	2	2	1	1	0	45
chr6	98939789	98941535	2	2	1	105	0	46
chr6	98939789	98944618	2	2	0	9	0	45
chr6	98941165	98944618	2	2	0	1	0	36
chr6	98941658	98944618	2	2	1	104	0	37
chr6	125162102	125162211	2	2	1	115	7	41
chr6	128371086	128371967	1	1	1	4836	2	45
chr6	128371086	128372504	1	1	0	1	0	39
chr6	128371086	128372530	1	1	1	6	0	49
chr6	128371086	128372533	1	1	1	82	0	46
chr6	128372013	128372504	1	1	0	24	0	26
chr6	128372013	128372509	1	1	0	9	0	31
chr6	128372013	128372530	1	1	1	607	1	49
chr6	128372013	128372533	1	1	1	4125	2	46
chr6	128372013	128372536	1	1	0	3	0	43
chr6	128372018	128372530	1	1	0	3	0	49
chr6	128372018	128372533	1	1	0	65	0	46
chr7	67240441	67244520	2	2	1	265	0	24
chr7	67240441	67251656	2	2	1	2308	1	45
chr7	67244545	67251656	2	2	1	265	0	24
chr7	102001660	102002294	1	1	1	454	0	43
chr7	102001660	102007485	1	1	1	1040	0	44
chr7	102002337	102007485	1	1	1	456	0	40
chr7	112839481	112841887	1	1	1	4	0	41
chr7	112839481	112842039	1	1	1	80	0	42
chr7	112839481	112856797	1	1	1	1	0	41
chr7	112842103	112856052	1	1	1	68	0	12
chr7	112842103	112856797	1	1	1	16	0	37
chr7	112856065	112856797	1	1	1	68	0	12
chr7	127980247	127981190	1	1	1	9	0	2
chr7	127981292	127981410	1	1	1	6	0	6
chr8	25532429	25555507	1	1	1	2	0	44
chr8	25532429	25557730	1	1	1	2	0	43
chr8	25555775	25557730	1	1	1	3	0	37
chr8	95100453	95100646	2	2	1	475	2	31
chr8	95100453	95101408	2	2	0	401	0	46
chr8	95100674	95101408	2	2	1	475	2	42
chr8	95101447	95139983	2	2	0	0	2	15
chr8	121628690	121651724	2	2	1	1	0	19
chr8	123268550	123268744	2	2	1	93	0	46
chr9	43027296	43040539	2	2	1	86	0	38
chr9	43027296	43042590	2	2	1	269	0	46
chr9	43040597	43042590	2	2	1	86	0	45
chr9	80093642	80098885	1	1	1	8848	4	26
chr9	80093642	80098892	1	1	0	202	0	19
chr9	80093642	80103693	1	1	1	500	0	45
chr9	80098907	80099016	1	1	0	2	0	21
chr9	80098907	80103693	1	1	1	9046	4	27
chr9	80098907	80103698	1	1	0	1	0	21
chr9	80099049	80103693	1	1	0	2	0	37
chr9	80101891	80103693	1	1	0	1	0	37
chr9	114597607	114597794	2	2	1	448	0	38
chr9	114597607	114598704	2	2	0	13	0	42
chr9	114597825	114598704	2	2	0	10	0	30
chr9	114597831	114598704	2	2	1	437	0	39
chr11	79458907	79463232	1	1	1	18	0	42
chr11	79458907	79468716	1	1	1	150	0	44
chr11	79463296	79468716	1	1	1	18	0	39
chr11	94112147	94113262	1	1	1	95	0	24
chr11	94112147	94114172	1	1	1	563	0	32
chr11	94113302	94114172	1	1	1	95	0	39
chr11	94113302	94114196	1	1	0	1	0	38
chr11	102310577	102310925	2	2	1	41	0	42
chr11	102310577	102311379	2	2	1	556	0	46
chr11	102311037	102311379	2	2	1	41	0	45
chr12	71952560	71958746	1	1	1	66	0	27
chr12	71952560	71959805	1	1	1	72	0	45
chr12	71958774	71959805	1	1	1	66	0	27
chr12	83811361	83825258	2	2	1	79	0	33
chr12	83811361	83831921	2	2	1	288	2	41
chr12	83825292	83831921	2	2	1	80	0	34
chr12	113133338	113133447	1	1	0	1	0	41
chr12	113133338	113133495	1	1	0	158	13	44
chr12	113133338	113133540	1	1	1	2224	45	42
chr12	113133338	113135796	1	1	1	268	0	29
chr12	113133577	113134800	1	1	0	5	0	12
chr12	113133577	113135796	1	1	1	2277	58	29
chr12	113134813	113135796	1	1	0	5	0	12
chr13	46778994	46780545	2	2	0	1	0	40
chr13	46778994	46780625	2	2	1	291	0	42
chr13	46778994	46785245	2	2	1	3178	6	49
chr13	46780665	46785245	2	2	1	294	0	39
chr13	56084286	56089757	2	2	1	37	0	41
chr13	56084286	56096123	2	2	0	1	0	40
chr13	56089858	56096123	2	2	1	38	0	41
chr14	31257768	31257880	1	1	1	1	0	42
chr14	57643224	57643334	2	2	1	3	0	39
chr14	57643224	57648418	2	2	1	93	0	47
chr14	57643490	57648418	2	2	1	3	0	38
chr14	120389164	120395711	1	1	1	263	0	39
chr14	120389164	120395717	1	1	0	1	0	38
chr14	120389164	120396450	1	1	1	211	1	48
chr14	120395766	120396450	1	1	1	273	0	48
chr15	77102940	77105576	2	2	1	224	0	42
chr15	77102940	77113604	2	2	1	13	0	44
chr15	77105670	77113604	2	2	1	225	0	48
chr16	57178021	57181491	2	2	1	276	0	45
chr16	57178021	57182850	2	2	1	487	0	44
chr16	57181537	57182850	2	2	1	275	0	37
chr17	12979205	13846588	1	1	0	88	4	12
chr17	13846640	13847291	1	1	0	1	0	19
chr17	13846640	13848354	1	1	1	2898	5	22
chr17	13846640	13849107	1	1	1	8175	12	46
chr17	13846640	13849113	1	1	0	53	0	47
chr17	13847311	13848354	1	1	0	1	0	20
chr17	13848376	13849107	1	1	1	2881	5	27
chr17	13848376	13849113	1	1	0	23	0	21
chr17	45570567	45570665	2	2	1	257	0	37
chr17	45570800	45571017	2	2	1	292	0	21
chr18	10726534	10740982	1	1	1	1	0	15
chr18	53948155	53948644	1	1	1	17885	19	33
chr18	53948155	53953244	1	1	1	6519	3	44
chr18	53948666	53953244	1	1	0	11	0	21
chr18	53948669	53953244	1	1	1	17862	19	37
chr18	53948669	53953268	1	1	0	1	0	24
chr18	53948673	53953244	1	1	0	1	0	28
chr19	7281256	7281797	2	4	1	147	0	39
chr19	7281256	7282725	2	2	1	1223	0	36
chr19	7281960	7282725	2	2	1	158	0	35
