chr1	34295537	34296741	1	1	1	56	0	18
chr1	34295537	34299720	1	1	1	5	0	38
chr1	34296760	34299720	1	1	1	56	0	18
chr1	40010678	40011649	1	1	1	50	0	21
chr1	40010678	40014105	1	1	1	33	1	32
chr1	40011842	40014105	1	1	1	49	0	39
chr1	82735508	82741817	1	1	1	1	0	40
chr1	82735508	82747082	1	1	1	1	0	40
chr1	82735508	82750519	1	1	1	56	0	43
chr1	82741977	82750519	1	1	1	1	0	38
chr1	82747143	82750519	1	1	1	1	0	38
chr2	32292216	32293314	1	1	1	14	0	43
chr2	32292216	32296625	1	1	1	74	0	43
chr2	32293396	32296625	1	1	1	14	0	38
chr2	59926161	59932104	2	2	1	1	0	20
chr2	59932171	59933405	2	2	0	70	0	37
chr2	59932171	59933411	2	2	1	275	0	31
chr2	59932171	59933670	2	2	1	3	0	38
chr2	59933439	59933670	2	2	1	336	0	32
chr2	71849507	71853533	1	1	1	398	0	41
chr2	71849507	71855853	1	1	1	1504	2	43
chr2	71849507	71855868	1	1	0	2	0	46
chr2	71853664	71855853	1	1	1	414	0	46
chr2	75662926	75663570	1	1	1	6	1	40
chr2	91001089	91001461	1	1	1	405	0	34
chr2	91001089	91003299	1	1	0	7	2	33
chr2	91001511	91003210	1	1	1	397	0	25
chr2	91001511	91003299	1	1	0	4	0	46
chr2	91003238	91003810	1	1	0	2	0	27
chr2	91003346	91003810	1	1	1	12	0	36
chr2	91003349	91003810	1	1	0	1	0	36
chr2	91159306	91160316	2	2	1	129	0	47
chr2	91159306	91162027	2	2	1	433	0	47
chr2	91160371	91162027	2	2	1	128	0	39
chr2	91681696	91684668	2	2	1	141	0	50
chr2	153670448	153672215	1	1	1	1	0	50
chr3	60613521	60614682	1	1	1	682	0	45
chr3	60613521	60614688	1	1	0	3	0	38
chr3	60613521	60615619	1	1	1	702	1	45
chr3	60614737	60615619	1	1	1	694	0	47
chr3	87733505	87734423	1	1	1	4	0	39
chr3	87733505	87735344	1	1	0	7	0	39
chr3	87734553	87735344	1	1	1	4	0	37
chr3	88483947	88484046	2	2	1	591	0	39
chr3	88483947	88484055	2	2	0	1	0	37
chr3	88483947	88484614	2	2	0	2	0	38
chr3	88484077	88484614	2	2	0	3	0	30
chr3	88484155	88484614	2	2	1	583	0	41
chr3	119724187	119724611	2	2	1	3995	2	34
chr3	119724187	119726065	2	2	1	20	0	29
chr3	119724646	119726065	2	2	1	4079	2	38
chr3	119726116	120643502	2	2	0	4	0	13
chr3	129825617	129826823	2	2	1	1	0	36
chr4	31992517	31994873	1	1	1	157	0	40
chr4	31992517	32002088	1	1	1	2802	7	49
chr4	31994955	32002088	1	1	1	155	0	49
chr4	107009769	107027216	1	1	1	16	0	39
chr4	107009769	107028192	1	1	1	88	0	41
chr4	107027298	107028192	1	1	1	19	0	41
chr5	23565266	23569656	2	2	0	1	0	37
chr5	23565266	23616326	2	2	1	420	0	49
chr5	23569704	23616326	2	2	0	1	0	45
chr5	23615795	23616326	2	2	0	1	0	45
chr5	72958287	72974530	1	1	1	81	0	46
chr5	72958287	72974563	1	1	0	1	0	27
chr5	116482537	116591333	2	2	1	611	3	50
chr5	149184807	149187707	1	1	1	19	0	43
chr5	149184807	149188344	1	1	1	209	1	45
chr5	149184807	149188357	1	1	0	1	0	49
chr5	149187835	149188344	1	1	1	4	0	39
chr5	149187877	149188344	1	1	1	15	0	39
chr6	98939789	98941535	2	2	1	129	0	46
chr6	98939789	98944618	2	2	0	25	0	45
chr6	98941658	98944618	2	2	1	128	0	37
chr6	125162102	125162211	2	2	1	328	7	36
chr6	128371086	128371967	1	1	1	1873	2	44
chr6	128371086	128372530	1	1	1	6	0	49
chr6	128371086	128372533	1	1	1	20	0	46
chr6	128372013	128372504	1	1	0	9	0	26
chr6	128372013	128372509	1	1	0	2	0	31
chr6	128372013	128372530	1	1	1	217	0	49
chr6	128372013	128372533	1	1	1	1630	2	46
chr6	128372013	128372539	1	1	0	1	0	14
chr6	128372018	128372530	1	1	0	3	0	49
chr6	128372018	128372533	1	1	0	15	0	46
chr7	67240441	67244520	2	2	1	102	0	24
chr7	67240441	67251656	2	2	1	893	1	48
chr7	67244545	67251656	2	2	1	102	0	25
chr7	102001660	102002294	1	1	1	864	0	43
chr7	102001660	102007485	1	1	1	457	0	43
chr7	102002310	102007485	1	1	0	2	0	15
chr7	102002337	102007485	1	1	1	861	0	42
chr7	112839481	112841887	1	1	1	1	0	39
chr7	112839481	112842039	1	1	1	75	1	41
chr7	112839481	112856052	1	1	1	3	0	12
chr7	112839481	112856797	1	1	1	3	0	41
chr7	112842103	112856052	1	1	1	75	1	12
chr7	112842103	112856797	1	1	1	3	0	37
chr7	112856065	112856797	1	1	1	78	1	12
chr7	127980247	127981190	1	1	1	7	0	2
chr7	127981292	127981410	1	1	1	7	0	6
chr8	95100453	95100646	2	2	1	617	1	31
chr8	95100453	95101408	2	2	0	402	0	46
chr8	95100674	95101408	2	2	1	617	1	44
chr8	95101447	95139983	2	2	0	0	1	15
chr8	123268550	123268744	2	2	1	123	0	47
chr9	43027296	43040539	2	2	1	86	0	39
chr9	43027296	43042590	2	2	1	118	0	46
chr9	43040597	43042590	2	2	1	85	0	45
chr9	80093642	80098885	1	1	1	5442	8	26
chr9	80093642	80098892	1	1	0	133	0	14
chr9	80093642	80103693	1	1	1	178	0	45
chr9	80098907	80101831	1	1	0	1	0	14
chr9	80098907	80103693	1	1	1	5580	8	24
chr9	80101891	80103693	1	1	0	1	0	37
chr9	114597607	114597794	2	2	1	299	0	38
chr9	114597607	114598704	2	2	0	14	0	42
chr9	114597825	114598704	2	2	0	4	0	30
chr9	114597831	114598704	2	2	1	291	0	38
chr11	79458907	79463232	1	1	1	10	0	43
chr11	79458907	79468716	1	1	1	118	0	42
chr11	79463296	79468716	1	1	1	10	0	38
chr11	94112147	94113262	1	1	1	45	0	21
chr11	94112147	94114172	1	1	1	181	0	32
chr11	94113302	94114172	1	1	1	46	0	39
chr11	102310577	102310925	2	2	1	26	0	42
chr11	102310577	102311379	2	2	1	795	0	46
chr11	102311037	102311379	2	2	1	26	0	45
chr12	71952560	71958746	1	1	1	34	0	27
chr12	71952560	71959805	1	1	1	22	0	43
chr12	71958774	71959805	1	1	1	34	0	27
chr12	83811361	83825258	2	2	1	36	0	33
chr12	83811361	83831921	2	2	1	312	0	41
chr12	83825292	83831921	2	2	1	36	0	33
chr12	113133338	113133495	1	1	0	66	5	49
chr12	113133338	113133540	1	1	1	1053	43	42
chr12	113133338	113135796	1	1	1	13	0	29
chr12	113133577	113134186	1	1	0	2	0	28
chr12	113133577	113134800	1	1	0	5	0	12
chr12	113133577	113135796	1	1	1	1079	48	29
chr12	113134231	113135796	1	1	0	2	0	29
chr12	113134813	113135796	1	1	0	5	0	12
chr13	46778994	46780625	2	2	1	347	0	44
chr13	46778994	46785245	2	2	1	1931	6	46
chr13	46780665	46785245	2	2	1	347	0	39
chr13	56084286	56089757	2	2	1	23	0	40
chr13	56084286	56096123	2	2	0	4	0	40
chr13	56089858	56096123	2	2	1	22	0	38
chr14	57643224	57648418	2	2	1	86	0	40
chr14	101654106	101654207	1	1	1	1	0	12
chr14	101654220	101665760	1	1	1	1	0	12
chr14	120389164	120395711	1	1	1	120	0	38
chr14	120389164	120396450	1	1	1	321	0	48
chr14	120395766	120396450	1	1	1	119	0	48
chr15	77102940	77105576	2	2	1	154	0	44
chr15	77102940	77113604	2	2	1	9	0	48
chr15	77105670	77113604	2	2	1	151	0	48
chr16	57178009	57181491	2	2	0	1	0	45
chr16	57178021	57181491	2	2	1	273	0	44
chr16	57178021	57182850	2	2	1	235	0	44
chr16	57181507	57182850	2	2	0	1	0	15
chr16	57181537	57182850	2	2	1	269	0	37
chr17	12979205	13846588	1	1	0	30	1	12
chr17	13846640	13848306	1	1	0	2	0	38
chr17	13846640	13848354	1	1	1	2819	5	22
chr17	13846640	13848358	1	1	0	1	0	17
chr17	13846640	13848361	1	1	0	1	0	14
chr17	13846640	13849107	1	1	1	3493	9	47
chr17	13846640	13849113	1	1	0	33	0	47
chr17	13848376	13849107	1	1	1	2810	5	41
chr17	13848376	13849113	1	1	0	7	0	21
chr17	45570567	45570665	2	2	1	327	2	39
chr17	45570800	45571017	2	2	1	358	2	23
chr18	10726534	10740982	1	1	1	1	0	8
chr18	53948155	53948644	1	1	1	7095	12	28
chr18	53948155	53953244	1	1	1	1596	2	44
chr18	53948666	53953244	1	1	0	6	0	23
chr18	53948669	53953244	1	1	1	7088	11	26
chr18	53948669	53953268	1	1	0	1	0	24
chr18	64515406	64516415	2	2	1	1	0	42
chr19	7281251	7282725	2	2	0	1	0	26
chr19	7281256	7281797	2	4	1	69	1	41
chr19	7281256	7282725	2	2	1	940	0	35
chr19	7281960	7282725	2	2	1	70	1	26
KV575235.1	147143	149353	1	1	0	0	2	33
