chr1	34295537	34296741	1	1	1	53	0	18
chr1	34295537	34299720	1	1	1	183	0	42
chr1	34296760	34299720	1	1	1	53	0	18
chr1	40010678	40011649	1	1	1	19	0	21
chr1	40010678	40014105	1	1	1	79	1	32
chr1	40011842	40014105	1	1	1	19	0	37
chr1	82735508	82747082	1	1	1	8	0	40
chr1	82735508	82750519	1	1	1	59	0	40
chr1	82747143	82750519	1	1	1	8	0	38
chr1	153136904	153137190	2	2	1	1	0	40
chr1	178329408	178329867	2	2	1	1	0	14
chr2	32292216	32296625	1	1	1	103	0	43
chr2	59926161	59932104	2	2	1	3	0	20
chr2	59932171	59933405	2	2	0	10	0	33
chr2	59932171	59933411	2	2	1	66	0	31
chr2	59932171	59933670	2	2	1	18	0	38
chr2	59933439	59933670	2	2	1	74	0	28
chr2	71849507	71853533	1	1	1	12	0	39
chr2	71849507	71855853	1	1	1	1854	3	45
chr2	71853664	71855853	1	1	1	13	0	41
chr2	75662920	75665251	1	1	0	0	1	35
chr2	75662926	75663570	1	1	1	8	1	39
chr2	75665302	75665397	1	1	1	0	1	8
chr2	91001089	91001461	1	1	1	577	0	34
chr2	91001511	91003210	1	1	1	563	0	22
chr2	91001511	91003299	1	1	0	2	0	46
chr2	91003346	91003810	1	1	1	18	0	36
chr2	91159300	91162027	2	2	0	1	0	41
chr2	91159306	91160316	2	2	1	8	0	47
chr2	91159306	91162027	2	2	1	165	0	47
chr2	91160371	91162027	2	2	1	8	0	38
chr2	91681696	91682025	2	2	1	1	0	50
chr2	91681696	91684668	2	2	1	728	0	50
chr2	91682110	91684668	2	2	0	1	0	38
chr2	153670448	153670848	1	1	1	82	1	44
chr2	153670909	153672215	1	1	1	79	1	50
chr2	153670909	153714954	1	1	0	0	1	37
chr2	168752741	168754433	2	2	1	13429	11	47
chr3	54482214	54482504	1	1	0	0	1	35
chr3	60613521	60614682	1	1	1	85	0	44
chr3	60613521	60615619	1	1	1	22	0	44
chr3	60614737	60615619	1	1	1	84	0	38
chr3	87733505	87734423	1	1	1	2	0	39
chr3	87733505	87735344	1	1	0	182	0	40
chr3	87734553	87735344	1	1	1	2	0	37
chr3	88483947	88484046	2	2	1	136	0	37
chr3	88484155	88484614	2	2	1	135	0	39
chr3	98328344	98333234	2	2	1	3	0	36
chr3	103280447	103310308	1	1	1	1	0	35
chr3	119724187	119724611	2	2	1	2236	0	34
chr3	119724187	119726065	2	2	1	7	0	29
chr3	119724646	119726065	2	2	1	2290	0	38
chr3	119724646	119726086	2	2	0	4	0	34
chr3	129825617	129826823	2	2	1	4	0	36
chr4	12233626	12233916	1	1	0	0	1	35
chr4	31992517	31993403	1	1	0	3	0	21
chr4	31992517	31994873	1	1	1	1531	1	40
chr4	31992517	32002088	1	1	1	601	1	49
chr4	31993425	31994873	1	1	0	3	0	17
chr4	31994955	32002088	1	1	1	1528	2	49
chr4	107009769	107027216	1	1	1	31	0	38
chr4	107009769	107028192	1	1	1	183	0	43
chr4	107027298	107028192	1	1	1	34	0	41
chr4	127027519	127029826	1	1	1	1	0	13
chr5	23565266	23616326	2	2	1	161	0	46
chr5	65537547	65571531	1	1	1	0	1	3
chr5	72958287	72974530	1	1	1	27	0	41
chr5	116482537	116591333	2	2	1	10	0	50
chr5	146835105	146835563	1	1	1	2	0	16
chr5	149184794	149187707	1	1	0	1	0	36
chr5	149184807	149187707	1	1	1	30	0	43
chr5	149184807	149188344	1	1	1	244	0	45
chr5	149187806	149188344	1	1	0	1	0	39
chr5	149187835	149188344	1	1	1	1	0	37
chr5	149187877	149188344	1	1	1	29	0	39
chr6	47577668	47594893	2	2	1	1	0	26
chr6	72634209	72648800	2	2	0	3	0	40
chr6	72634233	72648800	2	2	1	3253	4	43
chr6	72634233	72649119	2	2	1	7026	6	50
chr6	72634256	72648800	2	2	0	1	0	14
chr6	72648843	72649119	2	2	1	3241	3	42
chr6	72648843	72650179	2	2	0	0	1	42
chr6	98939789	98940994	2	2	1	7	0	45
chr6	98939789	98941535	2	2	1	85	0	45
chr6	98939789	98944618	2	2	0	5	0	46
chr6	98941165	98944618	2	2	0	7	0	36
chr6	98941658	98944618	2	2	1	88	0	37
chr6	125162102	125162211	2	2	1	651	19	43
chr6	128371086	128371967	1	1	1	1318	1	42
chr6	128371086	128372509	1	1	0	1	0	39
chr6	128371086	128372530	1	1	1	83	0	49
chr6	128371086	128372533	1	1	1	767	1	46
chr6	128371086	128372536	1	1	0	1	0	43
chr6	128372013	128372504	1	1	0	3	0	26
chr6	128372013	128372509	1	1	0	2	0	31
chr6	128372013	128372530	1	1	1	165	0	47
chr6	128372013	128372533	1	1	1	1130	1	46
chr6	128372013	128372539	1	1	0	1	0	40
chr6	128372018	128372530	1	1	0	2	0	49
chr6	128372018	128372533	1	1	0	16	0	46
chr7	67240441	67244520	2	2	1	3	0	24
chr7	67240441	67251656	2	2	1	434	0	45
chr7	67244545	67251656	2	2	1	3	0	24
chr7	102001660	102002294	1	1	1	193	0	42
chr7	102001660	102007485	1	1	1	4102	1	45
chr7	102002337	102007485	1	1	1	196	0	39
chr7	112839481	112841887	1	1	1	9	0	41
chr7	112839481	112842039	1	1	1	179	0	41
chr7	112839481	112856052	1	1	1	1	0	12
chr7	112839481	112856797	1	1	1	15	0	41
chr7	112841951	112856052	1	1	1	1	0	12
chr7	112841951	112856797	1	1	0	6	0	37
chr7	112842103	112856052	1	1	1	18	0	12
chr7	112842103	112856797	1	1	1	165	0	45
chr7	112856065	112856797	1	1	1	20	0	12
chr7	127972771	127975887	1	1	1	0	1	1
chr7	127980247	127981190	1	1	1	14	0	5
chr7	127981292	127981410	1	1	1	16	0	6
chr7	144847532	144862231	1	1	1	1	0	3
chr7	144861833	144862231	1	1	1	1450	2	39
chr7	144861837	144862231	1	1	0	2	0	32
chr7	144862336	144862764	1	1	1	1450	2	44
chr8	25532429	25557730	1	1	1	4	0	43
chr8	25555775	25557730	1	1	1	2	0	37
chr8	95100453	95100646	2	2	1	429	0	29
chr8	95100453	95101408	2	2	0	879	1	46
chr8	95100674	95101408	2	2	1	429	0	42
chr8	112013988	112014278	2	2	0	0	1	35
chr8	123268550	123268744	2	2	1	114	0	47
chr9	43027296	43040539	2	2	1	8	0	38
chr9	43027296	43042590	2	2	1	340	0	45
chr9	43040597	43042590	2	2	1	8	0	45
chr9	80093642	80098885	1	1	1	1325	1	30
chr9	80093642	80098892	1	1	0	24	0	14
chr9	80093642	80103693	1	1	1	7807	5	46
chr9	80098907	80099016	1	1	0	1	0	21
chr9	80098907	80103693	1	1	1	1349	1	29
chr9	80099049	80103693	1	1	0	1	0	37
chr9	80103765	80111310	1	1	1	1	0	23
chr9	114597607	114597794	2	2	1	271	0	38
chr9	114597607	114598704	2	2	0	369	0	43
chr9	114597825	114598704	2	2	0	2	0	30
chr9	114597831	114598704	2	2	1	267	0	42
chr10	59807302	59807592	1	1	0	0	1	35
chr11	60804409	60806945	2	2	1	1	0	30
chr11	60807043	60810903	2	2	1	1	0	35
chr11	79458907	79463232	1	1	1	26	0	42
chr11	79458907	79468716	1	1	1	39	0	42
chr11	79463296	79468716	1	1	1	26	0	39
chr11	94112147	94113262	1	1	1	12	0	21
chr11	94112147	94114172	1	1	1	218	1	32
chr11	94113302	94114172	1	1	1	12	0	39
chr11	102310550	102310925	2	2	0	1	0	32
chr11	102310577	102310925	2	2	1	117	0	44
chr11	102310577	102311360	2	2	0	1	0	42
chr11	102310577	102311379	2	2	1	350	0	45
chr11	102311037	102311379	2	2	1	115	0	46
chr12	71952560	71959805	1	1	1	215	0	46
chr12	83811361	83825258	2	2	1	172	1	33
chr12	83811361	83831921	2	2	1	193	0	41
chr12	83825292	83831921	2	2	1	172	1	34
chr12	113133338	113133495	1	1	0	7	0	42
chr12	113133338	113133540	1	1	1	228	0	43
chr12	113133338	113135796	1	1	1	915	0	29
chr12	113133577	113134186	1	1	0	1	0	28
chr12	113133577	113135796	1	1	1	219	0	29
chr12	113134231	113135796	1	1	0	1	0	28
chr13	46778990	46780625	2	2	0	2	0	39
chr13	46778994	46780625	2	2	1	711	1	41
chr13	46778994	46785245	2	2	1	2654	3	46
chr13	46780665	46785245	2	2	1	713	1	39
chr13	56084286	56089757	2	2	1	20	0	40
chr13	56089858	56096123	2	2	1	19	0	38
chr14	57643224	57643334	2	2	1	2	0	39
chr14	57643224	57648418	2	2	1	202	0	42
chr14	57643490	57648418	2	2	1	2	0	38
chr14	120389164	120395711	1	1	1	321	0	39
chr14	120389164	120395717	1	1	0	3	0	38
chr14	120389164	120396450	1	1	1	62	0	48
chr14	120395766	120396450	1	1	1	339	0	48
chr14	122118684	122118974	1	1	0	0	1	35
chr15	41922829	41923119	1	1	0	0	1	35
chr15	77102940	77104709	2	2	0	1	0	40
chr15	77102940	77105576	2	2	1	129	0	42
chr15	77102940	77113604	2	2	1	7	0	44
chr15	77104781	77113604	2	2	0	1	0	44
chr15	77105670	77113604	2	2	1	126	0	44
chr16	57178021	57181491	2	2	1	20	0	43
chr16	57178021	57182850	2	2	1	1371	2	44
chr16	57181537	57182850	2	2	1	19	0	33
chr16	94686604	94691580	1	1	1	1	0	44
chr17	12979205	13846588	1	1	0	9	0	12
chr17	13846640	13848354	1	1	1	405	1	22
chr17	13846640	13849107	1	1	1	11161	12	49
chr17	13846640	13849113	1	1	0	62	0	48
chr17	13848376	13849107	1	1	1	402	1	26
chr17	45570567	45570665	2	2	1	700	1	42
chr17	45570800	45571017	2	2	1	768	1	23
chr17	51783067	51785528	2	2	1	1	0	40
chr17	51785641	51803430	2	2	1	1	0	14
chr18	53948155	53948644	1	1	1	1294	1	28
chr18	53948155	53948651	1	1	0	1	0	17
chr18	53948155	53953244	1	1	1	10045	8	45
chr18	53948669	53953244	1	1	1	1293	1	37
chr19	7281256	7281797	2	4	1	153	0	39
chr19	7281256	7282725	2	2	1	368	0	35
chr19	7281960	7282725	2	2	1	160	0	35
chrX	80457487	80457777	1	1	0	0	1	35
