chr1	34295537	34296741	1	1	1	52	0	18
chr1	34295537	34299720	1	1	1	326	1	41
chr1	34296760	34299720	1	1	1	52	0	18
chr1	40010678	40011649	1	1	1	12	0	21
chr1	40010678	40014105	1	1	1	97	0	32
chr1	40011842	40014105	1	1	1	12	0	37
chr1	82735508	82741817	1	1	1	1	0	40
chr1	82735508	82747082	1	1	1	4	0	40
chr1	82735508	82750519	1	1	1	80	0	41
chr1	82747143	82750519	1	1	1	4	0	38
chr2	32292216	32296625	1	1	1	76	0	44
chr2	59926161	59932104	2	2	1	2	0	23
chr2	59932171	59933405	2	2	0	7	0	33
chr2	59932171	59933411	2	2	1	64	0	31
chr2	59932171	59933670	2	2	1	33	0	39
chr2	59933439	59933670	2	2	1	68	0	28
chr2	71849507	71853533	1	1	1	32	0	39
chr2	71849507	71855853	1	1	1	2270	5	42
chr2	71853664	71855853	1	1	1	33	0	40
chr2	75662926	75663570	1	1	1	4	0	40
chr2	91001089	91001461	1	1	1	567	0	34
chr2	91001511	91003210	1	1	1	557	0	25
chr2	91003238	91003810	1	1	0	1	0	27
chr2	91003346	91003810	1	1	1	13	0	36
chr2	91159306	91160316	2	2	1	2	0	47
chr2	91159306	91162027	2	2	1	170	0	47
chr2	91160371	91162027	2	2	1	2	0	38
chr2	91681696	91684668	2	2	1	649	1	50
chr2	153670448	153670848	1	1	1	46	0	42
chr2	153670909	153672215	1	1	1	46	0	50
chr2	168752741	168754433	2	2	1	11590	11	50
chr3	60613521	60614682	1	1	1	45	0	44
chr3	60613521	60615619	1	1	1	14	0	44
chr3	60614737	60615619	1	1	1	45	0	37
chr3	87733505	87734423	1	1	1	2	0	39
chr3	87733505	87735344	1	1	0	161	0	44
chr3	87734553	87735344	1	1	1	2	0	37
chr3	88483947	88484046	2	2	1	119	0	38
chr3	88484155	88484614	2	2	1	119	0	39
chr3	119724187	119724611	2	2	1	1739	1	34
chr3	119724187	119726065	2	2	1	7	0	29
chr3	119724646	119726065	2	2	1	1799	1	38
chr3	129825617	129826823	2	2	1	2	0	36
chr4	31992517	31994873	1	1	1	1777	3	44
chr4	31992517	32002088	1	1	1	437	3	49
chr4	31994955	32002088	1	1	1	1776	2	49
chr4	46468788	46469882	1	1	1	1	0	6
chr4	107009769	107027216	1	1	1	32	0	43
chr4	107009769	107028192	1	1	1	184	0	45
chr4	107027298	107028192	1	1	1	40	0	41
chr4	139473637	139476130	1	1	1	1	0	8
chr5	23565266	23616326	2	2	1	190	0	45
chr5	72958287	72965803	1	1	1	1	0	37
chr5	72958287	72974530	1	1	1	19	0	41
chr5	72965882	72974530	1	1	1	1	0	41
chr5	116482537	116591333	2	2	1	2	0	50
chr5	149184807	149185484	1	1	1	1	0	43
chr5	149184807	149187707	1	1	1	28	0	43
chr5	149184807	149188344	1	1	1	289	1	44
chr5	149185662	149188344	1	1	0	1	0	39
chr5	149187806	149188344	1	1	0	1	0	39
chr5	149187835	149188344	1	1	1	5	0	40
chr5	149187864	149188344	1	1	0	1	0	39
chr5	149187877	149188344	1	1	1	21	0	39
chr6	47577668	47594893	2	2	1	2	0	35
chr6	72634233	72634303	2	2	0	3	0	37
chr6	72634233	72648800	2	2	1	2478	4	42
chr6	72634233	72649119	2	2	1	5568	4	43
chr6	72634351	72649119	2	2	0	1	0	40
chr6	72648843	72649119	2	2	1	2468	4	42
chr6	98939789	98940994	2	2	1	2	0	45
chr6	98939789	98941535	2	2	1	58	1	46
chr6	98939789	98944618	2	2	0	10	0	45
chr6	98941165	98944618	2	2	0	2	0	36
chr6	98941658	98944618	2	2	1	58	1	37
chr6	125162102	125162211	2	2	1	451	21	42
chr6	128371086	128371967	1	1	1	1375	3	42
chr6	128371086	128372504	1	1	0	1	0	39
chr6	128371086	128372509	1	1	0	1	0	39
chr6	128371086	128372530	1	1	1	125	0	49
chr6	128371086	128372533	1	1	1	901	0	46
chr6	128371086	128372539	1	1	0	1	0	40
chr6	128372013	128372504	1	1	0	4	0	26
chr6	128372013	128372509	1	1	0	2	0	31
chr6	128372013	128372530	1	1	1	170	2	47
chr6	128372013	128372533	1	1	1	1183	1	46
chr6	128372013	128372536	1	1	0	1	0	43
chr6	128372018	128372530	1	1	0	3	0	49
chr6	128372018	128372533	1	1	0	13	0	46
chr7	16378477	16387640	2	2	1	1	0	36
chr7	30192593	30192866	2	2	1	1	0	32
chr7	30192901	30193877	2	2	1	1	0	25
chr7	67240441	67244520	2	2	1	10	0	24
chr7	67240441	67251656	2	2	1	556	2	45
chr7	67240443	67251659	1	1	0	1	0	41
chr7	67244545	67251656	2	2	1	10	0	24
chr7	101405603	102001614	1	1	0	4	0	13
chr7	102001660	102002294	1	1	1	227	0	42
chr7	102001660	102007485	1	1	1	4788	4	45
chr7	102002337	102007485	1	1	1	230	0	41
chr7	112839481	112841887	1	1	1	13	1	41
chr7	112839481	112842039	1	1	1	291	1	41
chr7	112839481	112856052	1	1	1	2	0	12
chr7	112839481	112856797	1	1	1	38	0	41
chr7	112841906	112842057	1	1	0	0	1	18
chr7	112841951	112856052	1	1	1	4	0	12
chr7	112841951	112856797	1	1	0	5	0	37
chr7	112842103	112856052	1	1	1	18	0	12
chr7	112842103	112856797	1	1	1	284	1	45
chr7	112856065	112856797	1	1	1	24	0	12
chr7	127980247	127981190	1	1	1	6	1	3
chr7	127981292	127981410	1	1	1	7	1	6
chr7	144861833	144862231	1	1	1	955	0	29
chr7	144862267	144862764	1	1	0	4	0	35
chr7	144862336	144862764	1	1	1	936	0	46
chr8	25532429	25555507	1	1	1	1	0	44
chr8	25532429	25557730	1	1	1	7	0	44
chr8	25555775	25557730	1	1	1	1	0	38
chr8	57305349	57551066	2	2	0	0	5	13
chr8	72219861	72219940	1	1	1	1	0	30
chr8	95100453	95100646	2	2	1	261	0	31
chr8	95100453	95101408	2	2	0	558	0	46
chr8	95100674	95101408	2	2	1	261	0	42
chr8	123268550	123268744	2	2	1	118	0	47
chr9	43027296	43040539	2	2	1	9	0	38
chr9	43027296	43042590	2	2	1	399	0	46
chr9	43040597	43042590	2	2	1	9	0	45
chr9	80093642	80098885	1	1	1	2196	1	27
chr9	80093642	80098892	1	1	0	45	0	14
chr9	80093642	80103693	1	1	1	6856	6	46
chr9	80093642	80103698	1	1	0	2	0	44
chr9	80098907	80101831	1	1	0	1	0	21
chr9	80098907	80103693	1	1	1	2240	1	29
chr9	80098907	80103698	1	1	0	2	0	21
chr9	80101891	80103693	1	1	0	2	0	37
chr9	114597607	114597794	2	2	1	234	0	38
chr9	114597607	114598704	2	2	0	387	0	46
chr9	114597825	114598704	2	2	0	2	0	30
chr9	114597831	114598704	2	2	1	230	0	36
chr11	26778879	26787397	2	2	0	0	1	13
chr11	78233684	78245547	2	2	1	1	0	28
chr11	79458907	79463232	1	1	1	37	0	42
chr11	79458907	79468113	1	1	1	1	0	41
chr11	79458907	79468716	1	1	1	42	0	42
chr11	79463296	79468716	1	1	1	36	0	39
chr11	79468155	79468716	1	1	1	1	0	38
chr11	94112147	94113262	1	1	1	19	0	21
chr11	94112147	94114172	1	1	1	337	0	32
chr11	94113302	94114172	1	1	1	19	0	39
chr11	102310577	102310925	2	2	1	108	0	43
chr11	102310577	102311379	2	2	1	433	1	46
chr11	102310577	102311403	2	2	0	1	0	21
chr11	102311037	102311379	2	2	1	110	0	45
chr12	71952560	71959805	1	1	1	271	0	44
chr12	83811361	83825258	2	2	1	201	1	33
chr12	83811361	83831921	2	2	1	268	0	41
chr12	83825287	83831917	2	2	0	1	0	28
chr12	83825292	83831921	2	2	1	200	1	34
chr12	113133331	113135796	1	1	0	1	0	28
chr12	113133338	113133495	1	1	0	15	0	43
chr12	113133338	113133540	1	1	1	297	1	43
chr12	113133338	113135796	1	1	1	1386	1	29
chr12	113133577	113135796	1	1	1	291	1	29
chr13	46778994	46780625	2	2	1	451	1	43
chr13	46778994	46785245	2	2	1	3835	9	46
chr13	46780665	46785245	2	2	1	454	1	40
chr13	56084286	56089757	2	2	1	14	0	40
chr13	56084286	56096123	2	2	0	2	0	41
chr13	56089858	56096123	2	2	1	14	0	38
chr14	8171531	8172763	2	2	1	1	0	30
chr14	8172818	8172890	2	2	1	1	0	41
chr14	57643224	57648418	2	2	1	175	0	40
chr14	120389164	120395711	1	1	1	362	0	39
chr14	120389164	120395717	1	1	0	2	0	38
chr14	120389164	120396450	1	1	1	53	0	48
chr14	120395766	120396450	1	1	1	382	0	48
chr15	77102940	77105576	2	2	1	109	0	47
chr15	77102940	77113604	2	2	1	6	0	44
chr15	77105670	77113604	2	2	1	107	0	48
chr16	57178021	57181491	2	2	1	12	0	43
chr16	57178021	57182850	2	2	1	1263	0	44
chr16	57178054	57182850	2	2	0	1	0	33
chr16	57181537	57182850	2	2	1	12	0	44
chr16	94686604	94691580	1	1	1	2	0	45
chr17	12979205	13846588	1	1	0	37	1	12
chr17	13837442	13846588	1	1	0	1	0	12
chr17	13846613	13849107	1	1	0	2	0	37
chr17	13846640	13848354	1	1	1	408	0	21
chr17	13846640	13849107	1	1	1	13149	20	46
chr17	13846640	13849113	1	1	0	52	0	47
chr17	13848376	13849107	1	1	1	408	0	26
chr17	45570567	45570665	2	2	1	838	0	45
chr17	45570800	45571017	2	2	1	864	0	21
chr17	46590452	46590758	2	2	1	1	0	11
chr17	56578845	56578920	2	2	1	1	0	38
chr17	56578986	56582983	2	2	1	1	0	42
chr18	53948155	53948644	1	1	1	1110	0	28
chr18	53948155	53948651	1	1	0	1	0	17
chr18	53948155	53949213	1	1	0	1	0	39
chr18	53948155	53953244	1	1	1	12320	9	44
chr18	53948155	53953268	1	1	0	1	0	40
chr18	53948669	53953244	1	1	1	1114	0	37
chr18	53949263	53953244	1	1	0	1	0	37
chr18	64515409	64516415	2	2	1	1	0	39
chr19	7281256	7281797	2	4	1	86	0	38
chr19	7281256	7282725	2	2	1	395	0	36
chr19	7281960	7282725	2	2	1	95	0	31
