chr1	34295537	34296741	1	1	1	183	0	18
chr1	34295537	34299720	1	1	1	38	0	45
chr1	34296760	34299720	1	1	1	183	0	19
chr1	40010678	40011649	1	1	1	141	0	22
chr1	40010678	40011783	1	1	0	1	0	21
chr1	40010678	40011787	1	1	0	1	0	21
chr1	40010678	40011811	1	1	0	4	0	21
chr1	40010678	40014105	1	1	1	54	5	32
chr1	40011842	40014105	1	1	1	144	0	37
chr1	82735508	82741817	1	1	1	1	0	40
chr1	82735508	82747082	1	1	1	3	0	40
chr1	82735508	82750519	1	1	1	78	0	40
chr1	82747143	82750519	1	1	1	3	0	38
chr2	32292216	32293314	1	1	1	25	0	43
chr2	32292216	32296625	1	1	1	104	0	43
chr2	32293396	32296625	1	1	1	25	0	38
chr2	59932171	59933405	2	2	0	96	0	37
chr2	59932171	59933411	2	2	1	516	0	32
chr2	59932171	59933670	2	2	1	1	0	30
chr2	59933439	59933670	2	2	1	600	0	33
chr2	71849507	71853533	1	1	1	1008	0	42
chr2	71849507	71853875	1	1	0	1	0	15
chr2	71849507	71855853	1	1	1	3385	5	44
chr2	71849507	71855868	1	1	0	4	0	46
chr2	71853664	71855853	1	1	1	1032	0	41
chr2	71853891	71855853	1	1	0	1	0	15
chr2	75662926	75663570	1	1	1	9	0	27
chr2	91001089	91001461	1	1	1	866	1	24
chr2	91001089	91003299	1	1	0	1	0	33
chr2	91001511	91003210	1	1	1	865	1	23
chr2	91001511	91003299	1	1	0	2	0	46
chr2	91003346	91003810	1	1	1	35	0	36
chr2	91159300	91162027	2	2	0	1	0	41
chr2	91159306	91160316	2	2	1	270	2	47
chr2	91159306	91162027	2	2	1	566	1	47
chr2	91160371	91162027	2	2	1	265	2	38
chr2	91681696	91684668	2	2	1	242	0	50
chr2	153670448	153672215	1	1	1	4	0	50
chr3	60422418	60613472	1	1	0	0	7	15
chr3	60613521	60614682	1	1	1	1832	4	49
chr3	60613521	60614688	1	1	0	1	0	44
chr3	60613521	60615619	1	1	1	1707	5	45
chr3	60614737	60615619	1	1	1	1847	4	40
chr3	87733505	87734423	1	1	1	9	0	39
chr3	87733505	87735344	1	1	0	18	0	39
chr3	87734553	87735344	1	1	1	9	0	37
chr3	88483947	88484046	2	2	1	370	1	38
chr3	88484155	88484614	2	2	1	367	1	41
chr3	119724187	119724611	2	2	1	5985	5	34
chr3	119724187	119726065	2	2	1	25	0	29
chr3	119724646	119726065	2	2	1	6103	5	38
chr3	129825617	129826823	2	2	1	1	0	36
chr3	139632407	139650143	2	2	0	1	0	13
chr4	31992517	31994873	1	1	1	447	0	39
chr4	31992517	32002088	1	1	1	3715	6	49
chr4	31994955	32002088	1	1	1	445	0	49
chr4	107009769	107027216	1	1	1	12	0	38
chr4	107009769	107028192	1	1	1	235	0	42
chr4	107009769	107028217	1	1	0	2	0	35
chr4	107027298	107028192	1	1	1	13	0	41
chr4	139473637	139476130	1	1	1	1	0	8
chr5	13042670	13661475	1	1	0	9	0	13
chr5	23565266	23616326	2	2	1	1117	1	49
chr5	23610909	23616326	2	2	0	1	0	45
chr5	72958287	72965803	1	1	1	1	0	37
chr5	72958287	72974530	1	1	1	115	1	42
chr5	72965882	72974530	1	1	1	1	0	41
chr5	86804592	86815628	1	1	1	1	0	33
chr5	116475248	116477058	2	2	1	3	0	24
chr5	116482532	116591333	2	2	0	6	0	45
chr5	116482537	116591333	2	2	1	1051	5	50
chr5	125030908	125032014	2	2	1	1	0	17
chr5	149184807	149187707	1	1	1	21	0	43
chr5	149184807	149188344	1	1	1	539	0	45
chr5	149187835	149188344	1	1	1	3	0	39
chr5	149187877	149188344	1	1	1	18	0	39
chr6	47577668	47594893	2	2	1	1	0	26
chr6	98939789	98941535	2	2	1	154	0	45
chr6	98939789	98944618	2	2	0	16	0	46
chr6	98941658	98944618	2	2	1	153	0	36
chr6	125162102	125162211	2	2	1	419	18	43
chr6	128371086	128371967	1	1	1	4465	0	45
chr6	128371086	128372530	1	1	1	1	0	49
chr6	128371086	128372533	1	1	1	13	0	46
chr6	128372013	128372504	1	1	0	19	0	26
chr6	128372013	128372509	1	1	0	7	0	31
chr6	128372013	128372530	1	1	1	510	0	49
chr6	128372013	128372533	1	1	1	3872	0	46
chr6	128372013	128372536	1	1	0	2	0	43
chr6	128372013	128372539	1	1	0	1	0	40
chr6	128372018	128372530	1	1	0	6	0	49
chr6	128372018	128372533	1	1	0	53	0	46
chr7	25724845	25725923	2	2	1	1	0	37
chr7	67240441	67244520	2	2	1	212	0	24
chr7	67240441	67251656	2	2	1	1966	2	44
chr7	67240443	67251659	1	1	0	2	0	41
chr7	67244545	67251656	2	2	1	212	0	24
chr7	102001660	102002294	1	1	1	1502	0	42
chr7	102001660	102007485	1	1	1	695	1	45
chr7	102002337	102007485	1	1	1	1500	0	40
chr7	112839481	112841887	1	1	1	3	0	41
chr7	112839481	112842039	1	1	1	156	0	41
chr7	112839481	112856052	1	1	1	2	0	12
chr7	112839481	112856797	1	1	1	11	0	41
chr7	112842103	112856052	1	1	1	152	0	12
chr7	112842103	112856797	1	1	1	5	0	40
chr7	112856065	112856797	1	1	1	156	0	14
chr7	127980247	127981190	1	1	1	15	0	5
chr7	127981292	127981410	1	1	1	17	0	6
chr8	25532429	25557730	1	1	1	4	0	44
chr8	95100453	95100646	2	2	1	1287	2	31
chr8	95100453	95101408	2	2	0	194	0	46
chr8	95100674	95101408	2	2	1	1288	2	44
chr8	123268550	123268744	2	2	1	281	0	47
chr9	43027296	43040539	2	2	1	153	0	39
chr9	43027296	43042590	2	2	1	197	1	46
chr9	43040597	43042590	2	2	1	151	0	45
chr9	80093642	80098885	1	1	1	8537	8	26
chr9	80093642	80098892	1	1	0	191	0	19
chr9	80093642	80103693	1	1	1	277	0	45
chr9	80098907	80099016	1	1	0	1	0	21
chr9	80098907	80101831	1	1	0	1	0	21
chr9	80098907	80103693	1	1	1	8734	8	29
chr9	80098907	80103698	1	1	0	1	0	21
chr9	80099049	80103693	1	1	0	1	0	37
chr9	80101891	80103693	1	1	0	1	0	37
chr9	114597607	114597794	2	2	1	555	0	38
chr9	114597607	114598704	2	2	0	16	0	42
chr9	114597825	114598704	2	2	0	5	0	30
chr9	114597831	114598704	2	2	1	548	0	36
chr10	79863056	79863144	1	1	1	1	0	32
chr11	26778879	26787397	2	2	0	0	1	13
chr11	79458907	79463232	1	1	1	13	0	43
chr11	79458907	79468113	1	1	1	1	0	41
chr11	79458907	79468716	1	1	1	171	1	44
chr11	79463296	79468716	1	1	1	13	0	39
chr11	79468155	79468716	1	1	1	1	0	38
chr11	94112147	94113262	1	1	1	127	0	21
chr11	94112147	94114172	1	1	1	429	0	32
chr11	94112147	94114187	1	1	0	1	0	32
chr11	94113302	94114172	1	1	1	129	0	39
chr11	100481848	100482144	2	2	1	2	0	39
chr11	102310577	102310925	2	2	1	64	0	43
chr11	102310577	102311379	2	2	1	914	0	46
chr11	102311037	102311379	2	2	1	63	0	45
chr11	120816738	120816846	2	2	1	2	0	35
chr12	71952560	71958746	1	1	1	62	0	27
chr12	71952560	71959805	1	1	1	46	0	43
chr12	71958774	71959805	1	1	1	62	0	30
chr12	83811361	83825258	2	2	1	38	0	34
chr12	83811361	83831921	2	2	1	492	1	41
chr12	83825292	83831921	2	2	1	36	0	33
chr12	83827005	83831921	2	2	0	1	0	38
chr12	112928622	113133308	1	1	0	0	4	13
chr12	113133338	113133495	1	1	0	133	13	46
chr12	113133338	113133540	1	1	1	2324	81	43
chr12	113133338	113134800	1	1	0	1	0	12
chr12	113133338	113135796	1	1	1	15	0	29
chr12	113133577	113134761	1	1	0	1	0	21
chr12	113133577	113134800	1	1	0	17	0	16
chr12	113133577	113135796	1	1	1	2386	94	29
chr12	113134813	113135796	1	1	0	16	0	29
chr12	113134817	113135796	1	1	0	1	0	16
chr13	46778994	46780545	2	2	0	2	0	40
chr13	46778994	46780625	2	2	1	561	1	40
chr13	46778994	46785245	2	2	1	3264	6	48
chr13	46780665	46785245	2	2	1	567	1	39
chr13	56084286	56089757	2	2	1	65	0	40
chr13	56084286	56096123	2	2	0	2	0	41
chr13	56089858	56096123	2	2	1	66	0	39
chr14	31257768	31257880	1	1	1	1	0	45
chr14	57643224	57643334	2	2	1	3	0	39
chr14	57643224	57648418	2	2	1	137	0	39
chr14	57643490	57648418	2	2	1	3	0	38
chr14	101654106	101654207	1	1	1	1	0	4
chr14	101665890	101666511	1	1	1	1	0	5
chr14	120389164	120395711	1	1	1	281	0	39
chr14	120389164	120395717	1	1	0	1	0	38
chr14	120389164	120396450	1	1	1	658	2	48
chr14	120395766	120396450	1	1	1	292	0	48
chr15	77102940	77105576	2	2	1	186	0	41
chr15	77102940	77113604	2	2	1	7	0	44
chr15	77105670	77113604	2	2	1	187	0	48
chr15	103242719	103243624	1	1	1	0	2	33
chr16	57178021	57181491	2	2	1	321	0	44
chr16	57178021	57182850	2	2	1	231	0	44
chr16	57181537	57182850	2	2	1	321	0	34
chr17	12979205	13846588	1	1	0	59	1	12
chr17	13846640	13848354	1	1	1	5004	5	24
chr17	13846640	13848361	1	1	0	6	0	14
chr17	13846640	13849107	1	1	1	4645	5	46
chr17	13846640	13849113	1	1	0	15	0	47
chr17	13846644	13848358	1	1	0	1	0	17
chr17	13848376	13849107	1	1	1	5003	5	29
chr17	13848376	13849113	1	1	0	4	0	21
chr17	45570567	45570665	2	2	1	683	0	39
chr17	45570800	45571017	2	2	1	778	1	23
chr18	10726534	10740982	1	1	1	1	0	15
chr18	53948155	53948644	1	1	1	12759	9	28
chr18	53948155	53953244	1	1	1	2449	6	43
chr18	53948162	53948644	1	1	0	1	0	24
chr18	53948162	53953244	1	1	0	1	0	37
chr18	53948666	53953244	1	1	0	9	0	21
chr18	53948669	53953244	1	1	1	12734	6	37
chr18	53948669	53953268	1	1	0	3	0	24
chr18	64515409	64516415	2	2	1	1	0	38
chr19	7281251	7282725	2	2	0	1	0	26
chr19	7281256	7281797	2	4	1	250	0	39
chr19	7281256	7282725	2	2	1	1609	0	36
chr19	7281960	7282725	2	2	1	258	0	31
chrX	159414893	159443922	1	1	1	1	0	27
chrX	162863209	162872514	2	2	1	2	0	44
