chr1	34295537	34296741	1	1	1	91	0	18
chr1	34295537	34299720	1	1	1	28	0	43
chr1	34296760	34299720	1	1	1	91	0	19
chr1	40010678	40011649	1	1	1	63	0	21
chr1	40010678	40011811	1	1	0	1	0	21
chr1	40010678	40014105	1	1	1	54	1	32
chr1	40011842	40014105	1	1	1	64	0	38
chr1	82735508	82747082	1	1	1	4	0	40
chr1	82735508	82750519	1	1	1	63	0	40
chr1	82747143	82750519	1	1	1	4	0	38
chr2	32292216	32293314	1	1	1	4	0	43
chr2	32292216	32296625	1	1	1	158	0	43
chr2	32293396	32296625	1	1	1	5	0	38
chr2	59932171	59933405	2	2	0	58	0	33
chr2	59932171	59933411	2	2	1	513	0	31
chr2	59932171	59933670	2	2	1	1	0	37
chr2	59933439	59933670	2	2	1	562	0	28
chr2	71849507	71853533	1	1	1	450	0	40
chr2	71849507	71855853	1	1	1	3099	3	46
chr2	71849507	71855868	1	1	0	1	0	46
chr2	71853664	71855853	1	1	1	468	0	41
chr2	75662926	75663570	1	1	1	3	2	39
chr2	91001089	91001461	1	1	1	508	0	34
chr2	91001089	91003299	1	1	0	10	0	33
chr2	91001511	91003210	1	1	1	496	0	25
chr2	91003238	91003810	1	1	0	2	0	27
chr2	91003346	91003810	1	1	1	13	0	38
chr2	91159300	91162027	2	2	0	2	0	41
chr2	91159306	91160316	2	2	1	143	0	47
chr2	91159306	91162027	2	2	1	524	0	47
chr2	91160371	91162027	2	2	1	145	0	41
chr2	91681696	91684668	2	2	1	204	0	50
chr2	153670448	153672215	1	1	1	3	0	50
chr3	60613521	60614682	1	1	1	862	0	45
chr3	60613521	60614688	1	1	0	1	0	43
chr3	60613521	60615619	1	1	1	428	0	44
chr3	60614737	60615619	1	1	1	863	0	39
chr3	87733505	87734423	1	1	1	7	0	39
chr3	87733505	87735344	1	1	0	7	0	39
chr3	87734553	87735344	1	1	1	7	0	37
chr3	88483947	88484046	2	2	1	498	1	39
chr3	88484155	88484614	2	2	1	492	1	41
chr3	119724187	119724611	2	2	1	5464	5	34
chr3	119724187	119726065	2	2	1	21	0	29
chr3	119724646	119726065	2	2	1	5603	5	38
chr3	129825617	129826823	2	2	1	2	0	45
chr4	31992517	31994873	1	1	1	226	2	39
chr4	31992517	32002088	1	1	1	3743	8	50
chr4	31994955	32002088	1	1	1	222	2	49
chr4	107009769	107027216	1	1	1	20	0	38
chr4	107009769	107028192	1	1	1	60	0	42
chr4	107027298	107028192	1	1	1	26	0	46
chr5	23565266	23616326	2	2	1	543	1	46
chr5	72958287	72974530	1	1	1	88	1	42
chr5	72958287	72974542	1	1	0	1	0	48
chr5	116477146	116482389	2	2	1	1	0	27
chr5	116482537	116591333	2	2	1	970	8	50
chr5	149184807	149187707	1	1	1	9	0	43
chr5	149184807	149188344	1	1	1	611	1	44
chr5	149187835	149188344	1	1	1	1	0	39
chr5	149187877	149188344	1	1	1	8	0	40
chr6	47577668	47594893	2	2	1	3	0	39
chr6	98939789	98940994	2	2	1	1	0	45
chr6	98939789	98941535	2	2	1	138	1	46
chr6	98939789	98944618	2	2	0	19	0	45
chr6	98941658	98944618	2	2	1	136	1	36
chr6	125162102	125162211	2	2	1	332	9	36
chr6	128371086	128371967	1	1	1	2566	2	43
chr6	128371086	128372504	1	1	0	2	0	39
chr6	128371086	128372530	1	1	1	6	0	49
chr6	128371086	128372533	1	1	1	22	0	46
chr6	128372013	128372504	1	1	0	15	0	26
chr6	128372013	128372509	1	1	0	3	0	31
chr6	128372013	128372530	1	1	1	326	0	49
chr6	128372013	128372533	1	1	1	2192	2	46
chr6	128372018	128372530	1	1	0	1	0	49
chr6	128372018	128372533	1	1	0	30	0	46
chr7	25724845	25725923	2	2	1	1	0	41
chr7	67240441	67244520	2	2	1	156	0	38
chr7	67240441	67251656	2	2	1	1030	1	47
chr7	67244545	67251656	2	2	1	155	0	24
chr7	101288340	102001612	1	3	0	6	0	12
chr7	102001660	102002294	1	1	1	1323	0	42
chr7	102001660	102007485	1	1	1	918	1	43
chr7	102002337	102007485	1	1	1	1333	0	42
chr7	112839481	112841887	1	1	1	2	0	41
chr7	112839481	112842039	1	1	1	111	0	42
chr7	112839481	112856052	1	1	1	2	0	12
chr7	112839481	112856797	1	1	1	7	0	41
chr7	112842103	112856052	1	1	1	100	0	12
chr7	112842103	112856797	1	1	1	7	0	37
chr7	112856065	112856797	1	1	1	105	0	14
chr7	127972305	127972553	1	1	1	1	0	22
chr7	127972771	127974399	1	1	1	1	0	27
chr7	127980247	127981190	1	1	1	19	0	22
chr7	127981292	127981410	1	1	1	16	0	6
chr8	25532429	25557730	1	1	1	2	0	44
chr8	25555775	25557730	1	1	1	3	0	37
chr8	47528031	47529328	2	2	1	2	0	4
chr8	95100453	95100646	2	2	1	655	1	31
chr8	95100453	95101408	2	2	0	173	0	46
chr8	95100674	95101408	2	2	1	656	1	42
chr8	95101447	95139983	2	2	0	0	1	15
chr8	121628690	121651724	2	2	1	3	0	20
chr8	123268550	123268744	2	2	1	198	3	46
chr9	43027296	43040539	2	2	1	116	0	39
chr9	43027296	43042590	2	2	1	206	0	46
chr9	43040593	43042590	2	2	0	1	0	43
chr9	43040597	43042590	2	2	1	116	0	46
chr9	80093642	80098885	1	1	1	6487	3	26
chr9	80093642	80098892	1	1	0	126	3	19
chr9	80093642	80103693	1	1	1	278	0	45
chr9	80093656	80103693	1	1	0	0	2	37
chr9	80098907	80099016	1	1	0	1	0	21
chr9	80098907	80103693	1	1	1	6613	6	27
chr9	80099049	80103693	1	1	0	1	0	37
chr9	80103765	80111310	1	1	1	1	0	23
chr9	114597607	114597794	2	2	1	276	0	38
chr9	114597607	114598704	2	2	0	18	0	40
chr9	114597825	114598704	2	2	0	3	0	30
chr9	114597831	114598704	2	2	1	270	0	38
chr11	79458907	79463232	1	1	1	16	0	43
chr11	79458907	79468716	1	1	1	176	0	42
chr11	79463296	79468716	1	1	1	16	0	39
chr11	94112147	94113262	1	1	1	84	0	21
chr11	94112147	94114172	1	1	1	280	0	32
chr11	94113302	94114172	1	1	1	87	0	39
chr11	102310577	102310925	2	2	1	61	0	43
chr11	102310577	102311379	2	2	1	699	1	46
chr11	102311037	102311379	2	2	1	60	0	45
chr12	71952560	71958746	1	1	1	46	0	27
chr12	71952560	71959805	1	1	1	63	0	44
chr12	71958774	71959805	1	1	1	46	0	29
chr12	83811361	83811669	2	2	0	1	0	37
chr12	83811361	83825258	2	2	1	54	0	37
chr12	83811361	83831921	2	2	1	318	0	41
chr12	83825292	83831921	2	2	1	53	0	33
chr12	83825319	83831921	2	2	0	1	0	38
chr12	83825334	83831921	2	2	0	1	0	38
chr12	104697145	104700364	2	2	1	1	0	39
chr12	113133338	113133495	1	1	0	119	10	44
chr12	113133338	113133540	1	1	1	1739	49	42
chr12	113133338	113135796	1	1	1	37	0	29
chr12	113133577	113134800	1	1	0	5	0	12
chr12	113133577	113135796	1	1	1	1799	59	29
chr12	113134813	113135796	1	1	0	5	0	12
chr13	46778994	46780545	2	2	0	2	0	40
chr13	46778994	46780625	2	2	1	423	1	43
chr13	46778994	46785245	2	2	1	2370	4	46
chr13	46780665	46785245	2	2	1	421	1	40
chr13	56084286	56089757	2	2	1	43	0	41
chr13	56084286	56096123	2	2	0	1	0	39
chr13	56089858	56096123	2	2	1	42	0	41
chr14	57643224	57643334	2	2	1	3	0	39
chr14	57643224	57648418	2	2	1	112	0	39
chr14	57643490	57648418	2	2	1	3	0	38
chr14	120389164	120395711	1	1	1	236	0	41
chr14	120389164	120396417	1	1	0	1	0	32
chr14	120389164	120396450	1	1	1	341	0	48
chr14	120395766	120396450	1	1	1	243	0	48
chr15	77102940	77105576	2	2	1	157	1	41
chr15	77102940	77113604	2	2	1	7	0	47
chr15	77105670	77113604	2	2	1	155	1	48
chr15	103242719	103243624	1	1	1	2	1	34
chr15	103243781	103243958	1	1	1	1	0	33
chr16	57178021	57181491	2	2	1	230	2	44
chr16	57178021	57182850	2	2	1	225	1	44
chr16	57181537	57182850	2	2	1	227	2	37
chr17	12979205	13846588	1	1	0	34	1	12
chr17	13846613	13849107	1	1	0	1	0	37
chr17	13846640	13848354	1	1	1	4653	5	22
chr17	13846640	13848358	1	1	0	8	0	17
chr17	13846640	13848361	1	1	0	6	0	14
chr17	13846640	13849107	1	1	1	4296	8	44
chr17	13846640	13849113	1	1	0	18	0	47
chr17	13848376	13849107	1	1	1	4640	6	27
chr17	13848376	13849113	1	1	0	12	0	21
chr17	45570567	45570665	2	2	1	463	4	42
chr17	45570800	45571017	2	2	1	502	4	23
chr18	10726534	10740982	1	1	1	1	0	15
chr18	53948155	53948644	1	1	1	10572	10	30
chr18	53948155	53948651	1	1	0	1	0	17
chr18	53948155	53952820	1	1	0	1	0	39
chr18	53948155	53953244	1	1	1	1915	4	43
chr18	53948666	53953244	1	1	0	4	0	21
chr18	53948669	53953244	1	1	1	10554	10	37
chr18	53948669	53953268	1	1	0	3	0	24
chr18	53952864	53953244	1	1	0	1	0	37
chr19	7281256	7281797	2	4	1	174	1	41
chr19	7281256	7282725	2	2	1	1055	2	36
chr19	7281960	7282725	2	2	1	182	1	35
