chr1	34295537	34296741	1	1	1	191	0	21
chr1	34295537	34299720	1	1	1	42	0	40
chr1	34296760	34299720	1	1	1	191	0	19
chr1	40010678	40011649	1	1	1	139	1	24
chr1	40010678	40011783	1	1	0	1	0	21
chr1	40010678	40011811	1	1	0	1	0	21
chr1	40010678	40014105	1	1	1	38	0	32
chr1	40011842	40014105	1	1	1	140	1	38
chr1	82735508	82741817	1	1	1	3	0	40
chr1	82735508	82747082	1	1	1	4	0	40
chr1	82735508	82750519	1	1	1	93	0	41
chr1	82747143	82750519	1	1	1	7	0	38
chr2	32292216	32293314	1	1	1	11	0	43
chr2	32292216	32296625	1	1	1	190	1	44
chr2	32293396	32296625	1	1	1	11	0	38
chr2	59932171	59933405	2	2	0	90	0	37
chr2	59932171	59933411	2	2	1	637	0	31
chr2	59932171	59933670	2	2	1	1	0	28
chr2	59933439	59933670	2	2	1	715	0	28
chr2	71849507	71853533	1	1	1	731	2	41
chr2	71849507	71853890	1	1	0	1	0	39
chr2	71849507	71855853	1	1	1	3355	3	45
chr2	71849507	71855868	1	1	0	5	0	46
chr2	71853664	71855853	1	1	1	752	2	41
chr2	71853948	71855853	1	1	0	1	0	40
chr2	75662920	75663570	1	1	0	1	0	39
chr2	75662926	75663570	1	1	1	4	0	38
chr2	91001089	91001461	1	1	1	1012	0	34
chr2	91001089	91003299	1	1	0	10	0	33
chr2	91001511	91003210	1	1	1	992	0	29
chr2	91001511	91003299	1	1	0	1	0	46
chr2	91003238	91003810	1	1	0	3	0	27
chr2	91003346	91003810	1	1	1	14	0	36
chr2	91159300	91162027	2	2	0	7	0	41
chr2	91159306	91160316	2	2	1	309	0	47
chr2	91159306	91162027	2	2	1	813	1	47
chr2	91160371	91162027	2	2	1	306	0	40
chr2	91681696	91682025	2	2	1	2	0	50
chr2	91681696	91684668	2	2	1	327	1	50
chr2	91682110	91684668	2	2	0	1	0	38
chr2	91682137	91684668	2	2	1	1	0	38
chr2	153670448	153672215	1	1	1	1	0	36
chr3	60422418	60613472	1	1	0	0	3	15
chr3	60613521	60614682	1	1	1	2319	4	45
chr3	60613521	60614688	1	1	0	2	0	44
chr3	60613521	60615619	1	1	1	1837	0	46
chr3	60614737	60615619	1	1	1	2328	4	38
chr3	87733505	87734423	1	1	1	18	0	39
chr3	87733505	87734456	1	1	0	1	0	39
chr3	87733505	87735344	1	1	0	20	0	39
chr3	87734553	87735344	1	1	1	19	0	37
chr3	88483947	88484046	2	2	1	339	0	38
chr3	88484155	88484614	2	2	1	333	0	40
chr3	119724187	119724611	2	2	1	5020	2	34
chr3	119724187	119726065	2	2	1	21	0	29
chr3	119724646	119726065	2	2	1	5134	2	38
chr3	119726221	119740314	2	2	1	1	0	40
chr3	129825617	129826823	2	2	1	1	0	36
chr4	31992517	31994873	1	1	1	459	1	40
chr4	31992517	32002088	1	1	1	5874	6	50
chr4	31994955	32002088	1	1	1	457	1	49
chr4	107009769	107027216	1	1	1	18	0	43
chr4	107009769	107028192	1	1	1	172	0	42
chr4	107027298	107028192	1	1	1	23	0	42
chr5	23565266	23616326	2	2	1	1818	4	46
chr5	23615785	23616326	2	2	0	1	0	45
chr5	72958287	72965803	1	1	1	3	0	40
chr5	72958287	72974530	1	1	1	128	0	42
chr5	72965882	72974530	1	1	1	3	0	41
chr5	116482537	116591333	2	2	1	1206	2	50
chr5	145131517	145132858	2	2	1	1	0	25
chr5	149184807	149187707	1	1	1	24	1	43
chr5	149184807	149188344	1	1	1	935	1	45
chr5	149187835	149188344	1	1	1	5	0	39
chr5	149187864	149188344	1	1	0	1	0	39
chr5	149187877	149188344	1	1	1	18	1	39
chr6	47577668	47594893	2	2	1	2	0	32
chr6	72634233	72648800	2	2	1	1	0	37
chr6	72634233	72649119	2	2	1	2	0	40
chr6	72648843	72649119	2	2	1	1	0	40
chr6	98939789	98941535	2	2	1	180	0	46
chr6	98939789	98944618	2	2	0	8	0	45
chr6	98941658	98944618	2	2	1	182	0	36
chr6	125162102	125162211	2	2	1	459	15	36
chr6	128371086	128371967	1	1	1	6619	3	45
chr6	128371086	128372530	1	1	1	5	0	49
chr6	128371086	128372533	1	1	1	34	1	46
chr6	128372013	128372278	1	1	0	2	0	27
chr6	128372013	128372504	1	1	0	37	0	26
chr6	128372013	128372509	1	1	0	10	0	31
chr6	128372013	128372530	1	1	1	744	0	49
chr6	128372013	128372533	1	1	1	5771	2	46
chr6	128372013	128372536	1	1	0	3	0	43
chr6	128372013	128372539	1	1	0	1	0	40
chr6	128372018	128372504	1	1	0	1	0	26
chr6	128372018	128372530	1	1	0	3	1	49
chr6	128372018	128372533	1	1	0	54	0	46
chr6	128372306	128372533	1	1	0	2	0	27
chr7	67240441	67244520	2	2	1	223	1	24
chr7	67240441	67251656	2	2	1	2708	4	45
chr7	67244545	67251656	2	2	1	223	1	24
chr7	101288340	102001612	1	3	0	7	0	12
chr7	102001660	102002294	1	1	1	2122	1	44
chr7	102001660	102007485	1	1	1	1050	0	44
chr7	102002310	102007485	1	1	0	9	0	15
chr7	102002337	102007485	1	1	1	2117	1	42
chr7	112839481	112841887	1	1	1	5	0	41
chr7	112839481	112842039	1	1	1	159	0	41
chr7	112839481	112856052	1	1	1	1	0	12
chr7	112839481	112856797	1	1	1	11	1	41
chr7	112841951	112856052	1	1	1	1	0	12
chr7	112841951	112856797	1	1	0	1	0	37
chr7	112842103	112856052	1	1	1	156	0	12
chr7	112842103	112856797	1	1	1	5	0	37
chr7	112856065	112856797	1	1	1	159	0	12
chr7	127980247	127981190	1	1	1	8	0	3
chr7	127981292	127981410	1	1	1	8	0	6
chr8	25532429	25557730	1	1	1	3	0	44
chr8	25555775	25557730	1	1	1	1	0	38
chr8	91688606	91932332	1	1	0	9	0	13
chr8	95100453	95100646	2	2	1	1283	3	31
chr8	95100453	95101408	2	2	0	189	0	46
chr8	95100674	95101408	2	2	1	1283	3	42
chr8	95101447	95139983	2	2	0	0	1	15
chr8	123268550	123268744	2	2	1	228	0	47
chr9	43027296	43029555	2	2	0	1	0	18
chr9	43027296	43040539	2	2	1	182	1	39
chr9	43027296	43042590	2	2	1	395	3	45
chr9	43029574	43040539	2	2	0	1	0	18
chr9	43040597	43042590	2	2	1	182	1	46
chr9	55500165	55512030	2	2	1	1	0	28
chr9	59454470	59485978	2	2	1	1	0	38
chr9	80093642	80098885	1	1	1	10001	12	30
chr9	80093642	80098892	1	1	0	250	0	19
chr9	80093642	80103693	1	1	1	1103	2	45
chr9	80098907	80103693	1	1	1	10253	12	24
chr9	80098907	80103698	1	1	0	1	0	21
chr9	80101891	80103693	1	1	0	1	0	37
chr9	114597607	114597794	2	2	1	945	0	39
chr9	114597607	114598704	2	2	0	22	0	41
chr9	114597825	114598704	2	2	0	14	0	30
chr9	114597831	114598704	2	2	1	926	0	38
chr11	79458907	79463232	1	1	1	34	0	43
chr11	79458907	79468716	1	1	1	284	0	44
chr11	79463296	79468716	1	1	1	35	0	39
chr11	94112147	94113262	1	1	1	141	1	21
chr11	94112147	94114172	1	1	1	443	1	32
chr11	94113302	94114172	1	1	1	145	1	39
chr11	94113302	94114187	1	1	0	1	0	39
chr11	100481848	100482144	2	2	1	3	0	36
chr11	102310577	102310925	2	2	1	55	0	42
chr11	102310577	102311021	2	2	0	3	0	15
chr11	102310577	102311379	2	2	1	1107	0	46
chr11	102311037	102311379	2	2	1	58	0	45
chr12	71952560	71958746	1	1	1	103	1	27
chr12	71952560	71959805	1	1	1	119	0	44
chr12	71958774	71959805	1	1	1	103	1	29
chr12	83811361	83811669	2	2	0	2	0	37
chr12	83811361	83825258	2	2	1	119	0	33
chr12	83811361	83831921	2	2	1	726	1	41
chr12	83811744	83831921	2	2	0	1	0	38
chr12	83825292	83831921	2	2	1	119	0	33
chr12	83827212	83831921	2	2	0	1	0	28
chr12	112928622	113133308	1	1	0	1	7	13
chr12	113133338	113133495	1	1	0	230	20	46
chr12	113133338	113133540	1	1	1	3769	74	43
chr12	113133338	113135796	1	1	1	46	0	29
chr12	113133577	113134800	1	1	0	8	0	14
chr12	113133577	113135796	1	1	1	3826	93	29
chr12	113134813	113135796	1	1	0	7	0	12
chr13	46778994	46780545	2	2	0	1	0	40
chr13	46778994	46780625	2	2	1	1104	1	44
chr13	46778994	46785245	2	2	1	4667	12	45
chr13	46780665	46785245	2	2	1	1109	1	39
chr13	56084286	56089757	2	2	1	79	0	40
chr13	56084286	56096123	2	2	0	3	0	40
chr13	56089858	56096123	2	2	1	79	0	41
chr14	57643224	57643334	2	2	1	3	0	39
chr14	57643224	57648418	2	2	1	125	0	47
chr14	57643490	57648418	2	2	1	3	0	38
chr14	120389164	120395711	1	1	1	245	0	41
chr14	120389164	120395717	1	1	0	1	0	38
chr14	120389164	120396450	1	1	1	586	0	48
chr14	120395766	120396450	1	1	1	255	0	48
chr15	77102940	77105576	2	2	1	325	2	41
chr15	77102940	77113604	2	2	1	22	0	48
chr15	77105670	77113604	2	2	1	326	1	48
chr16	57178021	57181491	2	2	1	489	0	44
chr16	57178021	57182850	2	2	1	437	0	44
chr16	57181537	57182850	2	2	1	486	0	37
chr17	12979205	13846588	1	1	0	81	2	12
chr17	13846640	13848354	1	1	1	6808	7	22
chr17	13846640	13848358	1	1	0	10	0	17
chr17	13846640	13849107	1	1	1	5565	9	46
chr17	13846640	13849113	1	1	0	32	0	47
chr17	13848376	13849107	1	1	1	6807	7	29
chr17	13848376	13849113	1	1	0	14	0	21
chr17	13849663	13850779	1	1	1	1	0	9
chr17	45570567	45570665	2	2	1	711	1	42
chr17	45570800	45571017	2	2	1	815	0	23
chr18	53948155	53948644	1	1	1	16279	14	28
chr18	53948155	53953244	1	1	1	4092	7	44
chr18	53948162	53948644	1	1	0	1	0	24
chr18	53948666	53953244	1	1	0	10	0	21
chr18	53948669	53953244	1	1	1	16251	12	37
chr18	53948669	53953268	1	1	0	4	0	24
chr18	64515409	64516415	2	2	1	1	0	31
chr19	7281256	7281797	2	4	1	268	0	39
chr19	7281256	7282725	2	2	1	2395	1	36
chr19	7281960	7282725	2	2	1	278	0	35
