chr1	34295537	34296741	1	1	1	38	0	18
chr1	34295537	34299720	1	1	1	210	0	41
chr1	34296760	34299720	1	1	1	38	0	18
chr1	40010678	40011649	1	1	1	11	0	21
chr1	40010678	40014105	1	1	1	71	2	32
chr1	40011842	40014105	1	1	1	11	0	37
chr1	82735508	82741817	1	1	1	1	0	40
chr1	82735508	82747082	1	1	1	7	0	41
chr1	82735508	82750519	1	1	1	72	0	41
chr1	82747143	82750519	1	1	1	7	0	38
chr2	32292216	32296625	1	1	1	45	0	43
chr2	59932171	59933405	2	2	0	16	0	33
chr2	59932171	59933411	2	2	1	66	0	27
chr2	59932171	59933670	2	2	1	16	0	38
chr2	59933439	59933670	2	2	1	82	0	28
chr2	71849507	71853533	1	1	1	35	0	39
chr2	71849507	71855853	1	1	1	2189	5	42
chr2	71853664	71855853	1	1	1	35	0	40
chr2	75662926	75663570	1	1	1	2	0	2
chr2	91001089	91001461	1	1	1	427	0	34
chr2	91001089	91003299	1	1	0	6	0	33
chr2	91001511	91003210	1	1	1	428	0	25
chr2	91003238	91003810	1	1	0	2	0	27
chr2	91003346	91003810	1	1	1	7	0	36
chr2	91159306	91160316	2	2	1	2	0	47
chr2	91159306	91162027	2	2	1	174	0	47
chr2	91160371	91162027	2	2	1	2	0	38
chr2	91681696	91684668	2	2	1	543	0	50
chr2	153670448	153670848	1	1	1	65	0	44
chr2	153670448	153672215	1	1	1	2	0	50
chr2	153670909	153672215	1	1	1	64	0	50
chr2	153672336	153672495	1	1	1	1	0	33
chr2	168752741	168754433	2	2	1	11021	4	46
chr3	60613521	60614682	1	1	1	43	0	44
chr3	60613521	60615619	1	1	1	19	0	44
chr3	60614737	60615619	1	1	1	40	0	38
chr3	87733505	87735344	1	1	0	104	0	44
chr3	88483947	88484046	2	2	1	71	0	38
chr3	88484155	88484614	2	2	1	69	0	39
chr3	119724187	119724611	2	2	1	1390	1	34
chr3	119724187	119726065	2	2	1	4	0	29
chr3	119724646	119726065	2	2	1	1422	1	38
chr3	129825617	129826823	2	2	1	1	0	33
chr3	139632407	139650143	2	2	0	1	0	13
chr4	31992517	31994873	1	1	1	1240	1	41
chr4	31992517	32002088	1	1	1	585	1	49
chr4	31994955	32002088	1	1	1	1232	1	49
chr4	107009769	107027216	1	1	1	24	0	38
chr4	107009769	107028192	1	1	1	140	0	43
chr4	107027298	107028192	1	1	1	26	1	42
chr5	23565266	23616326	2	2	1	107	0	46
chr5	72958287	72965803	1	1	1	2	0	38
chr5	72958287	72974530	1	1	1	14	0	41
chr5	72965882	72974530	1	1	1	2	0	41
chr5	116482537	116591333	2	2	1	3	0	50
chr5	149184807	149187707	1	1	1	20	0	43
chr5	149184807	149188344	1	1	1	204	0	44
chr5	149187835	149188344	1	1	1	1	0	39
chr5	149187877	149188344	1	1	1	19	0	39
chr6	72634233	72648800	2	2	1	2400	3	42
chr6	72634233	72649119	2	2	1	5032	2	42
chr6	72634351	72649119	2	2	0	1	0	40
chr6	72648843	72649119	2	2	1	2384	2	42
chr6	98939789	98940994	2	2	1	1	0	44
chr6	98939789	98941535	2	2	1	44	0	45
chr6	98939789	98944618	2	2	0	4	0	45
chr6	98941165	98944618	2	2	0	1	0	36
chr6	98941658	98944618	2	2	1	45	0	36
chr6	125162102	125162211	2	2	1	238	9	38
chr6	128371086	128371967	1	1	1	1302	1	44
chr6	128371086	128372530	1	1	1	101	0	49
chr6	128371086	128372533	1	1	1	711	0	46
chr6	128371086	128372539	1	1	0	1	0	40
chr6	128372013	128372504	1	1	0	3	0	26
chr6	128372013	128372530	1	1	1	166	1	49
chr6	128372013	128372533	1	1	1	1106	0	46
chr6	128372013	128372536	1	1	0	1	0	42
chr6	128372018	128372530	1	1	0	1	0	49
chr6	128372018	128372533	1	1	0	24	0	46
chr7	25724845	25725923	2	2	1	2	0	41
chr7	67240441	67244520	2	2	1	8	0	24
chr7	67240441	67251656	2	2	1	569	0	44
chr7	67244545	67251656	2	2	1	8	0	24
chr7	101288340	102001612	1	3	0	10	0	12
chr7	102001660	102002294	1	1	1	290	0	42
chr7	102001660	102007485	1	1	1	4144	1	45
chr7	102002337	102007485	1	1	1	290	0	40
chr7	112839481	112841887	1	1	1	9	2	41
chr7	112839481	112842039	1	1	1	183	3	49
chr7	112839481	112856797	1	1	1	26	0	41
chr7	112841906	112842057	1	1	0	0	2	18
chr7	112841951	112856052	1	1	1	1	0	12
chr7	112841951	112856797	1	1	0	4	0	37
chr7	112842103	112856052	1	1	1	11	0	13
chr7	112842103	112856797	1	1	1	177	3	38
chr7	112856065	112856797	1	1	1	12	0	12
chr7	127974435	127975887	1	1	1	1	0	4
chr7	127975921	127977217	1	1	1	1	0	33
chr7	127980247	127981190	1	1	1	3	0	5
chr7	127981292	127981410	1	1	1	3	0	6
chr7	144861833	144862231	1	1	1	692	1	29
chr7	144861837	144862231	1	1	0	1	0	32
chr7	144862267	144862764	1	1	0	1	0	35
chr7	144862336	144862764	1	1	1	679	1	44
chr8	25532429	25557730	1	1	1	2	0	44
chr8	25555775	25557730	1	1	1	4	0	38
chr8	95100453	95100646	2	2	1	128	0	31
chr8	95100453	95101408	2	2	0	317	0	46
chr8	95100674	95101408	2	2	1	128	0	42
chr8	123268550	123268744	2	2	1	65	0	46
chr9	43027296	43029555	2	2	0	1	0	18
chr9	43027296	43040539	2	2	1	24	0	38
chr9	43027296	43042590	2	2	1	271	0	46
chr9	43029574	43042590	2	2	0	1	0	18
chr9	43040597	43042590	2	2	1	24	0	45
chr9	80093642	80098885	1	1	1	1715	2	31
chr9	80093642	80098892	1	1	0	27	0	14
chr9	80093642	80103693	1	1	1	6852	4	45
chr9	80098907	80103693	1	1	1	1741	2	24
chr9	114597607	114597794	2	2	1	270	0	38
chr9	114597607	114598704	2	2	0	393	0	43
chr9	114597831	114598704	2	2	1	268	0	36
chr11	79458907	79463232	1	1	1	23	0	42
chr11	79458907	79468716	1	1	1	41	0	42
chr11	79463296	79468716	1	1	1	23	0	39
chr11	94112147	94113262	1	1	1	15	0	21
chr11	94112147	94114172	1	1	1	313	0	32
chr11	94113302	94114172	1	1	1	16	0	39
chr11	100481848	100482144	2	2	1	1	0	36
chr11	102310577	102310925	2	2	1	84	0	42
chr11	102310577	102311379	2	2	1	359	0	45
chr11	102311037	102311379	2	2	1	83	0	45
chr11	116268388	116271912	2	2	1	1	0	31
chr12	71952560	71959805	1	1	1	222	0	45
chr12	83811361	83825258	2	2	1	191	0	33
chr12	83811361	83831921	2	2	1	195	1	41
chr12	83825292	83831921	2	2	1	192	0	33
chr12	113133338	113133495	1	1	0	11	0	42
chr12	113133338	113133540	1	1	1	283	1	42
chr12	113133338	113135796	1	1	1	1092	1	29
chr12	113133577	113135796	1	1	1	275	0	29
chr13	46778994	46780625	2	2	1	526	1	40
chr13	46778994	46785245	2	2	1	3076	3	46
chr13	46780665	46785245	2	2	1	530	1	40
chr13	56084286	56088251	2	2	1	1	0	40
chr13	56084286	56089757	2	2	1	14	0	40
chr13	56084286	56096123	2	2	0	1	0	40
chr13	56088343	56096123	2	2	1	1	0	38
chr13	56089858	56096123	2	2	1	13	0	41
chr14	57643224	57643334	2	2	1	1	0	39
chr14	57643224	57648418	2	2	1	125	0	47
chr14	57643490	57648418	2	2	1	1	0	38
chr14	120389164	120395711	1	1	1	298	0	41
chr14	120389164	120395717	1	1	0	3	0	38
chr14	120389164	120396450	1	1	1	62	0	48
chr14	120395766	120396450	1	1	1	315	0	48
chr15	77102940	77105576	2	2	1	110	0	41
chr15	77102940	77113604	2	2	1	9	0	44
chr15	77105670	77113604	2	2	1	108	0	48
chr15	103242719	103243624	1	1	1	2	1	43
chr16	57178021	57181491	2	2	1	20	0	44
chr16	57178021	57182850	2	2	1	956	1	44
chr16	57181537	57182850	2	2	1	20	0	33
chr16	94686604	94691580	1	1	1	1	0	45
chr17	12979205	13846588	1	1	0	41	0	12
chr17	13837442	13846588	1	1	0	3	0	12
chr17	13846640	13848354	1	1	1	391	0	22
chr17	13846640	13849107	1	1	1	14882	21	49
chr17	13846640	13849113	1	1	0	74	0	47
chr17	13848376	13849107	1	1	1	391	0	26
chr17	45570567	45570665	2	2	1	537	1	37
chr17	45570800	45571017	2	2	1	528	0	23
chr18	10726534	10740982	1	1	1	2	0	15
chr18	53948155	53948644	1	1	1	1417	0	28
chr18	53948155	53949213	1	1	0	1	0	37
chr18	53948155	53953244	1	1	1	11823	18	45
chr18	53948666	53953244	1	1	0	1	0	21
chr18	53948669	53949213	1	1	0	1	0	15
chr18	53948669	53953244	1	1	1	1411	0	26
chr18	53949263	53953244	1	1	0	2	0	37
chr18	64515409	64516415	2	2	1	1	0	38
chr19	7281256	7281797	2	4	1	44	0	39
chr19	7281256	7282725	2	2	1	328	0	35
chr19	7281960	7282725	2	2	1	48	0	26
