chr1	34295537	34296741	1	1	1	34	0	18
chr1	34295537	34299720	1	1	1	196	1	42
chr1	34296760	34299720	1	1	1	34	0	19
chr1	40010678	40011649	1	1	1	16	0	21
chr1	40010678	40011811	1	1	0	1	0	21
chr1	40010678	40014105	1	1	1	52	0	32
chr1	40011842	40014105	1	1	1	17	0	37
chr1	82735508	82741817	1	1	1	3	0	42
chr1	82735508	82741934	1	1	0	2	0	40
chr1	82735508	82747082	1	1	1	5	0	40
chr1	82735508	82750519	1	1	1	46	0	40
chr1	82741977	82750519	1	1	1	1	0	38
chr1	82747143	82750519	1	1	1	7	0	38
chr2	32292216	32296625	1	1	1	65	0	43
chr2	59932171	59933405	2	2	0	2	0	33
chr2	59932171	59933411	2	2	1	52	0	31
chr2	59932171	59933670	2	2	1	11	0	38
chr2	59933439	59933670	2	2	1	53	0	28
chr2	71849507	71853533	1	1	1	20	0	39
chr2	71849507	71855853	1	1	1	1497	1	45
chr2	71853664	71855853	1	1	1	20	0	40
chr2	75662926	75663570	1	1	1	1	0	27
chr2	91001089	91001461	1	1	1	481	0	34
chr2	91001089	91003299	1	1	0	1	0	33
chr2	91001511	91003210	1	1	1	470	0	20
chr2	91001511	91003299	1	1	0	1	0	46
chr2	91003346	91003810	1	1	1	7	0	36
chr2	91159306	91160316	2	2	1	7	0	47
chr2	91159306	91162027	2	2	1	121	1	47
chr2	91160371	91162027	2	2	1	7	0	38
chr2	91681696	91684668	2	2	1	372	1	50
chr2	153670448	153670848	1	1	1	35	0	42
chr2	153670909	153672215	1	1	1	35	0	50
chr2	168752741	168754433	2	2	1	7153	7	46
chr3	60613521	60614682	1	1	1	49	0	44
chr3	60613521	60615619	1	1	1	18	0	44
chr3	60614737	60615619	1	1	1	50	0	38
chr3	87733505	87735344	1	1	0	98	0	44
chr3	88483947	88484046	2	2	1	80	0	37
chr3	88484155	88484614	2	2	1	82	0	39
chr3	119724187	119724611	2	2	1	1072	0	34
chr3	119724187	119726065	2	2	1	3	0	29
chr3	119724646	119726065	2	2	1	1102	0	38
chr3	129825617	129826823	2	2	1	2	0	36
chr4	31992517	31994873	1	1	1	1068	1	39
chr4	31992517	32002088	1	1	1	404	0	49
chr4	31994955	32002088	1	1	1	1061	1	49
chr4	107009769	107027216	1	1	1	22	0	42
chr4	107009769	107028192	1	1	1	130	1	41
chr4	107027298	107028192	1	1	1	26	0	41
chr5	23565266	23616326	2	2	1	120	0	45
chr5	72958287	72974530	1	1	1	12	0	41
chr5	116482537	116591333	2	2	1	1	0	42
chr5	149184807	149187707	1	1	1	11	0	43
chr5	149184807	149188344	1	1	1	191	0	44
chr5	149187877	149188344	1	1	1	11	0	39
chr6	47576665	47577543	2	2	1	1	0	36
chr6	47577668	47594893	2	2	1	3	0	26
chr6	72634233	72648800	2	2	1	1482	1	39
chr6	72634233	72649119	2	2	1	3258	2	47
chr6	72634351	72649119	2	2	0	1	0	40
chr6	72648843	72649119	2	2	1	1480	1	41
chr6	85467786	85468052	1	1	1	1	0	17
chr6	98939789	98940994	2	2	1	5	0	45
chr6	98939789	98941535	2	2	1	46	0	46
chr6	98939789	98944618	2	2	0	8	0	45
chr6	98941165	98944618	2	2	0	5	0	36
chr6	98941658	98944618	2	2	1	45	0	36
chr6	125162102	125162211	2	2	1	247	7	43
chr6	128371086	128371967	1	1	1	948	3	45
chr6	128371086	128372530	1	1	1	53	0	49
chr6	128371086	128372533	1	1	1	429	1	46
chr6	128371086	128372536	1	1	0	1	0	43
chr6	128372013	128372504	1	1	0	3	0	26
chr6	128372013	128372509	1	1	0	1	0	31
chr6	128372013	128372530	1	1	1	105	1	49
chr6	128372013	128372533	1	1	1	820	2	46
chr6	128372013	128372536	1	1	0	2	0	43
chr6	128372018	128372530	1	1	0	3	0	49
chr6	128372018	128372533	1	1	0	12	0	46
chr7	67240441	67244520	2	2	1	7	0	24
chr7	67240441	67251656	2	2	1	406	0	44
chr7	67244545	67251656	2	2	1	7	0	24
chr7	101405603	102001614	1	1	0	4	0	13
chr7	102001660	102002294	1	1	1	208	1	42
chr7	102001660	102007485	1	1	1	2913	1	48
chr7	102001665	102002300	1	1	0	0	1	36
chr7	102002337	102007485	1	1	1	211	1	40
chr7	112839481	112841887	1	1	1	8	0	41
chr7	112839481	112842039	1	1	1	219	1	41
chr7	112839481	112856052	1	1	1	5	0	12
chr7	112839481	112856797	1	1	1	12	0	41
chr7	112841951	112856052	1	1	1	2	0	12
chr7	112841951	112856797	1	1	0	4	0	38
chr7	112842103	112856052	1	1	1	9	0	12
chr7	112842103	112856797	1	1	1	210	1	43
chr7	112842103	112856803	1	1	0	2	0	43
chr7	112856065	112856797	1	1	1	16	0	12
chr7	127972771	127974399	1	1	1	1	0	7
chr7	127975921	127977217	1	1	1	1	0	13
chr7	127980247	127981190	1	1	1	3	1	2
chr7	127981292	127981410	1	1	1	3	1	6
chr7	144861833	144862231	1	1	1	670	0	29
chr7	144862336	144862764	1	1	1	668	0	43
chr8	25532429	25557730	1	1	1	2	0	44
chr8	72219861	72219940	1	1	1	1	0	30
chr8	95100453	95100646	2	2	1	208	1	31
chr8	95100453	95101408	2	2	0	259	0	46
chr8	95100674	95101408	2	2	1	208	1	42
chr8	123268550	123268744	2	2	1	86	0	49
chr9	43027296	43040539	2	2	1	15	0	38
chr9	43027296	43042590	2	2	1	176	1	45
chr9	43040597	43042590	2	2	1	16	0	46
chr9	55500165	55512030	2	2	1	0	1	2
chr9	80093642	80098885	1	1	1	1424	5	26
chr9	80093642	80098892	1	1	0	28	0	14
chr9	80093642	80103693	1	1	1	4668	0	46
chr9	80093642	80103698	1	1	0	1	0	45
chr9	80098907	80103693	1	1	1	1453	5	29
chr9	80103765	80111310	1	1	1	2	0	14
chr9	114597607	114597794	2	2	1	180	1	39
chr9	114597607	114598704	2	2	0	277	0	43
chr9	114597831	114598704	2	2	1	178	1	36
chr11	79458907	79463232	1	1	1	23	0	42
chr11	79458907	79468716	1	1	1	26	0	42
chr11	79463296	79468716	1	1	1	22	0	39
chr11	79468155	79468716	1	1	1	1	0	38
chr11	94112147	94113262	1	1	1	13	0	21
chr11	94112147	94114172	1	1	1	199	0	32
chr11	94113302	94114172	1	1	1	14	0	39
chr11	102310333	102310442	2	2	1	1	0	36
chr11	102310577	102310925	2	2	1	54	0	42
chr11	102310577	102311379	2	2	1	246	0	46
chr11	102311037	102311379	2	2	1	54	0	45
chr12	71952560	71959805	1	1	1	155	0	43
chr12	83811361	83825258	2	2	1	194	0	37
chr12	83811361	83831921	2	2	1	161	0	41
chr12	83825292	83831921	2	2	1	193	0	34
chr12	83825319	83831921	2	2	0	1	0	38
chr12	113133338	113133495	1	1	0	7	0	45
chr12	113133338	113133540	1	1	1	244	0	42
chr12	113133338	113135796	1	1	1	826	0	29
chr12	113133577	113135796	1	1	1	232	0	29
chr13	46778994	46780625	2	2	1	406	1	40
chr13	46778994	46785245	2	2	1	2127	4	46
chr13	46780665	46785245	2	2	1	410	1	39
chr13	55282783	55290054	1	1	1	1	0	35
chr13	56084286	56088251	2	2	1	1	0	40
chr13	56084286	56089757	2	2	1	4	0	40
chr13	56088343	56096123	2	2	1	1	0	38
chr13	56089858	56096123	2	2	1	4	0	38
chr14	31257768	31257880	1	1	1	1	0	46
chr14	57643224	57643334	2	2	1	1	0	28
chr14	57643224	57648418	2	2	1	118	0	40
chr14	57643490	57648418	2	2	1	1	0	38
chr14	120389164	120395711	1	1	1	220	0	38
chr14	120389164	120396450	1	1	1	44	0	48
chr14	120395766	120396450	1	1	1	233	0	48
chr15	77102940	77105576	2	2	1	104	0	40
chr15	77102940	77113604	2	2	1	11	0	44
chr15	77105670	77113604	2	2	1	105	0	47
chr15	102094778	102094976	1	1	1	1	0	26
chr16	57178021	57181491	2	2	1	6	0	43
chr16	57178021	57182850	2	2	1	659	0	44
chr16	57181537	57182850	2	2	1	6	0	33
chr16	94686604	94691580	1	1	1	1	0	45
chr17	12979205	13846588	1	1	0	15	0	12
chr17	13846640	13848354	1	1	1	299	0	21
chr17	13846640	13849107	1	1	1	9367	16	46
chr17	13846640	13849113	1	1	0	37	0	47
chr17	13848376	13849107	1	1	1	301	0	26
chr17	45570567	45570665	2	2	1	742	4	42
chr17	45570800	45571017	2	2	1	780	4	21
chr18	10726534	10740982	1	1	1	1	0	15
chr18	53948155	53948644	1	1	1	1158	0	28
chr18	53948155	53949213	1	1	0	2	0	39
chr18	53948155	53949550	1	1	0	2	0	39
chr18	53948155	53953244	1	1	1	7885	11	44
chr18	53948666	53953244	1	1	0	1	0	21
chr18	53948669	53953244	1	1	1	1152	0	26
chr18	53949263	53953244	1	1	0	2	0	37
chr18	53949588	53953244	1	1	0	2	0	37
chr19	7281256	7281797	2	4	1	48	0	38
chr19	7281256	7282725	2	2	1	250	0	35
chr19	7281960	7282725	2	2	1	54	0	36
chrX	73952667	73952825	2	2	1	1	0	10
