chr1	34295537	34296741	1	1	1	179	0	20
chr1	34295537	34299720	1	1	1	24	0	38
chr1	34296760	34299720	1	1	1	179	0	19
chr1	40010678	40011629	1	1	0	1	0	21
chr1	40010678	40011649	1	1	1	142	1	28
chr1	40010678	40011783	1	1	0	2	0	24
chr1	40010678	40011811	1	1	0	2	0	21
chr1	40010678	40014105	1	1	1	65	1	32
chr1	40011842	40014105	1	1	1	142	1	38
chr1	55014563	55016375	2	2	1	1	0	30
chr1	55016491	55016778	2	2	1	1	0	37
chr1	82735508	82741817	1	1	1	2	0	20
chr1	82735508	82741934	1	1	0	1	0	40
chr1	82735508	82747082	1	1	1	7	0	40
chr1	82735508	82750519	1	1	1	132	0	42
chr1	82741977	82750519	1	1	1	1	0	38
chr1	82747143	82750519	1	1	1	7	0	40
chr2	32292216	32293314	1	1	1	14	0	43
chr2	32292216	32296625	1	1	1	183	0	43
chr2	32293396	32296625	1	1	1	14	0	38
chr2	59932171	59933405	2	2	0	96	0	37
chr2	59932171	59933411	2	2	1	662	1	32
chr2	59932171	59933670	2	2	1	2	0	32
chr2	59932219	59933670	2	2	0	1	0	28
chr2	59933439	59933670	2	2	1	744	1	28
chr2	71849507	71853533	1	1	1	1081	0	41
chr2	71849507	71853820	1	1	0	1	0	37
chr2	71849507	71853875	1	1	0	3	0	15
chr2	71849507	71853890	1	1	0	4	0	39
chr2	71849507	71855853	1	1	1	3238	3	43
chr2	71849507	71855868	1	1	0	5	0	46
chr2	71853664	71855853	1	1	1	1171	0	44
chr2	71853891	71855853	1	1	0	6	0	40
chr2	71853948	71855853	1	1	0	4	0	40
chr2	75662926	75663570	1	1	1	2	1	36
chr2	91001089	91001461	1	1	1	1085	1	34
chr2	91001089	91003299	1	1	0	1	0	33
chr2	91001511	91003210	1	1	1	1075	1	25
chr2	91003238	91003810	1	1	0	1	0	27
chr2	91003346	91003810	1	1	1	29	0	38
chr2	91159306	91160316	2	2	1	355	0	47
chr2	91159306	91162027	2	2	1	830	2	48
chr2	91160371	91162027	2	2	1	358	0	40
chr2	91681696	91682025	2	2	1	2	0	50
chr2	91681696	91684668	2	2	1	317	1	50
chr2	91681831	91684668	2	2	0	1	0	38
chr2	91682137	91684668	2	2	1	2	0	38
chr2	153670448	153672215	1	1	1	3	1	50
chr2	153713625	153714954	1	1	1	0	1	50
chr3	60422418	60613472	1	1	0	0	3	15
chr3	60613521	60614682	1	1	1	1552	5	45
chr3	60613521	60614688	1	1	0	1	0	38
chr3	60613521	60615619	1	1	1	1791	3	45
chr3	60614737	60615619	1	1	1	1559	5	40
chr3	87733505	87734423	1	1	1	15	0	39
chr3	87733505	87735344	1	1	0	19	0	40
chr3	87734553	87735344	1	1	1	15	0	37
chr3	88483947	88484046	2	2	1	419	1	38
chr3	88483947	88484614	2	2	0	2	0	38
chr3	88484155	88484614	2	2	1	411	1	39
chr3	119724187	119724611	2	2	1	6757	3	34
chr3	119724187	119726065	2	2	1	18	0	29
chr3	119724646	119726065	2	2	1	6915	3	41
chr3	119726116	120643502	2	2	0	4	0	13
chr3	142948246	142963375	2	2	0	0	1	13
chr4	31992517	31994873	1	1	1	360	0	40
chr4	31992517	32002088	1	1	1	5105	8	50
chr4	31992526	32002097	2	4	0	1	0	44
chr4	31994955	32002088	1	1	1	359	0	49
chr4	107009769	107027216	1	1	1	9	0	39
chr4	107009769	107028192	1	1	1	139	0	41
chr4	107027298	107028192	1	1	1	15	0	41
chr4	139473637	139476130	1	1	1	1	0	8
chr5	23565266	23616326	2	2	1	1067	2	46
chr5	28493655	28539334	2	2	0	0	2	13
chr5	72958287	72965803	1	1	1	3	0	40
chr5	72958287	72974530	1	1	1	127	0	43
chr5	72965882	72974530	1	1	1	3	0	41
chr5	116477146	116482389	2	2	1	1	0	44
chr5	116482537	116591333	2	2	1	1145	6	50
chr5	129845656	129845747	1	1	1	1	0	25
chr5	149184807	149187707	1	1	1	33	0	45
chr5	149184807	149188344	1	1	1	978	1	45
chr5	149187835	149188344	1	1	1	5	0	39
chr5	149187864	149188344	1	1	0	1	0	39
chr5	149187877	149188344	1	1	1	25	0	39
chr6	47577668	47594893	2	2	1	3	0	26
chr6	51464548	51465178	2	2	1	1	0	14
chr6	51465242	51466141	2	2	1	1	0	41
chr6	72634233	72649119	2	2	1	1	0	40
chr6	98939789	98941535	2	2	1	296	1	46
chr6	98939789	98944618	2	2	0	14	0	46
chr6	98941658	98944618	2	2	1	290	1	37
chr6	125162102	125162211	2	2	1	533	27	39
chr6	128371086	128371967	1	1	1	5070	3	45
chr6	128371086	128372533	1	1	1	22	0	46
chr6	128372013	128372504	1	1	0	38	0	26
chr6	128372013	128372509	1	1	0	5	0	31
chr6	128372013	128372530	1	1	1	621	1	49
chr6	128372013	128372533	1	1	1	4330	3	46
chr6	128372013	128372536	1	1	0	4	0	43
chr6	128372013	128372539	1	1	0	1	0	40
chr6	128372018	128372530	1	1	0	7	0	49
chr6	128372018	128372533	1	1	0	69	0	46
chr6	128372208	128372533	1	1	0	1	0	46
chr7	25724845	25725923	2	2	1	1	0	41
chr7	28174687	28174784	1	1	1	1	0	39
chr7	67240441	67244520	2	2	1	186	0	24
chr7	67240441	67251656	2	2	1	1819	1	44
chr7	67240443	67251659	1	1	0	1	0	41
chr7	67244545	67251656	2	2	1	186	0	25
chr7	101405603	102001614	1	1	0	7	0	13
chr7	102001660	102002294	1	1	1	2342	1	44
chr7	102001660	102007485	1	1	1	770	1	44
chr7	102001665	102002300	1	1	0	0	1	36
chr7	102002337	102007485	1	1	1	2353	1	42
chr7	112839481	112841887	1	1	1	8	0	41
chr7	112839481	112842039	1	1	1	260	0	41
chr7	112839481	112856052	1	1	1	7	0	12
chr7	112839481	112856797	1	1	1	6	0	41
chr7	112841906	112842057	1	1	0	1	0	18
chr7	112841951	112856052	1	1	1	1	0	12
chr7	112842103	112856052	1	1	1	254	0	12
chr7	112842103	112856797	1	1	1	8	0	37
chr7	112856065	112856776	1	1	0	1	0	12
chr7	112856065	112856797	1	1	1	266	0	14
chr7	127980247	127981190	1	1	1	17	0	3
chr7	127981292	127981410	1	1	1	16	0	6
chr8	25532429	25557730	1	1	1	3	0	44
chr8	91688606	91932332	1	1	0	10	0	13
chr8	95100453	95100646	2	2	1	1121	2	31
chr8	95100453	95101408	2	2	0	181	0	46
chr8	95100674	95101408	2	2	1	1121	2	42
chr8	123268550	123268744	2	2	1	309	0	48
chr9	43027296	43040539	2	2	1	192	0	39
chr9	43027296	43042590	2	2	1	223	0	45
chr9	43040593	43042590	2	2	0	2	0	43
chr9	43040597	43042590	2	2	1	190	0	45
chr9	80093642	80098885	1	1	1	10527	13	31
chr9	80093642	80098892	1	1	0	221	1	19
chr9	80093642	80103693	1	1	1	333	0	44
chr9	80098907	80103693	1	1	1	10752	14	25
chr9	80098907	80103698	1	1	0	1	0	21
chr9	106891199	106891813	2	2	1	1	0	30
chr9	114597607	114597794	2	2	1	673	0	39
chr9	114597607	114598704	2	2	0	24	0	42
chr9	114597825	114598704	2	2	0	6	0	30
chr9	114597831	114598704	2	2	1	665	0	38
chr11	35833307	35834436	2	2	1	2	0	34
chr11	79458907	79463232	1	1	1	25	0	42
chr11	79458907	79468716	1	1	1	358	0	43
chr11	79463296	79468716	1	1	1	25	0	39
chr11	94112147	94113262	1	1	1	175	1	21
chr11	94112147	94114172	1	1	1	483	0	32
chr11	94113302	94114172	1	1	1	179	1	39
chr11	100481848	100482144	2	2	1	2	0	39
chr11	102310577	102310925	2	2	1	80	0	43
chr11	102310577	102311379	2	2	1	1166	0	46
chr11	102311037	102311379	2	2	1	80	0	45
chr12	71952560	71958746	1	1	1	94	0	27
chr12	71952560	71959805	1	1	1	92	0	44
chr12	71958774	71959805	1	1	1	94	0	31
chr12	83811361	83811669	2	2	0	1	0	37
chr12	83811361	83825258	2	2	1	87	0	37
chr12	83811361	83831921	2	2	1	668	0	41
chr12	83811744	83831921	2	2	0	1	0	38
chr12	83825292	83831921	2	2	1	84	0	34
chr12	83825319	83831921	2	2	0	2	0	38
chr12	83825334	83831921	2	2	0	2	0	38
chr12	113133338	113133495	1	1	0	152	13	46
chr12	113133338	113133540	1	1	1	2504	82	43
chr12	113133338	113135796	1	1	1	27	0	29
chr12	113133577	113134186	1	1	0	1	0	16
chr12	113133577	113134761	1	1	0	2	0	21
chr12	113133577	113134800	1	1	0	16	0	12
chr12	113133577	113135796	1	1	1	2563	94	29
chr12	113134231	113134800	1	1	0	1	0	12
chr12	113134813	113135796	1	1	0	19	0	29
chr13	46778990	46785245	2	2	0	1	0	44
chr13	46778994	46780625	2	2	1	1053	0	43
chr13	46778994	46785245	2	2	1	3540	5	46
chr13	46779023	46785245	2	2	0	1	0	39
chr13	46780665	46785245	2	2	1	1060	0	40
chr13	56084286	56088255	2	2	0	3	0	40
chr13	56084286	56089757	2	2	1	66	0	41
chr13	56088343	56096123	2	2	1	3	0	39
chr13	56089858	56096123	2	2	1	67	0	41
chr14	57643224	57643334	2	2	1	1	0	28
chr14	57643224	57648418	2	2	1	196	0	40
chr14	57643490	57648418	2	2	1	1	0	38
chr14	120389164	120395711	1	1	1	305	0	40
chr14	120389164	120395717	1	1	0	3	0	38
chr14	120389164	120396450	1	1	1	817	0	48
chr14	120395766	120396450	1	1	1	313	0	48
chr15	77102940	77105576	2	2	1	370	1	41
chr15	77102940	77113604	2	2	1	18	0	44
chr15	77105670	77113604	2	2	1	373	1	48
chr16	57178021	57181491	2	2	1	553	0	45
chr16	57178021	57182850	2	2	1	224	0	44
chr16	57181537	57182850	2	2	1	546	0	34
chr17	12979205	13846588	1	1	0	37	1	12
chr17	13846613	13848354	1	1	0	5	0	21
chr17	13846640	13848354	1	1	1	6320	10	25
chr17	13846640	13849107	1	1	1	5350	8	45
chr17	13846640	13849113	1	1	0	38	0	48
chr17	13848376	13849107	1	1	1	6324	10	29
chr17	13848376	13849113	1	1	0	9	0	21
chr17	45570567	45570665	2	2	1	557	3	42
chr17	45570800	45571017	2	2	1	602	3	21
chr17	80053642	80061656	2	2	1	1	0	28
chr18	53948155	53948644	1	1	1	15175	15	34
chr18	53948155	53953244	1	1	1	2415	6	44
chr18	53948155	53953268	1	1	0	1	0	40
chr18	53948666	53953244	1	1	0	8	0	21
chr18	53948669	53949213	1	1	0	1	0	15
chr18	53948669	53953244	1	1	1	15160	12	37
chr18	53949263	53953244	1	1	0	1	0	37
chr19	7281251	7282725	2	2	0	1	0	26
chr19	7281256	7281797	2	4	1	199	0	43
chr19	7281256	7282725	2	2	1	1793	2	36
chr19	7281960	7282725	2	2	1	199	0	35
