chr1	34295537	34296741	1	1	1	140	0	18
chr1	34295537	34299720	1	1	1	11	0	38
chr1	34296760	34299720	1	1	1	140	0	19
chr1	40010678	40011649	1	1	1	135	0	22
chr1	40010678	40011811	1	1	0	2	0	21
chr1	40010678	40014105	1	1	1	49	0	32
chr1	40011842	40014105	1	1	1	132	0	39
chr1	82735508	82741817	1	1	1	4	0	40
chr1	82735508	82747082	1	1	1	1	0	40
chr1	82735508	82750519	1	1	1	111	0	41
chr1	82747143	82750519	1	1	1	1	0	38
chr2	3489769	3490936	2	2	1	0	1	1
chr2	32292216	32293314	1	1	1	33	0	43
chr2	32292216	32296625	1	1	1	94	0	43
chr2	32293396	32296625	1	1	1	33	0	38
chr2	59932171	59933405	2	2	0	98	0	33
chr2	59932171	59933411	2	2	1	461	1	31
chr2	59932171	59933670	2	2	1	3	0	39
chr2	59933439	59933670	2	2	1	557	1	28
chr2	71849507	71853533	1	1	1	1063	1	45
chr2	71849507	71853820	1	1	0	2	0	37
chr2	71849507	71853890	1	1	0	1	0	39
chr2	71849507	71855853	1	1	1	3149	5	44
chr2	71849507	71855868	1	1	0	13	0	46
chr2	71853664	71855853	1	1	1	1120	2	42
chr2	71853891	71855853	1	1	0	4	0	40
chr2	71853948	71855853	1	1	0	1	0	40
chr2	75662926	75663570	1	1	1	3	1	39
chr2	91001089	91001461	1	1	1	917	0	32
chr2	91001089	91003299	1	1	0	3	0	33
chr2	91001511	91003210	1	1	1	902	0	25
chr2	91001511	91003299	1	1	0	1	0	46
chr2	91003238	91003810	1	1	0	1	0	27
chr2	91003346	91003810	1	1	1	30	0	36
chr2	91159306	91160316	2	2	1	327	1	47
chr2	91159306	91162027	2	2	1	626	0	47
chr2	91160371	91162027	2	2	1	328	1	39
chr2	91681696	91682025	2	2	1	2	0	50
chr2	91681696	91684668	2	2	1	284	1	50
chr2	91681854	91684668	2	2	0	1	0	38
chr2	91682110	91684668	2	2	0	1	0	38
chr2	91682137	91684668	2	2	1	1	0	38
chr2	153670448	153672215	1	1	1	1	0	50
chr3	60422418	60613472	1	1	0	0	5	15
chr3	60613521	60614682	1	1	1	1681	6	49
chr3	60613521	60614688	1	1	0	3	0	44
chr3	60613521	60615619	1	1	1	1714	4	46
chr3	60614737	60615619	1	1	1	1704	6	41
chr3	78904652	78918022	2	2	0	2	0	12
chr3	87733505	87734423	1	1	1	20	0	39
chr3	87733505	87734456	1	1	0	1	0	39
chr3	87733505	87735344	1	1	0	8	0	39
chr3	87734553	87735344	1	1	1	22	0	37
chr3	88483947	88484046	2	2	1	554	2	38
chr3	88484155	88484614	2	2	1	540	2	43
chr3	88484666	88510262	2	2	0	1	0	12
chr3	119724187	119724611	2	2	1	7641	3	34
chr3	119724187	119726065	2	2	1	13	0	29
chr3	119724646	119726065	2	2	1	7806	4	38
chr3	119726116	120643502	2	2	0	9	0	13
chr4	31992517	31994873	1	1	1	319	0	38
chr4	31992517	32002088	1	1	1	3855	9	49
chr4	31994955	32002088	1	1	1	322	0	49
chr4	107009769	107027216	1	1	1	12	0	38
chr4	107009769	107028192	1	1	1	138	0	42
chr4	107027298	107028192	1	1	1	17	0	41
chr5	23565266	23615740	2	2	0	2	0	40
chr5	23565266	23616326	2	2	1	980	2	46
chr5	23615795	23616326	2	2	0	2	0	45
chr5	72958287	72965803	1	1	1	4	0	40
chr5	72958287	72974530	1	1	1	106	0	42
chr5	72965882	72974530	1	1	1	4	0	41
chr5	116477146	116482389	2	2	1	1	0	44
chr5	116482532	116591333	2	2	0	11	0	45
chr5	116482537	116591333	2	2	1	1078	5	50
chr5	149184807	149187707	1	1	1	20	0	44
chr5	149184807	149188344	1	1	1	868	2	45
chr5	149187835	149188344	1	1	1	1	0	39
chr5	149187877	149188344	1	1	1	20	0	39
chr6	47577668	47594893	2	2	1	1	0	24
chr6	98939789	98941535	2	2	1	211	0	46
chr6	98939789	98944618	2	2	0	26	0	45
chr6	98941658	98944618	2	2	1	206	0	36
chr6	125162102	125162211	2	2	1	534	23	36
chr6	128371086	128371967	1	1	1	4538	4	45
chr6	128371086	128372530	1	1	1	1	0	49
chr6	128371086	128372533	1	1	1	10	0	46
chr6	128372013	128372278	1	1	0	2	0	27
chr6	128372013	128372504	1	1	0	18	0	26
chr6	128372013	128372509	1	1	0	9	0	31
chr6	128372013	128372530	1	1	1	532	1	49
chr6	128372013	128372533	1	1	1	3941	3	46
chr6	128372013	128372536	1	1	0	2	0	43
chr6	128372018	128372530	1	1	0	3	1	49
chr6	128372018	128372533	1	1	0	37	0	46
chr6	128372306	128372533	1	1	0	2	0	27
chr7	67240441	67244520	2	2	1	144	0	24
chr7	67240441	67251656	2	2	1	1188	2	45
chr7	67244545	67251656	2	2	1	144	0	24
chr7	101474369	102001612	1	1	0	3	1	12
chr7	102001660	102002294	1	1	1	2128	0	44
chr7	102001660	102007485	1	1	1	561	1	44
chr7	102002337	102007485	1	1	1	2134	0	40
chr7	102003812	102007485	1	1	0	1	0	38
chr7	112839481	112841887	1	1	1	14	0	41
chr7	112839481	112842039	1	1	1	155	0	41
chr7	112839481	112856052	1	1	1	3	0	12
chr7	112839481	112856797	1	1	1	18	0	44
chr7	112841951	112856052	1	1	1	5	0	12
chr7	112842103	112856052	1	1	1	154	0	12
chr7	112842103	112856797	1	1	1	7	0	37
chr7	112856065	112856797	1	1	1	164	0	12
chr7	127972771	127974399	1	1	1	1	0	37
chr7	127974435	127975887	1	1	1	1	0	2
chr7	127980247	127981190	1	1	1	18	0	19
chr7	127981292	127981410	1	1	1	16	0	6
chr8	25532429	25557730	1	1	1	2	0	44
chr8	25555775	25557730	1	1	1	1	0	37
chr8	91688606	91932332	1	1	0	4	0	13
chr8	95100453	95100646	2	2	1	1243	1	46
chr8	95100453	95101408	2	2	0	217	0	46
chr8	95100674	95101408	2	2	1	1240	1	42
chr8	95100700	95101408	2	2	0	3	0	44
chr8	123268550	123268744	2	2	1	263	0	48
chr9	43027296	43040539	2	2	1	201	0	39
chr9	43027296	43042590	2	2	1	158	0	46
chr9	43040597	43042590	2	2	1	198	0	45
chr9	80093642	80098847	1	1	0	1	0	44
chr9	80093642	80098885	1	1	1	8797	5	31
chr9	80093642	80098892	1	1	0	185	0	19
chr9	80093642	80103693	1	1	1	244	0	46
chr9	80098907	80099016	1	1	0	1	0	21
chr9	80098907	80101831	1	1	0	1	0	21
chr9	80098907	80103693	1	1	1	8983	5	37
chr9	80098907	80103698	1	1	0	2	0	21
chr9	80099049	80103693	1	1	0	1	0	37
chr9	80101891	80103693	1	1	0	2	0	37
chr9	114597607	114597794	2	2	1	609	1	38
chr9	114597607	114598704	2	2	0	27	0	42
chr9	114597825	114598704	2	2	0	6	0	30
chr9	114597831	114598704	2	2	1	603	1	38
chr11	79458907	79463232	1	1	1	30	0	42
chr11	79458907	79468716	1	1	1	184	0	42
chr11	79458907	79468740	1	1	0	1	0	39
chr11	79463296	79468716	1	1	1	30	0	39
chr11	94112147	94113262	1	1	1	135	0	21
chr11	94112147	94114172	1	1	1	369	0	32
chr11	94113302	94114172	1	1	1	143	0	39
chr11	96828224	96829818	2	2	1	1	0	18
chr11	102310577	102310925	2	2	1	75	0	42
chr11	102310577	102311379	2	2	1	913	0	46
chr11	102310577	102311403	2	2	0	2	0	21
chr11	102311037	102311379	2	2	1	74	0	46
chr12	71952560	71958746	1	1	1	73	0	27
chr12	71952560	71959805	1	1	1	49	0	44
chr12	71958774	71959805	1	1	1	73	0	27
chr12	83811361	83825258	2	2	1	62	0	33
chr12	83811361	83831921	2	2	1	601	1	41
chr12	83825292	83831921	2	2	1	62	0	33
chr12	113133331	113133540	1	1	0	0	1	36
chr12	113133338	113133495	1	1	0	162	28	45
chr12	113133338	113133540	1	1	1	2171	64	43
chr12	113133338	113135796	1	1	1	22	0	29
chr12	113133577	113134761	1	1	0	1	0	21
chr12	113133577	113134800	1	1	0	12	0	14
chr12	113133577	113135796	1	1	1	2265	93	29
chr12	113134813	113135796	1	1	0	12	0	29
chr13	46778990	46785245	2	2	0	1	0	44
chr13	46778994	46780625	2	2	1	1130	1	44
chr13	46778994	46785245	2	2	1	2382	2	45
chr13	46780665	46785245	2	2	1	1133	1	40
chr13	56084286	56089757	2	2	1	59	0	41
chr13	56084286	56096123	2	2	0	2	0	40
chr13	56089858	56096123	2	2	1	57	0	39
chr14	57643224	57643334	2	2	1	2	0	39
chr14	57643224	57648418	2	2	1	154	0	41
chr14	57643490	57648418	2	2	1	2	0	38
chr14	120389164	120395711	1	1	1	292	0	39
chr14	120389164	120396450	1	1	1	731	1	48
chr14	120395766	120396450	1	1	1	302	0	48
chr15	77102940	77105576	2	2	1	299	1	41
chr15	77102940	77113604	2	2	1	15	0	47
chr15	77105670	77113604	2	2	1	299	1	48
chr15	103242719	103242921	1	1	1	0	1	36
chr16	5037058	5047733	2	2	1	1	0	41
chr16	5048787	5049805	2	2	1	1	0	33
chr16	57178021	57181491	2	2	1	460	0	44
chr16	57178021	57182850	2	2	1	136	0	43
chr16	57181537	57182850	2	2	1	459	0	44
chr17	12979205	13846588	1	1	0	30	0	12
chr17	13846613	13848354	1	1	0	3	0	21
chr17	13846640	13848354	1	1	1	4500	6	25
chr17	13846640	13849107	1	1	1	4234	6	45
chr17	13846640	13849113	1	1	0	20	0	47
chr17	13848376	13849107	1	1	1	4489	6	29
chr17	13848376	13849113	1	1	0	10	0	21
chr17	45570567	45570665	2	2	1	581	1	42
chr17	45570800	45571017	2	2	1	698	1	23
chr17	56578845	56578920	2	2	1	2	0	18
chr17	56578986	56582983	2	2	1	2	0	42
chr18	10726534	10740982	1	1	1	2	0	15
chr18	53948155	53948644	1	1	1	15291	15	28
chr18	53948155	53948651	1	1	0	1	0	17
chr18	53948155	53953244	1	1	1	2142	5	45
chr18	53948666	53953244	1	1	0	13	0	21
chr18	53948669	53949681	1	1	0	1	0	15
chr18	53948669	53953244	1	1	1	15268	14	37
chr18	53949705	53953244	1	1	0	1	0	23
chr19	7281251	7282725	2	2	0	1	0	26
chr19	7281256	7281797	2	4	1	244	0	39
chr19	7281256	7282725	2	2	1	1701	0	36
chr19	7281960	7282725	2	2	1	249	0	35
