chr1	34295537	34296741	1	1	1	153	0	18
chr1	34295537	34299720	1	1	1	47	0	40
chr1	34296760	34299720	1	1	1	153	0	19
chr1	40010678	40011649	1	1	1	32	0	21
chr1	40010678	40014105	1	1	1	21	1	32
chr1	40011842	40014105	1	1	1	32	0	37
chr1	55088413	55089050	1	1	1	1	0	30
chr1	55089216	55090712	1	1	1	1	0	19
chr1	82735508	82741817	1	1	1	1	0	20
chr1	82735508	82747082	1	1	1	2	0	40
chr1	82735508	82750519	1	1	1	34	0	40
chr1	82747143	82750519	1	1	1	2	0	38
chr2	32292216	32293314	1	1	1	2	0	43
chr2	32292216	32296625	1	1	1	45	0	43
chr2	32293396	32296625	1	1	1	3	0	38
chr2	59932171	59933405	2	2	0	58	0	33
chr2	59932171	59933411	2	2	1	390	0	31
chr2	59932171	59933670	2	2	1	2	0	30
chr2	59933439	59933670	2	2	1	442	0	28
chr2	71849507	71853533	1	1	1	587	0	41
chr2	71849507	71853875	1	1	0	1	0	15
chr2	71849507	71853890	1	1	0	4	0	39
chr2	71849507	71855853	1	1	1	3346	7	43
chr2	71849507	71855868	1	1	0	2	0	46
chr2	71853664	71855853	1	1	1	594	0	41
chr2	71853891	71855853	1	1	0	2	0	40
chr2	71853948	71855853	1	1	0	4	0	40
chr2	75662926	75663570	1	1	1	1	0	27
chr2	91001089	91001461	1	1	1	629	1	34
chr2	91001089	91003299	1	1	0	3	1	33
chr2	91001511	91003210	1	1	1	616	1	25
chr2	91003238	91003810	1	1	0	1	0	27
chr2	91003346	91003810	1	1	1	4	0	36
chr2	91159300	91162027	2	2	0	1	0	41
chr2	91159306	91160316	2	2	1	183	1	47
chr2	91159306	91162027	2	2	1	393	0	47
chr2	91160371	91162027	2	2	1	186	1	41
chr2	91681696	91684668	2	2	1	121	1	50
chr2	153670448	153672215	1	1	1	1	0	50
chr3	60357579	60613472	1	1	0	4	1	15
chr3	60613521	60614682	1	1	1	2148	1	46
chr3	60613521	60614688	1	1	0	4	0	42
chr3	60613521	60615619	1	1	1	1917	4	46
chr3	60614737	60615619	1	1	1	2161	1	39
chr3	87733505	87734423	1	1	1	12	0	39
chr3	87733505	87735344	1	1	0	6	0	39
chr3	87734553	87735344	1	1	1	12	0	37
chr3	88483947	88484046	2	2	1	108	0	42
chr3	88484155	88484614	2	2	1	105	0	39
chr3	119724187	119724611	2	2	1	5060	2	34
chr3	119724187	119726065	2	2	1	39	0	29
chr3	119724646	119726065	2	2	1	5200	2	38
chr3	129825617	129826823	2	2	1	2	0	36
chr4	31992517	31994873	1	1	1	263	0	39
chr4	31992517	32002088	1	1	1	2819	5	49
chr4	31994955	32002088	1	1	1	260	0	49
chr4	107009769	107027216	1	1	1	12	0	39
chr4	107009769	107028192	1	1	1	157	0	50
chr4	107027298	107028192	1	1	1	15	0	41
chr5	23565266	23616326	2	2	1	2496	4	46
chr5	72958287	72965803	1	1	1	6	0	40
chr5	72958287	72974530	1	1	1	90	0	45
chr5	72965882	72974530	1	1	1	6	0	41
chr5	116475248	116477058	2	2	1	1	0	34
chr5	116477146	116482389	2	2	1	1	0	33
chr5	116482537	116591333	2	2	1	849	4	50
chr5	149184807	149187707	1	1	1	14	0	43
chr5	149184807	149188344	1	1	1	356	0	45
chr5	149187835	149188344	1	1	1	1	0	39
chr5	149187877	149188344	1	1	1	13	0	39
chr6	98939789	98940994	2	2	1	1	0	45
chr6	98939789	98941535	2	2	1	130	0	46
chr6	98939789	98944618	2	2	0	3	0	45
chr6	98941165	98944618	2	2	0	1	0	36
chr6	98941658	98944618	2	2	1	130	0	36
chr6	125162102	125162211	2	2	1	92	2	36
chr6	128371086	128371967	1	1	1	3746	0	45
chr6	128371086	128371980	1	1	0	1	0	32
chr6	128371086	128372530	1	1	1	3	0	49
chr6	128371086	128372533	1	1	1	17	0	46
chr6	128372013	128372504	1	1	0	16	0	26
chr6	128372013	128372509	1	1	0	6	0	31
chr6	128372013	128372530	1	1	1	516	0	49
chr6	128372013	128372533	1	1	1	3171	0	46
chr6	128372013	128372536	1	1	0	1	0	43
chr6	128372018	128372530	1	1	0	3	0	49
chr6	128372018	128372533	1	1	0	40	0	46
chr6	128372208	128372533	1	1	0	1	0	46
chr7	25724845	25725923	2	2	1	3	0	41
chr7	67240441	67244520	2	2	1	292	0	24
chr7	67240441	67251656	2	2	1	2164	2	46
chr7	67244545	67251656	2	2	1	293	0	24
chr7	102001660	102002294	1	1	1	1221	0	43
chr7	102001660	102007485	1	1	1	518	0	43
chr7	102002310	102007485	1	1	0	1	0	15
chr7	102002337	102007485	1	1	1	1225	0	42
chr7	112839481	112841887	1	1	1	5	0	41
chr7	112839481	112842039	1	1	1	64	0	41
chr7	112839481	112856797	1	1	1	2	0	41
chr7	112841951	112856052	1	1	1	2	0	12
chr7	112842103	112856052	1	1	1	66	0	12
chr7	112842103	112856797	1	1	1	2	0	37
chr7	112856065	112856797	1	1	1	68	0	12
chr7	127980247	127981190	1	1	1	10	0	30
chr7	127981292	127981410	1	1	1	11	0	6
chr8	25532429	25555507	1	1	1	1	0	44
chr8	25532429	25557730	1	1	1	3	0	44
chr8	25555775	25557730	1	1	1	1	0	37
chr8	95100453	95100646	2	2	1	390	0	31
chr8	95100453	95101408	2	2	0	181	0	46
chr8	95100674	95101408	2	2	1	390	0	42
chr8	123268550	123268744	2	2	1	92	0	47
chr9	43027296	43040539	2	2	1	123	0	38
chr9	43027296	43042590	2	2	1	106	0	46
chr9	43040593	43042590	2	2	0	2	0	43
chr9	43040597	43042590	2	2	1	122	0	46
chr9	80093642	80098885	1	1	1	6694	2	26
chr9	80093642	80098892	1	1	0	158	0	19
chr9	80093642	80103693	1	1	1	206	0	45
chr9	80093656	80103693	1	1	0	0	1	30
chr9	80098907	80099016	1	1	0	1	0	21
chr9	80098907	80101831	1	1	0	1	0	21
chr9	80098907	80103693	1	1	1	6848	3	29
chr9	80098907	80103698	1	1	0	5	0	21
chr9	80099049	80103693	1	1	0	2	0	37
chr9	80101891	80103693	1	1	0	1	0	37
chr9	114597607	114597794	2	2	1	389	0	40
chr9	114597607	114598704	2	2	0	5	0	40
chr9	114597825	114598704	2	2	0	2	0	30
chr9	114597831	114598704	2	2	1	386	0	36
chr9	114597853	114598704	2	2	0	1	0	38
chr11	79458907	79459929	1	1	0	1	0	42
chr11	79458907	79463232	1	1	1	25	0	42
chr11	79458907	79468113	1	1	1	1	0	41
chr11	79458907	79468716	1	1	1	110	0	43
chr11	79459999	79468716	1	1	0	1	0	38
chr11	79463296	79468716	1	1	1	25	0	39
chr11	79468155	79468716	1	1	1	1	0	37
chr11	94112147	94113262	1	1	1	139	0	23
chr11	94112147	94114172	1	1	1	323	0	32
chr11	94113302	94114172	1	1	1	142	0	39
chr11	102310577	102310925	2	2	1	23	0	42
chr11	102310577	102311379	2	2	1	502	0	46
chr11	102311037	102311379	2	2	1	24	0	45
chr12	71952560	71958746	1	1	1	71	0	27
chr12	71952560	71959805	1	1	1	60	0	44
chr12	71958774	71959805	1	1	1	71	0	27
chr12	83811361	83811669	2	2	0	2	0	37
chr12	83811361	83825258	2	2	1	77	0	37
chr12	83811361	83831921	2	2	1	294	1	41
chr12	83825292	83831921	2	2	1	76	0	33
chr12	83825334	83831921	2	2	0	1	0	38
chr12	113133338	113133495	1	1	0	138	16	46
chr12	113133338	113133540	1	1	1	1790	52	43
chr12	113133338	113135796	1	1	1	20	0	29
chr12	113133577	113134800	1	1	0	5	0	12
chr12	113133577	113135796	1	1	1	1860	68	29
chr12	113134813	113135796	1	1	0	5	0	12
chr13	46778994	46780545	2	2	0	1	0	40
chr13	46778994	46780625	2	2	1	830	0	43
chr13	46778994	46785245	2	2	1	2002	8	45
chr13	46780665	46785245	2	2	1	835	0	39
chr13	56084286	56089757	2	2	1	28	0	40
chr13	56084286	56096123	2	2	0	1	0	40
chr13	56089858	56096123	2	2	1	29	0	38
chr14	57643224	57643334	2	2	1	1	0	39
chr14	57643224	57648418	2	2	1	65	0	47
chr14	57643490	57648418	2	2	1	1	0	38
chr14	120389164	120395711	1	1	1	150	0	39
chr14	120389164	120396450	1	1	1	371	0	48
chr14	120395766	120396450	1	1	1	150	0	48
chr15	77102940	77105576	2	2	1	202	0	44
chr15	77102940	77113604	2	2	1	13	0	48
chr15	77105670	77113604	2	2	1	201	0	48
chr15	103242719	103243624	1	1	1	0	2	33
chr16	57178021	57181491	2	2	1	255	0	44
chr16	57178021	57182850	2	2	1	106	0	43
chr16	57181507	57182850	2	2	0	2	0	15
chr16	57181537	57182850	2	2	1	251	0	34
chr17	12979205	13846588	1	1	0	73	3	12
chr17	13846613	13848354	1	1	0	1	0	21
chr17	13846640	13848354	1	1	1	4563	7	22
chr17	13846640	13849107	1	1	1	3856	3	46
chr17	13846640	13849113	1	1	0	28	0	47
chr17	13848376	13849107	1	1	1	4565	7	27
chr17	13848376	13849113	1	1	0	2	0	21
chr17	45570567	45570665	2	2	1	257	0	42
chr17	45570800	45571017	2	2	1	267	0	21
chr18	53948155	53948644	1	1	1	14849	10	33
chr18	53948155	53948651	1	1	0	1	0	17
chr18	53948155	53953244	1	1	1	2171	3	43
chr18	53948155	53953268	1	1	0	1	0	40
chr18	53948666	53953244	1	1	0	6	0	21
chr18	53948669	53949213	1	1	0	1	0	15
chr18	53948669	53949681	1	1	0	2	0	15
chr18	53948669	53953244	1	1	1	14816	10	37
chr18	53948669	53953268	1	1	0	4	0	24
chr18	53948673	53953244	1	1	0	5	0	28
chr18	53949263	53953244	1	1	0	1	0	37
chr18	53949705	53953244	1	1	0	2	0	23
chr19	7281251	7282725	2	2	0	1	0	26
chr19	7281256	7281797	2	4	1	125	0	40
chr19	7281256	7282725	2	2	1	1262	0	36
chr19	7281960	7282725	2	2	1	131	0	26
KV575235.1	147143	149353	1	1	0	0	1	33
