chr1	34295537	34296741	1	1	1	99	0	18
chr1	34295537	34299720	1	1	1	26	0	38
chr1	34296760	34299720	1	1	1	99	0	19
chr1	40010678	40011649	1	1	1	98	0	32
chr1	40010678	40011783	1	1	0	1	0	21
chr1	40010678	40011811	1	1	0	1	0	21
chr1	40010678	40014105	1	1	1	46	0	32
chr1	40011842	40014105	1	1	1	98	0	38
chr1	82735508	82741817	1	1	1	1	0	20
chr1	82735508	82745523	1	1	1	1	0	33
chr1	82735508	82747082	1	1	1	3	0	40
chr1	82735508	82750519	1	1	1	54	0	41
chr1	82745557	82747082	1	1	1	1	0	7
chr1	82747143	82750519	1	1	1	4	0	38
chr2	32292216	32293314	1	1	1	20	0	43
chr2	32292216	32296625	1	1	1	99	0	43
chr2	32293396	32296625	1	1	1	20	0	38
chr2	59932171	59933405	2	2	0	63	0	36
chr2	59932171	59933411	2	2	1	474	0	31
chr2	59932171	59933670	2	2	1	2	0	33
chr2	59933439	59933670	2	2	1	529	0	30
chr2	71849507	71853533	1	1	1	734	0	43
chr2	71849507	71855853	1	1	1	3371	6	46
chr2	71849507	71855868	1	1	0	1	0	46
chr2	71853664	71855853	1	1	1	782	0	41
chr2	75662926	75663570	1	1	1	14	0	39
chr2	91001089	91001461	1	1	1	648	1	34
chr2	91001089	91003299	1	1	0	2	0	33
chr2	91001511	91003210	1	1	1	632	1	22
chr2	91001511	91003299	1	1	0	1	0	46
chr2	91003346	91003810	1	1	1	25	0	36
chr2	91159306	91160316	2	2	1	230	0	47
chr2	91159306	91162027	2	2	1	455	1	47
chr2	91160371	91162027	2	2	1	231	0	39
chr2	91681696	91682025	2	2	1	1	0	50
chr2	91681696	91684668	2	2	1	258	0	50
chr2	153670448	153672215	1	1	1	4	0	50
chr3	60613521	60614682	1	1	1	1202	0	46
chr3	60613521	60614688	1	1	0	4	0	44
chr3	60613521	60615619	1	1	1	1502	1	46
chr3	60614737	60615619	1	1	1	1210	0	42
chr3	87733505	87734423	1	1	1	10	0	39
chr3	87733505	87735344	1	1	0	5	0	41
chr3	87734553	87735344	1	1	1	10	0	37
chr3	88483947	88484046	2	2	1	322	0	40
chr3	88484155	88484614	2	2	1	321	0	43
chr3	119724187	119724611	2	2	1	7644	4	34
chr3	119724187	119726065	2	2	1	16	0	29
chr3	119724646	119726065	2	2	1	7804	5	38
chr3	119726116	120643502	2	2	0	4	0	13
chr3	129825617	129826823	2	2	1	1	0	30
chr4	31992517	31994873	1	1	1	360	0	39
chr4	31992517	32002088	1	1	1	4202	7	50
chr4	31994955	32002088	1	1	1	362	0	49
chr4	107009769	107027216	1	1	1	7	0	38
chr4	107009769	107028192	1	1	1	84	0	41
chr4	107027298	107028192	1	1	1	9	0	41
chr4	107031092	107036935	1	1	1	1	0	29
chr4	139473637	139476130	1	1	1	2	0	8
chr5	23565266	23601745	2	2	0	1	0	37
chr5	23565266	23610849	2	2	0	2	0	40
chr5	23565266	23616326	2	2	1	823	1	46
chr5	23601926	23616326	2	2	0	1	0	45
chr5	23610909	23616326	2	2	0	2	0	45
chr5	72958287	72974530	1	1	1	90	0	41
chr5	116482537	116591333	2	2	1	1003	5	50
chr5	149184807	149185484	1	1	1	2	0	43
chr5	149184807	149187707	1	1	1	20	0	43
chr5	149184807	149188344	1	1	1	744	0	45
chr5	149184819	149188344	1	1	0	2	0	39
chr5	149187877	149188344	1	1	1	21	0	40
chr6	47577668	47594893	2	2	1	1	0	24
chr6	98939789	98941535	2	2	1	157	1	46
chr6	98939789	98944618	2	2	0	19	0	45
chr6	98941658	98944618	2	2	1	157	1	36
chr6	125162102	125162211	2	2	1	391	15	41
chr6	128371086	128371967	1	1	1	4068	4	45
chr6	128371086	128372533	1	1	1	9	0	46
chr6	128372013	128372504	1	1	0	19	0	26
chr6	128372013	128372530	1	1	1	502	1	47
chr6	128372013	128372533	1	1	1	3504	3	46
chr6	128372013	128372536	1	1	0	3	0	43
chr6	128372013	128372539	1	1	0	2	0	40
chr6	128372018	128372530	1	1	0	4	0	49
chr6	128372018	128372533	1	1	0	38	0	46
chr6	128372306	128372530	1	1	0	1	0	27
chr7	59229272	59247172	1	1	1	1	0	26
chr7	67240441	67244520	2	2	1	146	0	24
chr7	67240441	67251656	2	2	1	1281	0	45
chr7	67240443	67251659	1	1	0	1	0	37
chr7	67244545	67251656	2	2	1	146	0	24
chr7	102001660	102002294	1	1	1	1591	0	44
chr7	102001660	102007485	1	1	1	440	0	46
chr7	102001665	102002300	1	1	0	1	0	36
chr7	102002337	102007485	1	1	1	1596	0	42
chr7	112839481	112841887	1	1	1	4	1	41
chr7	112839481	112842039	1	1	1	132	0	41
chr7	112839481	112856052	1	1	1	2	0	12
chr7	112839481	112856797	1	1	1	18	0	41
chr7	112839481	112856803	1	1	0	1	0	43
chr7	112841951	112856052	1	1	1	2	0	12
chr7	112841951	112856797	1	1	0	2	0	37
chr7	112842103	112856052	1	1	1	126	0	12
chr7	112842103	112856797	1	1	1	3	0	37
chr7	112856065	112856797	1	1	1	131	0	14
chr7	127980247	127981190	1	1	1	8	0	5
chr7	127981292	127981410	1	1	1	7	0	6
chr8	25532429	25557730	1	1	1	3	0	44
chr8	25555775	25557730	1	1	1	2	0	37
chr8	95100453	95100646	2	2	1	818	1	31
chr8	95100453	95101408	2	2	0	117	0	46
chr8	95100674	95101408	2	2	1	818	1	42
chr8	123268550	123268744	2	2	1	166	0	46
chr9	43027296	43040539	2	2	1	111	0	39
chr9	43027296	43042590	2	2	1	109	0	45
chr9	43040597	43042590	2	2	1	110	0	45
chr9	80093642	80098885	1	1	1	8110	5	26
chr9	80093642	80098892	1	1	0	179	0	19
chr9	80093642	80103693	1	1	1	282	0	45
chr9	80098907	80099016	1	1	0	1	0	21
chr9	80098907	80103693	1	1	1	8295	5	24
chr9	80098907	80103698	1	1	0	2	0	21
chr9	80099049	80103693	1	1	0	1	0	37
chr9	114597607	114597794	2	2	1	481	0	38
chr9	114597607	114598704	2	2	0	9	0	40
chr9	114597825	114598704	2	2	0	7	0	30
chr9	114597831	114598704	2	2	1	474	0	38
chr11	26778879	26787397	2	2	0	0	1	13
chr11	79458907	79463232	1	1	1	12	0	45
chr11	79458907	79468113	1	1	1	1	0	41
chr11	79458907	79468716	1	1	1	181	0	44
chr11	79463296	79468716	1	1	1	12	0	39
chr11	79468155	79468716	1	1	1	1	0	38
chr11	83497927	83499072	1	1	1	1	0	33
chr11	94112147	94113262	1	1	1	132	0	21
chr11	94112147	94114172	1	1	1	385	0	32
chr11	94113302	94114172	1	1	1	137	0	39
chr11	102310577	102310925	2	2	1	59	0	42
chr11	102310577	102311379	2	2	1	979	2	46
chr11	102310577	102311403	2	2	0	1	0	21
chr11	102311037	102311379	2	2	1	56	0	45
chr11	106380940	106382429	2	2	1	1	0	36
chr11	109650625	109653778	1	1	1	1	0	20
chr12	71952560	71958746	1	1	1	59	0	27
chr12	71952560	71959805	1	1	1	62	0	43
chr12	71958774	71959805	1	1	1	59	0	27
chr12	83811361	83811669	2	2	0	1	0	37
chr12	83811361	83825258	2	2	1	50	0	33
chr12	83811361	83831921	2	2	1	461	0	41
chr12	83811744	83831921	2	2	0	1	0	38
chr12	83825292	83831921	2	2	1	50	0	33
chr12	113133338	113133495	1	1	0	123	16	45
chr12	113133338	113133540	1	1	1	1828	51	43
chr12	113133338	113135796	1	1	1	20	0	29
chr12	113133577	113134186	1	1	0	1	0	28
chr12	113133577	113134800	1	1	0	6	0	12
chr12	113133577	113135796	1	1	1	1892	67	29
chr12	113134231	113135796	1	1	0	1	0	29
chr12	113134813	113135796	1	1	0	6	0	12
chr13	46778990	46785245	2	2	0	1	0	39
chr13	46778994	46780545	2	2	0	1	0	40
chr13	46778994	46780625	2	2	1	918	1	43
chr13	46778994	46785245	2	2	1	2559	1	46
chr13	46780665	46785245	2	2	1	928	1	39
chr13	56084286	56088251	2	2	1	1	0	42
chr13	56084286	56089757	2	2	1	58	0	41
chr13	56084286	56096123	2	2	0	1	0	40
chr13	56088343	56096123	2	2	1	1	0	16
chr13	56089858	56096123	2	2	1	57	0	41
chr14	57643224	57643334	2	2	1	1	0	39
chr14	57643224	57648418	2	2	1	131	0	40
chr14	57643490	57648418	2	2	1	1	0	39
chr14	120389164	120395711	1	1	1	209	1	39
chr14	120389164	120396450	1	1	1	554	0	48
chr14	120395766	120396450	1	1	1	213	1	48
chr15	77102940	77105576	2	2	1	232	2	42
chr15	77102940	77113604	2	2	1	26	0	48
chr15	77105670	77113604	2	2	1	231	2	48
chr15	103242719	103242921	1	1	1	0	1	34
chr16	57178021	57181491	2	2	1	325	0	44
chr16	57178021	57182850	2	2	1	129	0	43
chr16	57181507	57182850	2	2	0	1	0	15
chr16	57181537	57182850	2	2	1	320	0	37
chr16	84831508	84834808	2	2	1	1	0	44
chr17	12979205	13846588	1	1	0	44	1	12
chr17	13846613	13848354	1	1	0	4	0	21
chr17	13846640	13848354	1	1	1	5587	9	24
chr17	13846640	13849107	1	1	1	4450	3	44
chr17	13846640	13849113	1	1	0	14	0	47
chr17	13848376	13849107	1	1	1	5588	9	27
chr17	13848376	13849113	1	1	0	5	0	21
chr17	45570567	45570665	2	2	1	351	1	37
chr17	45570800	45571017	2	2	1	396	2	21
chr18	53948155	53948644	1	1	1	14732	11	33
chr18	53948155	53948651	1	1	0	2	0	17
chr18	53948155	53953244	1	1	1	2043	1	44
chr18	53948666	53953244	1	1	0	15	0	21
chr18	53948669	53952820	1	1	0	1	0	15
chr18	53948669	53953244	1	1	1	14710	10	37
chr18	53948669	53953268	1	1	0	4	0	24
chr18	53948673	53953244	1	1	0	2	0	28
chr18	53952864	53953244	1	1	0	1	0	37
chr19	7281251	7282725	2	2	0	1	0	26
chr19	7281256	7281797	2	4	1	156	0	41
chr19	7281256	7282725	2	2	1	1383	2	36
chr19	7281960	7282725	2	2	1	162	0	35
chrX	159414893	159443922	1	1	1	1	0	27
