chr1	34295537	34296741	1	1	1	151	0	18
chr1	34295537	34299720	1	1	1	23	0	39
chr1	34296760	34299720	1	1	1	151	0	19
chr1	40010678	40011649	1	1	1	79	0	22
chr1	40010678	40011783	1	1	0	1	0	21
chr1	40010678	40011787	1	1	0	1	0	21
chr1	40010678	40011811	1	1	0	4	0	21
chr1	40010678	40014105	1	1	1	33	0	32
chr1	40011842	40014105	1	1	1	84	0	39
chr1	82735508	82741817	1	1	1	1	0	40
chr1	82735508	82747082	1	1	1	1	0	38
chr1	82735508	82750519	1	1	1	55	0	40
chr1	82747143	82750519	1	1	1	2	0	38
chr2	30066894	30068268	1	1	1	2	0	20
chr2	32292216	32293314	1	1	1	4	0	43
chr2	32292216	32296625	1	1	1	49	0	44
chr2	32293396	32296625	1	1	1	4	0	38
chr2	59932171	59933405	2	2	0	68	0	37
chr2	59932171	59933411	2	2	1	481	0	31
chr2	59932171	59933670	2	2	1	1	0	35
chr2	59933439	59933670	2	2	1	547	0	30
chr2	71849507	71853533	1	1	1	687	0	42
chr2	71849507	71855853	1	1	1	4401	6	44
chr2	71849507	71855868	1	1	0	1	0	46
chr2	71853664	71855853	1	1	1	695	0	41
chr2	71853664	71855868	1	1	0	1	0	46
chr2	75662926	75663570	1	1	1	4	1	36
chr2	91001089	91001461	1	1	1	481	2	24
chr2	91001089	91003299	1	1	0	2	0	33
chr2	91001511	91003210	1	1	1	473	2	25
chr2	91001511	91003299	1	1	0	2	0	46
chr2	91003238	91003810	1	1	0	1	0	27
chr2	91003346	91003810	1	1	1	19	0	36
chr2	91159306	91160316	2	2	1	203	0	47
chr2	91159306	91162027	2	2	1	406	0	47
chr2	91160371	91162027	2	2	1	203	0	44
chr2	91681696	91684668	2	2	1	146	0	50
chr2	91681831	91684668	2	2	0	1	0	38
chr2	153670448	153672215	1	1	1	3	0	50
chr3	60613521	60614682	1	1	1	1583	0	45
chr3	60613521	60614688	1	1	0	2	0	42
chr3	60613521	60615619	1	1	1	1647	1	46
chr3	60614737	60615619	1	1	1	1594	0	40
chr3	87733505	87734423	1	1	1	8	0	39
chr3	87733505	87735344	1	1	0	7	0	41
chr3	87734553	87735344	1	1	1	8	0	37
chr3	88483947	88484046	2	2	1	137	0	40
chr3	88483947	88484614	2	2	0	3	0	38
chr3	88484155	88484614	2	2	1	135	0	39
chr3	119724187	119724611	2	2	1	5874	1	34
chr3	119724187	119726065	2	2	1	14	0	29
chr3	119724646	119726065	2	2	1	6069	1	38
chr3	119726116	120643502	2	2	0	4	0	13
chr4	31992517	31994873	1	1	1	281	0	39
chr4	31992517	32002088	1	1	1	3160	4	49
chr4	31994955	32002088	1	1	1	283	0	49
chr4	107009769	107027216	1	1	1	8	0	38
chr4	107009769	107028192	1	1	1	109	0	42
chr4	107027298	107028192	1	1	1	7	0	42
chr5	23565266	23610849	2	2	0	1	0	37
chr5	23565266	23616326	2	2	1	1147	4	46
chr5	23610909	23616326	2	2	0	1	0	45
chr5	72958287	72965803	1	1	1	4	0	40
chr5	72958287	72974530	1	1	1	113	0	42
chr5	72965882	72974530	1	1	1	4	0	41
chr5	116482537	116591333	2	2	1	765	2	50
chr5	149184807	149187707	1	1	1	18	0	45
chr5	149184807	149188344	1	1	1	565	1	45
chr5	149187835	149188344	1	1	1	3	0	39
chr5	149187864	149188344	1	1	0	2	0	39
chr5	149187877	149188344	1	1	1	13	0	39
chr6	98939789	98941535	2	2	1	100	0	46
chr6	98941658	98944618	2	2	1	101	0	36
chr6	125162102	125162211	2	2	1	138	5	36
chr6	128371086	128371967	1	1	1	4715	1	44
chr6	128371086	128372530	1	1	1	2	0	49
chr6	128371086	128372533	1	1	1	13	0	46
chr6	128372013	128372504	1	1	0	25	0	26
chr6	128372013	128372509	1	1	0	11	0	32
chr6	128372013	128372530	1	1	1	619	0	49
chr6	128372013	128372533	1	1	1	3990	1	46
chr6	128372013	128372536	1	1	0	5	0	43
chr6	128372018	128372530	1	1	0	10	0	49
chr6	128372018	128372533	1	1	0	44	0	46
chr6	128372018	128372536	1	1	0	1	0	43
chr7	25724845	25725923	2	2	1	1	0	41
chr7	67240441	67243755	2	2	0	1	0	40
chr7	67240441	67244520	2	2	1	257	1	24
chr7	67240441	67248978	2	2	0	1	0	40
chr7	67240441	67251656	2	2	1	1738	1	44
chr7	67243817	67251656	2	2	0	1	0	38
chr7	67244545	67251656	2	2	1	257	1	24
chr7	67249118	67251656	2	2	0	1	0	38
chr7	102001660	102002294	1	1	1	1337	1	43
chr7	102001660	102007485	1	1	1	535	0	43
chr7	102002310	102007485	1	1	0	1	0	15
chr7	102002337	102007485	1	1	1	1336	1	40
chr7	112839481	112841887	1	1	1	6	0	41
chr7	112839481	112842039	1	1	1	87	0	41
chr7	112839481	112856052	1	1	1	1	0	12
chr7	112839481	112856797	1	1	1	3	0	41
chr7	112841951	112856052	1	1	1	3	0	12
chr7	112842103	112856052	1	1	1	90	0	12
chr7	112842103	112856797	1	1	1	2	0	37
chr7	112856065	112856797	1	1	1	93	0	12
chr7	112856065	112856803	1	1	0	1	0	12
chr7	127980247	127981190	1	1	1	12	0	5
chr7	127981292	127981410	1	1	1	12	0	6
chr8	25532429	25557730	1	1	1	5	0	44
chr8	25555775	25557730	1	1	1	1	0	37
chr8	95100453	95100646	2	2	1	688	1	31
chr8	95100453	95101408	2	2	0	84	0	46
chr8	95100674	95101408	2	2	1	688	1	44
chr8	123268550	123268744	2	2	1	147	0	49
chr9	43027296	43040539	2	2	1	127	0	39
chr9	43027296	43042590	2	2	1	134	1	46
chr9	43040597	43042590	2	2	1	129	0	45
chr9	80093642	80098885	1	1	1	7952	2	30
chr9	80093642	80098892	1	1	0	203	0	14
chr9	80093642	80103693	1	1	1	244	0	45
chr9	80098907	80099016	1	1	0	1	0	21
chr9	80098907	80101831	1	1	0	1	0	21
chr9	80098907	80103693	1	1	1	8154	2	24
chr9	80098907	80103698	1	1	0	3	0	21
chr9	80099049	80103693	1	1	0	1	0	37
chr9	80101891	80103693	1	1	0	2	0	37
chr9	114597607	114597794	2	2	1	387	1	38
chr9	114597607	114598704	2	2	0	7	0	40
chr9	114597825	114598704	2	2	0	4	0	30
chr9	114597831	114598704	2	2	1	383	1	38
chr11	26778879	26787397	2	2	0	0	2	13
chr11	79458907	79463232	1	1	1	14	0	42
chr11	79458907	79468716	1	1	1	145	0	44
chr11	79463296	79468716	1	1	1	14	0	38
chr11	94112147	94113262	1	1	1	139	0	21
chr11	94112147	94114172	1	1	1	339	0	32
chr11	94113302	94114172	1	1	1	144	0	39
chr11	102310577	102310925	2	2	1	49	0	42
chr11	102310577	102311379	2	2	1	665	0	46
chr11	102311037	102311379	2	2	1	49	0	46
chr12	71952560	71958746	1	1	1	83	0	27
chr12	71952560	71959805	1	1	1	69	0	43
chr12	71952560	71959809	1	1	0	1	0	45
chr12	71958774	71959805	1	1	1	83	0	29
chr12	83811361	83825258	2	2	1	44	0	33
chr12	83811361	83831921	2	2	1	337	0	41
chr12	83825292	83831921	2	2	1	44	0	33
chr12	113133338	113133495	1	1	0	90	14	43
chr12	113133338	113133540	1	1	1	1520	36	43
chr12	113133338	113135796	1	1	1	6	0	29
chr12	113133577	113134800	1	1	0	10	0	12
chr12	113133577	113135796	1	1	1	1545	50	29
chr12	113134813	113135796	1	1	0	10	0	12
chr13	46778994	46780066	2	2	0	2	0	40
chr13	46778994	46780625	2	2	1	1061	3	41
chr13	46778994	46785245	2	2	1	2305	8	45
chr13	46780148	46785245	2	2	0	2	0	39
chr13	46780665	46785245	2	2	1	1068	3	39
chr13	56084286	56089757	2	2	1	39	0	42
chr13	56084286	56096123	2	2	0	2	0	40
chr13	56089858	56096123	2	2	1	37	0	38
chr14	57643224	57643334	2	2	1	2	0	39
chr14	57643224	57648418	2	2	1	90	1	39
chr14	57643490	57648418	2	2	1	2	0	38
chr14	120389164	120395711	1	1	1	149	0	39
chr14	120389164	120395717	1	1	0	1	0	38
chr14	120389164	120396450	1	1	1	364	1	48
chr14	120395766	120396450	1	1	1	150	0	48
chr15	77102940	77105576	2	2	1	185	0	44
chr15	77102940	77113604	2	2	1	7	0	44
chr15	77105670	77113604	2	2	1	187	0	48
chr15	103242719	103243624	1	1	1	0	1	33
chr16	57178021	57181491	2	2	1	219	1	44
chr16	57178021	57182850	2	2	1	104	0	43
chr16	57181537	57182850	2	2	1	219	1	37
chr17	12979205	13846588	1	1	0	52	2	12
chr17	13846613	13848354	1	1	0	2	0	21
chr17	13846640	13848354	1	1	1	5217	6	24
chr17	13846640	13849107	1	1	1	4275	5	46
chr17	13846640	13849113	1	1	0	32	0	48
chr17	13846644	13848358	1	1	0	0	1	17
chr17	13848376	13849107	1	1	1	5210	7	29
chr17	13848376	13849113	1	1	0	8	0	21
chr17	45570567	45570665	2	2	1	398	1	42
chr17	45570800	45571017	2	2	1	437	0	21
chr17	51783067	51785528	2	2	1	2	0	40
chr17	51785641	51803430	2	2	1	2	0	14
chr18	53948155	53948644	1	1	1	16675	14	28
chr18	53948155	53953244	1	1	1	2268	2	43
chr18	53948666	53953244	1	1	0	12	0	21
chr18	53948669	53949681	1	1	0	1	0	15
chr18	53948669	53953244	1	1	1	16634	14	37
chr18	53948669	53953268	1	1	0	2	0	24
chr18	53949705	53953244	1	1	0	1	0	23
chr19	7281256	7281797	2	4	1	124	0	39
chr19	7281256	7282725	2	2	1	1469	0	36
chr19	7281960	7282725	2	2	1	133	0	26
chrX	159414893	159443922	1	1	1	1	0	10
