chr1	34295537	34296741	1	1	1	135	0	18
chr1	34295537	34299720	1	1	1	25	0	38
chr1	34296760	34299720	1	1	1	135	0	18
chr1	40010678	40011629	1	1	0	1	0	21
chr1	40010678	40011649	1	1	1	132	0	21
chr1	40010678	40011811	1	1	0	1	0	21
chr1	40010678	40014105	1	1	1	45	3	32
chr1	40011842	40014105	1	1	1	134	0	39
chr1	82735508	82741817	1	1	1	3	0	26
chr1	82735508	82750519	1	1	1	99	0	40
chr1	82747143	82750519	1	1	1	1	0	36
chr1	87423282	87425064	1	1	1	1	0	39
chr2	32292216	32293314	1	1	1	23	0	43
chr2	32292216	32296625	1	1	1	152	0	44
chr2	32293396	32296625	1	1	1	23	0	38
chr2	59926161	59932104	2	2	1	1	0	20
chr2	59932171	59933405	2	2	0	124	0	37
chr2	59932171	59933411	2	2	1	645	0	32
chr2	59932171	59933670	2	2	1	1	0	37
chr2	59933439	59933670	2	2	1	760	0	29
chr2	71849507	71853533	1	1	1	931	2	41
chr2	71849507	71853820	1	1	0	1	0	29
chr2	71849507	71853890	1	1	0	1	1	39
chr2	71849507	71855853	1	1	1	3132	4	46
chr2	71849507	71855868	1	1	0	5	0	46
chr2	71853664	71855853	1	1	1	975	2	41
chr2	71853891	71855853	1	1	0	2	0	40
chr2	71853948	71855853	1	1	0	1	1	40
chr2	75662926	75663570	1	1	1	11	0	40
chr2	91001089	91001461	1	1	1	1116	1	34
chr2	91001089	91001479	1	1	0	1	0	24
chr2	91001089	91003299	1	1	0	1	0	33
chr2	91001511	91003210	1	1	1	1093	1	31
chr2	91003238	91003810	1	1	0	2	0	27
chr2	91003346	91003810	1	1	1	26	0	36
chr2	91159306	91160316	2	2	1	354	0	47
chr2	91159306	91162027	2	2	1	707	1	47
chr2	91160371	91162027	2	2	1	355	0	42
chr2	91681696	91682025	2	2	1	1	0	50
chr2	91681696	91684668	2	2	1	249	1	50
chr2	91682137	91684668	2	2	1	1	0	38
chr2	153670448	153672215	1	1	1	2	1	50
chr2	153713625	153714954	1	1	1	0	1	50
chr3	57736201	57764256	1	1	1	1	0	16
chr3	60613521	60614682	1	1	1	1315	0	45
chr3	60613521	60614688	1	1	0	3	0	44
chr3	60613521	60615619	1	1	1	1320	3	45
chr3	60614737	60615619	1	1	1	1318	0	39
chr3	87733505	87734423	1	1	1	22	0	39
chr3	87733505	87735344	1	1	0	16	0	39
chr3	87734553	87735344	1	1	1	22	0	37
chr3	88483947	88484046	2	2	1	548	1	39
chr3	88484077	88484614	2	2	0	1	0	30
chr3	88484155	88484614	2	2	1	535	1	44
chr3	119724187	119724611	2	2	1	6681	4	34
chr3	119724187	119726065	2	2	1	24	0	29
chr3	119724646	119726065	2	2	1	6820	4	38
chr3	119726116	120643502	2	2	0	4	0	13
chr3	142948246	142963375	2	2	0	0	1	13
chr4	31992517	31994873	1	1	1	326	0	40
chr4	31992517	32002088	1	1	1	4561	7	49
chr4	31994955	32002088	1	1	1	321	0	49
chr4	57371190	58265278	1	1	0	0	4	12
chr4	91851905	92635584	1	1	0	0	4	12
chr4	102927586	102928785	1	1	1	1	0	41
chr4	107009769	107027216	1	1	1	16	0	38
chr4	107009769	107028192	1	1	1	122	0	42
chr4	107027298	107028192	1	1	1	26	0	46
chr5	23565266	23616326	2	2	1	949	1	46
chr5	23615795	23616326	2	2	0	1	0	45
chr5	28493655	28539334	2	2	0	0	1	13
chr5	72958287	72965803	1	1	1	1	0	37
chr5	72958287	72974530	1	1	1	130	0	43
chr5	72965882	72974530	1	1	1	1	0	41
chr5	116477146	116482389	2	2	1	1	0	33
chr5	116482537	116591333	2	2	1	1173	5	50
chr5	149184807	149185349	1	1	0	1	0	43
chr5	149184807	149187707	1	1	1	23	0	43
chr5	149184807	149188344	1	1	1	876	3	45
chr5	149185405	149188344	1	1	0	1	0	39
chr5	149187835	149188344	1	1	1	2	0	39
chr5	149187877	149188344	1	1	1	21	0	39
chr6	47577668	47594893	2	2	1	2	0	24
chr6	98939789	98941535	2	2	1	213	1	46
chr6	98939789	98944618	2	2	0	21	0	45
chr6	98941658	98944618	2	2	1	217	1	39
chr6	125162102	125162211	2	2	1	716	21	43
chr6	128371086	128371967	1	1	1	3803	3	44
chr6	128371086	128372533	1	1	1	12	0	46
chr6	128372013	128372504	1	1	0	21	0	26
chr6	128372013	128372509	1	1	0	7	0	31
chr6	128372013	128372530	1	1	1	465	1	49
chr6	128372013	128372533	1	1	1	3257	2	46
chr6	128372013	128372536	1	1	0	2	0	43
chr6	128372013	128372539	1	1	0	2	0	40
chr6	128372018	128372530	1	1	0	3	0	49
chr6	128372018	128372533	1	1	0	44	0	46
chr6	128372018	128372536	1	1	0	1	0	43
chr7	25724845	25725923	2	2	1	1	0	39
chr7	67240441	67244520	2	2	1	215	1	24
chr7	67240441	67251656	2	2	1	1442	0	49
chr7	67244545	67251656	2	2	1	215	1	24
chr7	101288340	102001612	1	3	0	5	0	12
chr7	102001660	102002294	1	1	1	2308	2	43
chr7	102001660	102007485	1	1	1	862	0	43
chr7	102001665	102002300	1	1	0	2	0	36
chr7	102002310	102007485	1	1	0	2	0	15
chr7	102002337	102007485	1	1	1	2310	2	42
chr7	112839481	112841887	1	1	1	12	0	41
chr7	112839481	112842039	1	1	1	205	0	41
chr7	112839481	112856052	1	1	1	9	0	12
chr7	112839481	112856797	1	1	1	22	0	41
chr7	112841951	112856052	1	1	1	2	0	12
chr7	112842103	112856052	1	1	1	207	0	12
chr7	112842103	112856797	1	1	1	3	0	38
chr7	112856065	112856797	1	1	1	220	0	14
chr7	112856065	112856803	1	1	0	1	0	12
chr7	127980247	127981190	1	1	1	15	0	5
chr7	127981292	127981410	1	1	1	16	0	6
chr8	25532429	25557730	1	1	1	3	0	44
chr8	33386064	33386329	1	1	0	1	0	46
chr8	91688606	91932332	1	1	0	5	0	13
chr8	95100453	95100646	2	2	1	1480	0	32
chr8	95100453	95101408	2	2	0	256	1	46
chr8	95100674	95101408	2	2	1	1480	0	42
chr8	121628690	121651724	2	2	1	1	0	20
chr8	123268550	123268744	2	2	1	282	0	49
chr9	43027296	43040539	2	2	1	200	0	38
chr9	43027296	43042590	2	2	1	204	0	45
chr9	43040597	43042590	2	2	1	200	0	48
chr9	80067573	80087429	1	1	1	1	0	35
chr9	80093642	80098885	1	1	1	8309	8	26
chr9	80093642	80098892	1	1	0	210	0	14
chr9	80093642	80103693	1	1	1	251	0	44
chr9	80098907	80103693	1	1	1	8523	8	29
chr9	80098907	80103698	1	1	0	2	0	21
chr9	114597607	114597790	2	2	0	1	0	40
chr9	114597607	114597794	2	2	1	614	0	38
chr9	114597607	114598704	2	2	0	31	0	42
chr9	114597825	114598704	2	2	0	3	0	30
chr9	114597831	114598704	2	2	1	606	0	38
chr9	123011638	123013939	1	1	1	2	0	14
chr9	123014013	123014468	1	1	1	2	0	14
chr9	123014507	123017244	1	1	1	2	0	38
chr11	26541984	26787397	2	2	0	0	4	12
chr11	26725015	26787397	2	2	0	3	0	13
chr11	26778879	26787397	2	2	0	0	1	13
chr11	79458907	79463232	1	1	1	18	0	42
chr11	79458907	79468716	1	1	1	337	0	43
chr11	79463296	79468716	1	1	1	18	0	38
chr11	94112147	94113262	1	1	1	137	0	22
chr11	94112147	94114172	1	1	1	405	0	32
chr11	94113302	94114172	1	1	1	145	0	39
chr11	102310333	102310442	2	2	1	1	0	36
chr11	102310577	102310925	2	2	1	83	0	42
chr11	102310577	102311379	2	2	1	1231	1	46
chr11	102311037	102311379	2	2	1	83	0	45
chr12	71952560	71958746	1	1	1	88	0	27
chr12	71952560	71959805	1	1	1	81	0	44
chr12	71958774	71959805	1	1	1	88	0	29
chr12	83811361	83811669	2	2	0	1	0	37
chr12	83811361	83812383	2	2	0	1	0	37
chr12	83811361	83825258	2	2	1	76	0	37
chr12	83811361	83831921	2	2	1	568	2	41
chr12	83811744	83831921	2	2	0	1	0	38
chr12	83812587	83831921	2	2	0	1	0	38
chr12	83825292	83831921	2	2	1	75	0	33
chr12	83825334	83831921	2	2	0	1	0	38
chr12	113133338	113133495	1	1	0	141	15	43
chr12	113133338	113133540	1	1	1	2262	62	43
chr12	113133338	113135796	1	1	1	24	0	29
chr12	113133577	113134761	1	1	0	1	0	21
chr12	113133577	113134800	1	1	0	14	0	14
chr12	113133577	113135796	1	1	1	2313	77	29
chr12	113134813	113135796	1	1	0	14	0	29
chr13	46778994	46780625	2	2	1	772	1	43
chr13	46778994	46785245	2	2	1	2959	5	46
chr13	46780665	46785245	2	2	1	769	0	39
chr13	56084286	56089757	2	2	1	64	0	43
chr13	56089858	56096123	2	2	1	63	0	41
chr14	57643224	57648418	2	2	1	193	0	40
chr14	101654106	101654207	1	1	1	2	0	5
chr14	120389164	120395711	1	1	1	345	0	39
chr14	120389164	120395717	1	1	0	3	0	38
chr14	120389164	120396339	1	1	0	1	0	38
chr14	120389164	120396450	1	1	1	772	0	48
chr14	120395766	120396450	1	1	1	365	0	48
chr15	77102940	77105576	2	2	1	373	0	42
chr15	77102940	77113604	2	2	1	31	0	44
chr15	77105670	77112712	2	2	0	1	0	23
chr15	77105670	77113604	2	2	1	370	0	48
chr15	77112736	77113604	2	2	0	1	0	23
chr15	103242719	103243624	1	1	1	1	0	20
chr16	57178021	57181491	2	2	1	577	1	44
chr16	57178021	57182850	2	2	1	202	0	43
chr16	57181507	57182850	2	2	0	2	0	15
chr16	57181537	57182850	2	2	1	569	1	37
chr17	12979205	13846588	1	1	0	46	1	12
chr17	13846640	13848306	1	1	0	3	0	38
chr17	13846640	13848354	1	1	1	5175	8	22
chr17	13846640	13849107	1	1	1	4927	3	45
chr17	13846640	13849113	1	1	0	23	0	48
chr17	13848376	13849107	1	1	1	5159	8	41
chr17	13848376	13849113	1	1	0	7	0	21
chr17	45570567	45570665	2	2	1	733	1	39
chr17	45570800	45571017	2	2	1	826	1	21
chr18	10726534	10740982	1	1	1	2	0	15
chr18	53948155	53948381	1	1	0	3	0	39
chr18	53948155	53948644	1	1	1	11930	12	33
chr18	53948155	53948651	1	1	0	1	0	17
chr18	53948155	53948655	1	1	0	1	0	13
chr18	53948155	53953244	1	1	1	1871	3	45
chr18	53948447	53948644	1	1	0	3	0	13
chr18	53948666	53953244	1	1	0	11	0	21
chr18	53948669	53953244	1	1	1	11905	12	37
chr18	53948669	53953268	1	1	0	4	0	24
chr18	53948673	53953244	1	1	0	3	0	28
chr19	7281256	7281797	2	4	1	246	0	39
chr19	7281256	7282725	2	2	1	1337	1	36
chr19	7281960	7282725	2	2	1	255	0	35
