chr1	34295537	34296741	1	1	1	185	0	18
chr1	34295537	34299720	1	1	1	41	0	39
chr1	34296760	34299720	1	1	1	185	0	18
chr1	40010678	40011649	1	1	1	63	0	22
chr1	40010678	40011722	1	1	0	1	0	21
chr1	40010678	40014105	1	1	1	46	4	32
chr1	40011842	40014105	1	1	1	65	0	39
chr1	82735508	82741817	1	1	1	7	0	41
chr1	82735508	82747082	1	1	1	2	0	40
chr1	82735508	82750519	1	1	1	85	0	42
chr1	82741977	82750519	1	1	1	1	0	38
chr1	82747143	82750519	1	1	1	3	0	38
chr2	32292216	32293314	1	1	1	11	0	43
chr2	32292216	32296625	1	1	1	65	0	43
chr2	32293396	32296625	1	1	1	12	0	38
chr2	59932171	59933405	2	2	0	116	0	37
chr2	59932171	59933411	2	2	1	631	0	31
chr2	59932171	59933670	2	2	1	4	0	38
chr2	59933439	59933670	2	2	1	734	0	32
chr2	71849507	71853533	1	1	1	773	0	43
chr2	71849507	71853820	1	1	0	2	0	37
chr2	71849507	71855853	1	1	1	3659	4	46
chr2	71849507	71855868	1	1	0	9	0	46
chr2	71853664	71855853	1	1	1	789	0	41
chr2	71853891	71855853	1	1	0	2	0	40
chr2	75662926	75663570	1	1	1	3	0	35
chr2	91001089	91001461	1	1	1	745	1	24
chr2	91001511	91003210	1	1	1	733	1	23
chr2	91003346	91003810	1	1	1	20	0	36
chr2	91159306	91160316	2	2	1	201	0	47
chr2	91159306	91162027	2	2	1	860	1	47
chr2	91160371	91162027	2	2	1	197	0	38
chr2	91681696	91684668	2	2	1	216	0	50
chr2	153670448	153672215	1	1	1	2	1	50
chr2	153713625	153714954	1	1	1	0	1	50
chr3	60607681	60613472	1	1	0	1	0	12
chr3	60613521	60614682	1	1	1	1394	3	45
chr3	60613521	60614688	1	1	0	4	0	44
chr3	60613521	60615619	1	1	1	1601	1	45
chr3	60614737	60615619	1	1	1	1407	3	43
chr3	87733505	87734423	1	1	1	11	0	39
chr3	87733505	87735344	1	1	0	33	0	39
chr3	87734553	87735344	1	1	1	11	0	37
chr3	88483947	88484046	2	2	1	203	0	38
chr3	88483947	88484614	2	2	0	1	0	39
chr3	88484155	88484614	2	2	1	201	0	39
chr3	119724187	119724611	2	2	1	4247	2	34
chr3	119724187	119726065	2	2	1	18	0	29
chr3	119724646	119726065	2	2	1	4353	2	38
chr3	119726116	119820407	2	2	0	2	0	13
chr3	119726116	120643502	2	2	0	6	0	13
chr4	31992517	31994873	1	1	1	265	0	39
chr4	31992517	32002088	1	1	1	4911	7	50
chr4	31994955	32002088	1	1	1	263	0	49
chr4	107009769	107027216	1	1	1	7	0	38
chr4	107009769	107028192	1	1	1	173	0	42
chr4	107027298	107028192	1	1	1	8	0	41
chr5	23565266	23610849	2	2	0	2	0	37
chr5	23565266	23616326	2	2	1	1204	0	49
chr5	23610909	23616326	2	2	0	2	0	45
chr5	23615795	23616326	2	2	0	1	0	45
chr5	72958287	72965803	1	1	1	2	0	40
chr5	72958287	72974530	1	1	1	136	0	41
chr5	72965882	72974530	1	1	1	2	0	41
chr5	116477146	116482389	2	2	1	3	0	44
chr5	116482537	116591333	2	2	1	1007	4	50
chr5	122284910	122308130	1	1	1	1	0	46
chr5	149184807	149187707	1	1	1	39	1	43
chr5	149184807	149188344	1	1	1	196	0	45
chr5	149187835	149188344	1	1	1	1	0	39
chr5	149187877	149188344	1	1	1	39	1	39
chr6	51464212	51464427	2	2	1	1	0	38
chr6	98939789	98941535	2	2	1	157	0	46
chr6	98939789	98944618	2	2	0	6	0	45
chr6	98941658	98944618	2	2	1	157	0	40
chr6	125162102	125162211	2	2	1	217	3	36
chr6	128371086	128371967	1	1	1	5691	2	44
chr6	128371086	128371980	1	1	0	2	0	32
chr6	128371086	128372530	1	1	1	2	0	49
chr6	128371086	128372533	1	1	1	26	0	46
chr6	128372013	128372504	1	1	0	33	1	27
chr6	128372013	128372509	1	1	0	14	0	31
chr6	128372013	128372530	1	1	1	690	1	49
chr6	128372013	128372533	1	1	1	4897	0	46
chr6	128372013	128372536	1	1	0	2	0	43
chr6	128372013	128372539	1	1	0	2	0	40
chr6	128372018	128372530	1	1	0	6	0	49
chr6	128372018	128372533	1	1	0	56	0	46
chr6	128372018	128372536	1	1	0	1	0	43
chr7	67240441	67244520	2	2	1	206	0	24
chr7	67240441	67251656	2	2	1	2501	2	45
chr7	67244545	67251656	2	2	1	206	0	24
chr7	102001660	102002294	1	1	1	2024	3	43
chr7	102001660	102007485	1	1	1	824	0	43
chr7	102001665	102002300	1	1	0	0	2	36
chr7	102002337	102007485	1	1	1	2027	3	42
chr7	112839481	112841887	1	1	1	3	1	41
chr7	112839481	112842039	1	1	1	125	2	41
chr7	112839481	112856052	1	1	1	16	0	12
chr7	112839481	112856797	1	1	1	12	0	41
chr7	112841906	112842057	1	1	0	0	1	18
chr7	112842103	112856052	1	1	1	125	2	12
chr7	112842103	112856797	1	1	1	4	0	37
chr7	112856065	112856797	1	1	1	143	2	12
chr7	127980247	127981190	1	1	1	5	0	5
chr7	127981292	127981410	1	1	1	4	0	6
chr8	25532429	25557730	1	1	1	1	0	44
chr8	25555775	25557730	1	1	1	3	0	37
chr8	91688606	91932332	1	1	0	4	0	13
chr8	95100453	95100646	2	2	1	590	0	46
chr8	95100453	95101408	2	2	0	75	0	46
chr8	95100674	95101408	2	2	1	586	0	42
chr8	95100700	95101408	2	2	0	5	0	44
chr8	123268550	123268744	2	2	1	215	1	50
chr9	43027296	43040539	2	2	1	147	0	38
chr9	43027296	43042590	2	2	1	184	0	46
chr9	43040597	43042590	2	2	1	149	0	46
chr9	80093642	80098885	1	1	1	9466	5	44
chr9	80093642	80098892	1	1	0	245	0	19
chr9	80093642	80103693	1	1	1	287	0	45
chr9	80098907	80101831	1	1	0	1	0	21
chr9	80098907	80103693	1	1	1	9701	5	29
chr9	80098907	80103698	1	1	0	9	0	21
chr9	80099049	80103693	1	1	0	2	0	37
chr9	80101891	80103693	1	1	0	2	0	37
chr9	114597607	114597794	2	2	1	576	1	38
chr9	114597607	114598704	2	2	0	9	0	42
chr9	114597825	114598704	2	2	0	5	0	30
chr9	114597831	114598704	2	2	1	569	1	38
chr11	26778879	26787397	2	2	0	0	1	13
chr11	79458907	79463232	1	1	1	17	0	42
chr11	79458907	79468113	1	1	1	1	0	41
chr11	79458907	79468716	1	1	1	164	0	43
chr11	79463296	79468716	1	1	1	17	0	39
chr11	79468155	79468716	1	1	1	1	0	38
chr11	94112147	94113262	1	1	1	155	0	23
chr11	94112147	94114172	1	1	1	550	0	32
chr11	94113302	94114172	1	1	1	162	0	39
chr11	102310577	102310925	2	2	1	60	0	42
chr11	102310577	102311379	2	2	1	771	0	46
chr11	102311037	102311379	2	2	1	58	0	45
chr12	71952560	71958746	1	1	1	51	0	27
chr12	71952560	71959805	1	1	1	106	0	43
chr12	71958774	71959805	1	1	1	51	0	27
chr12	76283025	76283931	1	1	1	1	0	12
chr12	83811361	83825258	2	2	1	55	0	34
chr12	83811361	83831921	2	2	1	549	1	41
chr12	83825292	83831921	2	2	1	55	0	33
chr12	112928622	113133308	1	1	0	0	5	13
chr12	113133338	113133495	1	1	0	112	8	44
chr12	113133338	113133540	1	1	1	1931	65	43
chr12	113133338	113135796	1	1	1	32	0	29
chr12	113133577	113134186	1	1	0	1	0	28
chr12	113133577	113134761	1	1	0	1	0	21
chr12	113133577	113134800	1	1	0	11	0	14
chr12	113133577	113135796	1	1	1	1943	72	29
chr12	113134231	113135796	1	1	0	1	0	29
chr12	113134813	113135796	1	1	0	11	0	29
chr13	46778994	46780545	2	2	0	2	0	40
chr13	46778994	46780625	2	2	1	984	0	42
chr13	46778994	46785245	2	2	1	2843	4	48
chr13	46780663	46785245	2	2	0	1	0	37
chr13	46780665	46785245	2	2	1	982	0	40
chr13	56084286	56088435	2	2	0	1	0	39
chr13	56084286	56089757	2	2	1	46	0	40
chr13	56089858	56096123	2	2	1	48	0	39
chr14	57643224	57643334	2	2	1	1	0	39
chr14	57643224	57648418	2	2	1	89	1	40
chr14	57643490	57648418	2	2	1	1	0	38
chr14	120389164	120395711	1	1	1	133	1	40
chr14	120389164	120396450	1	1	1	536	1	48
chr14	120395766	120396450	1	1	1	139	1	48
chr15	77102940	77105576	2	2	1	229	1	43
chr15	77102940	77113604	2	2	1	19	0	48
chr15	77105670	77113604	2	2	1	232	1	48
chr15	103242719	103243624	1	1	1	0	2	5
chr16	57178021	57181491	2	2	1	317	1	44
chr16	57178021	57182850	2	2	1	153	0	44
chr16	57181507	57182850	2	2	0	1	0	15
chr16	57181537	57182850	2	2	1	314	1	37
chr17	12979205	13846588	1	1	0	60	2	12
chr17	13846613	13848354	1	1	0	2	0	21
chr17	13846640	13848306	1	1	0	4	0	38
chr17	13846640	13848354	1	1	1	4702	6	24
chr17	13846640	13848358	1	1	0	4	0	17
chr17	13846640	13849107	1	1	1	6293	15	46
chr17	13846640	13849113	1	1	0	26	1	48
chr17	13848376	13849107	1	1	1	4697	6	41
chr17	13848376	13849113	1	1	0	8	0	21
chr17	45570567	45570665	2	2	1	407	4	37
chr17	45570800	45571017	2	2	1	447	3	21
chr17	51783067	51785528	2	2	1	1	0	40
chr17	51785641	51803430	2	2	1	1	0	10
chr17	56578845	56578920	2	2	1	1	0	18
chr17	56578986	56582983	2	2	1	1	0	35
chr18	10726534	10740982	1	1	1	1	0	15
chr18	53948155	53948644	1	1	1	21584	14	33
chr18	53948155	53948651	1	1	0	2	0	17
chr18	53948155	53953244	1	1	1	2928	4	44
chr18	53948666	53953244	1	1	0	6	0	21
chr18	53948669	53949213	1	1	0	1	0	15
chr18	53948669	53953244	1	1	1	21544	13	37
chr18	53948669	53953268	1	1	0	1	0	24
chr18	53948673	53953244	1	1	0	1	0	28
chr18	53949263	53953244	1	1	0	1	0	37
chr18	64511878	64511983	2	2	1	1	0	38
chr18	64515409	64516415	2	2	1	1	0	30
chr19	7281256	7281797	2	4	1	141	0	39
chr19	7281256	7282725	2	2	1	1479	1	36
chr19	7281960	7282725	2	2	1	148	0	26
