chr1	34295537	34296741	1	1	1	146	0	18
chr1	34295537	34299720	1	1	1	15	1	42
chr1	34296760	34299720	1	1	1	146	0	18
chr1	40010678	40011649	1	1	1	84	0	21
chr1	40010678	40011811	1	1	0	2	0	21
chr1	40010678	40014105	1	1	1	24	0	32
chr1	40011842	40014105	1	1	1	84	0	37
chr1	82735508	82741817	1	1	1	1	0	40
chr1	82735508	82747082	1	1	1	3	0	40
chr1	82735508	82750519	1	1	1	46	0	42
chr1	82747143	82750519	1	1	1	4	0	38
chr2	30066894	30068268	1	1	1	1	0	29
chr2	32292216	32293314	1	1	1	15	0	43
chr2	32292216	32296625	1	1	1	67	0	43
chr2	32293396	32296625	1	1	1	14	0	38
chr2	59932171	59933405	2	2	0	70	0	37
chr2	59932171	59933411	2	2	1	407	1	31
chr2	59932171	59933670	2	2	1	1	0	28
chr2	59933439	59933670	2	2	1	470	1	33
chr2	71849507	71853533	1	1	1	770	2	44
chr2	71849507	71853820	1	1	0	2	0	37
chr2	71849507	71855853	1	1	1	2205	1	43
chr2	71849507	71855868	1	1	0	9	0	46
chr2	71849507	71855876	1	1	0	1	0	38
chr2	71853664	71855853	1	1	1	798	2	43
chr2	71853891	71855853	1	1	0	2	0	40
chr2	75662926	75663570	1	1	1	5	0	39
chr2	91001089	91001461	1	1	1	540	0	34
chr2	91001089	91003299	1	1	0	6	0	33
chr2	91001511	91003210	1	1	1	536	0	25
chr2	91003238	91003810	1	1	0	2	0	27
chr2	91003346	91003810	1	1	1	15	0	36
chr2	91003891	91004700	1	1	1	1	0	33
chr2	91159306	91160316	2	2	1	190	0	47
chr2	91159306	91162027	2	2	1	303	0	47
chr2	91160371	91162027	2	2	1	190	0	38
chr2	91681696	91684668	2	2	1	214	0	50
chr2	153670448	153672215	1	1	1	2	0	50
chr3	60422418	60613472	1	1	0	0	5	15
chr3	60607681	60613472	1	1	0	1	0	14
chr3	60613521	60614682	1	1	1	1181	3	45
chr3	60613521	60615619	1	1	1	1314	4	45
chr3	60614737	60615619	1	1	1	1175	3	41
chr3	60614737	60615655	1	1	0	1	0	28
chr3	87733505	87734423	1	1	1	10	0	39
chr3	87733505	87735344	1	1	0	15	0	39
chr3	87734553	87735344	1	1	1	11	0	37
chr3	88483947	88484046	2	2	1	259	0	40
chr3	88484155	88484614	2	2	1	257	0	40
chr3	119724187	119724611	2	2	1	4620	3	34
chr3	119724187	119726065	2	2	1	28	0	29
chr3	119724247	119724611	2	2	0	1	0	12
chr3	119724646	119726065	2	2	1	4719	3	38
chr3	152210701	152213976	1	1	1	1	0	20
chr4	31992517	31994873	1	1	1	187	1	39
chr4	31992517	32002088	1	1	1	2986	10	49
chr4	31994955	32002088	1	1	1	190	1	49
chr4	107009769	107027216	1	1	1	11	0	38
chr4	107009769	107028192	1	1	1	140	0	42
chr4	107027298	107028192	1	1	1	13	0	41
chr5	23565266	23616326	2	2	1	786	1	49
chr5	72958287	72965803	1	1	1	1	0	40
chr5	72958287	72974530	1	1	1	66	0	44
chr5	72965882	72974530	1	1	1	1	0	41
chr5	116482537	116591333	2	2	1	680	4	50
chr5	149184807	149185484	1	1	1	1	0	42
chr5	149184807	149187707	1	1	1	13	0	43
chr5	149184807	149188344	1	1	1	510	0	45
chr5	149185662	149188344	1	1	0	1	0	37
chr5	149187835	149188344	1	1	1	1	0	39
chr5	149187877	149188344	1	1	1	13	0	39
chr6	47576665	47577543	2	2	1	1	0	41
chr6	47577668	47594893	2	2	1	4	0	26
chr6	98939789	98941535	2	2	1	143	1	46
chr6	98939789	98944618	2	2	0	3	0	45
chr6	98941658	98944618	2	2	1	145	1	36
chr6	125162102	125162211	2	2	1	258	2	43
chr6	128371086	128371967	1	1	1	3513	1	45
chr6	128371086	128372530	1	1	1	2	0	49
chr6	128371086	128372533	1	1	1	10	0	46
chr6	128372013	128372504	1	1	0	22	0	26
chr6	128372013	128372509	1	1	0	3	0	31
chr6	128372013	128372530	1	1	1	448	0	49
chr6	128372013	128372533	1	1	1	3009	1	46
chr6	128372013	128372536	1	1	0	0	1	43
chr6	128372013	128372539	1	1	0	1	0	40
chr6	128372018	128372530	1	1	0	4	0	49
chr6	128372018	128372533	1	1	0	31	0	46
chr6	128372018	128372536	1	1	0	1	0	43
chr7	28174893	28174983	1	1	1	2	0	26
chr7	67240441	67244520	2	2	1	165	0	24
chr7	67240441	67251656	2	2	1	1284	1	45
chr7	67244545	67251656	2	2	1	165	0	24
chr7	101288340	102001612	1	3	0	5	0	12
chr7	102001660	102002294	1	1	1	1252	1	44
chr7	102001660	102007485	1	1	1	354	0	43
chr7	102001665	102002300	1	1	0	1	1	35
chr7	102002310	102007485	1	1	0	1	0	15
chr7	102002337	102007485	1	1	1	1248	1	42
chr7	112839481	112841887	1	1	1	9	0	41
chr7	112839481	112842039	1	1	1	122	0	41
chr7	112839481	112856052	1	1	1	5	0	12
chr7	112839481	112856797	1	1	1	5	0	41
chr7	112841951	112856052	1	1	1	6	0	12
chr7	112842103	112856052	1	1	1	116	0	12
chr7	112842103	112856797	1	1	1	6	0	37
chr7	112856065	112856797	1	1	1	128	0	14
chr7	127980247	127981190	1	1	1	12	0	30
chr7	127981292	127981410	1	1	1	10	0	6
chr8	25532429	25557730	1	1	1	2	0	44
chr8	64834569	64849632	2	2	1	1	0	27
chr8	91688606	91932332	1	1	0	4	0	13
chr8	95100453	95100646	2	2	1	668	0	31
chr8	95100453	95101408	2	2	0	110	0	46
chr8	95100674	95101408	2	2	1	668	0	42
chr8	123268550	123268744	2	2	1	146	0	46
chr9	43027296	43040539	2	2	1	90	0	38
chr9	43027296	43042590	2	2	1	111	0	45
chr9	43040593	43042590	2	2	0	1	0	43
chr9	43040597	43042590	2	2	1	89	0	45
chr9	80093642	80098885	1	1	1	6418	8	44
chr9	80093642	80098892	1	1	0	144	0	19
chr9	80093642	80103693	1	1	1	209	0	45
chr9	80098907	80099016	1	1	0	2	0	21
chr9	80098907	80101831	1	1	0	1	0	21
chr9	80098907	80103693	1	1	1	6565	8	29
chr9	80099049	80103693	1	1	0	3	0	37
chr9	80101891	80103693	1	1	0	1	0	37
chr9	114597607	114597794	2	2	1	353	1	38
chr9	114597607	114598704	2	2	0	7	0	42
chr9	114597825	114598704	2	2	0	1	0	30
chr9	114597831	114598704	2	2	1	348	1	36
chr11	26778879	26787397	2	2	0	0	1	13
chr11	79458907	79463232	1	1	1	11	0	42
chr11	79458907	79468113	1	1	1	1	0	41
chr11	79458907	79468716	1	1	1	140	0	43
chr11	79463296	79468716	1	1	1	11	0	38
chr11	79468155	79468716	1	1	1	1	0	38
chr11	94112147	94113262	1	1	1	103	0	21
chr11	94112147	94114172	1	1	1	291	1	32
chr11	94113302	94114172	1	1	1	107	0	39
chr11	102310577	102310925	2	2	1	46	0	42
chr11	102310577	102311379	2	2	1	694	0	46
chr11	102311037	102311379	2	2	1	45	0	45
chr11	102311037	102311403	2	2	0	1	0	21
chr12	71952560	71958746	1	1	1	51	0	27
chr12	71952560	71959805	1	1	1	57	0	43
chr12	71958774	71959805	1	1	1	51	0	27
chr12	83811361	83811669	2	2	0	2	0	37
chr12	83811361	83825258	2	2	1	50	0	33
chr12	83811361	83831921	2	2	1	273	0	41
chr12	83811744	83831921	2	2	0	2	0	38
chr12	83825292	83831921	2	2	1	50	0	33
chr12	113133338	113133495	1	1	0	83	10	43
chr12	113133338	113133540	1	1	1	1431	43	42
chr12	113133338	113135796	1	1	1	7	0	29
chr12	113133577	113134761	1	1	0	3	0	21
chr12	113133577	113134800	1	1	0	6	0	12
chr12	113133577	113135796	1	1	1	1462	52	30
chr12	113134813	113135796	1	1	0	9	0	29
chr13	46778994	46780545	2	2	0	1	0	40
chr13	46778994	46780625	2	2	1	636	0	40
chr13	46778994	46785245	2	2	1	1956	4	46
chr13	46780665	46785245	2	2	1	635	0	39
chr13	56084286	56089757	2	2	1	31	0	40
chr13	56084286	56096123	2	2	0	1	0	40
chr13	56089858	56096123	2	2	1	31	0	41
chr14	57643224	57648418	2	2	1	102	0	47
chr14	120389164	120394764	1	1	0	1	0	28
chr14	120389164	120395711	1	1	1	186	0	38
chr14	120389164	120396450	1	1	1	506	0	48
chr14	120394861	120396450	1	1	0	1	0	48
chr14	120395766	120396450	1	1	1	189	0	48
chr15	77102940	77105576	2	2	1	150	1	40
chr15	77102940	77113604	2	2	1	17	0	48
chr15	77105670	77113604	2	2	1	152	1	48
chr16	57178021	57181491	2	2	1	248	0	44
chr16	57178021	57182850	2	2	1	84	0	44
chr16	57178054	57182850	2	2	0	1	0	33
chr16	57181537	57182850	2	2	1	248	0	33
chr17	12979205	13846588	1	1	0	39	3	12
chr17	13846613	13848354	1	1	0	1	0	21
chr17	13846640	13848354	1	1	1	3797	4	22
chr17	13846640	13849107	1	1	1	3522	6	45
chr17	13846640	13849113	1	1	0	8	0	47
chr17	13848376	13849107	1	1	1	3785	4	29
chr17	13848376	13849113	1	1	0	8	0	21
chr17	45570567	45570665	2	2	1	425	2	42
chr17	45570800	45571017	2	2	1	472	3	21
chr18	10726534	10740982	1	1	1	1	0	15
chr18	53948155	53948644	1	1	1	10786	16	33
chr18	53948155	53948651	1	1	0	2	0	17
chr18	53948155	53953244	1	1	1	1539	3	42
chr18	53948666	53953244	1	1	0	6	0	21
chr18	53948669	53949681	1	1	0	1	0	14
chr18	53948669	53953244	1	1	1	10784	16	37
chr18	53948669	53953268	1	1	0	1	0	24
chr18	53949705	53953244	1	1	0	1	0	23
chr19	7281256	7281797	2	4	1	128	0	39
chr19	7281256	7282331	2	2	0	1	0	38
chr19	7281256	7282725	2	2	1	989	1	36
chr19	7281960	7282725	2	2	1	132	0	35
chr19	7282449	7282725	2	2	0	1	0	26
