chr1	34295537	34296741	1	1	1	80	0	18
chr1	34295537	34299720	1	1	1	19	0	38
chr1	34296760	34299720	1	1	1	80	0	19
chr1	40010678	40011649	1	1	1	34	0	21
chr1	40010678	40011811	1	1	0	2	0	21
chr1	40010678	40014105	1	1	1	36	0	32
chr1	40011842	40014105	1	1	1	36	0	37
chr1	82735508	82747082	1	1	1	2	0	40
chr1	82735508	82750519	1	1	1	50	0	40
chr1	82747143	82750519	1	1	1	2	0	38
chr2	32292216	32293314	1	1	1	7	0	43
chr2	32292216	32296625	1	1	1	85	0	43
chr2	32293396	32296625	1	1	1	7	0	38
chr2	59932171	59933405	2	2	0	39	0	37
chr2	59932171	59933411	2	2	1	293	0	31
chr2	59932171	59933670	2	2	1	2	0	36
chr2	59933439	59933670	2	2	1	326	0	28
chr2	71849507	71853533	1	1	1	382	0	44
chr2	71849507	71853820	1	1	0	1	0	37
chr2	71849507	71853875	1	1	0	2	0	39
chr2	71849507	71853890	1	1	0	1	0	39
chr2	71849507	71855853	1	1	1	2996	1	46
chr2	71849507	71855868	1	1	0	5	0	46
chr2	71849511	71855853	1	1	0	1	0	40
chr2	71853664	71855853	1	1	1	399	0	42
chr2	71853891	71855853	1	1	0	2	0	40
chr2	71853948	71855853	1	1	0	2	0	40
chr2	75662926	75663570	1	1	1	1	0	2
chr2	91001089	91001461	1	1	1	381	0	24
chr2	91001089	91003299	1	1	0	2	0	33
chr2	91001511	91003210	1	1	1	374	0	25
chr2	91001511	91003299	1	1	0	1	0	46
chr2	91003238	91003810	1	1	0	1	0	27
chr2	91003346	91003810	1	1	1	6	0	36
chr2	91159306	91160316	2	2	1	130	0	47
chr2	91159306	91162027	2	2	1	342	0	47
chr2	91160371	91162027	2	2	1	128	0	39
chr2	91681696	91684668	2	2	1	155	0	50
chr2	153670448	153672215	1	1	1	1	0	50
chr3	60613521	60614682	1	1	1	710	2	45
chr3	60613521	60614688	1	1	0	1	0	38
chr3	60613521	60615619	1	1	1	623	2	46
chr3	60614737	60615619	1	1	1	718	2	39
chr3	87733505	87734423	1	1	1	8	0	39
chr3	87733505	87735344	1	1	0	4	0	39
chr3	87734553	87735344	1	1	1	9	0	37
chr3	88483947	88484046	2	2	1	290	3	39
chr3	88484155	88484614	2	2	1	291	3	41
chr3	88484666	88537145	2	2	0	0	2	12
chr3	119724187	119724611	2	2	1	4279	2	34
chr3	119724187	119726065	2	2	1	7	0	29
chr3	119724646	119726065	2	2	1	4355	3	38
chr3	139632407	139650143	2	2	0	0	1	13
chr4	31992517	31994873	1	1	1	150	0	39
chr4	31992517	32002088	1	1	1	2606	8	49
chr4	31994955	32002088	1	1	1	152	0	49
chr4	107009769	107027216	1	1	1	8	0	38
chr4	107009769	107028192	1	1	1	61	0	42
chr4	107027298	107028192	1	1	1	8	0	41
chr5	23565266	23616326	2	2	1	443	0	46
chr5	72958287	72965803	1	1	1	3	0	40
chr5	72958287	72974530	1	1	1	74	0	42
chr5	72965882	72974530	1	1	1	3	0	41
chr5	116482537	116591333	2	2	1	764	3	50
chr5	149184807	149187707	1	1	1	10	0	43
chr5	149184807	149188344	1	1	1	464	1	44
chr5	149187877	149188344	1	1	1	10	0	41
chr6	47577668	47594893	2	2	1	1	0	26
chr6	51465242	51466141	2	2	1	1	0	30
chr6	98939789	98941535	2	2	1	99	0	45
chr6	98939789	98941539	2	2	0	1	0	45
chr6	98939789	98944618	2	2	0	1	0	45
chr6	98941658	98944618	2	2	1	100	0	36
chr6	125162102	125162211	2	2	1	216	4	37
chr6	128371086	128371967	1	1	1	1872	4	43
chr6	128371086	128372530	1	1	1	1	0	48
chr6	128371086	128372533	1	1	1	17	0	46
chr6	128372013	128372278	1	1	0	1	0	27
chr6	128372013	128372504	1	1	0	13	0	26
chr6	128372013	128372530	1	1	1	236	3	47
chr6	128372013	128372533	1	1	1	1610	2	46
chr6	128372013	128372536	1	1	0	2	0	43
chr6	128372018	128372530	1	1	0	3	0	49
chr6	128372018	128372533	1	1	0	14	0	46
chr6	128372306	128372533	1	1	0	1	0	27
chr7	67240441	67244520	2	2	1	109	0	24
chr7	67240441	67251656	2	2	1	940	2	48
chr7	67240443	67251659	1	1	0	1	0	41
chr7	67244545	67251656	2	2	1	109	0	24
chr7	101288340	102001612	1	3	0	5	0	12
chr7	102001660	102002294	1	1	1	901	2	42
chr7	102001660	102007485	1	1	1	551	0	43
chr7	102001665	102002300	1	1	0	0	1	36
chr7	102002310	102007485	1	1	0	1	0	15
chr7	102002337	102007485	1	1	1	905	2	42
chr7	112839481	112841887	1	1	1	2	0	41
chr7	112839481	112842039	1	1	1	73	0	41
chr7	112839481	112856052	1	1	1	2	0	12
chr7	112839481	112856797	1	1	1	6	0	41
chr7	112842103	112856052	1	1	1	72	0	12
chr7	112842103	112856797	1	1	1	2	0	37
chr7	112856065	112856797	1	1	1	75	0	14
chr7	127980247	127981190	1	1	1	1	0	2
chr7	127981292	127981410	1	1	1	2	0	6
chr8	25555775	25557730	1	1	1	2	0	37
chr8	95100448	95100646	2	2	0	4	0	27
chr8	95100453	95100646	2	2	1	543	0	27
chr8	95100453	95101408	2	2	0	128	0	44
chr8	95100674	95101408	2	2	1	547	0	42
chr8	123268550	123268744	2	2	1	167	0	46
chr9	43027296	43040539	2	2	1	74	0	39
chr9	43027296	43042590	2	2	1	122	0	46
chr9	43040597	43042590	2	2	1	73	0	45
chr9	80093642	80098885	1	1	1	4727	8	26
chr9	80093642	80098892	1	1	0	130	0	14
chr9	80093642	80103693	1	1	1	142	0	45
chr9	80098907	80099229	1	1	0	1	0	21
chr9	80098907	80103693	1	1	1	4858	8	24
chr9	80098907	80103698	1	1	0	2	0	21
chr9	80099337	80103693	1	1	0	1	0	37
chr9	114597607	114597794	2	2	1	278	0	38
chr9	114597607	114598704	2	2	0	12	0	40
chr9	114597825	114598704	2	2	0	3	0	30
chr9	114597831	114598704	2	2	1	273	0	36
chr11	79458907	79463232	1	1	1	7	0	42
chr11	79458907	79468716	1	1	1	119	0	44
chr11	79463296	79468716	1	1	1	7	0	38
chr11	94112147	94113262	1	1	1	44	0	21
chr11	94112147	94114172	1	1	1	236	0	32
chr11	94113302	94114172	1	1	1	45	0	39
chr11	102310577	102310925	2	2	1	27	0	42
chr11	102310577	102311360	2	2	0	1	0	42
chr11	102310577	102311379	2	2	1	539	1	45
chr11	102311037	102311379	2	2	1	26	0	45
chr12	71952560	71958746	1	1	1	52	0	27
chr12	71952560	71959805	1	1	1	19	0	43
chr12	71958774	71959805	1	1	1	52	0	27
chr12	83811361	83825258	2	2	1	40	0	37
chr12	83811361	83831921	2	2	1	235	1	41
chr12	83825292	83831921	2	2	1	39	0	33
chr12	104697145	104700364	2	2	1	1	0	39
chr12	113133338	113133495	1	1	0	72	8	44
chr12	113133338	113133540	1	1	1	1253	43	43
chr12	113133338	113135796	1	1	1	21	0	29
chr12	113133577	113134186	1	1	0	1	0	16
chr12	113133577	113134761	1	1	0	2	0	21
chr12	113133577	113134800	1	1	0	7	0	14
chr12	113133577	113135796	1	1	1	1290	51	29
chr12	113134231	113134800	1	1	0	1	0	12
chr12	113134813	113135796	1	1	0	9	0	29
chr13	46778990	46785245	2	2	0	1	0	44
chr13	46778994	46780625	2	2	1	303	0	42
chr13	46778994	46785245	2	2	1	2038	1	46
chr13	46780665	46785245	2	2	1	302	0	39
chr13	56084286	56089757	2	2	1	21	0	40
chr13	56084286	56096123	2	2	0	1	0	40
chr13	56089858	56096123	2	2	1	22	0	38
chr14	57643224	57643334	2	2	1	3	0	39
chr14	57643224	57648418	2	2	1	87	0	40
chr14	57643490	57648418	2	2	1	3	0	38
chr14	120389164	120395711	1	1	1	161	0	38
chr14	120389164	120396450	1	1	1	271	0	48
chr14	120395766	120396450	1	1	1	167	0	48
chr15	77102940	77104709	2	2	0	1	0	40
chr15	77102940	77105576	2	2	1	135	0	42
chr15	77102940	77113604	2	2	1	7	0	44
chr15	77104781	77113604	2	2	0	1	0	44
chr15	77105670	77113604	2	2	1	133	0	48
chr15	103242719	103243624	1	1	1	1	1	43
chr16	57178021	57181491	2	2	1	205	0	43
chr16	57178021	57182850	2	2	1	134	0	43
chr16	57178054	57182850	2	2	0	1	0	33
chr16	57181537	57182850	2	2	1	203	0	33
chr16	84831508	84834808	2	2	1	1	0	26
chr17	12979205	13846588	1	1	0	31	0	12
chr17	13846613	13848354	1	1	0	3	0	21
chr17	13846640	13848354	1	1	1	2940	5	24
chr17	13846640	13848361	1	1	0	3	0	14
chr17	13846640	13849107	1	1	1	4247	5	45
chr17	13846640	13849113	1	1	0	14	0	47
chr17	13848376	13849107	1	1	1	2946	5	26
chr17	13848376	13849113	1	1	0	2	0	21
chr17	45570567	45570665	2	2	1	251	2	37
chr17	45570800	45571017	2	2	1	256	0	21
chr18	10726534	10740982	1	1	1	1	0	20
chr18	53948155	53948644	1	1	1	7298	6	30
chr18	53948155	53948651	1	1	0	2	0	17
chr18	53948155	53953244	1	1	1	1512	1	43
chr18	53948155	53953268	1	1	0	1	0	40
chr18	53948666	53953244	1	1	0	2	0	21
chr18	53948669	53953244	1	1	1	7294	6	37
chr18	53948669	53953268	1	1	0	2	0	24
chr19	7281256	7281797	2	4	1	132	0	39
chr19	7281256	7282725	2	2	1	995	0	36
chr19	7281960	7282725	2	2	1	140	0	35
chrX	159414893	159443922	1	1	1	1	0	9
