chr1	34295537	34296741	1	1	1	190	0	18
chr1	34295537	34299720	1	1	1	23	0	38
chr1	34296760	34299720	1	1	1	190	0	19
chr1	40010678	40011649	1	1	1	176	0	28
chr1	40010678	40011811	1	1	0	3	0	21
chr1	40010678	40014105	1	1	1	53	1	32
chr1	40011842	40014105	1	1	1	172	0	38
chr1	82735508	82741817	1	1	1	2	0	40
chr1	82735508	82741934	1	1	0	1	0	40
chr1	82735508	82750519	1	1	1	101	0	41
chr1	82741977	82750519	1	1	1	1	0	39
chr2	25272678	25272914	1	1	1	1	0	25
chr2	32292216	32293314	1	1	1	30	0	43
chr2	32292216	32296625	1	1	1	129	0	43
chr2	32293396	32296625	1	1	1	31	0	38
chr2	59926161	59932104	2	2	1	3	0	20
chr2	59932171	59933405	2	2	0	136	0	37
chr2	59932171	59933411	2	2	1	839	0	31
chr2	59932171	59933670	2	2	1	4	0	39
chr2	59933439	59933670	2	2	1	958	0	32
chr2	71849507	71853533	1	1	1	1224	0	42
chr2	71849507	71853875	1	1	0	1	0	15
chr2	71849507	71855853	1	1	1	3113	4	46
chr2	71853664	71855853	1	1	1	1305	0	42
chr2	71853891	71855853	1	1	0	1	0	15
chr2	75662926	75663570	1	1	1	4	0	40
chr2	91001089	91001461	1	1	1	925	0	34
chr2	91001089	91003299	1	1	0	6	0	33
chr2	91001511	91003210	1	1	1	915	0	25
chr2	91003238	91003810	1	1	0	2	0	27
chr2	91003346	91003810	1	1	1	21	0	36
chr2	91159300	91162027	2	2	0	1	0	41
chr2	91159306	91160316	2	2	1	353	1	47
chr2	91159306	91162027	2	2	1	668	2	47
chr2	91160371	91162027	2	2	1	351	1	39
chr2	91681696	91682025	2	2	1	1	0	50
chr2	91681696	91684668	2	2	1	363	0	50
chr2	91682137	91684668	2	2	1	1	0	38
chr2	119692227	119701117	1	1	1	1	0	37
chr2	153670448	153672215	1	1	1	6	0	50
chr2	165787248	165791904	2	2	1	1	0	42
chr3	60422418	60613472	1	1	0	0	4	15
chr3	60613521	60614682	1	1	1	1563	5	45
chr3	60613521	60614688	1	1	0	1	0	38
chr3	60613521	60615619	1	1	1	1851	3	46
chr3	60614737	60615619	1	1	1	1578	6	44
chr3	87733505	87734423	1	1	1	26	0	40
chr3	87733505	87735344	1	1	0	9	0	39
chr3	87734553	87735344	1	1	1	26	0	37
chr3	88483947	88484046	2	2	1	583	1	41
chr3	88483947	88484055	2	2	0	1	0	37
chr3	88484155	88484614	2	2	1	571	1	42
chr3	119724187	119724611	2	2	1	10232	7	34
chr3	119724187	119726065	2	2	1	16	0	29
chr3	119724646	119726065	2	2	1	10468	7	38
chr3	119726116	120643502	2	2	0	6	0	13
chr4	31992517	31994873	1	1	1	401	2	40
chr4	31992517	32002088	1	1	1	5753	12	49
chr4	31994955	32002088	1	1	1	401	1	49
chr4	107009769	107027216	1	1	1	19	0	42
chr4	107009769	107028192	1	1	1	140	0	44
chr4	107027298	107028192	1	1	1	23	0	41
chr5	13042670	13661475	1	1	0	6	0	13
chr5	23565266	23568151	2	2	0	1	0	37
chr5	23565266	23616326	2	2	1	1088	1	46
chr5	23568264	23616326	2	2	0	1	0	45
chr5	23615795	23616326	2	2	0	1	0	45
chr5	28493655	28539334	2	2	0	0	1	13
chr5	72958287	72965803	1	1	1	3	0	40
chr5	72958287	72974530	1	1	1	102	0	42
chr5	72965882	72974530	1	1	1	3	0	41
chr5	116482537	116591333	2	2	1	1187	8	50
chr5	149184807	149185484	1	1	1	1	0	43
chr5	149184807	149187707	1	1	1	27	0	43
chr5	149184807	149188344	1	1	1	1122	4	45
chr5	149185662	149188344	1	1	0	1	0	39
chr5	149187835	149188344	1	1	1	2	0	39
chr5	149187864	149188344	1	1	0	1	0	39
chr5	149187877	149188344	1	1	1	23	0	39
chr5	149188474	149193839	1	1	1	1	0	25
chr6	98939789	98940994	2	2	1	1	0	45
chr6	98939789	98941535	2	2	1	257	1	46
chr6	98939789	98944618	2	2	0	7	1	45
chr6	98941165	98944618	2	2	0	1	0	36
chr6	98941658	98944618	2	2	1	255	1	47
chr6	125162102	125162211	2	2	1	605	16	36
chr6	128371086	128371709	1	1	0	1	0	39
chr6	128371086	128371967	1	1	1	5091	6	45
chr6	128371086	128372530	1	1	1	1	0	49
chr6	128371086	128372533	1	1	1	5	0	46
chr6	128372013	128372504	1	1	0	20	0	26
chr6	128372013	128372509	1	1	0	7	0	31
chr6	128372013	128372530	1	1	1	654	2	49
chr6	128372013	128372533	1	1	1	4378	5	46
chr6	128372013	128372536	1	1	0	5	0	43
chr6	128372013	128372539	1	1	0	3	0	40
chr6	128372018	128372509	1	1	0	1	0	31
chr6	128372018	128372530	1	1	0	5	1	49
chr6	128372018	128372533	1	1	0	41	0	46
chr6	128372018	128372536	1	1	0	1	0	43
chr7	25724845	25725923	2	2	1	1	0	37
chr7	67240441	67244520	2	2	1	242	0	24
chr7	67240441	67251656	2	2	1	1849	0	47
chr7	67244545	67251656	2	2	1	242	0	24
chr7	101474369	102001612	1	1	0	4	0	12
chr7	102001660	102002294	1	1	1	2604	5	43
chr7	102001660	102007485	1	1	1	737	0	43
chr7	102001665	102002300	1	1	0	1	1	36
chr7	102002337	102007485	1	1	1	2623	5	42
chr7	112839481	112841887	1	1	1	10	0	41
chr7	112839481	112842039	1	1	1	221	0	41
chr7	112839481	112856052	1	1	1	11	0	12
chr7	112839481	112856797	1	1	1	18	0	41
chr7	112841951	112856052	1	1	1	2	0	12
chr7	112842103	112856052	1	1	1	221	0	12
chr7	112842103	112856797	1	1	1	6	0	37
chr7	112856065	112856797	1	1	1	238	0	17
chr7	127972771	127975887	1	1	1	0	1	1
chr7	127980247	127981190	1	1	1	12	0	22
chr7	127981292	127981410	1	1	1	10	0	28
chr8	25532429	25555507	1	1	1	1	0	44
chr8	25532429	25557730	1	1	1	7	0	44
chr8	25555775	25557730	1	1	1	2	0	37
chr8	47528031	47529328	2	2	1	2	0	4
chr8	95100448	95100646	2	2	0	3	0	27
chr8	95100453	95100646	2	2	1	1452	2	31
chr8	95100453	95101408	2	2	0	234	0	46
chr8	95100674	95101408	2	2	1	1455	2	42
chr8	123268550	123268744	2	2	1	345	1	49
chr9	43027296	43040539	2	2	1	245	0	38
chr9	43027296	43042590	2	2	1	232	0	46
chr9	43040593	43042590	2	2	0	1	0	43
chr9	43040597	43042590	2	2	1	243	0	46
chr9	44697843	44697925	2	2	1	1	0	32
chr9	80093642	80094508	1	1	0	2	0	44
chr9	80093642	80098847	1	1	0	3	0	44
chr9	80093642	80098885	1	1	1	10766	10	31
chr9	80093642	80098892	1	1	0	278	1	23
chr9	80093642	80103693	1	1	1	327	2	45
chr9	80093656	80103693	1	1	0	0	1	37
chr9	80094574	80098885	1	1	0	2	0	16
chr9	80098907	80099016	1	1	0	1	0	21
chr9	80098907	80101831	1	1	0	1	0	21
chr9	80098907	80103693	1	1	1	11055	11	37
chr9	80098907	80103698	1	1	0	1	0	21
chr9	80099049	80103693	1	1	0	1	0	37
chr9	80101891	80103693	1	1	0	1	0	37
chr9	114597607	114597794	2	2	1	583	0	38
chr9	114597607	114598704	2	2	0	40	0	42
chr9	114597825	114598704	2	2	0	2	0	30
chr9	114597831	114598704	2	2	1	579	0	38
chr11	78233684	78245547	2	2	1	1	0	36
chr11	79458907	79463232	1	1	1	20	0	42
chr11	79458907	79468716	1	1	1	263	0	44
chr11	79463296	79468716	1	1	1	20	0	39
chr11	94112147	94113262	1	1	1	191	0	21
chr11	94112147	94114172	1	1	1	520	0	32
chr11	94113302	94114172	1	1	1	199	0	39
chr11	102310553	102311379	2	2	0	1	0	35
chr11	102310577	102310925	2	2	1	105	0	44
chr11	102310577	102311379	2	2	1	1454	2	46
chr11	102311037	102311379	2	2	1	103	0	45
chr12	71952560	71958746	1	1	1	87	0	27
chr12	71952560	71959805	1	1	1	85	0	43
chr12	71958774	71959805	1	1	1	87	0	27
chr12	83811361	83811669	2	2	0	1	0	37
chr12	83811361	83825258	2	2	1	78	1	33
chr12	83811361	83831921	2	2	1	716	0	41
chr12	83825292	83831921	2	2	1	78	1	35
chr12	83825334	83831921	2	2	0	1	0	38
chr12	113133338	113133495	1	1	0	171	8	45
chr12	113133338	113133540	1	1	1	2460	72	43
chr12	113133338	113135796	1	1	1	14	0	29
chr12	113133577	113134186	1	1	0	1	0	28
chr12	113133577	113134761	1	1	0	1	0	21
chr12	113133577	113134800	1	1	0	13	0	12
chr12	113133577	113135796	1	1	1	2547	80	29
chr12	113134231	113135796	1	1	0	1	0	29
chr12	113134813	113135796	1	1	0	15	0	29
chr13	46778994	46780545	2	2	0	4	0	40
chr13	46778994	46780625	2	2	1	1281	4	43
chr13	46778994	46785245	2	2	1	3817	8	48
chr13	46780665	46785245	2	2	1	1286	4	39
chr13	56084286	56089757	2	2	1	81	0	40
chr13	56089858	56096123	2	2	1	84	0	43
chr14	31257768	31257880	1	1	1	2	0	45
chr14	57643224	57643334	2	2	1	2	0	39
chr14	57643224	57648418	2	2	1	191	0	47
chr14	57643490	57648418	2	2	1	2	0	38
chr14	120389164	120395711	1	1	1	307	0	39
chr14	120389164	120396450	1	1	1	847	2	48
chr14	120395766	120396450	1	1	1	323	0	48
chr15	58126151	58126548	2	2	1	1	0	7
chr15	58126715	58128208	2	2	1	1	0	35
chr15	77102940	77105576	2	2	1	348	1	44
chr15	77102940	77113604	2	2	1	28	0	48
chr15	77105670	77113604	2	2	1	351	1	48
chr16	57178021	57181491	2	2	1	401	0	44
chr16	57178021	57182850	2	2	1	184	1	44
chr16	57181507	57182850	2	2	0	1	0	15
chr16	57181537	57182850	2	2	1	398	0	34
chr17	12979205	13846588	1	1	0	63	0	12
chr17	13846613	13848354	1	1	0	5	0	21
chr17	13846640	13848354	1	1	1	7176	11	24
chr17	13846640	13849107	1	1	1	5846	11	47
chr17	13846640	13849113	1	1	0	12	0	47
chr17	13848376	13849107	1	1	1	7164	11	41
chr17	13848376	13849113	1	1	0	13	0	21
chr17	45570567	45570665	2	2	1	501	1	44
chr17	45570800	45571017	2	2	1	594	1	21
chr18	53948155	53948381	1	1	0	1	0	39
chr18	53948155	53948644	1	1	1	17201	19	28
chr18	53948155	53953244	1	1	1	2581	2	45
chr18	53948167	53953244	1	1	0	1	0	37
chr18	53948447	53948644	1	1	0	1	0	13
chr18	53948666	53953244	1	1	0	6	0	21
chr18	53948669	53949213	1	1	0	1	0	15
chr18	53948669	53953244	1	1	1	17184	19	37
chr18	53948669	53953268	1	1	0	2	0	24
chr18	53949263	53953244	1	1	0	1	0	37
chr19	7281251	7282725	2	2	0	1	0	26
chr19	7281256	7281797	2	4	1	232	0	40
chr19	7281256	7282725	2	2	1	1791	0	36
chr19	7281960	7282725	2	2	1	246	0	27
