chr1	34295537	34296741	1	1	1	111	0	18
chr1	34295537	34299720	1	1	1	23	0	43
chr1	34296760	34299720	1	1	1	111	0	19
chr1	40010678	40011629	1	1	0	1	0	21
chr1	40010678	40011649	1	1	1	166	0	26
chr1	40010678	40011811	1	1	0	3	0	21
chr1	40010678	40014105	1	1	1	33	1	32
chr1	40011842	40014105	1	1	1	165	0	38
chr1	55088413	55089050	1	1	1	1	0	14
chr1	55089216	55090712	1	1	1	1	0	25
chr1	82735508	82741817	1	1	1	1	0	40
chr1	82735508	82741934	1	1	0	1	0	40
chr1	82735508	82747082	1	1	1	2	0	40
chr1	82735508	82750519	1	1	1	86	0	42
chr1	82741977	82750519	1	1	1	2	0	38
chr1	82747143	82750519	1	1	1	2	0	38
chr1	125405989	125407291	2	2	1	1	0	7
chr2	32292216	32293314	1	1	1	43	0	47
chr2	32292216	32296625	1	1	1	115	0	43
chr2	32293396	32296625	1	1	1	43	0	38
chr2	59926161	59932104	2	2	1	1	0	23
chr2	59932171	59933405	2	2	0	101	0	33
chr2	59932171	59933411	2	2	1	588	0	31
chr2	59932171	59933670	2	2	1	1	0	33
chr2	59933439	59933670	2	2	1	674	0	28
chr2	71849507	71853533	1	1	1	892	1	42
chr2	71849507	71853875	1	1	0	1	0	15
chr2	71849507	71853890	1	1	0	1	0	39
chr2	71849507	71855853	1	1	1	2589	7	44
chr2	71853664	71855853	1	1	1	958	1	42
chr2	71853891	71855853	1	1	0	1	0	15
chr2	71853948	71855853	1	1	0	1	0	40
chr2	75662926	75663570	1	1	1	6	1	39
chr2	91001089	91001461	1	1	1	738	1	34
chr2	91001511	91003210	1	1	1	719	1	25
chr2	91003238	91003810	1	1	0	1	0	27
chr2	91003346	91003810	1	1	1	29	0	36
chr2	91159306	91160316	2	2	1	267	0	47
chr2	91159306	91162027	2	2	1	570	0	47
chr2	91160371	91162027	2	2	1	266	0	38
chr2	91681696	91682025	2	2	1	1	0	50
chr2	91681696	91684668	2	2	1	285	0	50
chr2	91682110	91684668	2	2	0	1	0	38
chr2	153670448	153672215	1	1	1	5	1	50
chr2	153672336	153672495	1	1	1	1	0	17
chr2	153713625	153714954	1	1	1	0	1	50
chr3	60422418	60613472	1	1	0	0	5	15
chr3	60613521	60614682	1	1	1	1338	2	46
chr3	60613521	60615619	1	1	1	1300	7	45
chr3	60614737	60615619	1	1	1	1335	2	41
chr3	87733505	87734423	1	1	1	22	0	40
chr3	87733505	87735344	1	1	0	6	0	39
chr3	87734553	87735344	1	1	1	22	0	37
chr3	88483947	88484046	2	2	1	496	1	40
chr3	88484155	88484614	2	2	1	491	1	41
chr3	108257306	108261685	1	1	1	1	0	5
chr3	119724187	119724611	2	2	1	6601	5	34
chr3	119724187	119726065	2	2	1	20	0	29
chr3	119724646	119726065	2	2	1	6753	5	38
chr3	119726116	119820407	2	2	0	2	0	13
chr3	129825617	129826823	2	2	1	5	0	36
chr4	31992517	31994873	1	1	1	348	0	39
chr4	31992517	32002088	1	1	1	3966	6	49
chr4	31994955	32002088	1	1	1	352	0	49
chr4	107009769	107027216	1	1	1	11	0	38
chr4	107009769	107028192	1	1	1	129	0	42
chr4	107009769	107028217	1	1	0	1	0	35
chr4	107027298	107028192	1	1	1	18	0	41
chr5	13042670	13661475	1	1	0	7	0	13
chr5	23565266	23567263	2	2	0	1	0	37
chr5	23565266	23616326	2	2	1	783	0	49
chr5	23567323	23616326	2	2	0	1	0	45
chr5	72958287	72965803	1	1	1	3	0	37
chr5	72958287	72974530	1	1	1	100	1	41
chr5	72965882	72974530	1	1	1	3	0	41
chr5	116477146	116482389	2	2	1	1	0	33
chr5	116482532	116591333	2	2	0	3	0	45
chr5	116482537	116591333	2	2	1	919	8	50
chr5	125441893	125451669	1	1	1	1	0	12
chr5	149184807	149187707	1	1	1	30	0	43
chr5	149184807	149188344	1	1	1	642	1	45
chr5	149187806	149188344	1	1	0	1	0	39
chr5	149187835	149188344	1	1	1	2	0	39
chr5	149187864	149188344	1	1	0	3	0	39
chr5	149187877	149188344	1	1	1	24	0	39
chr6	47577668	47594893	2	2	1	2	0	32
chr6	98939789	98941535	2	2	1	232	1	46
chr6	98939789	98944618	2	2	0	26	0	45
chr6	98941658	98944618	2	2	1	231	1	47
chr6	125162102	125162211	2	2	1	566	17	36
chr6	128371086	128371967	1	1	1	4068	3	44
chr6	128371086	128371980	1	1	0	1	0	32
chr6	128371086	128372533	1	1	1	12	0	46
chr6	128372013	128372504	1	1	0	28	0	27
chr6	128372013	128372509	1	1	0	9	0	31
chr6	128372013	128372530	1	1	1	467	1	49
chr6	128372013	128372533	1	1	1	3514	2	46
chr6	128372013	128372536	1	1	0	3	0	43
chr6	128372018	128372530	1	1	0	7	0	49
chr6	128372018	128372533	1	1	0	38	0	46
chr6	128372018	128372539	1	1	0	1	0	40
chr7	67240441	67244520	2	2	1	193	0	24
chr7	67240441	67251656	2	2	1	1495	0	45
chr7	67244545	67251656	2	2	1	194	0	24
chr7	101973352	102001612	1	1	0	1	0	12
chr7	102001660	102002294	1	1	1	1929	1	43
chr7	102001660	102007485	1	1	1	597	0	44
chr7	102001665	102002300	1	1	0	1	1	36
chr7	102002337	102007485	1	1	1	1952	1	42
chr7	112839481	112841887	1	1	1	5	0	41
chr7	112839481	112842039	1	1	1	162	0	49
chr7	112839481	112856052	1	1	1	1	0	12
chr7	112839481	112856797	1	1	1	12	0	41
chr7	112841951	112856052	1	1	1	1	0	12
chr7	112842103	112856052	1	1	1	160	0	12
chr7	112842103	112856797	1	1	1	4	0	37
chr7	112856065	112856797	1	1	1	164	0	14
chr7	112856065	112856803	1	1	0	1	0	12
chr7	127980247	127981190	1	1	1	8	0	5
chr7	127981292	127981410	1	1	1	8	0	6
chr8	25532429	25557730	1	1	1	7	0	44
chr8	25555775	25557730	1	1	1	2	0	37
chr8	71484882	71484999	2	2	1	1	0	4
chr8	91688606	91932332	1	1	0	4	0	13
chr8	95100453	95100646	2	2	1	841	0	32
chr8	95100453	95101408	2	2	0	119	0	46
chr8	95100674	95101408	2	2	1	841	0	42
chr8	123268550	123268744	2	2	1	290	0	47
chr9	43027296	43040539	2	2	1	125	0	40
chr9	43027296	43042590	2	2	1	149	0	45
chr9	43040597	43042590	2	2	1	124	0	46
chr9	59467865	59485978	2	2	0	1	0	46
chr9	80093642	80098885	1	1	1	8163	5	27
chr9	80093642	80098892	1	1	0	210	0	19
chr9	80093642	80103693	1	1	1	303	0	45
chr9	80098907	80099016	1	1	0	4	0	21
chr9	80098907	80103693	1	1	1	8374	5	24
chr9	80098907	80103698	1	1	0	3	0	21
chr9	80099049	80103693	1	1	0	4	0	37
chr9	114597607	114597794	2	2	1	521	0	38
chr9	114597607	114598704	2	2	0	14	0	40
chr9	114597825	114598704	2	2	0	4	0	30
chr9	114597831	114598704	2	2	1	517	0	38
chr11	26778879	26787397	2	2	0	0	1	13
chr11	79458907	79463232	1	1	1	16	0	43
chr11	79458907	79468716	1	1	1	262	0	42
chr11	79463296	79468716	1	1	1	15	0	38
chr11	94112147	94113262	1	1	1	101	0	21
chr11	94112147	94114172	1	1	1	480	0	32
chr11	94113302	94114172	1	1	1	107	0	39
chr11	102310577	102310925	2	2	1	69	0	42
chr11	102310577	102311379	2	2	1	1070	0	45
chr11	102311037	102311379	2	2	1	67	0	45
chr12	71952560	71958746	1	1	1	94	0	27
chr12	71952560	71959805	1	1	1	79	0	43
chr12	71958774	71959805	1	1	1	94	0	29
chr12	83811361	83825258	2	2	1	34	0	33
chr12	83811361	83831921	2	2	1	559	0	41
chr12	83825292	83831921	2	2	1	34	0	33
chr12	113133338	113133495	1	1	0	133	16	44
chr12	113133338	113133540	1	1	1	1929	61	43
chr12	113133338	113135796	1	1	1	10	0	29
chr12	113133349	113133534	2	2	0	0	1	31
chr12	113133577	113134800	1	1	0	11	0	14
chr12	113133577	113135796	1	1	1	1997	77	29
chr12	113134813	113135796	1	1	0	10	0	12
chr13	46778994	46780625	2	2	1	675	1	43
chr13	46778994	46785245	2	2	1	2849	4	47
chr13	46780665	46785245	2	2	1	675	1	39
chr13	56084286	56089757	2	2	1	76	0	42
chr13	56089858	56096123	2	2	1	77	1	41
chr14	57643224	57643334	2	2	1	2	0	39
chr14	57643224	57648418	2	2	1	149	0	41
chr14	57643490	57648418	2	2	1	2	0	38
chr14	120389164	120395711	1	1	1	295	1	39
chr14	120389164	120395717	1	1	0	1	0	38
chr14	120389164	120396450	1	1	1	585	3	48
chr14	120395766	120396450	1	1	1	308	1	48
chr15	77102940	77105576	2	2	1	270	0	44
chr15	77102940	77113604	2	2	1	8	0	48
chr15	77105670	77113604	2	2	1	271	0	48
chr15	103242719	103243624	1	1	1	1	0	43
chr16	57178021	57181491	2	2	1	534	1	45
chr16	57178021	57182850	2	2	1	144	0	43
chr16	57181507	57182850	2	2	0	3	0	15
chr16	57181537	57182850	2	2	1	527	1	37
chr16	84831508	84834808	2	2	1	1	0	44
chr17	12979205	13846588	1	1	0	34	2	12
chr17	13846613	13848354	1	1	0	4	0	21
chr17	13846640	13848306	1	1	0	1	0	38
chr17	13846640	13848354	1	1	1	4896	7	24
chr17	13846640	13849107	1	1	1	5079	15	44
chr17	13846640	13849113	1	1	0	46	0	47
chr17	13846644	13848358	1	1	0	1	0	17
chr17	13848376	13849107	1	1	1	4884	7	41
chr17	13848376	13849113	1	1	0	15	0	21
chr17	45570567	45570665	2	2	1	567	3	44
chr17	45570800	45571017	2	2	1	619	2	24
chr18	10726534	10740982	1	1	1	1	0	17
chr18	53948155	53948644	1	1	1	12989	12	29
chr18	53948155	53953244	1	1	1	2365	3	43
chr18	53948666	53953244	1	1	0	14	0	21
chr18	53948669	53949681	1	1	0	1	0	15
chr18	53948669	53953244	1	1	1	12960	11	37
chr18	53949705	53953244	1	1	0	1	0	23
chr18	64512050	64515325	2	2	1	1	0	16
chr18	64515409	64516415	2	2	1	1	0	30
chr19	7281251	7282725	2	2	0	1	0	26
chr19	7281256	7281797	2	4	1	215	0	39
chr19	7281256	7282725	2	2	1	1163	0	36
chr19	7281960	7282725	2	2	1	225	0	35
chrX	73952667	73952825	2	2	1	1	0	10
chrX	159414893	159443922	1	1	1	1	0	35
