chr1	34295537	34296741	1	1	1	65	0	18
chr1	34295537	34299720	1	1	1	224	1	40
chr1	34296760	34299720	1	1	1	65	0	19
chr1	40010678	40011649	1	1	1	37	0	26
chr1	40010678	40014105	1	1	1	81	0	32
chr1	40011842	40014105	1	1	1	35	0	38
chr1	82735508	82747082	1	1	1	2	0	40
chr1	82735508	82750519	1	1	1	49	0	40
chr1	82747143	82750519	1	1	1	2	0	38
chr2	32292216	32296625	1	1	1	88	0	43
chr2	59932171	59933405	2	2	0	13	0	33
chr2	59932171	59933411	2	2	1	93	0	31
chr2	59932171	59933670	2	2	1	14	0	39
chr2	59933439	59933670	2	2	1	104	0	28
chr2	71849507	71853533	1	1	1	51	0	39
chr2	71849507	71855853	1	1	1	1641	2	42
chr2	71853664	71855853	1	1	1	52	0	41
chr2	75662926	75663570	1	1	1	10	2	40
chr2	91001089	91001461	1	1	1	463	0	34
chr2	91001089	91003299	1	1	0	1	0	33
chr2	91001511	91003210	1	1	1	455	0	21
chr2	91003346	91003810	1	1	1	18	0	36
chr2	91159300	91162027	2	2	0	2	0	41
chr2	91159306	91160316	2	2	1	7	0	47
chr2	91159306	91162027	2	2	1	164	1	47
chr2	91160371	91162027	2	2	1	7	0	39
chr2	91681696	91682025	2	2	1	1	0	50
chr2	91681696	91684668	2	2	1	901	1	50
chr2	91682137	91684668	2	2	1	1	0	38
chr2	153670448	153670848	1	1	1	39	0	43
chr2	153670866	153672215	1	1	0	1	0	17
chr2	153670909	153672215	1	1	1	38	0	50
chr2	168752741	168754433	2	2	1	14305	16	46
chr3	60613521	60614682	1	1	1	124	0	44
chr3	60613521	60615619	1	1	1	54	0	44
chr3	60614737	60615619	1	1	1	123	0	38
chr3	78904652	78918022	2	2	0	1	0	12
chr3	87733505	87734423	1	1	1	1	0	39
chr3	87733505	87735344	1	1	0	169	0	40
chr3	87734553	87735344	1	1	1	1	0	37
chr3	88483947	88484046	2	2	1	124	0	38
chr3	88484155	88484614	2	2	1	124	0	39
chr3	119724187	119724611	2	2	1	1379	1	34
chr3	119724187	119726065	2	2	1	8	0	29
chr3	119724646	119726065	2	2	1	1404	1	38
chr3	129825617	129826823	2	2	1	2	0	36
chr4	31992517	31994873	1	1	1	1543	0	40
chr4	31992517	32002088	1	1	1	1012	3	49
chr4	31994955	32002088	1	1	1	1548	0	49
chr4	107009769	107027216	1	1	1	67	0	38
chr4	107009769	107028192	1	1	1	281	0	42
chr4	107027298	107028192	1	1	1	74	0	41
chr4	107031092	107036935	1	1	1	1	0	29
chr4	139473637	139476130	1	1	1	1	0	8
chr5	23565266	23616326	2	2	1	188	0	46
chr5	72958287	72965803	1	1	1	2	0	37
chr5	72958287	72974530	1	1	1	43	0	41
chr5	72965882	72974530	1	1	1	2	0	41
chr5	116482537	116591333	2	2	1	6	0	50
chr5	122284910	122308130	1	1	1	1	0	46
chr5	149184807	149185484	1	1	1	1	0	44
chr5	149184807	149187707	1	1	1	37	0	43
chr5	149184807	149188344	1	1	1	229	1	44
chr5	149185662	149188344	1	1	0	1	0	39
chr5	149187835	149188344	1	1	1	3	0	39
chr5	149187877	149188344	1	1	1	35	0	39
chr6	72634233	72648800	2	2	1	3948	4	42
chr6	72634233	72649119	2	2	1	7100	6	50
chr6	72648843	72649119	2	2	1	3918	4	42
chr6	98939789	98940994	2	2	1	5	0	45
chr6	98939789	98941535	2	2	1	76	0	46
chr6	98939789	98944618	2	2	0	3	0	45
chr6	98941165	98944618	2	2	0	5	0	36
chr6	98941658	98944618	2	2	1	76	0	36
chr6	125162102	125162211	2	2	1	613	23	37
chr6	128371086	128371967	1	1	1	1786	2	41
chr6	128371086	128372509	1	1	0	3	0	39
chr6	128371086	128372530	1	1	1	64	0	49
chr6	128371086	128372533	1	1	1	541	0	46
chr6	128372013	128372504	1	1	0	1	0	26
chr6	128372013	128372509	1	1	0	1	0	31
chr6	128372013	128372530	1	1	1	212	0	47
chr6	128372013	128372533	1	1	1	1549	2	46
chr6	128372013	128372536	1	1	0	1	0	43
chr6	128372018	128372530	1	1	0	2	0	49
chr6	128372018	128372533	1	1	0	19	0	46
chr7	30192593	30192866	2	2	1	1	0	32
chr7	30192901	30193877	2	2	1	1	0	25
chr7	67240441	67244520	2	2	1	2	0	24
chr7	67240441	67251656	2	2	1	547	1	45
chr7	67244545	67251656	2	2	1	2	0	24
chr7	101405603	102001614	1	1	0	5	0	13
chr7	102001660	102002294	1	1	1	290	0	42
chr7	102001660	102007485	1	1	1	3547	3	48
chr7	102002337	102007485	1	1	1	293	0	42
chr7	112839481	112841887	1	1	1	10	1	41
chr7	112839481	112842039	1	1	1	150	1	49
chr7	112839481	112856052	1	1	1	5	0	12
chr7	112839481	112856797	1	1	1	39	0	41
chr7	112841906	112842057	1	1	0	0	1	18
chr7	112841951	112856052	1	1	1	5	0	12
chr7	112841951	112856797	1	1	0	5	0	37
chr7	112842103	112856052	1	1	1	18	0	12
chr7	112842103	112856776	1	1	0	1	0	16
chr7	112842103	112856797	1	1	1	134	1	45
chr7	112856065	112856797	1	1	1	28	0	12
chr7	127972305	127972553	1	1	1	1	0	22
chr7	127980247	127981190	1	1	1	14	0	30
chr7	127981292	127981410	1	1	1	12	0	6
chr7	144861833	144862231	1	1	1	1512	2	36
chr7	144861837	144862231	1	1	0	2	0	32
chr7	144862267	144862764	1	1	0	5	0	35
chr7	144862336	144862764	1	1	1	1503	2	44
chr8	25532429	25555507	1	1	1	2	0	44
chr8	25532429	25557730	1	1	1	5	0	44
chr8	25555775	25557730	1	1	1	3	0	37
chr8	95100453	95100646	2	2	1	552	1	31
chr8	95100453	95101408	2	2	0	729	0	46
chr8	95100674	95101408	2	2	1	552	1	44
chr8	123268550	123268744	2	2	1	121	0	46
chr9	43027296	43040539	2	2	1	18	0	38
chr9	43027296	43042590	2	2	1	210	1	46
chr9	43040597	43042590	2	2	1	18	0	45
chr9	80093642	80098885	1	1	1	1410	4	26
chr9	80093642	80098892	1	1	0	12	0	14
chr9	80093642	80103693	1	1	1	7268	3	47
chr9	80098907	80103693	1	1	1	1420	4	23
chr9	114597607	114597794	2	2	1	318	0	38
chr9	114597607	114598704	2	2	0	284	0	43
chr9	114597825	114598704	2	2	0	2	0	30
chr9	114597831	114598704	2	2	1	316	0	36
chr11	79458907	79463232	1	1	1	26	0	42
chr11	79458907	79468716	1	1	1	62	0	42
chr11	79463296	79468716	1	1	1	26	0	40
chr11	94112147	94113262	1	1	1	35	0	21
chr11	94112147	94114172	1	1	1	211	0	32
chr11	94113302	94114172	1	1	1	35	0	39
chr11	102310577	102310925	2	2	1	96	0	42
chr11	102310577	102311379	2	2	1	321	0	45
chr11	102311037	102311379	2	2	1	95	0	45
chr12	71952560	71959805	1	1	1	201	0	44
chr12	83811361	83825258	2	2	1	169	0	33
chr12	83811361	83831921	2	2	1	200	0	41
chr12	83825292	83831921	2	2	1	169	0	33
chr12	113133338	113133495	1	1	0	23	0	42
chr12	113133338	113133540	1	1	1	431	2	43
chr12	113133338	113135796	1	1	1	1007	0	32
chr12	113133577	113135796	1	1	1	426	2	29
chr12	113135829	113136280	1	1	1	1	0	10
chr13	46778994	46780625	2	2	1	686	1	41
chr13	46778994	46785245	2	2	1	2593	3	47
chr13	46780665	46785245	2	2	1	688	1	39
chr13	56084286	56089757	2	2	1	19	0	41
chr13	56089858	56096123	2	2	1	19	0	38
chr14	57643224	57643334	2	2	1	2	0	39
chr14	57643224	57648418	2	2	1	153	0	47
chr14	57643490	57648418	2	2	1	2	0	38
chr14	120389164	120395711	1	1	1	370	0	38
chr14	120389164	120395717	1	1	0	1	0	38
chr14	120389164	120396450	1	1	1	124	1	48
chr14	120395766	120396450	1	1	1	389	0	48
chr15	77102940	77105576	2	2	1	141	0	41
chr15	77102940	77113604	2	2	1	9	0	44
chr15	77105670	77113604	2	2	1	142	0	48
chr16	57178021	57181491	2	2	1	47	0	43
chr16	57178021	57182850	2	2	1	1267	2	44
chr16	57181537	57182850	2	2	1	47	0	33
chr16	94686604	94691580	1	1	1	2	0	45
chr17	12979205	13846588	1	1	0	28	1	12
chr17	13846640	13848354	1	1	1	666	0	22
chr17	13846640	13849107	1	1	1	11803	16	50
chr17	13846640	13849113	1	1	0	63	0	48
chr17	13848376	13849107	1	1	1	668	0	26
chr17	45570444	45570713	2	2	0	1	0	17
chr17	45570567	45570665	2	2	1	677	1	42
chr17	45570800	45571017	2	2	1	730	1	21
chr17	46590452	46590758	2	2	1	3	1	11
chr18	53948155	53948644	1	1	1	2243	2	28
chr18	53948155	53949550	1	1	0	1	0	39
chr18	53948155	53953244	1	1	1	11212	12	44
chr18	53948669	53953244	1	1	1	2240	1	37
chr18	53949588	53953244	1	1	0	1	0	37
chr19	7281256	7281797	2	4	1	166	0	42
chr19	7281256	7282725	2	2	1	458	1	36
chr19	7281960	7282725	2	2	1	173	0	29
