chr1	34295537	34296741	1	1	1	56	0	18
chr1	34295537	34299720	1	1	1	208	0	42
chr1	34296760	34299720	1	1	1	56	0	19
chr1	40010678	40011649	1	1	1	31	0	28
chr1	40010678	40014105	1	1	1	55	0	32
chr1	40011842	40014105	1	1	1	28	0	37
chr1	82735508	82747082	1	1	1	3	0	40
chr1	82735508	82750519	1	1	1	65	0	40
chr1	82747143	82750519	1	1	1	3	0	38
chr2	32292216	32296625	1	1	1	71	1	43
chr2	59932171	59933405	2	2	0	6	0	33
chr2	59932171	59933411	2	2	1	76	0	27
chr2	59932171	59933670	2	2	1	6	0	37
chr2	59933439	59933670	2	2	1	82	0	28
chr2	71849507	71853533	1	1	1	35	0	39
chr2	71849507	71855853	1	1	1	1539	3	46
chr2	71853664	71855853	1	1	1	38	0	41
chr2	75662926	75663570	1	1	1	3	0	35
chr2	91001089	91001461	1	1	1	472	0	34
chr2	91001089	91003299	1	1	0	1	0	33
chr2	91001511	91003210	1	1	1	469	0	22
chr2	91003346	91003810	1	1	1	25	0	37
chr2	91159306	91160316	2	2	1	7	0	47
chr2	91159306	91162027	2	2	1	159	0	47
chr2	91160371	91162027	2	2	1	8	0	38
chr2	91681696	91684668	2	2	1	642	1	50
chr2	153670448	153670848	1	1	1	35	0	43
chr2	153670448	153672215	1	1	1	2	0	50
chr2	153670909	153672215	1	1	1	35	0	50
chr2	168752741	168754433	2	2	1	14444	13	46
chr2	168754471	168860933	2	2	0	1	2	20
chr3	60613521	60614682	1	1	1	139	0	44
chr3	60613521	60615619	1	1	1	31	0	44
chr3	60614737	60615619	1	1	1	142	0	37
chr3	78904652	78918022	2	2	0	1	0	12
chr3	87733505	87734423	1	1	1	2	0	39
chr3	87733505	87735344	1	1	0	140	1	42
chr3	87734553	87735344	1	1	1	2	0	37
chr3	88483947	88484046	2	2	1	101	1	41
chr3	88484155	88484614	2	2	1	98	1	39
chr3	119724187	119724611	2	2	1	1558	1	34
chr3	119724187	119726065	2	2	1	7	0	29
chr3	119724646	119726065	2	2	1	1587	1	38
chr3	119726116	119820407	2	2	0	2	0	13
chr3	129825617	129826823	2	2	1	1	0	4
chr4	31992517	31993403	1	1	0	2	0	21
chr4	31992517	31994873	1	1	1	1218	3	41
chr4	31992517	32002088	1	1	1	646	1	49
chr4	31993425	31994873	1	1	0	2	0	17
chr4	31994955	32002088	1	1	1	1225	3	49
chr4	107009769	107027216	1	1	1	40	0	46
chr4	107009769	107028192	1	1	1	253	1	44
chr4	107009769	107028217	1	1	0	2	0	35
chr4	107027298	107028192	1	1	1	44	0	42
chr5	23565266	23568151	2	2	0	2	0	37
chr5	23565266	23616326	2	2	1	181	0	46
chr5	23568264	23616326	2	2	0	2	0	45
chr5	72958287	72965803	1	1	1	2	0	37
chr5	72958287	72974530	1	1	1	25	0	41
chr5	72965882	72974530	1	1	1	2	0	41
chr5	116482537	116591333	2	2	1	11	0	50
chr5	149184807	149185349	1	1	0	1	0	42
chr5	149184807	149185484	1	1	1	2	0	43
chr5	149184807	149187707	1	1	1	61	0	43
chr5	149184807	149188344	1	1	1	219	0	44
chr5	149187835	149188344	1	1	1	7	0	39
chr5	149187877	149188344	1	1	1	57	0	40
chr6	72634233	72634303	2	2	0	2	0	37
chr6	72634233	72648800	2	2	1	3205	1	42
chr6	72634233	72649119	2	2	1	6169	4	50
chr6	72648843	72649119	2	2	1	3197	1	42
chr6	98939789	98940994	2	2	1	6	0	45
chr6	98939789	98941535	2	2	1	68	0	46
chr6	98939789	98944618	2	2	0	5	0	45
chr6	98941165	98944618	2	2	0	6	0	36
chr6	98941658	98944618	2	2	1	66	0	36
chr6	125162102	125162211	2	2	1	403	15	36
chr6	125184353	125184434	2	2	1	1	0	5
chr6	128371086	128371967	1	1	1	1256	0	45
chr6	128371086	128372144	1	1	0	1	0	36
chr6	128371086	128372530	1	1	1	51	0	49
chr6	128371086	128372533	1	1	1	390	0	46
chr6	128371086	128372539	1	1	0	2	0	40
chr6	128372013	128372278	1	1	0	1	0	27
chr6	128372013	128372504	1	1	0	7	0	26
chr6	128372013	128372509	1	1	0	2	0	31
chr6	128372013	128372530	1	1	1	146	0	49
chr6	128372013	128372533	1	1	1	1079	0	46
chr6	128372013	128372536	1	1	0	2	0	43
chr6	128372018	128372530	1	1	0	3	0	49
chr6	128372018	128372533	1	1	0	17	0	46
chr6	128372208	128372530	1	1	0	1	0	49
chr6	128372208	128372533	1	1	0	1	0	46
chr6	128372306	128372533	1	1	0	1	0	27
chr7	67240441	67244520	2	2	1	12	0	24
chr7	67240441	67251656	2	2	1	463	2	45
chr7	67244545	67251656	2	2	1	12	0	24
chr7	102001660	102002294	1	1	1	217	0	42
chr7	102001660	102007485	1	1	1	2673	0	45
chr7	102002337	102007485	1	1	1	220	0	39
chr7	112839481	112841887	1	1	1	7	0	41
chr7	112839481	112842039	1	1	1	106	0	41
chr7	112839481	112856052	1	1	1	2	0	12
chr7	112839481	112856797	1	1	1	15	0	41
chr7	112841951	112856052	1	1	1	2	0	12
chr7	112841951	112856797	1	1	0	3	0	37
chr7	112842103	112856052	1	1	1	13	0	12
chr7	112842103	112856797	1	1	1	94	0	38
chr7	112856065	112856797	1	1	1	17	0	12
chr7	127980247	127981190	1	1	1	14	0	5
chr7	127981292	127981410	1	1	1	15	0	6
chr7	144861833	144862231	1	1	1	1787	4	29
chr7	144862267	144862764	1	1	0	3	0	35
chr7	144862336	144862764	1	1	1	1770	4	44
chr8	25532429	25555507	1	1	1	2	0	44
chr8	25555775	25557730	1	1	1	3	0	38
chr8	72219861	72219940	1	1	1	2	0	30
chr8	95100453	95100646	2	2	1	305	0	31
chr8	95100453	95101408	2	2	0	592	0	46
chr8	95100674	95101408	2	2	1	305	0	42
chr8	123268550	123268744	2	2	1	92	0	46
chr9	43027296	43029555	2	2	0	1	0	18
chr9	43027296	43040539	2	2	1	20	0	38
chr9	43027296	43042590	2	2	1	154	0	45
chr9	43029610	43042590	2	2	0	1	0	43
chr9	43040597	43042590	2	2	1	20	0	45
chr9	80093642	80098885	1	1	1	1301	0	26
chr9	80093642	80098892	1	1	0	25	0	14
chr9	80093642	80103693	1	1	1	7098	4	45
chr9	80093642	80103698	1	1	0	2	0	44
chr9	80098907	80099016	1	1	0	1	0	21
chr9	80098907	80103693	1	1	1	1325	0	23
chr9	80099049	80103693	1	1	0	1	0	37
chr9	106891199	106891813	2	2	1	1	0	21
chr9	114597607	114597794	2	2	1	263	1	38
chr9	114597607	114598704	2	2	0	236	0	42
chr9	114597825	114598704	2	2	0	3	0	30
chr9	114597831	114598704	2	2	1	258	1	36
chr11	79458907	79463232	1	1	1	26	0	43
chr11	79458907	79468716	1	1	1	25	0	42
chr11	79463296	79468716	1	1	1	25	0	39
chr11	94112147	94113262	1	1	1	12	0	21
chr11	94112147	94114172	1	1	1	206	0	32
chr11	94113302	94114172	1	1	1	12	0	39
chr11	102310577	102310925	2	2	1	68	0	43
chr11	102310577	102311379	2	2	1	219	0	45
chr11	102311037	102311379	2	2	1	67	0	45
chr12	71952560	71959805	1	1	1	152	0	43
chr12	71952560	71959809	1	1	0	1	0	45
chr12	83811361	83825258	2	2	1	117	0	37
chr12	83811361	83831921	2	2	1	181	0	44
chr12	83825292	83831921	2	2	1	117	0	33
chr12	83825319	83831921	2	2	0	1	0	38
chr12	113133338	113133495	1	1	0	11	0	42
chr12	113133338	113133540	1	1	1	230	1	38
chr12	113133338	113135796	1	1	1	650	0	29
chr12	113133571	113135796	1	1	0	2	0	29
chr12	113133577	113135796	1	1	1	231	1	29
chr13	46778987	46780625	2	2	0	1	0	39
chr13	46778994	46780625	2	2	1	664	1	43
chr13	46778994	46785245	2	2	1	2418	3	46
chr13	46780665	46785245	2	2	1	666	1	39
chr13	56084286	56089757	2	2	1	18	0	40
chr13	56084286	56096123	2	2	0	6	0	40
chr13	56089858	56096123	2	2	1	17	0	41
chr14	8171531	8172763	2	2	1	1	0	11
chr14	57643224	57643334	2	2	1	2	0	39
chr14	57643224	57648418	2	2	1	108	0	39
chr14	57643490	57648418	2	2	1	2	0	38
chr14	120389164	120395711	1	1	1	405	1	39
chr14	120389164	120395717	1	1	0	3	0	38
chr14	120389164	120396450	1	1	1	72	0	48
chr14	120395766	120396450	1	1	1	429	1	48
chr15	77102940	77105576	2	2	1	106	0	42
chr15	77102940	77113604	2	2	1	8	0	48
chr15	77105670	77113604	2	2	1	107	0	48
chr15	77112788	77113604	2	2	0	1	0	44
chr15	103242719	103243624	1	1	1	0	1	33
chr16	57178021	57181491	2	2	1	21	0	43
chr16	57178021	57182850	2	2	1	832	1	44
chr16	57181537	57182850	2	2	1	21	0	33
chr16	84831508	84834808	2	2	1	4	0	44
chr16	94686604	94691580	1	1	1	1	0	45
chr17	12979205	13846588	1	1	0	35	0	12
chr17	13846613	13848354	1	1	0	8	0	21
chr17	13846640	13848354	1	1	1	435	2	21
chr17	13846640	13849107	1	1	1	10822	8	46
chr17	13846640	13849113	1	1	0	54	0	48
chr17	13848376	13849107	1	1	1	444	2	26
chr17	45570567	45570665	2	2	1	422	2	42
chr17	45570800	45571017	2	2	1	460	1	24
chr17	46590452	46590758	2	2	1	1	0	11
chr18	53948155	53948644	1	1	1	2147	1	28
chr18	53948155	53949213	1	1	0	1	0	39
chr18	53948155	53953244	1	1	1	12124	12	45
chr18	53948162	53948651	1	1	0	1	0	17
chr18	53948669	53953244	1	1	1	2145	1	37
chr18	53949263	53953244	1	1	0	1	0	37
chr19	7281256	7281797	2	4	1	126	0	39
chr19	7281256	7282725	2	2	1	354	0	36
chr19	7281960	7282725	2	2	1	134	0	35
