chr1	34295537	34296741	1	1	1	21	1	18
chr1	34295537	34299720	1	1	1	180	0	39
chr1	34296760	34299720	1	1	1	21	1	19
chr1	40010678	40011649	1	1	1	28	0	21
chr1	40010678	40014105	1	1	1	51	0	32
chr1	40011842	40014105	1	1	1	28	0	38
chr1	82735508	82747082	1	1	1	2	0	40
chr1	82735508	82750519	1	1	1	46	0	40
chr1	82747143	82750519	1	1	1	2	0	38
chr2	32292216	32293314	1	1	1	1	0	43
chr2	32292216	32296625	1	1	1	72	0	43
chr2	32293396	32296625	1	1	1	1	0	38
chr2	59932171	59933405	2	2	0	11	0	33
chr2	59932171	59933411	2	2	1	50	0	31
chr2	59932171	59933670	2	2	1	12	0	38
chr2	59933439	59933670	2	2	1	61	0	33
chr2	71849507	71853533	1	1	1	45	0	39
chr2	71849507	71855853	1	1	1	1600	1	44
chr2	71853664	71855853	1	1	1	46	0	40
chr2	75662926	75663570	1	1	1	5	0	40
chr2	91001089	91001461	1	1	1	499	0	25
chr2	91001511	91003210	1	1	1	490	0	25
chr2	91001511	91003299	1	1	0	1	0	46
chr2	91003238	91003810	1	1	0	4	0	27
chr2	91003346	91003810	1	1	1	16	0	36
chr2	91159306	91160316	2	2	1	2	0	47
chr2	91159306	91162027	2	2	1	181	0	47
chr2	91160371	91162027	2	2	1	2	0	38
chr2	91681696	91682025	2	2	1	3	0	50
chr2	91681696	91684668	2	2	1	572	0	50
chr2	91682110	91684668	2	2	0	3	0	38
chr2	153670448	153670848	1	1	1	54	0	43
chr2	153670909	153672215	1	1	1	55	0	50
chr2	168752741	168754433	2	2	1	13244	11	48
chr2	168754480	168788998	2	2	0	1	0	12
chr3	60613521	60614682	1	1	1	126	0	44
chr3	60613521	60615619	1	1	1	28	0	44
chr3	60614737	60615619	1	1	1	126	0	41
chr3	87733505	87734423	1	1	1	5	0	39
chr3	87733505	87735344	1	1	0	153	0	42
chr3	87734553	87735344	1	1	1	5	0	37
chr3	88483947	88484046	2	2	1	104	0	37
chr3	88484155	88484614	2	2	1	104	0	39
chr3	119724187	119724611	2	2	1	1430	1	34
chr3	119724187	119726065	2	2	1	6	0	29
chr3	119724646	119726065	2	2	1	1468	1	38
chr4	31992517	31993403	1	1	0	1	0	21
chr4	31992517	31994873	1	1	1	1201	1	40
chr4	31992517	32002088	1	1	1	593	0	49
chr4	31993425	31994873	1	1	0	1	0	17
chr4	31994955	32002088	1	1	1	1202	1	49
chr4	107009769	107027216	1	1	1	54	0	38
chr4	107009769	107028192	1	1	1	307	1	43
chr4	107027298	107028192	1	1	1	60	0	41
chr5	23565266	23616326	2	2	1	212	0	45
chr5	34639047	34639184	2	2	1	1	0	27
chr5	72958287	72974530	1	1	1	28	0	41
chr5	116482537	116591333	2	2	1	5	0	50
chr5	149184807	149187707	1	1	1	42	0	44
chr5	149184807	149188344	1	1	1	208	0	43
chr5	149187835	149188344	1	1	1	5	0	41
chr5	149187864	149188344	1	1	0	2	0	39
chr5	149187877	149188344	1	1	1	34	0	42
chr6	51463255	51463410	2	2	1	1	0	46
chr6	72633011	72633215	2	2	1	1	0	6
chr6	72634233	72648800	2	2	1	3519	2	42
chr6	72634233	72649119	2	2	1	6151	5	46
chr6	72634351	72649119	2	2	0	2	0	40
chr6	72648843	72649119	2	2	1	3495	1	41
chr6	98939789	98940994	2	2	1	3	0	45
chr6	98939789	98941535	2	2	1	73	0	45
chr6	98939789	98944618	2	2	0	3	0	45
chr6	98941165	98944618	2	2	0	3	0	36
chr6	98941658	98944618	2	2	1	74	0	36
chr6	125162102	125162211	2	2	1	464	7	38
chr6	128371086	128371967	1	1	1	1619	2	43
chr6	128371086	128372530	1	1	1	71	0	49
chr6	128371086	128372533	1	1	1	687	2	46
chr6	128371086	128372539	1	1	0	1	0	40
chr6	128372013	128372504	1	1	0	3	0	26
chr6	128372013	128372509	1	1	0	2	0	31
chr6	128372013	128372530	1	1	1	219	0	47
chr6	128372013	128372533	1	1	1	1366	2	46
chr6	128372013	128372536	1	1	0	1	0	39
chr6	128372013	128372539	1	1	0	1	0	40
chr6	128372018	128372533	1	1	0	32	0	46
chr7	16857858	16858378	1	1	1	1	0	42
chr7	30192593	30192866	2	2	1	1	0	32
chr7	30192901	30193877	2	2	1	1	0	25
chr7	67240441	67244520	2	2	1	6	0	24
chr7	67240441	67251656	2	2	1	538	0	44
chr7	67244545	67251656	2	2	1	6	0	24
chr7	101405603	102001614	1	1	0	3	1	13
chr7	102001660	102002294	1	1	1	228	0	43
chr7	102001660	102007485	1	1	1	2875	4	45
chr7	102002337	102007485	1	1	1	227	0	41
chr7	112839481	112841887	1	1	1	7	0	41
chr7	112839481	112842039	1	1	1	149	0	41
chr7	112839481	112856797	1	1	1	18	0	41
chr7	112841951	112856052	1	1	1	2	0	12
chr7	112841951	112856797	1	1	0	3	0	37
chr7	112842103	112856052	1	1	1	13	0	12
chr7	112842103	112856797	1	1	1	139	0	43
chr7	112856065	112856797	1	1	1	15	0	12
chr7	127980247	127981190	1	1	1	17	0	22
chr7	127981292	127981410	1	1	1	16	0	6
chr7	144861833	144862231	1	1	1	1437	0	34
chr7	144862267	144862764	1	1	0	3	0	35
chr7	144862336	144862764	1	1	1	1428	0	44
chr8	25532429	25557730	1	1	1	2	0	44
chr8	25555775	25557730	1	1	1	2	0	37
chr8	95100453	95100646	2	2	1	367	1	31
chr8	95100453	95101408	2	2	0	907	0	46
chr8	95100674	95101408	2	2	1	367	1	42
chr8	123268550	123268744	2	2	1	93	0	46
chr9	43027267	43042590	2	2	0	1	0	34
chr9	43027296	43040539	2	2	1	12	1	38
chr9	43027296	43042590	2	2	1	204	0	45
chr9	43040597	43042590	2	2	1	12	1	45
chr9	80093642	80098885	1	1	1	1247	1	26
chr9	80093642	80098892	1	1	0	24	0	14
chr9	80093642	80103693	1	1	1	6735	4	46
chr9	80098907	80103693	1	1	1	1271	1	23
chr9	114597607	114597794	2	2	1	231	0	38
chr9	114597607	114598704	2	2	0	317	0	44
chr9	114597825	114598704	2	2	0	2	0	30
chr9	114597831	114598704	2	2	1	229	0	36
chr11	79458907	79463232	1	1	1	37	0	42
chr11	79458907	79468716	1	1	1	50	0	42
chr11	79463296	79468716	1	1	1	38	0	39
chr11	94112147	94113262	1	1	1	19	0	21
chr11	94112147	94114172	1	1	1	206	0	32
chr11	94113302	94114172	1	1	1	20	0	39
chr11	102310577	102310925	2	2	1	81	0	42
chr11	102310577	102311379	2	2	1	245	0	45
chr11	102311037	102311379	2	2	1	80	0	45
chr12	71952560	71959805	1	1	1	154	0	44
chr12	83811361	83825258	2	2	1	125	0	37
chr12	83811361	83831921	2	2	1	158	0	41
chr12	83825292	83831921	2	2	1	123	0	33
chr12	83825319	83831921	2	2	0	1	0	38
chr12	113133338	113133495	1	1	0	11	0	44
chr12	113133338	113133540	1	1	1	260	0	38
chr12	113133338	113135796	1	1	1	692	0	29
chr12	113133577	113135796	1	1	1	258	0	29
chr13	46778987	46780625	2	2	0	1	0	39
chr13	46778994	46780625	2	2	1	498	1	40
chr13	46778994	46785245	2	2	1	2252	3	46
chr13	46780665	46785245	2	2	1	498	1	40
chr13	56084286	56088251	2	2	1	1	0	40
chr13	56084286	56089757	2	2	1	22	1	40
chr13	56088343	56096123	2	2	1	1	0	38
chr13	56089858	56096123	2	2	1	24	1	41
chr14	57643224	57643334	2	2	1	2	0	39
chr14	57643224	57648418	2	2	1	120	0	39
chr14	57643490	57648418	2	2	1	2	0	38
chr14	120389164	120395711	1	1	1	257	0	39
chr14	120389164	120396450	1	1	1	87	0	48
chr14	120395766	120396450	1	1	1	262	0	48
chr15	77102940	77105576	2	2	1	128	0	40
chr15	77102940	77113604	2	2	1	14	0	44
chr15	77105670	77113604	2	2	1	128	0	48
chr16	57178021	57181491	2	2	1	21	0	43
chr16	57178021	57182850	2	2	1	913	0	44
chr16	57181537	57182850	2	2	1	21	0	33
chr16	84831508	84834808	2	2	1	1	0	11
chr16	94686604	94691580	1	1	1	7	0	45
chr17	12979205	13846588	1	1	0	33	2	12
chr17	13846640	13848354	1	1	1	537	2	22
chr17	13846640	13849107	1	1	1	11371	17	47
chr17	13846640	13849113	1	1	0	93	0	47
chr17	13848376	13849107	1	1	1	532	2	27
chr17	13848376	13849113	1	1	0	4	0	21
chr17	45570567	45570665	2	2	1	360	1	37
chr17	45570800	45571017	2	2	1	392	2	21
chr18	53948155	53948644	1	1	1	1695	0	33
chr18	53948155	53949550	1	1	0	2	0	39
chr18	53948155	53953244	1	1	1	10779	6	45
chr18	53948162	53953244	1	1	0	3	0	37
chr18	53948669	53953244	1	1	1	1687	0	26
chr18	53948673	53953244	1	1	0	2	0	28
chr18	53949588	53953244	1	1	0	2	0	37
chr19	7281256	7281797	2	4	1	128	0	39
chr19	7281256	7282331	2	2	0	1	0	38
chr19	7281256	7282725	2	2	1	365	0	36
chr19	7281960	7282725	2	2	1	141	0	26
chr19	7282449	7282725	2	2	0	1	0	26
