chr1	34295537	34296741	1	1	1	40	0	18
chr1	34295537	34299720	1	1	1	124	0	43
chr1	34296760	34299720	1	1	1	40	0	18
chr1	37885317	37890159	2	2	1	1	0	37
chr1	40010678	40011649	1	1	1	16	0	21
chr1	40010678	40014105	1	1	1	40	1	32
chr1	40011842	40014105	1	1	1	17	0	37
chr1	82735508	82747082	1	1	1	1	0	40
chr1	82735508	82750519	1	1	1	56	0	41
chr1	82747143	82750519	1	1	1	1	0	38
chr2	32292216	32296625	1	1	1	49	0	43
chr2	59932171	59933405	2	2	0	3	0	33
chr2	59932171	59933411	2	2	1	36	0	31
chr2	59932171	59933670	2	2	1	4	0	37
chr2	59933439	59933670	2	2	1	37	0	28
chr2	71849507	71853533	1	1	1	36	0	40
chr2	71849507	71855853	1	1	1	1164	0	43
chr2	71853664	71855853	1	1	1	37	0	41
chr2	75662926	75663570	1	1	1	3	0	27
chr2	91001089	91001461	1	1	1	521	0	34
chr2	91001089	91003210	1	1	0	0	1	24
chr2	91001089	91003299	1	1	0	1	1	33
chr2	91001511	91003210	1	1	1	505	0	20
chr2	91003346	91003810	1	1	1	23	0	36
chr2	91159306	91160316	2	2	1	2	0	47
chr2	91159306	91162027	2	2	1	127	0	47
chr2	91160371	91162027	2	2	1	2	0	38
chr2	91681696	91684668	2	2	1	484	0	50
chr2	153670448	153670848	1	1	1	63	0	42
chr2	153670909	153672215	1	1	1	64	0	50
chr2	168752741	168754433	2	2	1	12092	14	46
chr3	60613521	60614682	1	1	1	99	0	45
chr3	60613521	60615619	1	1	1	17	0	44
chr3	60614737	60615619	1	1	1	99	0	38
chr3	78904652	78918022	2	2	0	1	0	12
chr3	87733505	87734423	1	1	1	3	0	39
chr3	87733505	87735344	1	1	0	81	0	44
chr3	87734553	87735344	1	1	1	3	0	37
chr3	88483947	88484046	2	2	1	97	0	38
chr3	88484155	88484614	2	2	1	96	0	39
chr3	119724187	119724611	2	2	1	1384	0	34
chr3	119724187	119726065	2	2	1	3	0	29
chr3	119724646	119726065	2	2	1	1413	0	38
chr4	31992517	31994873	1	1	1	1132	1	40
chr4	31992517	32002088	1	1	1	470	0	50
chr4	31994955	32002088	1	1	1	1133	1	49
chr4	41199903	41201463	2	2	1	1	0	15
chr4	46468788	46469882	1	1	1	2	0	6
chr4	107009769	107027216	1	1	1	34	0	39
chr4	107009769	107028192	1	1	1	218	0	43
chr4	107027298	107028192	1	1	1	33	0	41
chr4	107031092	107036935	1	1	1	1	0	29
chr5	23565266	23616326	2	2	1	142	1	45
chr5	72958287	72974530	1	1	1	17	0	41
chr5	116482537	116591333	2	2	1	1	0	50
chr5	122284910	122308130	1	1	1	1	0	46
chr5	149184807	149185484	1	1	1	1	0	43
chr5	149184807	149187707	1	1	1	52	0	43
chr5	149184807	149188344	1	1	1	135	1	44
chr5	149185662	149188344	1	1	0	1	0	39
chr5	149187835	149188344	1	1	1	5	0	39
chr5	149187877	149188344	1	1	1	46	0	39
chr6	47577668	47594893	2	2	1	2	0	26
chr6	72633011	72633215	2	2	1	2	0	6
chr6	72633262	72634099	2	2	1	1	0	35
chr6	72634233	72648800	2	2	1	2224	7	42
chr6	72634233	72649119	2	2	1	3990	4	50
chr6	72648843	72649119	2	2	1	2214	5	40
chr6	98939789	98940994	2	2	1	4	0	45
chr6	98939789	98941535	2	2	1	79	0	46
chr6	98939789	98944618	2	2	0	26	0	45
chr6	98941165	98944618	2	2	0	4	0	36
chr6	98941658	98944618	2	2	1	80	0	36
chr6	125162102	125162211	2	2	1	322	13	36
chr6	128371086	128371967	1	1	1	997	0	43
chr6	128371086	128371980	1	1	0	2	0	32
chr6	128371086	128372504	1	1	0	1	0	39
chr6	128371086	128372530	1	1	1	87	0	49
chr6	128371086	128372533	1	1	1	749	0	46
chr6	128371086	128372536	1	1	0	2	0	43
chr6	128371086	128372539	1	1	0	1	0	40
chr6	128372013	128372504	1	1	0	1	0	26
chr6	128372013	128372509	1	1	0	3	0	31
chr6	128372013	128372530	1	1	1	147	0	47
chr6	128372013	128372533	1	1	1	832	0	46
chr6	128372018	128372530	1	1	0	4	0	49
chr6	128372018	128372533	1	1	0	13	0	46
chr7	67240441	67244520	2	2	1	7	0	24
chr7	67240441	67251656	2	2	1	406	0	44
chr7	67244545	67251656	2	2	1	7	0	24
chr7	99849060	99858763	2	2	1	1	0	44
chr7	101405603	102001614	1	1	0	5	0	13
chr7	101474369	102001612	1	1	0	5	0	12
chr7	102001660	102002294	1	1	1	163	0	42
chr7	102001660	102007485	1	1	1	2762	1	48
chr7	102002337	102007485	1	1	1	162	0	40
chr7	102002538	102007485	1	1	0	1	0	39
chr7	112839481	112841887	1	1	1	2	1	41
chr7	112839481	112842039	1	1	1	114	1	41
chr7	112839481	112856797	1	1	1	11	0	41
chr7	112841906	112842057	1	1	0	0	1	18
chr7	112842103	112856052	1	1	1	11	0	12
chr7	112842103	112856776	1	1	0	1	0	16
chr7	112842103	112856797	1	1	1	106	1	45
chr7	112842103	112856803	1	1	0	1	0	43
chr7	112856065	112856797	1	1	1	11	0	12
chr7	127980247	127981190	1	1	1	11	0	5
chr7	127981292	127981410	1	1	1	13	0	6
chr7	144847532	144862231	1	1	1	1	0	3
chr7	144861833	144862231	1	1	1	1240	1	28
chr7	144861833	144862764	1	1	0	1	0	28
chr7	144861837	144862231	1	1	0	15	0	32
chr7	144862267	144862764	1	1	0	3	0	35
chr7	144862336	144862764	1	1	1	1246	1	44
chr8	72219861	72219940	1	1	1	1	0	30
chr8	95100453	95100646	2	2	1	151	0	31
chr8	95100453	95101408	2	2	0	418	0	46
chr8	95100674	95101408	2	2	1	151	0	38
chr8	123268550	123268744	2	2	1	65	0	46
chr9	43027296	43029555	2	2	0	2	0	38
chr9	43027296	43040539	2	2	1	18	0	38
chr9	43027296	43042590	2	2	1	192	0	45
chr9	43029610	43042590	2	2	0	1	0	43
chr9	43040597	43042590	2	2	1	18	0	45
chr9	80067573	80087429	1	1	1	1	0	35
chr9	80093642	80098885	1	1	1	838	0	27
chr9	80093642	80098892	1	1	0	7	0	14
chr9	80093642	80103693	1	1	1	6146	4	47
chr9	80098907	80103693	1	1	1	845	0	23
chr9	114597607	114597794	2	2	1	190	0	38
chr9	114597607	114598704	2	2	0	415	0	43
chr9	114597825	114598704	2	2	0	1	0	27
chr9	114597831	114598704	2	2	1	189	0	36
chr11	26778879	26787397	2	2	0	0	1	13
chr11	79458907	79463232	1	1	1	22	0	42
chr11	79458907	79468716	1	1	1	39	0	42
chr11	79463296	79468716	1	1	1	21	0	39
chr11	94112147	94113262	1	1	1	29	0	21
chr11	94112147	94114172	1	1	1	196	0	32
chr11	94113302	94114172	1	1	1	30	0	39
chr11	102310577	102310925	2	2	1	78	0	43
chr11	102310577	102311379	2	2	1	148	0	45
chr11	102311037	102311379	2	2	1	78	0	45
chr12	71952560	71959805	1	1	1	119	0	44
chr12	83811361	83825258	2	2	1	128	0	37
chr12	83811361	83831921	2	2	1	108	0	41
chr12	83825292	83831921	2	2	1	127	0	33
chr12	83825319	83831921	2	2	0	1	0	38
chr12	113133338	113133495	1	1	0	7	0	42
chr12	113133338	113133540	1	1	1	132	0	43
chr12	113133338	113135796	1	1	1	533	0	29
chr12	113133577	113135796	1	1	1	132	0	29
chr13	46778994	46780625	2	2	1	438	0	40
chr13	46778994	46785245	2	2	1	1902	3	48
chr13	46780665	46785245	2	2	1	438	0	39
chr13	56084286	56089757	2	2	1	9	0	40
chr13	56089858	56096123	2	2	1	9	0	38
chr14	57630333	57648418	2	2	0	1	0	38
chr14	57643224	57648418	2	2	1	115	0	42
chr14	120389158	120395711	1	1	0	1	0	44
chr14	120389164	120395711	1	1	1	226	0	39
chr14	120389164	120396450	1	1	1	54	0	48
chr14	120395766	120396450	1	1	1	236	0	48
chr15	77102940	77105576	2	2	1	131	0	41
chr15	77102940	77113604	2	2	1	16	0	44
chr15	77105670	77113604	2	2	1	132	0	48
chr15	103242719	103243624	1	1	1	0	5	37
chr16	57178021	57181491	2	2	1	5	0	43
chr16	57178021	57182850	2	2	1	645	1	44
chr16	57181537	57182850	2	2	1	5	0	33
chr16	94686604	94691580	1	1	1	1	0	45
chr17	12979205	13846588	1	1	0	5	0	12
chr17	13837442	13846588	1	1	0	1	0	12
chr17	13846640	13848354	1	1	1	358	2	22
chr17	13846640	13849107	1	1	1	9662	10	45
chr17	13846640	13849113	1	1	0	67	0	47
chr17	13848376	13849107	1	1	1	353	1	26
chr17	13848376	13849113	1	1	0	5	1	21
chr17	45570567	45570665	2	2	1	577	0	42
chr17	45570800	45571017	2	2	1	626	0	24
chr17	56578845	56578920	2	2	1	1	0	18
chr17	56578986	56582983	2	2	1	1	0	42
chr18	53948155	53948644	1	1	1	1388	0	28
chr18	53948155	53953244	1	1	1	9781	11	46
chr18	53948666	53953244	1	1	0	2	0	21
chr18	53948669	53953244	1	1	1	1381	0	26
chr18	53949263	53953244	1	1	0	1	0	37
chr19	7281256	7281797	2	4	1	102	0	39
chr19	7281256	7282725	2	2	1	365	0	36
chr19	7281960	7282725	2	2	1	107	0	26
chr19	10619329	10621540	1	1	1	1	0	24
chr19	10621720	10621820	1	1	1	1	0	25
chr19	23687546	23694320	1	1	1	1	0	37
chrX	151001122	151002173	2	2	1	1	0	43
KV575235.1	147143	149264	1	1	0	0	1	24
KV575235.1	147143	149353	1	1	0	0	1	33
