chr1	34295537	34296741	1	1	1	64	0	18
chr1	34295537	34299720	1	1	1	211	2	42
chr1	34296760	34299720	1	1	1	64	0	19
chr1	40010678	40011649	1	1	1	28	0	32
chr1	40010678	40011656	1	1	0	1	0	21
chr1	40010678	40014105	1	1	1	77	3	32
chr1	40011842	40014105	1	1	1	28	0	37
chr1	55088413	55089050	1	1	1	1	0	22
chr1	82735508	82747082	1	1	1	4	0	40
chr1	82735508	82750519	1	1	1	91	0	40
chr1	82747143	82750519	1	1	1	4	0	38
chr2	32292216	32293314	1	1	1	1	0	43
chr2	32292216	32296625	1	1	1	100	0	43
chr2	32293396	32296625	1	1	1	1	0	25
chr2	59926161	59932104	2	2	1	2	0	23
chr2	59932171	59933405	2	2	0	13	0	33
chr2	59932171	59933411	2	2	1	85	0	31
chr2	59932171	59933670	2	2	1	12	0	37
chr2	59933439	59933670	2	2	1	97	0	28
chr2	71849507	71853533	1	1	1	36	0	40
chr2	71849507	71855853	1	1	1	2140	2	46
chr2	71853664	71855853	1	1	1	38	0	41
chr2	75662926	75663570	1	1	1	5	2	36
chr2	91001089	91001461	1	1	1	690	0	34
chr2	91001089	91003299	1	1	0	1	0	33
chr2	91001511	91003210	1	1	1	685	0	25
chr2	91003238	91003810	1	1	0	4	0	27
chr2	91003346	91003810	1	1	1	13	0	36
chr2	91159306	91160316	2	2	1	2	0	47
chr2	91159306	91162027	2	2	1	247	0	47
chr2	91160371	91162027	2	2	1	2	0	38
chr2	91681696	91682025	2	2	1	3	0	50
chr2	91681696	91684668	2	2	1	845	0	50
chr2	91682110	91684668	2	2	0	1	0	33
chr2	91682137	91684668	2	2	1	1	0	38
chr2	153670448	153670848	1	1	1	89	0	43
chr2	153670448	153672215	1	1	1	0	1	48
chr2	153670909	153672215	1	1	1	90	0	50
chr2	153713625	153714954	1	1	1	0	1	48
chr2	168752741	168754433	2	2	1	15203	10	46
chr3	60613521	60614682	1	1	1	133	0	45
chr3	60613521	60615619	1	1	1	45	0	45
chr3	60614737	60615619	1	1	1	134	0	39
chr3	87733505	87734423	1	1	1	2	0	39
chr3	87733505	87735344	1	1	0	199	0	42
chr3	87734553	87735344	1	1	1	2	0	37
chr3	88483947	88484046	2	2	1	140	0	40
chr3	88484155	88484614	2	2	1	139	0	39
chr3	88631979	88632275	1	1	1	0	1	27
chr3	88632334	88632912	1	1	1	0	1	7
chr3	119724187	119724611	2	2	1	2072	0	34
chr3	119724187	119726065	2	2	1	4	0	29
chr3	119724646	119726065	2	2	1	2106	0	39
chr3	119726116	119820407	2	2	0	3	0	13
chr3	129825617	129826823	2	2	1	1	0	36
chr4	31992517	31994873	1	1	1	1724	0	40
chr4	31992517	32002088	1	1	1	846	2	49
chr4	31994955	32002088	1	1	1	1732	0	49
chr4	107009769	107027216	1	1	1	68	0	39
chr4	107009769	107028192	1	1	1	323	1	44
chr4	107027298	107028192	1	1	1	71	0	41
chr5	23565266	23616326	2	2	1	214	0	46
chr5	72958287	72965803	1	1	1	1	0	37
chr5	72958287	72974530	1	1	1	42	0	42
chr5	72965882	72974530	1	1	1	1	0	41
chr5	116482537	116591333	2	2	1	5	0	50
chr5	149184807	149185484	1	1	1	2	0	43
chr5	149184807	149187707	1	1	1	58	0	43
chr5	149184807	149188344	1	1	1	306	3	44
chr5	149187835	149188344	1	1	1	8	0	39
chr5	149187864	149188344	1	1	0	1	0	39
chr5	149187877	149188344	1	1	1	51	0	40
chr6	47577668	47594893	2	2	1	1	0	17
chr6	72634233	72634303	2	2	0	1	0	37
chr6	72634233	72634576	2	2	0	1	0	37
chr6	72634233	72648800	2	2	1	4121	5	42
chr6	72634233	72649119	2	2	1	7806	6	50
chr6	72634762	72649119	2	2	0	1	0	40
chr6	72648843	72649119	2	2	1	4096	5	42
chr6	98939789	98940994	2	2	1	5	0	45
chr6	98939789	98941535	2	2	1	75	0	45
chr6	98939789	98944618	2	2	0	5	0	45
chr6	98941165	98944618	2	2	0	5	0	36
chr6	98941658	98944618	2	2	1	75	0	37
chr6	125162102	125162211	2	2	1	641	17	37
chr6	128371086	128371967	1	1	1	2087	2	44
chr6	128371086	128372530	1	1	1	114	0	49
chr6	128371086	128372533	1	1	1	898	0	47
chr6	128371086	128372536	1	1	0	3	0	43
chr6	128372013	128372504	1	1	0	6	0	26
chr6	128372013	128372509	1	1	0	1	0	31
chr6	128372013	128372530	1	1	1	259	0	49
chr6	128372013	128372533	1	1	1	1800	2	46
chr6	128372018	128372530	1	1	0	1	0	49
chr6	128372018	128372533	1	1	0	31	0	46
chr6	128372208	128372530	1	1	0	1	0	49
chr7	59229272	59247172	1	1	1	1	0	26
chr7	67240441	67244520	2	2	1	17	0	24
chr7	67240441	67251656	2	2	1	649	0	44
chr7	67240443	67251659	1	1	0	1	0	42
chr7	67244545	67251656	2	2	1	17	0	24
chr7	102001660	102002294	1	1	1	264	0	42
chr7	102001660	102007485	1	1	1	3968	3	46
chr7	102002337	102007485	1	1	1	262	0	40
chr7	112839481	112841887	1	1	1	12	0	41
chr7	112839481	112842039	1	1	1	190	0	41
chr7	112839481	112856052	1	1	1	2	0	12
chr7	112839481	112856797	1	1	1	19	0	41
chr7	112841951	112856052	1	1	1	2	0	12
chr7	112841951	112856797	1	1	0	6	0	37
chr7	112842103	112856052	1	1	1	9	0	12
chr7	112842103	112856797	1	1	1	181	0	44
chr7	112856065	112856797	1	1	1	13	0	12
chr7	127980247	127981190	1	1	1	22	0	5
chr7	127981292	127981410	1	1	1	24	0	28
chr7	144861833	144862231	1	1	1	1753	2	29
chr7	144862267	144862764	1	1	0	6	0	35
chr7	144862336	144862764	1	1	1	1723	2	43
chr8	25532429	25557730	1	1	1	4	0	44
chr8	72219861	72219940	1	1	1	4	0	30
chr8	95100453	95100646	2	2	1	492	0	31
chr8	95100453	95101408	2	2	0	840	0	46
chr8	95100674	95101408	2	2	1	492	0	42
chr8	121628690	121651724	2	2	1	3	0	20
chr8	123268550	123268744	2	2	1	130	0	46
chr9	43027296	43040539	2	2	1	24	0	38
chr9	43027296	43042590	2	2	1	342	0	46
chr9	43040597	43042590	2	2	1	23	0	45
chr9	59436916	59454401	2	2	1	1	0	13
chr9	59454470	59485978	2	2	1	1	0	8
chr9	80093642	80098885	1	1	1	1517	3	26
chr9	80093642	80098892	1	1	0	41	0	19
chr9	80093642	80103693	1	1	1	8463	9	46
chr9	80093642	80103698	1	1	0	1	0	42
chr9	80098907	80103693	1	1	1	1557	3	24
chr9	80103765	80111310	1	1	1	1	0	6
chr9	114597607	114597794	2	2	1	326	2	38
chr9	114597607	114598704	2	2	0	311	0	42
chr9	114597825	114598704	2	2	0	1	0	30
chr9	114597831	114598704	2	2	1	323	2	36
chr11	26778879	26787397	2	2	0	0	1	13
chr11	79458907	79463232	1	1	1	28	0	43
chr11	79458907	79468716	1	1	1	51	0	42
chr11	79463296	79468716	1	1	1	27	0	39
chr11	94112147	94113262	1	1	1	17	0	21
chr11	94112147	94114172	1	1	1	315	0	32
chr11	94113302	94114172	1	1	1	17	0	39
chr11	102310577	102310925	2	2	1	138	0	42
chr11	102310577	102311379	2	2	1	333	0	46
chr11	102310577	102311403	2	2	0	1	0	21
chr11	102311037	102311379	2	2	1	137	0	45
chr12	65036469	65042460	1	1	1	1	0	35
chr12	71952560	71959805	1	1	1	245	0	45
chr12	83811361	83825258	2	2	1	177	0	37
chr12	83811361	83831921	2	2	1	229	0	42
chr12	83825292	83831921	2	2	1	175	0	34
chr12	83825319	83831921	2	2	0	1	0	38
chr12	104697145	104700364	2	2	1	1	0	39
chr12	113133338	113133495	1	1	0	10	0	42
chr12	113133338	113133540	1	1	1	295	1	42
chr12	113133338	113135796	1	1	1	836	0	29
chr12	113133577	113135796	1	1	1	286	1	29
chr13	46778990	46780625	2	2	0	1	0	39
chr13	46778994	46780625	2	2	1	788	0	40
chr13	46778994	46785245	2	2	1	3025	4	45
chr13	46780665	46785245	2	2	1	790	0	39
chr13	56084286	56088251	2	2	1	1	0	40
chr13	56084286	56089757	2	2	1	23	0	40
chr13	56084286	56096123	2	2	0	4	0	40
chr13	56088343	56096123	2	2	1	1	0	38
chr13	56089858	56096123	2	2	1	25	0	38
chr14	57643224	57648418	2	2	1	201	0	47
chr14	120389164	120395711	1	1	1	333	0	41
chr14	120389164	120395717	1	1	0	1	0	38
chr14	120389164	120396450	1	1	1	111	0	48
chr14	120395766	120396450	1	1	1	350	0	48
chr15	77102940	77105576	2	2	1	145	0	41
chr15	77102940	77113604	2	2	1	22	0	48
chr15	77105670	77113604	2	2	1	142	0	49
chr15	103242719	103243624	1	1	1	1	0	33
chr15	103244029	103244255	1	1	1	1	0	17
chr16	57178021	57181491	2	2	1	22	1	43
chr16	57178021	57182850	2	2	1	1339	4	44
chr16	57181537	57182850	2	2	1	22	1	33
chr16	84831508	84834808	2	2	1	2	0	11
chr16	94686604	94691580	1	1	1	3	0	45
chr17	12979205	13846588	1	1	0	35	0	12
chr17	13846640	13848354	1	1	1	518	1	21
chr17	13846640	13849107	1	1	1	13318	23	46
chr17	13846640	13849113	1	1	0	53	0	47
chr17	13848376	13849107	1	1	1	519	1	26
chr17	45570567	45570665	2	2	1	692	1	40
chr17	45570800	45571017	2	2	1	753	1	23
chr17	56578845	56578920	2	2	1	1	0	18
chr17	56578986	56582983	2	2	1	1	0	42
chr18	53948155	53948644	1	1	1	1877	2	28
chr18	53948155	53953244	1	1	1	12436	9	45
chr18	53948155	53953268	1	1	0	1	0	40
chr18	53948666	53953244	1	1	0	1	0	21
chr18	53948669	53953244	1	1	1	1873	2	26
chr19	7281251	7282725	2	2	0	1	0	26
chr19	7281256	7281797	2	4	1	213	0	39
chr19	7281256	7282725	2	2	1	470	0	35
chr19	7281960	7282725	2	2	1	222	0	35
chr19	23687546	23694320	1	1	1	2	0	37
