chr1	34295537	34296741	1	1	1	79	0	18
chr1	34295537	34299720	1	1	1	13	0	38
chr1	34296760	34299720	1	1	1	79	0	18
chr1	40010678	40011649	1	1	1	79	0	32
chr1	40010678	40014105	1	1	1	16	0	32
chr1	40011842	40014105	1	1	1	78	0	38
chr1	82735508	82741817	1	1	1	1	0	40
chr1	82735508	82747082	1	1	1	3	0	40
chr1	82735508	82750519	1	1	1	36	0	40
chr1	82747143	82750519	1	1	1	4	0	38
chr2	32292216	32293314	1	1	1	7	0	43
chr2	32292216	32296625	1	1	1	46	0	43
chr2	32293396	32296625	1	1	1	7	0	38
chr2	59932171	59933405	2	2	0	42	0	33
chr2	59932171	59933411	2	2	1	248	0	32
chr2	59932171	59933670	2	2	1	1	0	32
chr2	59933439	59933670	2	2	1	287	0	28
chr2	71849507	71853533	1	1	1	670	0	42
chr2	71849507	71853820	1	1	0	1	0	37
chr2	71849507	71853890	1	1	0	1	0	39
chr2	71849507	71855853	1	1	1	1512	1	43
chr2	71853664	71855853	1	1	1	690	0	41
chr2	71853891	71855853	1	1	0	1	0	40
chr2	71853948	71855853	1	1	0	1	0	40
chr2	75662926	75663570	1	1	1	5	2	40
chr2	91001089	91001461	1	1	1	479	0	24
chr2	91001089	91003299	1	1	0	1	0	33
chr2	91001511	91003210	1	1	1	470	0	25
chr2	91003238	91003810	1	1	0	3	0	27
chr2	91003346	91003810	1	1	1	12	0	36
chr2	91159300	91162027	2	2	0	2	0	41
chr2	91159306	91160316	2	2	1	116	0	47
chr2	91159306	91162027	2	2	1	307	0	47
chr2	91160371	91162027	2	2	1	116	0	39
chr2	91681696	91682025	2	2	1	1	0	50
chr2	91681696	91684668	2	2	1	151	0	50
chr2	91682110	91684668	2	2	0	1	0	38
chr2	153670448	153672215	1	1	1	2	0	50
chr3	60422418	60613472	1	1	0	0	4	15
chr3	60613521	60614682	1	1	1	862	2	44
chr3	60613521	60615619	1	1	1	1002	4	45
chr3	60614737	60615619	1	1	1	865	2	44
chr3	87733505	87734423	1	1	1	10	0	39
chr3	87733505	87735344	1	1	0	8	0	40
chr3	87734553	87735344	1	1	1	10	0	37
chr3	88483947	88484046	2	2	1	203	0	38
chr3	88484155	88484614	2	2	1	201	0	44
chr3	119724187	119724611	2	2	1	3309	2	34
chr3	119724187	119726065	2	2	1	12	0	29
chr3	119724646	119726065	2	2	1	3371	2	38
chr3	129825617	129826823	2	2	1	2	0	36
chr4	31992517	31994873	1	1	1	132	0	39
chr4	31992517	32002088	1	1	1	2168	1	49
chr4	31994955	32002088	1	1	1	134	0	49
chr4	107009769	107027216	1	1	1	12	0	38
chr4	107009769	107028192	1	1	1	102	0	43
chr4	107027298	107028192	1	1	1	13	0	41
chr5	23565266	23616326	2	2	1	571	2	46
chr5	34639047	34639184	2	2	1	1	0	23
chr5	72958287	72974530	1	1	1	53	0	42
chr5	116482532	116591333	2	2	0	4	0	45
chr5	116482537	116591333	2	2	1	681	2	50
chr5	149184807	149187707	1	1	1	12	0	44
chr5	149184807	149188344	1	1	1	418	0	45
chr5	149187835	149188344	1	1	1	3	0	39
chr5	149187864	149188344	1	1	0	1	0	39
chr5	149187877	149188344	1	1	1	8	0	39
chr6	47577668	47594893	2	2	1	1	0	28
chr6	98939789	98941535	2	2	1	117	0	46
chr6	98939789	98944618	2	2	0	16	0	46
chr6	98941658	98944618	2	2	1	116	0	36
chr6	125162102	125162211	2	2	1	224	11	36
chr6	128371086	128371967	1	1	1	2213	0	44
chr6	128371086	128372530	1	1	1	1	0	49
chr6	128371086	128372533	1	1	1	9	0	46
chr6	128372013	128372278	1	1	0	1	0	27
chr6	128372013	128372504	1	1	0	18	0	27
chr6	128372013	128372509	1	1	0	2	0	31
chr6	128372013	128372530	1	1	1	293	0	47
chr6	128372013	128372533	1	1	1	1863	0	46
chr6	128372013	128372536	1	1	0	4	0	43
chr6	128372018	128372504	1	1	0	1	0	26
chr6	128372018	128372530	1	1	0	2	0	49
chr6	128372018	128372533	1	1	0	32	0	46
chr6	128372306	128372533	1	1	0	1	0	27
chr7	67240441	67244520	2	2	1	140	0	24
chr7	67240441	67251656	2	2	1	914	1	44
chr7	67244545	67251656	2	2	1	140	0	24
chr7	101956449	102001614	1	1	0	1	0	14
chr7	102001660	102002294	1	1	1	908	0	43
chr7	102001660	102007485	1	1	1	288	0	43
chr7	102001665	102002300	1	1	0	1	0	32
chr7	102002337	102007485	1	1	1	908	0	42
chr7	112839481	112841887	1	1	1	5	0	41
chr7	112839481	112842039	1	1	1	92	0	41
chr7	112839481	112856052	1	1	1	3	0	12
chr7	112839481	112856797	1	1	1	1	0	41
chr7	112841951	112856052	1	1	1	1	0	12
chr7	112842103	112856052	1	1	1	89	0	12
chr7	112842103	112856797	1	1	1	6	0	37
chr7	112856065	112856797	1	1	1	93	0	12
chr7	112856065	112856803	1	1	0	1	0	12
chr7	127980247	127981190	1	1	1	12	0	3
chr7	127981292	127981410	1	1	1	12	0	6
chr7	131396852	131410386	2	2	1	1	0	41
chr8	25532429	25557730	1	1	1	3	0	44
chr8	25555775	25557730	1	1	1	1	0	37
chr8	95100453	95100646	2	2	1	620	0	31
chr8	95100453	95101408	2	2	0	85	0	46
chr8	95100674	95101408	2	2	1	620	0	42
chr8	121628690	121651724	2	2	1	1	0	31
chr8	123268550	123268744	2	2	1	132	0	46
chr9	43027296	43040539	2	2	1	81	0	38
chr9	43027296	43042590	2	2	1	46	0	45
chr9	43040593	43042590	2	2	0	1	0	43
chr9	43040597	43042590	2	2	1	82	0	48
chr9	80093642	80098885	1	1	1	4160	3	26
chr9	80093642	80098892	1	1	0	96	1	14
chr9	80093642	80103693	1	1	1	165	0	45
chr9	80093656	80103693	1	1	0	0	1	37
chr9	80098907	80101831	1	1	0	2	0	21
chr9	80098907	80103693	1	1	1	4255	4	24
chr9	80098907	80103698	1	1	0	2	0	21
chr9	80101891	80103693	1	1	0	2	0	37
chr9	114597607	114597794	2	2	1	313	0	39
chr9	114597607	114598704	2	2	0	17	0	42
chr9	114597825	114598704	2	2	0	2	0	30
chr9	114597831	114598704	2	2	1	310	0	36
chr11	79458907	79463232	1	1	1	17	0	42
chr11	79458907	79468113	1	1	1	1	0	41
chr11	79458907	79468716	1	1	1	116	0	43
chr11	79463296	79468716	1	1	1	17	0	38
chr11	79468155	79468716	1	1	1	1	0	38
chr11	94112147	94113262	1	1	1	71	0	23
chr11	94112147	94114172	1	1	1	155	0	32
chr11	94113302	94114172	1	1	1	74	0	39
chr11	102310577	102310925	2	2	1	37	0	42
chr11	102310577	102311379	2	2	1	493	0	46
chr11	102311037	102311379	2	2	1	38	0	46
chr12	71952560	71958746	1	1	1	29	0	27
chr12	71952560	71959805	1	1	1	27	0	43
chr12	71958774	71959805	1	1	1	29	0	27
chr12	83811361	83825258	2	2	1	36	0	33
chr12	83811361	83831921	2	2	1	217	1	41
chr12	83825292	83831921	2	2	1	36	0	33
chr12	112928622	113133308	1	1	0	0	4	13
chr12	113133338	113133495	1	1	0	75	13	43
chr12	113133338	113133540	1	1	1	1260	45	43
chr12	113133338	113135796	1	1	1	15	0	29
chr12	113133577	113134800	1	1	0	4	0	12
chr12	113133577	113135796	1	1	1	1284	58	29
chr12	113134813	113135796	1	1	0	4	0	12
chr13	46778990	46785245	2	2	0	1	0	44
chr13	46778994	46780625	2	2	1	515	2	42
chr13	46778994	46785245	2	2	1	1404	3	45
chr13	46780665	46785245	2	2	1	512	2	39
chr13	56084286	56089757	2	2	1	35	0	41
chr13	56089858	56096123	2	2	1	37	0	41
chr14	57643224	57643334	2	2	1	1	0	39
chr14	57643224	57648418	2	2	1	57	0	42
chr14	57643490	57648418	2	2	1	1	0	38
chr14	120389164	120395711	1	1	1	142	0	38
chr14	120389164	120395717	1	1	0	3	0	38
chr14	120389164	120396450	1	1	1	361	1	48
chr14	120395766	120396450	1	1	1	148	0	48
chr15	77102940	77105576	2	2	1	137	0	42
chr15	77102940	77113604	2	2	1	6	0	48
chr15	77105670	77113604	2	2	1	137	0	48
chr15	103242719	103243624	1	1	1	0	1	33
chr16	57178021	57181491	2	2	1	192	0	43
chr16	57178021	57182850	2	2	1	51	0	43
chr16	57181537	57182850	2	2	1	191	0	34
chr17	12979205	13846588	1	1	0	30	0	12
chr17	13846640	13848354	1	1	1	2856	4	21
chr17	13846640	13848361	1	1	0	1	0	14
chr17	13846640	13849107	1	1	1	2463	3	43
chr17	13846640	13849113	1	1	0	9	0	48
chr17	13846640	13849116	1	1	0	3	0	50
chr17	13848376	13849107	1	1	1	2851	4	26
chr17	13848376	13849113	1	1	0	2	0	21
chr17	13849663	13850779	1	1	1	1	0	9
chr17	45570567	45570665	2	2	1	386	2	42
chr17	45570800	45571017	2	2	1	442	1	21
chr18	53948155	53948644	1	1	1	7054	3	33
chr18	53948155	53953244	1	1	1	1045	1	41
chr18	53948666	53953244	1	1	0	3	0	21
chr18	53948669	53953244	1	1	1	7050	3	37
chr18	53948673	53953244	1	1	0	1	0	28
chr19	7281256	7281797	2	4	1	129	0	39
chr19	7281256	7282331	2	2	0	1	0	38
chr19	7281256	7282725	2	2	1	742	0	35
chr19	7281960	7282725	2	2	1	136	0	31
