chr1	16648008	16656991	2	2	1	2	0	29
chr1	34295537	34296741	1	1	1	52	0	18
chr1	34295537	34299720	1	1	1	182	0	45
chr1	34296760	34299720	1	1	1	52	0	18
chr1	40010678	40011649	1	1	1	40	0	21
chr1	40010678	40011783	1	1	0	1	0	21
chr1	40010678	40014105	1	1	1	78	1	32
chr1	40011842	40014105	1	1	1	41	0	38
chr1	82735508	82741817	1	1	1	2	0	20
chr1	82735508	82747082	1	1	1	3	0	40
chr1	82735508	82750519	1	1	1	52	0	40
chr1	82747143	82750519	1	1	1	3	0	38
chr1	91500911	91501004	1	1	1	1	0	30
chr1	125403567	125405844	2	2	1	1	0	26
chr2	32292216	32293314	1	1	1	3	0	43
chr2	32292216	32296625	1	1	1	62	0	43
chr2	32293396	32296625	1	1	1	4	0	38
chr2	59932171	59933405	2	2	0	12	0	33
chr2	59932171	59933411	2	2	1	63	0	31
chr2	59932171	59933670	2	2	1	11	0	39
chr2	59933439	59933670	2	2	1	72	0	28
chr2	71849507	71853533	1	1	1	44	0	39
chr2	71849507	71855853	1	1	1	1456	4	43
chr2	71853664	71855853	1	1	1	44	0	40
chr2	71853891	71855853	1	1	0	1	0	40
chr2	75662926	75663570	1	1	1	7	2	37
chr2	75663715	75665027	1	1	1	0	1	13
chr2	91001089	91001461	1	1	1	471	0	34
chr2	91001089	91003299	1	1	0	2	0	33
chr2	91001511	91003210	1	1	1	464	0	43
chr2	91003346	91003810	1	1	1	16	0	36
chr2	91159306	91160316	2	2	1	5	0	47
chr2	91159306	91162027	2	2	1	132	0	47
chr2	91160371	91162027	2	2	1	5	0	38
chr2	91681696	91682025	2	2	1	1	0	50
chr2	91681696	91684668	2	2	1	703	0	50
chr2	91682137	91684668	2	2	1	1	0	38
chr2	153670448	153670848	1	1	1	43	0	44
chr2	153670448	153672215	1	1	1	1	0	50
chr2	153670909	153672215	1	1	1	43	0	50
chr2	168752741	168754433	2	2	1	12966	8	46
chr3	60613521	60614682	1	1	1	140	0	44
chr3	60613521	60615619	1	1	1	38	0	44
chr3	60614737	60615619	1	1	1	141	0	37
chr3	87733505	87734423	1	1	1	2	0	39
chr3	87733505	87735344	1	1	0	147	0	41
chr3	87734553	87735344	1	1	1	2	0	37
chr3	88483947	88484046	2	2	1	74	0	37
chr3	88483947	88484614	2	2	0	1	0	39
chr3	88484155	88484614	2	2	1	73	0	39
chr3	119724187	119724611	2	2	1	1282	2	34
chr3	119724187	119726065	2	2	1	5	0	29
chr3	119724646	119726065	2	2	1	1306	2	38
chr3	129825617	129826823	2	2	1	1	0	34
chr4	31992517	31993403	1	1	0	1	0	21
chr4	31992517	31994873	1	1	1	1350	2	40
chr4	31992517	32002088	1	1	1	917	1	49
chr4	31993425	31994873	1	1	0	1	0	17
chr4	31994955	32002088	1	1	1	1348	2	49
chr4	32002154	32010315	1	1	1	1	0	21
chr4	46468788	46469882	1	1	1	1	0	11
chr4	107009769	107027216	1	1	1	43	1	45
chr4	107009769	107028192	1	1	1	279	0	44
chr4	107027298	107028192	1	1	1	45	1	42
chr4	139473637	139476130	1	1	1	2	0	8
chr4	139476350	139477127	1	1	1	1	0	37
chr5	23565266	23616326	2	2	1	166	0	46
chr5	65388442	65388561	2	2	1	1	0	29
chr5	72958287	72974530	1	1	1	28	0	41
chr5	116482537	116591333	2	2	1	2	0	50
chr5	149184807	149187707	1	1	1	38	0	43
chr5	149184807	149188344	1	1	1	201	0	44
chr5	149187835	149188344	1	1	1	7	0	39
chr5	149187877	149188344	1	1	1	31	0	40
chr6	72634233	72634303	2	2	0	1	0	37
chr6	72634233	72648800	2	2	1	3400	2	42
chr6	72634233	72649119	2	2	1	6668	6	50
chr6	72634256	72649119	2	2	0	1	0	40
chr6	72634351	72649119	2	2	0	1	0	40
chr6	72648843	72649119	2	2	1	3380	2	42
chr6	98939789	98940994	2	2	1	4	0	45
chr6	98939789	98941535	2	2	1	66	1	45
chr6	98939789	98944618	2	2	0	6	0	45
chr6	98941165	98944618	2	2	0	4	0	36
chr6	98941658	98944618	2	2	1	67	1	36
chr6	125162102	125162211	2	2	1	588	20	37
chr6	128371086	128371967	1	1	1	1587	3	43
chr6	128371086	128372530	1	1	1	51	0	49
chr6	128371086	128372533	1	1	1	542	0	46
chr6	128371086	128372539	1	1	0	1	0	40
chr6	128372013	128372504	1	1	0	8	0	26
chr6	128372013	128372509	1	1	0	1	0	31
chr6	128372013	128372530	1	1	1	218	0	47
chr6	128372013	128372533	1	1	1	1336	3	46
chr6	128372013	128372536	1	1	0	2	0	43
chr6	128372018	128372530	1	1	0	2	0	49
chr6	128372018	128372533	1	1	0	23	0	46
chr7	25724845	25725923	2	2	1	1	0	37
chr7	45377279	45377355	2	2	1	1	0	18
chr7	67240441	67244520	2	2	1	14	0	24
chr7	67240441	67251656	2	2	1	504	0	44
chr7	67244545	67251656	2	2	1	14	0	24
chr7	101405603	102001614	1	1	0	4	0	13
chr7	102001660	102002294	1	1	1	195	0	42
chr7	102001660	102007485	1	1	1	2408	3	47
chr7	102002337	102007485	1	1	1	197	0	40
chr7	112839481	112841887	1	1	1	7	0	41
chr7	112839481	112842039	1	1	1	136	1	42
chr7	112839481	112856052	1	1	1	3	0	12
chr7	112839481	112856797	1	1	1	23	0	41
chr7	112841951	112856797	1	1	0	4	0	37
chr7	112842103	112856052	1	1	1	13	0	12
chr7	112842103	112856797	1	1	1	128	1	38
chr7	112856065	112856797	1	1	1	16	0	12
chr7	127980247	127981190	1	1	1	10	0	5
chr7	127981292	127981410	1	1	1	11	0	6
chr7	144847532	144862231	1	1	1	2	0	3
chr7	144861833	144862231	1	1	1	1258	0	39
chr7	144861837	144862231	1	1	0	1	0	32
chr7	144862267	144862764	1	1	0	2	0	35
chr7	144862336	144862764	1	1	1	1251	0	49
chr8	25532429	25557730	1	1	1	2	0	41
chr8	25555775	25557730	1	1	1	3	0	42
chr8	72219861	72219940	1	1	1	1	0	30
chr8	95100453	95100646	2	2	1	400	1	31
chr8	95100453	95101408	2	2	0	715	0	46
chr8	95100674	95101408	2	2	1	400	1	44
chr8	120569377	120570716	1	1	1	1	0	13
chr8	122485957	122486306	2	2	1	1	0	43
chr8	123268550	123268744	2	2	1	118	0	47
chr9	27010038	27010363	2	2	1	1	0	9
chr9	40803943	40804164	1	1	1	1	0	27
chr9	43027296	43040539	2	2	1	14	0	38
chr9	43027296	43042590	2	2	1	182	2	46
chr9	43040597	43042590	2	2	1	13	0	45
chr9	80093642	80098885	1	1	1	1306	2	30
chr9	80093642	80098892	1	1	0	21	0	14
chr9	80093642	80103693	1	1	1	6519	2	45
chr9	80098907	80099016	1	1	0	1	0	21
chr9	80098907	80103693	1	1	1	1326	2	23
chr9	80099049	80103693	1	1	0	1	0	37
chr9	114597607	114597794	2	2	1	289	1	38
chr9	114597607	114598704	2	2	0	285	0	42
chr9	114597825	114598704	2	2	0	1	0	30
chr9	114597831	114598704	2	2	1	287	1	38
chr11	78233684	78245547	2	2	1	1	0	14
chr11	79458907	79463232	1	1	1	19	0	42
chr11	79458907	79468716	1	1	1	37	0	43
chr11	79463296	79468716	1	1	1	19	0	39
chr11	94112147	94113262	1	1	1	13	0	21
chr11	94112147	94114172	1	1	1	240	0	32
chr11	94112147	94114187	1	1	0	1	0	29
chr11	94113302	94114172	1	1	1	14	0	39
chr11	102310577	102310925	2	2	1	85	0	43
chr11	102310577	102311379	2	2	1	239	0	46
chr11	102311037	102311379	2	2	1	85	0	45
chr12	71952560	71959805	1	1	1	198	0	45
chr12	83811361	83825258	2	2	1	186	0	37
chr12	83811361	83831921	2	2	1	144	0	41
chr12	83825292	83831921	2	2	1	185	0	34
chr12	83825319	83831921	2	2	0	1	0	38
chr12	113133338	113133495	1	1	0	12	0	42
chr12	113133338	113133540	1	1	1	359	1	43
chr12	113133338	113135796	1	1	1	833	0	29
chr12	113133577	113135796	1	1	1	353	1	29
chr13	46778994	46780625	2	2	1	691	0	42
chr13	46778994	46785245	2	2	1	2371	6	46
chr13	46780663	46785245	2	2	0	2	0	37
chr13	46780665	46785245	2	2	1	688	0	40
chr13	56084286	56088251	2	2	1	2	0	40
chr13	56084286	56089757	2	2	1	17	0	40
chr13	56088343	56096123	2	2	1	2	0	38
chr13	56089858	56096123	2	2	1	17	0	38
chr14	57643224	57643334	2	2	1	2	0	39
chr14	57643224	57648418	2	2	1	144	0	47
chr14	57643490	57648418	2	2	1	2	0	38
chr14	120389164	120395711	1	1	1	325	0	43
chr14	120389164	120395717	1	1	0	2	0	38
chr14	120389164	120396450	1	1	1	115	0	48
chr14	120395766	120396450	1	1	1	333	0	48
chr15	77102940	77105576	2	2	1	121	0	41
chr15	77102940	77113604	2	2	1	14	0	44
chr15	77105670	77113604	2	2	1	122	0	48
chr15	97162083	97166502	2	2	1	1	0	40
chr15	103242719	103243624	1	1	1	0	3	33
chr16	57178021	57181491	2	2	1	21	0	44
chr16	57178021	57182850	2	2	1	1097	0	44
chr16	57181537	57182850	2	2	1	21	0	33
chr16	94686604	94691580	1	1	1	1	0	45
chr17	12979205	13846588	1	1	0	45	1	12
chr17	13846640	13848354	1	1	1	588	0	22
chr17	13846640	13849107	1	1	1	11279	15	46
chr17	13846640	13849113	1	1	0	52	0	48
chr17	13848376	13849107	1	1	1	588	0	27
chr17	45570567	45570665	2	2	1	684	1	42
chr17	45570800	45571017	2	2	1	747	1	21
chr18	10726534	10740982	1	1	1	1	0	15
chr18	53948155	53948644	1	1	1	2149	1	29
chr18	53948155	53953244	1	1	1	10756	13	44
chr18	53948666	53953244	1	1	0	1	0	21
chr18	53948669	53953244	1	1	1	2146	1	26
chr19	7281251	7282725	2	2	0	1	0	26
chr19	7281256	7281797	2	4	1	135	0	39
chr19	7281256	7282725	2	2	1	404	0	35
chr19	7281960	7282725	2	2	1	143	0	36
