chr1	34295537	34296741	1	1	1	166	0	18
chr1	34295537	34299720	1	1	1	24	0	39
chr1	34296760	34299720	1	1	1	166	0	19
chr1	40010678	40011649	1	1	1	32	0	22
chr1	40010678	40014105	1	1	1	10	0	32
chr1	40011842	40014105	1	1	1	32	0	38
chr1	82735508	82747082	1	1	1	2	0	40
chr1	82735508	82750519	1	1	1	41	0	40
chr1	82747143	82750519	1	1	1	2	0	38
chr2	30066894	30068268	1	1	1	1	0	15
chr2	32292216	32293314	1	1	1	7	0	43
chr2	32292216	32296625	1	1	1	20	0	43
chr2	32293396	32296625	1	1	1	7	0	38
chr2	59932171	59933405	2	2	0	34	0	35
chr2	59932171	59933411	2	2	1	259	0	32
chr2	59933439	59933670	2	2	1	292	0	30
chr2	71849507	71853533	1	1	1	1057	0	43
chr2	71849507	71853820	1	1	0	1	0	37
chr2	71849507	71855853	1	1	1	2740	4	42
chr2	71849507	71855868	1	1	0	1	0	46
chr2	71853664	71855853	1	1	1	1068	0	43
chr2	71853891	71855853	1	1	0	2	0	40
chr2	91001089	91001461	1	1	1	512	1	34
chr2	91001089	91003299	1	1	0	1	1	33
chr2	91001511	91003210	1	1	1	512	1	25
chr2	91003238	91003810	1	1	0	2	0	27
chr2	91003346	91003810	1	1	1	8	0	36
chr2	91159306	91160316	2	2	1	211	0	47
chr2	91159306	91162027	2	2	1	300	1	47
chr2	91160371	91162027	2	2	1	214	0	40
chr2	91681696	91684668	2	2	1	141	0	50
chr2	153670448	153672215	1	1	1	1	0	49
chr3	60201323	60613472	1	1	0	0	5	14
chr3	60357579	60613472	1	1	0	6	0	15
chr3	60422418	60613472	1	1	0	0	3	15
chr3	60613521	60614682	1	1	1	2694	6	46
chr3	60613521	60614688	1	1	0	2	0	38
chr3	60613521	60615619	1	1	1	2504	3	45
chr3	60614737	60615619	1	1	1	2655	5	45
chr3	87733505	87734423	1	1	1	24	0	39
chr3	87733505	87735344	1	1	0	7	0	39
chr3	87734553	87735344	1	1	1	24	0	37
chr3	88483947	88484046	2	2	1	179	2	40
chr3	88484155	88484614	2	2	1	178	2	40
chr3	88484666	88537145	2	2	0	0	2	12
chr3	119724187	119724611	2	2	1	8632	3	34
chr3	119724187	119726065	2	2	1	35	1	29
chr3	119724629	119726065	2	2	0	2	0	17
chr3	119724646	119726065	2	2	1	8966	3	38
chr3	119724646	119726086	2	2	0	5	0	34
chr3	129825617	129826823	2	2	1	3	0	28
chr4	31992517	31994873	1	1	1	234	0	39
chr4	31992517	32002088	1	1	1	2230	2	49
chr4	31994955	32002088	1	1	1	226	0	49
chr4	107009769	107027216	1	1	1	22	0	41
chr4	107009769	107028192	1	1	1	286	1	46
chr4	107027298	107028192	1	1	1	22	0	43
chr5	23565266	23616326	2	2	1	2288	5	49
chr5	23615795	23616326	2	2	0	1	0	45
chr5	72958287	72965803	1	1	1	2	0	40
chr5	72958287	72974530	1	1	1	89	0	42
chr5	72965882	72974530	1	1	1	2	0	41
chr5	116477146	116482389	2	2	1	1	0	19
chr5	116482537	116591333	2	2	1	844	1	50
chr5	149184807	149187707	1	1	1	12	0	43
chr5	149184807	149188344	1	1	1	241	0	45
chr5	149187835	149188344	1	1	1	2	0	39
chr5	149187877	149188344	1	1	1	9	0	39
chr6	47577668	47594893	2	2	1	1	0	26
chr6	98939789	98941535	2	2	1	80	0	46
chr6	98939789	98944618	2	2	0	1	0	36
chr6	98941658	98944618	2	2	1	80	0	36
chr6	125162102	125162211	2	2	1	137	4	38
chr6	128371086	128371967	1	1	1	2751	0	45
chr6	128371086	128372530	1	1	1	4	0	49
chr6	128371086	128372533	1	1	1	8	0	46
chr6	128372013	128372278	1	1	0	1	0	25
chr6	128372013	128372504	1	1	0	18	0	26
chr6	128372013	128372509	1	1	0	4	0	31
chr6	128372013	128372530	1	1	1	331	0	47
chr6	128372013	128372533	1	1	1	2352	0	46
chr6	128372018	128372530	1	1	0	2	0	49
chr6	128372018	128372533	1	1	0	17	0	46
chr6	128372018	128372539	1	1	0	1	0	40
chr6	128372306	128372530	1	1	0	1	0	27
chr7	67240441	67244520	2	2	1	321	0	24
chr7	67240441	67251656	2	2	1	2016	1	45
chr7	67244545	67251656	2	2	1	321	0	24
chr7	102001660	102002294	1	1	1	1120	0	43
chr7	102001660	102007485	1	1	1	311	0	43
chr7	102002337	102007485	1	1	1	1109	0	42
chr7	112839481	112841887	1	1	1	3	0	41
chr7	112839481	112842039	1	1	1	52	1	41
chr7	112839481	112856052	1	1	1	1	0	12
chr7	112839481	112856797	1	1	1	4	0	43
chr7	112842103	112856052	1	1	1	50	1	12
chr7	112842103	112856797	1	1	1	3	0	37
chr7	112856065	112856797	1	1	1	51	1	12
chr7	127972771	127975887	1	1	1	0	1	1
chr7	127980247	127981190	1	1	1	15	0	44
chr7	127981292	127981410	1	1	1	16	0	6
chr8	25532429	25557730	1	1	1	2	0	44
chr8	72219861	72219940	1	1	1	1	0	30
chr8	95100443	95100636	2	2	0	1	0	36
chr8	95100453	95100646	2	2	1	664	1	31
chr8	95100453	95101408	2	2	0	61	0	45
chr8	95100674	95101408	2	2	1	665	1	42
chr8	123268550	123268744	2	2	1	107	0	46
chr9	43027296	43040539	2	2	1	111	0	39
chr9	43027296	43042590	2	2	1	71	0	45
chr9	43040597	43042590	2	2	1	112	0	46
chr9	80093642	80098885	1	1	1	6501	8	26
chr9	80093642	80098892	1	1	0	131	0	19
chr9	80093642	80103693	1	1	1	173	0	44
chr9	80098907	80099016	1	1	0	5	0	21
chr9	80098907	80101831	1	1	0	3	0	21
chr9	80098907	80103693	1	1	1	6633	8	24
chr9	80098907	80103698	1	1	0	1	0	21
chr9	80099049	80103693	1	1	0	5	0	37
chr9	80101891	80103693	1	1	0	3	0	38
chr9	114597607	114597794	2	2	1	491	1	38
chr9	114597607	114598704	2	2	0	15	0	42
chr9	114597825	114598704	2	2	0	2	0	30
chr9	114597831	114598704	2	2	1	490	1	36
chr11	79458907	79463232	1	1	1	10	0	42
chr11	79458907	79468716	1	1	1	89	0	43
chr11	79463296	79468716	1	1	1	10	0	40
chr11	94112147	94113262	1	1	1	93	0	21
chr11	94112147	94114172	1	1	1	329	0	32
chr11	94113302	94114172	1	1	1	95	0	39
chr11	102310577	102310925	2	2	1	18	0	42
chr11	102310577	102311360	2	2	0	1	0	42
chr11	102310577	102311379	2	2	1	435	0	46
chr11	102310577	102311403	2	2	0	1	0	21
chr11	102311037	102311379	2	2	1	18	0	45
chr12	71952560	71958746	1	1	1	54	0	27
chr12	71952560	71958749	1	1	0	1	0	24
chr12	71952560	71959805	1	1	1	29	0	43
chr12	71958774	71959805	1	1	1	55	0	27
chr12	83811361	83811669	2	2	0	1	0	37
chr12	83811361	83825258	2	2	1	49	0	33
chr12	83811361	83831921	2	2	1	285	0	41
chr12	83811744	83831921	2	2	0	1	0	38
chr12	83825292	83831921	2	2	1	49	0	34
chr12	113133338	113133495	1	1	0	116	20	43
chr12	113133338	113133540	1	1	1	1501	51	40
chr12	113133338	113135796	1	1	1	2	0	29
chr12	113133577	113134800	1	1	0	5	0	14
chr12	113133577	113135796	1	1	1	1538	71	29
chr12	113134813	113135796	1	1	0	4	0	12
chr13	46778990	46785245	2	2	0	1	0	44
chr13	46778994	46780545	2	2	0	1	0	40
chr13	46778994	46780625	2	2	1	672	0	42
chr13	46778994	46785245	2	2	1	1763	7	47
chr13	46780665	46785245	2	2	1	683	0	39
chr13	56084286	56089757	2	2	1	24	0	40
chr13	56089858	56096123	2	2	1	24	0	41
chr14	57643224	57648418	2	2	1	54	0	47
chr14	101654106	101654207	1	1	1	1	0	4
chr14	101665890	101666511	1	1	1	2	0	7
chr14	120389164	120395711	1	1	1	244	0	39
chr14	120389164	120395717	1	1	0	1	0	38
chr14	120389164	120396450	1	1	1	428	0	48
chr14	120395766	120396450	1	1	1	251	0	48
chr15	77102940	77105576	2	2	1	164	1	43
chr15	77102940	77113604	2	2	1	5	0	44
chr15	77105670	77113604	2	2	1	165	1	48
chr15	103242719	103243624	1	1	1	0	1	33
chr16	57178021	57181491	2	2	1	262	0	44
chr16	57178021	57182850	2	2	1	59	0	43
chr16	57181537	57182850	2	2	1	261	0	37
chr16	84831508	84834808	2	2	1	1	0	44
chr17	12979205	13846588	1	1	0	67	2	12
chr17	13846613	13848354	1	1	0	6	0	21
chr17	13846640	13848354	1	1	1	4153	2	22
chr17	13846640	13848361	1	1	0	4	0	14
chr17	13846640	13849107	1	1	1	4642	6	45
chr17	13846640	13849113	1	1	0	11	0	47
chr17	13848376	13849107	1	1	1	4154	2	29
chr17	13848376	13849113	1	1	0	1	0	21
chr17	45570558	45570665	2	2	0	1	0	36
chr17	45570567	45570665	2	2	1	326	0	37
chr17	45570800	45571017	2	2	1	360	0	21
chr18	53948155	53948644	1	1	1	18169	13	33
chr18	53948155	53948651	1	1	0	1	0	17
chr18	53948155	53953244	1	1	1	2647	3	43
chr18	53948162	53948644	1	1	0	1	0	24
chr18	53948666	53953244	1	1	0	15	0	21
chr18	53948669	53949213	1	1	0	2	0	15
chr18	53948669	53953244	1	1	1	18114	11	37
chr18	53948673	53953244	1	1	0	1	0	28
chr18	53949263	53953244	1	1	0	2	0	37
chr18	53952864	53953244	1	1	0	1	0	37
chr19	7281251	7282725	2	2	0	1	0	26
chr19	7281256	7281797	2	4	1	163	0	40
chr19	7281256	7282725	2	2	1	1492	0	36
chr19	7281960	7282725	2	2	1	177	0	35
KV575235.1	147143	149353	1	1	0	0	1	33
