chr1	34295537	34296741	1	1	1	178	0	18
chr1	34295537	34299720	1	1	1	36	0	38
chr1	34296760	34299720	1	1	1	178	0	19
chr1	37885317	37890159	2	2	1	1	0	37
chr1	40010678	40011649	1	1	1	114	0	26
chr1	40010678	40011787	1	1	0	1	0	21
chr1	40010678	40011811	1	1	0	5	0	21
chr1	40010678	40014105	1	1	1	58	3	32
chr1	40011842	40014105	1	1	1	116	0	38
chr1	82735508	82747082	1	1	1	2	0	40
chr1	82735508	82750519	1	1	1	86	1	41
chr1	82747143	82750519	1	1	1	2	0	38
chr2	32292216	32293314	1	1	1	21	0	43
chr2	32292216	32296625	1	1	1	87	0	44
chr2	32293396	32296625	1	1	1	21	0	38
chr2	59926161	59932104	2	2	1	1	0	7
chr2	59932171	59933405	2	2	0	109	0	33
chr2	59932171	59933411	2	2	1	565	0	33
chr2	59933439	59933670	2	2	1	664	0	30
chr2	71849507	71853533	1	1	1	790	0	40
chr2	71849507	71855853	1	1	1	2801	3	45
chr2	71849507	71855868	1	1	0	8	0	46
chr2	71853664	71855853	1	1	1	804	0	41
chr2	71853891	71855853	1	1	0	1	0	40
chr2	75662926	75663570	1	1	1	3	0	35
chr2	91001089	91001461	1	1	1	729	0	27
chr2	91001089	91003210	1	1	0	0	2	24
chr2	91001089	91003299	1	1	0	4	0	34
chr2	91001511	91003210	1	1	1	728	0	21
chr2	91003346	91003810	1	1	1	9	0	36
chr2	91159300	91162027	2	2	0	2	0	41
chr2	91159306	91160316	2	2	1	236	1	47
chr2	91159306	91162027	2	2	1	529	0	47
chr2	91160371	91162027	2	2	1	237	1	39
chr2	91681696	91684668	2	2	1	281	1	50
chr2	153670448	153670848	1	1	1	1	0	17
chr2	153670448	153672215	1	1	1	4	1	50
chr2	153670866	153672215	1	1	0	1	0	17
chr2	153713625	153714954	1	1	1	0	1	50
chr3	60357579	60613472	1	1	0	4	0	15
chr3	60613513	60615612	2	2	0	1	0	45
chr3	60613521	60614682	1	1	1	1924	0	45
chr3	60613521	60614688	1	1	0	1	0	44
chr3	60613521	60615619	1	1	1	2063	3	45
chr3	60614737	60615619	1	1	1	1925	1	42
chr3	87733505	87734423	1	1	1	18	0	40
chr3	87733505	87735344	1	1	0	9	0	39
chr3	87734553	87735344	1	1	1	19	0	37
chr3	88483947	88484046	2	2	1	241	0	38
chr3	88484155	88484614	2	2	1	234	0	45
chr3	119724187	119724611	2	2	1	6412	5	34
chr3	119724187	119726065	2	2	1	20	0	29
chr3	119724646	119726065	2	2	1	6606	5	38
chr4	31992517	31994873	1	1	1	296	0	40
chr4	31992517	32002088	1	1	1	4462	11	49
chr4	31994955	32002088	1	1	1	297	0	49
chr4	107009769	107027216	1	1	1	27	0	39
chr4	107009769	107028192	1	1	1	191	0	44
chr4	107027298	107028192	1	1	1	33	0	41
chr5	23565266	23576311	2	2	0	1	0	37
chr5	23565266	23615740	2	2	0	2	0	37
chr5	23565266	23616326	2	2	1	1467	0	49
chr5	23576386	23616326	2	2	0	1	0	45
chr5	23615795	23616326	2	2	0	2	0	45
chr5	72958287	72965803	1	1	1	2	0	37
chr5	72958287	72974530	1	1	1	140	0	42
chr5	72965882	72974530	1	1	1	3	0	41
chr5	116477146	116482389	2	2	1	2	0	44
chr5	116482532	116591333	2	2	0	5	0	45
chr5	116482537	116591333	2	2	1	1033	5	50
chr5	149184807	149185484	1	1	1	1	0	42
chr5	149184807	149187707	1	1	1	34	0	43
chr5	149184807	149188344	1	1	1	645	1	45
chr5	149185662	149188344	1	1	0	1	0	39
chr5	149187835	149188344	1	1	1	1	0	39
chr5	149187877	149188344	1	1	1	33	0	39
chr6	98939789	98941535	2	2	1	158	0	46
chr6	98939789	98944618	2	2	0	3	0	46
chr6	98941658	98944618	2	2	1	159	0	36
chr6	125162102	125162211	2	2	1	417	13	36
chr6	128371086	128371967	1	1	1	5238	7	45
chr6	128371086	128372533	1	1	1	19	0	46
chr6	128372013	128372278	1	1	0	1	0	27
chr6	128372013	128372504	1	1	0	34	0	27
chr6	128372013	128372509	1	1	0	11	0	31
chr6	128372013	128372530	1	1	1	665	0	47
chr6	128372013	128372533	1	1	1	4466	7	46
chr6	128372013	128372536	1	1	0	2	0	43
chr6	128372013	128372539	1	1	0	2	0	40
chr6	128372018	128372530	1	1	0	5	0	49
chr6	128372018	128372533	1	1	0	50	0	46
chr6	128372208	128372533	1	1	0	1	0	46
chr6	128372306	128372533	1	1	0	1	0	27
chr7	67240441	67244520	2	2	1	265	0	24
chr7	67240441	67251656	2	2	1	2197	2	45
chr7	67240443	67251659	1	1	0	1	0	41
chr7	67244545	67251656	2	2	1	265	0	24
chr7	101405603	102001614	1	1	0	5	0	13
chr7	102001660	102002294	1	1	1	1784	4	43
chr7	102001660	102007485	1	1	1	628	0	43
chr7	102001665	102002300	1	1	0	0	3	36
chr7	102002337	102007485	1	1	1	1794	4	44
chr7	112839481	112841887	1	1	1	5	1	41
chr7	112839481	112842039	1	1	1	148	2	41
chr7	112839481	112856052	1	1	1	3	0	12
chr7	112839481	112856797	1	1	1	9	0	41
chr7	112841906	112842057	1	1	0	0	1	18
chr7	112841951	112856052	1	1	1	2	0	12
chr7	112842103	112856052	1	1	1	143	1	12
chr7	112842103	112856797	1	1	1	5	1	37
chr7	112856065	112856797	1	1	1	149	1	14
chr7	127980247	127981190	1	1	1	12	0	7
chr7	127981292	127981410	1	1	1	12	0	6
chr8	25532429	25555507	1	1	1	2	0	44
chr8	25532429	25557730	1	1	1	7	0	44
chr8	25555775	25557730	1	1	1	3	0	38
chr8	47528031	47529328	2	2	1	3	0	4
chr8	72219861	72219940	1	1	1	1	0	30
chr8	91688606	91932332	1	1	0	7	0	13
chr8	95100453	95100646	2	2	1	1280	0	31
chr8	95100453	95101408	2	2	0	168	0	46
chr8	95100674	95101408	2	2	1	1280	0	43
chr8	121628690	121651724	2	2	1	1	0	18
chr8	123268550	123268744	2	2	1	179	1	48
chr9	43027296	43040539	2	2	1	180	0	44
chr9	43027296	43042590	2	2	1	144	0	45
chr9	43040597	43042590	2	2	1	178	0	46
chr9	47813946	47818733	1	1	1	1	0	47
chr9	80093642	80098847	1	1	0	1	0	44
chr9	80093642	80098885	1	1	1	9854	11	26
chr9	80093642	80098892	1	1	0	284	0	19
chr9	80093642	80103693	1	1	1	314	0	45
chr9	80098907	80103693	1	1	1	10143	11	37
chr9	80098907	80103698	1	1	0	2	0	21
chr9	114597607	114597794	2	2	1	562	0	39
chr9	114597607	114598704	2	2	0	28	0	42
chr9	114597825	114598704	2	2	0	8	0	33
chr9	114597831	114598704	2	2	1	553	0	38
chr11	20335249	20831974	1	1	0	0	4	13
chr11	79458907	79463232	1	1	1	19	0	42
chr11	79458907	79468113	1	1	1	1	0	41
chr11	79458907	79468716	1	1	1	179	0	43
chr11	79463296	79468716	1	1	1	19	0	39
chr11	79468155	79468716	1	1	1	1	0	38
chr11	94112147	94113262	1	1	1	145	0	21
chr11	94112147	94114172	1	1	1	518	0	32
chr11	94113302	94114172	1	1	1	147	0	39
chr11	102310577	102310925	2	2	1	64	0	43
chr11	102310577	102311360	2	2	0	1	0	42
chr11	102310577	102311379	2	2	1	926	0	48
chr11	102311037	102311379	2	2	1	66	0	46
chr11	118262505	118263034	2	2	1	1	0	44
chr12	71952560	71958746	1	1	1	60	0	27
chr12	71952560	71959805	1	1	1	38	0	43
chr12	71958774	71959805	1	1	1	60	0	29
chr12	83811361	83825258	2	2	1	60	0	33
chr12	83811361	83831921	2	2	1	468	1	41
chr12	83825292	83831921	2	2	1	60	0	33
chr12	113133338	113133495	1	1	0	123	23	43
chr12	113133338	113133540	1	1	1	2601	81	43
chr12	113133338	113135796	1	1	1	33	0	29
chr12	113133577	113134186	1	1	0	3	0	28
chr12	113133577	113134800	1	1	0	9	0	12
chr12	113133577	113135796	1	1	1	2609	103	29
chr12	113134231	113135796	1	1	0	3	0	29
chr12	113134813	113135796	1	1	0	9	0	12
chr13	46778994	46780545	2	2	0	2	0	40
chr13	46778994	46780625	2	2	1	838	0	43
chr13	46778994	46785245	2	2	1	3084	8	46
chr13	46780665	46785245	2	2	1	843	0	39
chr13	56084286	56089757	2	2	1	77	0	40
chr13	56084286	56096123	2	2	0	2	0	40
chr13	56089858	56096123	2	2	1	76	0	41
chr14	57643224	57643334	2	2	1	3	0	39
chr14	57643224	57648418	2	2	1	122	0	41
chr14	57643490	57648418	2	2	1	3	0	38
chr14	120389164	120395711	1	1	1	273	0	39
chr14	120389164	120396450	1	1	1	653	1	48
chr14	120395766	120396450	1	1	1	281	0	48
chr15	77102940	77105576	2	2	1	314	0	41
chr15	77102940	77110164	2	2	0	1	0	40
chr15	77102940	77113604	2	2	1	17	0	48
chr15	77105670	77113604	2	2	1	315	0	48
chr15	77110206	77113604	2	2	0	1	0	44
chr16	57178021	57181491	2	2	1	346	0	45
chr16	57178021	57182850	2	2	1	149	0	43
chr16	57181537	57182850	2	2	1	344	0	33
chr16	84831508	84834808	2	2	1	1	0	44
chr17	12979205	13846588	1	1	0	51	4	12
chr17	13846613	13848354	1	1	0	9	0	21
chr17	13846640	13848354	1	1	1	5263	6	29
chr17	13846640	13849107	1	1	1	4770	9	50
chr17	13846640	13849113	1	1	0	6	0	47
chr17	13846644	13848358	1	1	0	1	0	17
chr17	13848376	13849107	1	1	1	5262	6	26
chr17	13848376	13849113	1	1	0	8	0	21
chr17	45570567	45570665	2	2	1	730	0	37
chr17	45570800	45571017	2	2	1	837	0	24
chr17	51783067	51785528	2	2	1	4	0	40
chr17	51785641	51803430	2	2	1	4	0	14
chr18	53948155	53948381	1	1	0	1	0	39
chr18	53948155	53948644	1	1	1	17220	13	39
chr18	53948155	53948651	1	1	0	1	0	17
chr18	53948155	53953244	1	1	1	3104	5	43
chr18	53948447	53948644	1	1	0	1	0	13
chr18	53948666	53953244	1	1	0	8	0	21
chr18	53948669	53953244	1	1	1	17186	13	37
chr18	53948669	53953268	1	1	0	1	0	24
chr18	53948681	53953244	1	1	0	1	0	36
chr18	64511878	64511983	2	2	1	1	0	37
chr18	64515406	64516415	2	2	1	2	0	42
chr18	64515409	64516415	2	2	1	1	0	28
chr19	7281251	7282725	2	2	0	2	1	31
chr19	7281256	7281797	2	4	1	257	3	40
chr19	7281256	7282725	2	2	1	1725	0	36
chr19	7281960	7282725	2	2	1	265	3	35
chrX	73952667	73952825	2	2	1	1	0	10
KV575235.1	147143	149264	1	1	0	0	2	24
