chr1	34295537	34296741	1	1	1	162	1	18
chr1	34295537	34299720	1	1	1	25	0	39
chr1	34296760	34299720	1	1	1	162	1	19
chr1	40010678	40011649	1	1	1	138	0	32
chr1	40010678	40011783	1	1	0	1	0	21
chr1	40010678	40011787	1	1	0	1	0	21
chr1	40010678	40011811	1	1	0	2	0	21
chr1	40010678	40014105	1	1	1	26	4	32
chr1	40011842	40014105	1	1	1	139	0	40
chr1	82735508	82741817	1	1	1	2	0	40
chr1	82735508	82747082	1	1	1	3	0	40
chr1	82735508	82750519	1	1	1	68	0	40
chr1	82747143	82750519	1	1	1	3	0	38
chr2	32292216	32293314	1	1	1	15	0	43
chr2	32292216	32296625	1	1	1	71	0	47
chr2	32293396	32296625	1	1	1	15	0	38
chr2	59926161	59932104	2	2	1	8	0	31
chr2	59932171	59933405	2	2	0	87	0	37
chr2	59932171	59933411	2	2	1	467	0	31
chr2	59932171	59933670	2	2	1	5	0	38
chr2	59933439	59933670	2	2	1	548	0	30
chr2	59933695	60718197	2	2	0	4	0	13
chr2	71849507	71853533	1	1	1	785	0	41
chr2	71849507	71853820	1	1	0	1	0	37
chr2	71849507	71853890	1	1	0	1	0	39
chr2	71849507	71855853	1	1	1	2525	3	44
chr2	71849507	71855868	1	1	0	2	0	46
chr2	71853664	71855853	1	1	1	797	0	50
chr2	71853891	71855853	1	1	0	1	0	40
chr2	71853948	71855853	1	1	0	1	0	40
chr2	75662926	75663570	1	1	1	8	1	39
chr2	91001089	91001461	1	1	1	695	0	34
chr2	91001089	91003299	1	1	0	1	0	33
chr2	91001511	91003210	1	1	1	696	0	25
chr2	91003238	91003810	1	1	0	1	0	27
chr2	91003346	91003810	1	1	1	16	0	36
chr2	91159306	91160316	2	2	1	240	0	47
chr2	91159306	91162027	2	2	1	447	1	47
chr2	91160371	91162027	2	2	1	240	0	39
chr2	91681696	91682025	2	2	1	1	0	50
chr2	91681696	91684668	2	2	1	177	0	50
chr2	91682137	91684668	2	2	1	1	0	38
chr2	153670448	153672215	1	1	1	3	0	50
chr3	60357579	60613472	1	1	0	4	0	15
chr3	60422418	60613472	1	1	0	0	6	15
chr3	60613521	60614682	1	1	1	1357	5	45
chr3	60613521	60614688	1	1	0	2	0	44
chr3	60613521	60615619	1	1	1	1267	3	45
chr3	60614737	60615619	1	1	1	1356	6	40
chr3	87733505	87734423	1	1	1	11	0	39
chr3	87733505	87735344	1	1	0	13	0	39
chr3	87734553	87735344	1	1	1	10	0	37
chr3	88483947	88484046	2	2	1	313	0	39
chr3	88483947	88484614	2	2	0	2	0	38
chr3	88484077	88484614	2	2	0	1	0	30
chr3	88484155	88484614	2	2	1	313	0	40
chr3	119724187	119724611	2	2	1	5479	4	34
chr3	119724187	119726065	2	2	1	14	0	29
chr3	119724646	119726065	2	2	1	5601	4	38
chr4	31992517	31994873	1	1	1	226	0	40
chr4	31992517	32002088	1	1	1	3868	1	50
chr4	31994955	32002088	1	1	1	227	0	48
chr4	107009769	107027216	1	1	1	22	0	38
chr4	107009769	107028192	1	1	1	154	1	43
chr4	107027298	107028192	1	1	1	26	0	41
chr4	139473637	139476130	1	1	1	3	0	8
chr5	13042670	13661475	1	1	0	4	0	13
chr5	23565266	23616326	2	2	1	915	0	46
chr5	23615795	23616326	2	2	0	1	0	45
chr5	72958287	72965803	1	1	1	1	0	23
chr5	72958287	72974530	1	1	1	68	0	41
chr5	72965882	72974530	1	1	1	1	0	41
chr5	99967388	99976533	2	2	1	1	0	8
chr5	99976591	99978391	2	2	1	1	0	21
chr5	116477146	116482389	2	2	1	2	0	47
chr5	116482537	116591333	2	2	1	832	0	50
chr5	149184807	149187707	1	1	1	17	0	44
chr5	149184807	149188344	1	1	1	563	2	45
chr5	149187835	149188344	1	1	1	2	0	39
chr5	149187877	149188344	1	1	1	15	0	39
chr6	47577668	47594893	2	2	1	2	0	26
chr6	98939789	98941535	2	2	1	132	0	45
chr6	98939789	98944618	2	2	0	11	0	45
chr6	98941658	98944618	2	2	1	129	0	36
chr6	125162102	125162211	2	2	1	372	8	37
chr6	128371086	128371967	1	1	1	3916	1	44
chr6	128371086	128372530	1	1	1	5	0	49
chr6	128371086	128372533	1	1	1	21	0	46
chr6	128372013	128372504	1	1	0	24	0	26
chr6	128372013	128372509	1	1	0	8	0	31
chr6	128372013	128372530	1	1	1	518	0	48
chr6	128372013	128372533	1	1	1	3329	1	46
chr6	128372013	128372539	1	1	0	1	0	40
chr6	128372018	128372530	1	1	0	6	0	49
chr6	128372018	128372533	1	1	0	30	0	46
chr6	146590037	146595175	1	1	1	1	0	7
chr7	67240441	67244520	2	2	1	222	1	28
chr7	67240441	67251656	2	2	1	1322	1	49
chr7	67244545	67251656	2	2	1	222	1	24
chr7	102001660	102002294	1	1	1	1537	1	43
chr7	102001660	102007485	1	1	1	453	0	43
chr7	102002337	102007485	1	1	1	1530	1	42
chr7	112839481	112841887	1	1	1	7	0	41
chr7	112839481	112842039	1	1	1	158	0	42
chr7	112839481	112856052	1	1	1	4	0	12
chr7	112839481	112856797	1	1	1	10	0	41
chr7	112841951	112856052	1	1	1	3	0	12
chr7	112842103	112856052	1	1	1	154	0	12
chr7	112842103	112856797	1	1	1	3	0	37
chr7	112856065	112856797	1	1	1	166	0	14
chr7	127972771	127974399	1	1	1	1	0	7
chr7	127980247	127981190	1	1	1	7	0	22
chr7	127981292	127981410	1	1	1	10	0	6
chr8	25532429	25555507	1	1	1	1	0	41
chr8	25532429	25557730	1	1	1	3	0	44
chr8	25555775	25557730	1	1	1	1	0	38
chr8	95100453	95100646	2	2	1	804	0	31
chr8	95100453	95101408	2	2	0	128	1	46
chr8	95100674	95101408	2	2	1	804	0	42
chr8	120569377	120570716	1	1	1	1	0	13
chr8	123268550	123268744	2	2	1	203	0	47
chr9	43027296	43040539	2	2	1	142	0	40
chr9	43027296	43042590	2	2	1	143	0	46
chr9	43040593	43042590	2	2	0	1	0	43
chr9	43040597	43042590	2	2	1	141	0	46
chr9	47813946	47818733	1	1	1	1	0	38
chr9	80093642	80097375	1	1	0	2	0	26
chr9	80093642	80098885	1	1	1	6794	8	26
chr9	80093642	80098892	1	1	0	158	0	14
chr9	80093642	80103693	1	1	1	218	0	45
chr9	80097402	80098885	1	1	0	2	0	18
chr9	80098907	80099016	1	1	0	2	0	21
chr9	80098907	80101831	1	1	0	1	0	21
chr9	80098907	80103693	1	1	1	6950	8	29
chr9	80099049	80103693	1	1	0	2	0	37
chr9	80101891	80103693	1	1	0	1	0	37
chr9	114597607	114597794	2	2	1	435	0	38
chr9	114597607	114598704	2	2	0	20	0	41
chr9	114597825	114598704	2	2	0	4	0	30
chr9	114597831	114598704	2	2	1	429	0	38
chr11	79458907	79463232	1	1	1	19	0	42
chr11	79458907	79468716	1	1	1	134	0	44
chr11	79463296	79468716	1	1	1	18	0	39
chr11	94112147	94113262	1	1	1	105	0	21
chr11	94112147	94114172	1	1	1	362	1	32
chr11	94113302	94114172	1	1	1	107	0	39
chr11	102310577	102310925	2	2	1	60	0	43
chr11	102310577	102311379	2	2	1	764	0	46
chr11	102311037	102311379	2	2	1	56	0	45
chr12	71952560	71958746	1	1	1	53	0	27
chr12	71952560	71959805	1	1	1	48	0	45
chr12	71958774	71959805	1	1	1	53	0	29
chr12	83811361	83825258	2	2	1	63	0	33
chr12	83811361	83831921	2	2	1	300	0	41
chr12	83825292	83831921	2	2	1	63	0	33
chr12	113133338	113133495	1	1	0	96	8	44
chr12	113133338	113133540	1	1	1	1799	49	43
chr12	113133338	113135796	1	1	1	15	0	29
chr12	113133577	113134761	1	1	0	1	0	21
chr12	113133577	113134800	1	1	0	16	0	14
chr12	113133577	113135796	1	1	1	1822	57	29
chr12	113134813	113135796	1	1	0	15	0	29
chr13	46778994	46780625	2	2	1	815	1	42
chr13	46778994	46785245	2	2	1	2150	4	46
chr13	46780665	46785245	2	2	1	819	1	39
chr13	56084286	56089757	2	2	1	56	0	42
chr13	56084286	56096123	2	2	0	1	0	40
chr13	56089858	56096123	2	2	1	55	0	41
chr14	57643224	57643334	2	2	1	1	0	39
chr14	57643224	57648418	2	2	1	105	0	47
chr14	57643490	57648418	2	2	1	1	0	38
chr14	120389164	120395711	1	1	1	198	1	42
chr14	120389164	120395717	1	1	0	1	0	38
chr14	120389164	120396450	1	1	1	472	0	48
chr14	120395766	120396450	1	1	1	202	1	48
chr15	77102940	77105576	2	2	1	279	1	42
chr15	77102940	77113604	2	2	1	12	0	44
chr15	77105670	77113604	2	2	1	277	1	48
chr16	57178021	57181491	2	2	1	279	0	44
chr16	57178021	57182850	2	2	1	103	0	43
chr16	57181507	57182850	2	2	0	1	0	15
chr16	57181537	57182850	2	2	1	277	0	33
chr17	12979205	13846588	1	1	0	29	1	12
chr17	13846640	13848354	1	1	1	4124	7	22
chr17	13846640	13848361	1	1	0	2	0	14
chr17	13846640	13849107	1	1	1	3812	2	45
chr17	13846640	13849113	1	1	0	38	0	47
chr17	13848376	13849107	1	1	1	4104	7	29
chr17	13848376	13849113	1	1	0	17	0	21
chr17	45570567	45570665	2	2	1	586	1	39
chr17	45570800	45571017	2	2	1	660	1	23
chr18	10726534	10740982	1	1	1	1	0	15
chr18	53948155	53948644	1	1	1	10675	15	28
chr18	53948155	53948655	1	1	0	1	0	13
chr18	53948155	53953244	1	1	1	1535	2	45
chr18	53948666	53953244	1	1	0	5	0	21
chr18	53948669	53949681	1	1	0	1	0	16
chr18	53948669	53953244	1	1	1	10662	13	26
chr18	53948669	53953268	1	1	0	1	0	24
chr18	53949705	53953244	1	1	0	1	0	23
chr18	64515409	64516415	2	2	1	1	0	22
chr19	7281256	7281797	2	4	1	176	0	39
chr19	7281256	7282725	2	2	1	1170	2	36
chr19	7281960	7282725	2	2	1	184	0	35
chrX	159414893	159443922	1	1	1	2	0	35
