chr1	34295537	34296741	1	1	1	118	0	18
chr1	34295537	34299720	1	1	1	32	0	39
chr1	34296760	34299720	1	1	1	118	0	19
chr1	40010678	40011649	1	1	1	93	0	22
chr1	40010678	40011811	1	1	0	8	0	21
chr1	40010678	40014105	1	1	1	40	1	32
chr1	40011842	40014105	1	1	1	101	0	38
chr1	82735508	82741817	1	1	1	2	0	40
chr1	82735508	82747082	1	1	1	9	0	40
chr1	82735508	82750519	1	1	1	77	1	41
chr1	82747143	82750519	1	1	1	9	0	38
chr2	32292216	32293314	1	1	1	12	0	43
chr2	32292216	32296625	1	1	1	90	0	43
chr2	32293396	32296625	1	1	1	12	0	38
chr2	59926161	59932104	2	2	1	1	0	29
chr2	59932171	59933405	2	2	0	66	0	37
chr2	59932171	59933411	2	2	1	324	0	32
chr2	59932171	59933670	2	2	1	6	0	39
chr2	59933439	59933670	2	2	1	382	0	32
chr2	71849507	71853533	1	1	1	713	0	43
chr2	71849507	71855853	1	1	1	4587	6	45
chr2	71849507	71855868	1	1	0	17	0	46
chr2	71853664	71855853	1	1	1	741	0	41
chr2	75662926	75663570	1	1	1	2	0	27
chr2	91001089	91001461	1	1	1	698	1	34
chr2	91001089	91003299	1	1	0	35	6	34
chr2	91001511	91003210	1	1	1	694	1	27
chr2	91001511	91003299	1	1	0	6	0	46
chr2	91003238	91003810	1	1	0	1	0	27
chr2	91003346	91003810	1	1	1	15	0	38
chr2	91159300	91162027	2	2	0	1	0	41
chr2	91159306	91160316	2	2	1	297	0	47
chr2	91159306	91162027	2	2	1	493	0	47
chr2	91160371	91162027	2	2	1	298	0	40
chr2	91681696	91684668	2	2	1	311	0	50
chr2	91681831	91684668	2	2	0	2	0	40
chr2	153670448	153672215	1	1	1	5	1	50
chr2	153713625	153714954	1	1	1	0	1	50
chr3	60613521	60614682	1	1	1	1028	0	46
chr3	60613521	60614688	1	1	0	1	0	38
chr3	60613521	60615619	1	1	1	983	0	45
chr3	60614737	60615619	1	1	1	1038	0	42
chr3	87733505	87734423	1	1	1	13	0	39
chr3	87733505	87734456	1	1	0	1	0	38
chr3	87733505	87735344	1	1	0	19	0	39
chr3	87734553	87735344	1	1	1	14	0	37
chr3	88483947	88484046	2	2	1	291	0	38
chr3	88483947	88484614	2	2	0	3	0	39
chr3	88484155	88484614	2	2	1	287	0	45
chr3	119724187	119724611	2	2	1	4387	3	34
chr3	119724187	119726065	2	2	1	31	0	29
chr3	119724646	119726065	2	2	1	4523	4	38
chr3	119726116	119820407	2	2	0	2	0	13
chr4	31992517	31994873	1	1	1	192	0	41
chr4	31992517	32002088	1	1	1	3347	8	49
chr4	31994955	32002088	1	1	1	193	0	49
chr4	107009769	107027216	1	1	1	1	0	38
chr4	107009769	107028192	1	1	1	122	0	43
chr4	107027298	107028192	1	1	1	1	0	41
chr4	139473637	139476130	1	1	1	1	0	8
chr5	23565266	23610849	2	2	0	1	0	37
chr5	23565266	23616326	2	2	1	1524	2	49
chr5	23610909	23616326	2	2	0	1	0	45
chr5	72958287	72974530	1	1	1	76	0	44
chr5	74540990	74542008	1	1	1	1	0	15
chr5	116475248	116477058	2	2	1	1	0	17
chr5	116482537	116591333	2	2	1	698	5	50
chr5	149184807	149187707	1	1	1	17	0	43
chr5	149184807	149188344	1	1	1	731	2	45
chr5	149187864	149188344	1	1	0	1	0	39
chr5	149187877	149188344	1	1	1	16	0	40
chr6	47577668	47594893	2	2	1	2	0	32
chr6	98939789	98941535	2	2	1	342	1	47
chr6	98939789	98944618	2	2	0	55	0	45
chr6	98941658	98944618	2	2	1	347	1	37
chr6	125162102	125162211	2	2	1	397	11	36
chr6	128371086	128371967	1	1	1	4495	3	45
chr6	128371086	128371980	1	1	0	1	0	32
chr6	128371086	128372530	1	1	1	1	0	49
chr6	128371086	128372533	1	1	1	54	0	46
chr6	128372013	128372278	1	1	0	1	0	27
chr6	128372013	128372504	1	1	0	17	0	26
chr6	128372013	128372509	1	1	0	6	0	31
chr6	128372013	128372530	1	1	1	513	1	47
chr6	128372013	128372533	1	1	1	3932	2	46
chr6	128372018	128372530	1	1	0	7	0	49
chr6	128372018	128372533	1	1	0	34	0	46
chr6	128372306	128372533	1	1	0	1	0	27
chr7	30192593	30192866	2	2	1	1	0	32
chr7	30192901	30193877	2	2	1	1	0	26
chr7	67240441	67244520	2	2	1	261	0	24
chr7	67240441	67251656	2	2	1	1931	4	45
chr7	67240443	67251659	1	1	0	2	0	41
chr7	67244545	67251656	2	2	1	261	0	24
chr7	102001660	102002294	1	1	1	1040	0	43
chr7	102001660	102007485	1	1	1	821	0	44
chr7	102002337	102007485	1	1	1	1045	0	42
chr7	112839481	112841887	1	1	1	3	0	41
chr7	112839481	112842039	1	1	1	122	0	41
chr7	112839481	112856052	1	1	1	2	0	12
chr7	112839481	112856797	1	1	1	1	0	41
chr7	112841951	112856052	1	1	1	1	0	12
chr7	112842103	112856052	1	1	1	124	0	12
chr7	112842103	112856797	1	1	1	1	0	37
chr7	112856065	112856797	1	1	1	129	0	14
chr7	127980247	127981190	1	1	1	4	0	2
chr7	127981292	127981410	1	1	1	4	0	6
chr7	143534418	143535650	2	2	1	1	0	29
chr8	25532429	25555507	1	1	1	1	0	44
chr8	25532429	25557730	1	1	1	2	0	44
chr8	25555775	25557730	1	1	1	3	0	37
chr8	33386064	33386329	1	1	0	1	0	46
chr8	91688606	91932332	1	1	0	4	0	13
chr8	95100453	95100646	2	2	1	764	1	31
chr8	95100453	95101408	2	2	0	382	0	46
chr8	95100674	95101408	2	2	1	764	1	44
chr8	123268550	123268744	2	2	1	200	0	49
chr9	43027296	43040539	2	2	1	121	0	39
chr9	43027296	43042590	2	2	1	134	0	45
chr9	43040597	43042590	2	2	1	123	0	45
chr9	80093642	80098885	1	1	1	7810	3	30
chr9	80093642	80098892	1	1	0	222	0	14
chr9	80093642	80103693	1	1	1	310	0	45
chr9	80098907	80103693	1	1	1	8033	3	29
chr9	80098907	80103698	1	1	0	2	0	21
chr9	80103765	80111310	1	1	1	1	0	14
chr9	114597607	114597794	2	2	1	592	3	38
chr9	114597607	114598704	2	2	0	25	0	42
chr9	114597825	114598704	2	2	0	11	0	30
chr9	114597831	114598704	2	2	1	578	3	38
chr11	79458907	79463232	1	1	1	12	0	42
chr11	79458907	79468716	1	1	1	180	0	43
chr11	79463296	79468716	1	1	1	11	0	38
chr11	94112147	94113262	1	1	1	84	0	21
chr11	94112147	94114172	1	1	1	343	0	32
chr11	94113302	94114172	1	1	1	88	0	39
chr11	102310577	102310925	2	2	1	71	0	42
chr11	102310577	102311379	2	2	1	1142	0	46
chr11	102311037	102311379	2	2	1	71	0	45
chr12	71952560	71958746	1	1	1	60	0	27
chr12	71952560	71959805	1	1	1	45	0	43
chr12	71958774	71959805	1	1	1	60	0	29
chr12	83811361	83825258	2	2	1	44	0	34
chr12	83811361	83831921	2	2	1	487	1	44
chr12	83825292	83831921	2	2	1	44	0	33
chr12	113133338	113133495	1	1	0	83	7	43
chr12	113133338	113133540	1	1	1	1372	51	42
chr12	113133338	113135796	1	1	1	9	0	29
chr12	113133577	113134186	1	1	0	2	0	28
chr12	113133577	113134761	1	1	0	1	0	21
chr12	113133577	113134800	1	1	0	6	0	12
chr12	113133577	113135796	1	1	1	1404	58	29
chr12	113134231	113135796	1	1	0	2	0	29
chr12	113134813	113135796	1	1	0	7	0	29
chr13	46778990	46780625	2	2	0	1	0	39
chr13	46778994	46780625	2	2	1	467	0	44
chr13	46778994	46785245	2	2	1	3577	8	50
chr13	46780663	46785245	2	2	0	2	0	37
chr13	46780665	46785245	2	2	1	466	0	40
chr13	56084286	56089757	2	2	1	59	0	41
chr13	56084286	56096123	2	2	0	2	0	40
chr13	56089858	56096123	2	2	1	59	0	41
chr14	57643217	57648418	2	2	0	1	0	46
chr14	57643224	57643334	2	2	1	2	0	39
chr14	57643224	57648418	2	2	1	128	0	40
chr14	57643490	57648418	2	2	1	2	0	38
chr14	120389164	120395711	1	1	1	86	0	39
chr14	120389164	120396450	1	1	1	293	0	48
chr14	120395766	120396450	1	1	1	85	0	48
chr15	77102940	77105576	2	2	1	185	0	41
chr15	77102940	77112712	2	2	0	1	0	40
chr15	77102940	77113604	2	2	1	28	0	48
chr15	77105670	77113604	2	2	1	183	0	48
chr15	77112788	77113604	2	2	0	1	0	48
chr15	103242719	103243624	1	1	1	2	0	43
chr16	57178021	57181491	2	2	1	368	1	45
chr16	57178021	57182850	2	2	1	299	0	44
chr16	57181511	57182850	2	2	0	1	0	19
chr16	57181537	57182850	2	2	1	365	1	40
chr17	12979205	13846588	1	1	0	42	3	12
chr17	13846640	13848354	1	1	1	3361	5	24
chr17	13846640	13849107	1	1	1	4957	5	46
chr17	13846640	13849113	1	1	0	15	0	47
chr17	13848376	13849107	1	1	1	3354	5	29
chr17	13848376	13849113	1	1	0	10	0	21
chr17	45570567	45570665	2	2	1	604	1	40
chr17	45570800	45571017	2	2	1	681	2	24
chr17	51783067	51785528	2	2	1	1	0	40
chr17	51785641	51803430	2	2	1	1	0	14
chr18	53948155	53948644	1	1	1	14134	16	28
chr18	53948155	53948651	1	1	0	2	0	17
chr18	53948155	53953244	1	1	1	2765	6	43
chr18	53948155	53953268	1	1	0	1	0	40
chr18	53948666	53953244	1	1	0	8	0	21
chr18	53948669	53949681	1	1	0	1	0	15
chr18	53948669	53953244	1	1	1	14127	16	37
chr18	53949705	53953244	1	1	0	1	0	23
chr18	64511878	64511983	2	2	1	1	0	6
chr18	64512050	64515325	2	2	1	1	0	15
chr18	64515409	64516415	2	2	1	1	0	30
chr19	7281251	7282725	2	2	0	2	0	26
chr19	7281256	7281797	2	4	1	180	1	40
chr19	7281256	7282725	2	2	1	2047	0	36
chr19	7281960	7282725	2	2	1	182	1	31
chr19	23687546	23694320	1	1	1	1	0	37
KV575235.1	147143	149353	1	1	0	0	6	33
