chr1	34295537	34296741	1	1	1	65	0	18
chr1	34295537	34299720	1	1	1	8	0	39
chr1	34296760	34299720	1	1	1	65	0	18
chr1	40010678	40011649	1	1	1	58	0	26
chr1	40010678	40014105	1	1	1	20	0	32
chr1	40011842	40014105	1	1	1	54	0	41
chr1	82735508	82741817	1	1	1	1	0	40
chr1	82735508	82747082	1	1	1	3	0	40
chr1	82735508	82750519	1	1	1	63	0	42
chr1	82747143	82750519	1	1	1	4	0	38
chr2	32292216	32293314	1	1	1	16	0	43
chr2	32292216	32296625	1	1	1	55	0	47
chr2	32293396	32296625	1	1	1	16	0	38
chr2	59932171	59933405	2	2	0	35	0	37
chr2	59932171	59933411	2	2	1	296	0	31
chr2	59932171	59933670	2	2	1	1	0	23
chr2	59933439	59933670	2	2	1	329	0	28
chr2	71849507	71853533	1	1	1	604	1	40
chr2	71849507	71853875	1	1	0	1	0	15
chr2	71849507	71855853	1	1	1	1111	3	42
chr2	71853664	71855853	1	1	1	629	1	41
chr2	71853664	71855876	1	1	0	1	0	38
chr2	71853891	71855853	1	1	0	1	0	15
chr2	75662926	75663570	1	1	1	4	0	25
chr2	91001089	91001461	1	1	1	341	1	24
chr2	91001089	91003299	1	1	0	1	0	33
chr2	91001511	91003210	1	1	1	332	1	25
chr2	91003238	91003810	1	1	0	2	0	27
chr2	91003346	91003810	1	1	1	8	0	36
chr2	91159306	91160316	2	2	1	118	0	47
chr2	91159306	91162027	2	2	1	441	0	47
chr2	91160371	91162027	2	2	1	118	0	39
chr2	91681696	91684668	2	2	1	183	0	50
chr2	153670448	153672215	1	1	1	1	0	50
chr3	60607681	60613472	1	1	0	1	0	14
chr3	60613521	60614682	1	1	1	748	0	45
chr3	60613521	60614688	1	1	0	1	0	38
chr3	60613521	60615619	1	1	1	1142	1	45
chr3	60614737	60615619	1	1	1	750	0	39
chr3	87733505	87734423	1	1	1	10	0	42
chr3	87733505	87735344	1	1	0	9	0	39
chr3	87734553	87735344	1	1	1	10	0	37
chr3	88483947	88484046	2	2	1	329	0	40
chr3	88484155	88484614	2	2	1	329	0	43
chr3	119724187	119724611	2	2	1	3430	2	34
chr3	119724187	119726065	2	2	1	9	0	29
chr3	119724646	119726065	2	2	1	3520	2	38
chr4	31992517	31994873	1	1	1	142	0	39
chr4	31992517	32002088	1	1	1	2676	4	49
chr4	31994955	32002088	1	1	1	143	0	48
chr4	107009769	107027216	1	1	1	11	0	38
chr4	107009769	107028192	1	1	1	104	0	42
chr4	107027298	107028192	1	1	1	12	0	41
chr4	149215026	149222226	2	2	0	1	0	32
chr4	149222365	149223229	2	2	1	1	0	31
chr4	149262279	149262698	2	2	1	1	0	43
chr5	23565266	23616326	2	2	1	553	1	49
chr5	72958287	72965803	1	1	1	1	0	37
chr5	72958287	72974530	1	1	1	80	0	41
chr5	72965882	72974530	1	1	1	1	0	41
chr5	116482537	116591333	2	2	1	536	0	50
chr5	149184807	149187707	1	1	1	10	0	44
chr5	149184807	149188344	1	1	1	497	2	45
chr5	149187835	149188344	1	1	1	2	0	39
chr5	149187877	149188344	1	1	1	8	0	39
chr6	98939789	98940994	2	2	1	1	0	45
chr6	98939789	98941535	2	2	1	72	0	46
chr6	98939789	98944618	2	2	0	12	0	45
chr6	98941165	98944618	2	2	0	1	0	36
chr6	98941658	98944618	2	2	1	71	0	36
chr6	125162102	125162211	2	2	1	194	3	36
chr6	128371086	128371967	1	1	1	2096	3	42
chr6	128371086	128372530	1	1	1	2	0	49
chr6	128371086	128372533	1	1	1	11	0	46
chr6	128372013	128372504	1	1	0	3	0	28
chr6	128372013	128372509	1	1	0	3	0	31
chr6	128372013	128372530	1	1	1	260	2	49
chr6	128372013	128372533	1	1	1	1806	2	46
chr6	128372018	128372530	1	1	0	6	0	49
chr6	128372018	128372533	1	1	0	18	0	46
chr7	28174893	28174983	1	1	1	1	0	32
chr7	67240441	67244520	2	2	1	108	0	24
chr7	67240441	67251656	2	2	1	860	0	46
chr7	67244545	67251656	2	2	1	108	0	24
chr7	102001660	102002294	1	1	1	888	1	43
chr7	102001660	102007485	1	1	1	280	0	43
chr7	102002337	102007485	1	1	1	894	1	42
chr7	112839481	112841887	1	1	1	3	0	41
chr7	112839481	112842039	1	1	1	68	0	41
chr7	112839481	112856052	1	1	1	5	0	12
chr7	112839481	112856797	1	1	1	5	0	41
chr7	112841951	112856052	1	1	1	1	0	12
chr7	112842103	112856052	1	1	1	68	0	12
chr7	112856065	112856797	1	1	1	77	0	14
chr7	127980247	127981190	1	1	1	6	0	3
chr7	127981292	127981410	1	1	1	6	0	6
chr8	25532429	25555507	1	1	1	1	0	44
chr8	25532429	25557730	1	1	1	1	0	44
chr8	25555775	25557730	1	1	1	1	0	37
chr8	72219861	72219940	1	1	1	1	0	30
chr8	95100453	95100646	2	2	1	547	3	31
chr8	95100453	95101408	2	2	0	67	0	46
chr8	95100674	95101408	2	2	1	548	3	42
chr8	123268550	123268744	2	2	1	89	0	46
chr9	43027296	43040539	2	2	1	70	0	40
chr9	43027296	43042590	2	2	1	75	0	45
chr9	43040597	43042590	2	2	1	68	0	45
chr9	80093642	80098885	1	1	1	4778	7	27
chr9	80093642	80098892	1	1	0	135	0	14
chr9	80093642	80103693	1	1	1	115	0	44
chr9	80098907	80103693	1	1	1	4910	7	24
chr9	80098907	80103698	1	1	0	3	0	21
chr9	114597607	114597794	2	2	1	301	0	38
chr9	114597607	114598704	2	2	0	7	0	41
chr9	114597825	114598704	2	2	0	2	0	30
chr9	114597831	114598704	2	2	1	298	0	36
chr11	79458907	79463232	1	1	1	13	0	42
chr11	79458907	79468716	1	1	1	106	0	42
chr11	79463296	79468716	1	1	1	13	0	38
chr11	83497297	83497893	1	1	1	1	0	33
chr11	83497927	83499072	1	1	1	1	0	33
chr11	84994578	85005807	2	2	1	1	0	17
chr11	85005929	85006992	2	2	1	1	0	14
chr11	94112147	94113262	1	1	1	66	0	21
chr11	94112147	94114172	1	1	1	212	0	32
chr11	94113302	94114172	1	1	1	72	0	40
chr11	102310577	102310925	2	2	1	38	0	42
chr11	102310577	102311379	2	2	1	468	3	45
chr11	102311037	102311379	2	2	1	38	0	45
chr12	71952560	71958746	1	1	1	43	0	27
chr12	71952560	71959805	1	1	1	41	0	43
chr12	71952560	71959809	1	1	0	1	0	45
chr12	71958774	71959805	1	1	1	43	0	27
chr12	83811361	83825258	2	2	1	28	0	33
chr12	83811361	83831921	2	2	1	308	0	41
chr12	83825292	83831921	2	2	1	27	0	33
chr12	113133338	113133495	1	1	0	96	8	44
chr12	113133338	113133540	1	1	1	1280	40	42
chr12	113133338	113135796	1	1	1	6	0	29
chr12	113133577	113134761	1	1	0	1	0	21
chr12	113133577	113134800	1	1	0	9	0	12
chr12	113133577	113135796	1	1	1	1326	48	29
chr12	113134813	113135796	1	1	0	10	0	29
chr13	46778994	46780625	2	2	1	427	2	40
chr13	46778994	46785245	2	2	1	1326	5	50
chr13	46780665	46785245	2	2	1	428	2	39
chr13	56084286	56089757	2	2	1	37	0	40
chr13	56089858	56096123	2	2	1	40	0	41
chr14	57643224	57648418	2	2	1	62	0	39
chr14	120389164	120395711	1	1	1	148	0	38
chr14	120389164	120396450	1	1	1	501	0	48
chr14	120395766	120396450	1	1	1	157	0	48
chr15	77102940	77105576	2	2	1	101	0	42
chr15	77102940	77113604	2	2	1	11	0	48
chr15	77105670	77113604	2	2	1	101	0	48
chr16	57178021	57181491	2	2	1	233	1	44
chr16	57178021	57182850	2	2	1	129	0	44
chr16	57181537	57182850	2	2	1	232	1	33
chr17	12979205	13846588	1	1	0	31	0	12
chr17	13846613	13848354	1	1	0	4	0	21
chr17	13846640	13848354	1	1	1	4099	5	24
chr17	13846640	13849107	1	1	1	2589	4	45
chr17	13846640	13849113	1	1	0	31	0	48
chr17	13848376	13849107	1	1	1	4102	5	29
chr17	45570567	45570665	2	2	1	237	3	42
chr17	45570800	45571017	2	2	1	263	0	21
chr18	53948155	53948644	1	1	1	12231	10	30
chr18	53948155	53948651	1	1	0	2	0	17
chr18	53948155	53953244	1	1	1	1101	1	43
chr18	53948162	53948651	1	1	0	0	1	17
chr18	53948167	53948644	1	1	0	1	0	24
chr18	53948666	53953244	1	1	0	2	0	21
chr18	53948669	53953244	1	1	1	12226	10	37
chr18	53948669	53953268	1	1	0	4	0	24
chr18	64515409	64516415	2	2	1	1	0	39
chr19	7281256	7281797	2	4	1	146	1	39
chr19	7281256	7282725	2	2	1	999	0	36
chr19	7281960	7282725	2	2	1	154	1	35
