chr1	34295537	34296741	1	1	1	159	0	18
chr1	34295537	34299720	1	1	1	30	0	39
chr1	34296760	34299720	1	1	1	159	0	19
chr1	40010678	40011649	1	1	1	95	0	26
chr1	40010678	40011811	1	1	0	1	0	21
chr1	40010678	40014105	1	1	1	58	1	32
chr1	40011842	40014105	1	1	1	96	0	38
chr1	82735508	82741817	1	1	1	1	0	20
chr1	82735508	82747082	1	1	1	4	0	40
chr1	82735508	82750519	1	1	1	80	0	41
chr1	82747143	82750519	1	1	1	3	0	38
chr1	87423282	87425064	1	1	1	1	0	39
chr1	128186910	128193459	1	1	1	1	0	5
chr2	32292216	32293314	1	1	1	18	0	43
chr2	32292216	32296625	1	1	1	153	0	43
chr2	32293396	32296625	1	1	1	18	0	38
chr2	59926161	59932104	2	2	1	1	0	20
chr2	59932171	59933405	2	2	0	79	0	37
chr2	59932171	59933411	2	2	1	466	0	31
chr2	59932171	59933670	2	2	1	4	0	36
chr2	59933439	59933670	2	2	1	535	0	28
chr2	71849507	71853533	1	1	1	602	0	41
chr2	71849507	71853890	1	1	0	2	0	39
chr2	71849507	71855853	1	1	1	4326	4	45
chr2	71849507	71855868	1	1	0	1	0	46
chr2	71853664	71855853	1	1	1	626	0	41
chr2	71853948	71855853	1	1	0	2	0	40
chr2	75662926	75663570	1	1	1	4	0	30
chr2	91001089	91001461	1	1	1	748	1	34
chr2	91001511	91003210	1	1	1	738	1	22
chr2	91001511	91003299	1	1	0	2	0	46
chr2	91003346	91003810	1	1	1	20	0	36
chr2	91159306	91160316	2	2	1	233	1	47
chr2	91159306	91162027	2	2	1	436	0	47
chr2	91160371	91162027	2	2	1	234	1	39
chr2	91681696	91684668	2	2	1	232	1	50
chr2	153670448	153672215	1	1	1	1	0	50
chr2	168752741	168754433	2	2	1	1	0	44
chr3	60422418	60613472	1	1	0	0	4	15
chr3	60613521	60614682	1	1	1	1456	4	45
chr3	60613521	60614688	1	1	0	3	0	44
chr3	60613521	60615619	1	1	1	1056	3	45
chr3	60614737	60615619	1	1	1	1462	4	39
chr3	87733505	87734423	1	1	1	11	0	39
chr3	87733505	87735344	1	1	0	10	0	39
chr3	87734553	87735344	1	1	1	11	0	37
chr3	88483947	88484046	2	2	1	375	0	39
chr3	88484155	88484614	2	2	1	366	0	41
chr3	119724187	119724611	2	2	1	4820	2	34
chr3	119724187	119726065	2	2	1	19	0	29
chr3	119724646	119726065	2	2	1	4937	3	38
chr3	129825617	129826823	2	2	1	1	0	36
chr4	31992517	31994873	1	1	1	671	0	40
chr4	31992517	32002088	1	1	1	1667	2	49
chr4	31994955	32002088	1	1	1	675	0	49
chr4	107009769	107027216	1	1	1	24	0	38
chr4	107009769	107028192	1	1	1	140	0	41
chr4	107027298	107028192	1	1	1	27	0	41
chr5	13042670	13661475	1	1	0	4	0	13
chr5	23565266	23616326	2	2	1	766	2	46
chr5	72958287	72974530	1	1	1	108	0	42
chr5	116482537	116591333	2	2	1	1026	3	50
chr5	149184807	149187707	1	1	1	22	0	44
chr5	149184807	149188344	1	1	1	559	4	44
chr5	149187835	149188344	1	1	1	5	0	39
chr5	149187864	149188344	1	1	0	1	0	39
chr5	149187877	149188344	1	1	1	16	0	39
chr5	149188474	149193839	1	1	1	2	0	25
chr6	47576665	47577543	2	2	1	1	0	41
chr6	47577668	47594893	2	2	1	2	0	35
chr6	98939789	98941535	2	2	1	163	0	45
chr6	98939789	98944618	2	2	0	17	0	45
chr6	98941658	98944618	2	2	1	165	0	37
chr6	125162102	125162211	2	2	1	408	15	36
chr6	128371086	128371967	1	1	1	3636	3	44
chr6	128371086	128371980	1	1	0	3	0	32
chr6	128371086	128372530	1	1	1	9	0	49
chr6	128371086	128372533	1	1	1	53	0	46
chr6	128372013	128372504	1	1	0	22	0	26
chr6	128372013	128372509	1	1	0	12	0	31
chr6	128372013	128372530	1	1	1	482	0	47
chr6	128372013	128372533	1	1	1	3089	2	46
chr6	128372013	128372536	1	1	0	2	0	43
chr6	128372013	128372539	1	1	0	1	0	40
chr6	128372018	128372530	1	1	0	1	0	45
chr6	128372018	128372533	1	1	0	39	1	46
chr7	25724845	25725923	2	2	1	1	0	41
chr7	28331530	28338351	2	2	1	1	0	41
chr7	67240441	67244520	2	2	1	171	0	24
chr7	67240441	67251656	2	2	1	1648	1	47
chr7	67244545	67251656	2	2	1	171	0	24
chr7	101288340	102001612	1	3	0	6	0	12
chr7	102001660	102002294	1	1	1	1279	0	42
chr7	102001660	102007485	1	1	1	1043	1	45
chr7	102001665	102007485	1	1	0	1	0	38
chr7	102002310	102007485	1	1	0	1	0	15
chr7	102002337	102007485	1	1	1	1283	0	41
chr7	112839481	112841887	1	1	1	5	1	41
chr7	112839481	112842039	1	1	1	126	1	49
chr7	112839481	112856052	1	1	1	4	0	12
chr7	112839481	112856797	1	1	1	5	0	41
chr7	112841906	112842057	1	1	0	0	1	18
chr7	112842103	112856052	1	1	1	98	1	12
chr7	112842103	112856797	1	1	1	35	0	37
chr7	112856065	112856797	1	1	1	103	1	14
chr7	127980247	127981190	1	1	1	21	0	6
chr7	127981292	127981410	1	1	1	23	0	28
chr8	11423625	11423716	1	1	1	1	0	19
chr8	25532429	25555507	1	1	1	1	0	44
chr8	25532429	25557730	1	1	1	2	0	44
chr8	25555775	25557730	1	1	1	4	0	38
chr8	91688606	91932332	1	1	0	4	0	13
chr8	95100453	95100646	2	2	1	1091	1	31
chr8	95100453	95101408	2	2	0	146	0	46
chr8	95100674	95101408	2	2	1	1091	1	43
chr8	123268550	123268744	2	2	1	249	0	47
chr9	43027296	43040539	2	2	1	106	0	39
chr9	43027296	43042590	2	2	1	205	0	46
chr9	43040597	43042590	2	2	1	106	0	45
chr9	80093642	80098847	1	1	0	1	0	44
chr9	80093642	80098885	1	1	1	6857	5	30
chr9	80093642	80098892	1	1	0	161	1	19
chr9	80093642	80103693	1	1	1	196	0	45
chr9	80093656	80103693	1	1	0	0	1	37
chr9	80098907	80099016	1	1	0	1	0	14
chr9	80098907	80103693	1	1	1	7020	6	37
chr9	80098907	80103698	1	1	0	2	0	21
chr9	80099049	80103693	1	1	0	1	0	37
chr9	114597607	114597794	2	2	1	462	0	39
chr9	114597607	114598704	2	2	0	28	0	42
chr9	114597825	114598704	2	2	0	3	0	30
chr9	114597831	114598704	2	2	1	458	0	38
chr11	26778879	26787397	2	2	0	0	3	13
chr11	79458907	79463232	1	1	1	18	0	42
chr11	79458907	79468716	1	1	1	197	0	42
chr11	79463296	79468716	1	1	1	18	0	38
chr11	94112147	94113262	1	1	1	72	0	21
chr11	94112147	94114172	1	1	1	453	0	32
chr11	94113302	94114172	1	1	1	75	0	39
chr11	102310577	102310925	2	2	1	66	0	42
chr11	102310577	102311379	2	2	1	894	0	46
chr11	102311037	102311379	2	2	1	65	0	45
chr12	71952560	71958746	1	1	1	69	0	27
chr12	71952560	71959805	1	1	1	41	0	43
chr12	71952560	71959809	1	1	0	1	0	36
chr12	71958774	71959805	1	1	1	69	0	29
chr12	83811361	83825258	2	2	1	29	0	33
chr12	83811361	83831921	2	2	1	543	1	44
chr12	83825292	83831921	2	2	1	29	0	36
chr12	112928622	113133308	1	1	0	0	6	13
chr12	113133338	113133495	1	1	0	137	16	44
chr12	113133338	113133540	1	1	1	1786	84	40
chr12	113133338	113135796	1	1	1	38	0	29
chr12	113133577	113134761	1	1	0	3	0	21
chr12	113133577	113134800	1	1	0	12	0	12
chr12	113133577	113135796	1	1	1	1854	100	29
chr12	113134813	113135796	1	1	0	15	0	29
chr13	46778990	46785245	2	2	0	1	0	44
chr13	46778994	46780625	2	2	1	262	0	40
chr13	46778994	46785245	2	2	1	3612	4	47
chr13	46780665	46785245	2	2	1	261	0	39
chr13	56084286	56089757	2	2	1	62	0	40
chr13	56089858	56096123	2	2	1	62	0	39
chr14	57643224	57643334	2	2	1	1	0	39
chr14	57643224	57648418	2	2	1	143	0	44
chr14	57643490	57648418	2	2	1	1	0	38
chr14	120389164	120395711	1	1	1	311	0	41
chr14	120389164	120395717	1	1	0	1	0	38
chr14	120389164	120396450	1	1	1	478	1	48
chr14	120395766	120396450	1	1	1	321	0	48
chr15	77102940	77105576	2	2	1	93	0	40
chr15	77102940	77113604	2	2	1	2	0	44
chr15	77105670	77113604	2	2	1	93	0	48
chr15	103242719	103243624	1	1	1	0	2	36
chr16	57178009	57182850	2	2	0	2	0	44
chr16	57178021	57181491	2	2	1	237	0	45
chr16	57178021	57182850	2	2	1	591	1	44
chr16	57181537	57182850	2	2	1	234	0	33
chr16	84831508	84834808	2	2	1	1	0	44
chr17	12979205	13846588	1	1	0	30	0	12
chr17	13846613	13848354	1	1	0	5	0	21
chr17	13846640	13848354	1	1	1	4107	6	22
chr17	13846640	13848358	1	1	0	1	0	17
chr17	13846640	13849107	1	1	1	4401	5	49
chr17	13846640	13849113	1	1	0	21	0	47
chr17	13848376	13849107	1	1	1	4100	6	29
chr17	13848376	13849113	1	1	0	18	0	21
chr17	45570567	45570665	2	2	1	709	0	37
chr17	45570800	45571017	2	2	1	786	0	23
chr17	51783067	51785528	2	2	1	1	0	40
chr17	51785641	51803430	2	2	1	1	0	14
chr18	10726534	10740982	1	1	1	1	0	15
chr18	53948138	53948644	1	1	0	1	0	24
chr18	53948155	53948644	1	1	1	8253	9	33
chr18	53948155	53953244	1	1	1	3672	6	45
chr18	53948666	53953244	1	1	0	5	0	21
chr18	53948669	53949681	1	1	0	1	0	15
chr18	53948669	53953244	1	1	1	8237	8	37
chr18	53948673	53953244	1	1	0	1	0	28
chr18	53949705	53953244	1	1	0	1	0	23
chr19	7281256	7281797	2	4	1	208	0	39
chr19	7281256	7282725	2	2	1	1352	1	35
chr19	7281960	7282725	2	2	1	215	0	35
