chr1	34295537	34296741	1	1	1	75	0	18
chr1	34295537	34299720	1	1	1	34	0	43
chr1	34296760	34299720	1	1	1	75	0	19
chr1	40010678	40011649	1	1	1	68	0	28
chr1	40010678	40011783	1	1	0	2	0	21
chr1	40010678	40011787	1	1	0	1	0	21
chr1	40010678	40011811	1	1	0	3	0	21
chr1	40010678	40014105	1	1	1	43	1	32
chr1	40011842	40014105	1	1	1	70	0	37
chr1	82735508	82741817	1	1	1	1	0	40
chr1	82735508	82747082	1	1	1	3	0	40
chr1	82735508	82750519	1	1	1	84	0	40
chr1	82741977	82750519	1	1	1	1	0	38
chr1	82747143	82750519	1	1	1	3	0	38
chr1	86356458	86356555	2	2	1	1	0	22
chr2	30066894	30068268	1	1	1	7	0	20
chr2	32292216	32293314	1	1	1	11	0	43
chr2	32292216	32296625	1	1	1	82	0	47
chr2	32293396	32296625	1	1	1	11	0	38
chr2	59932171	59933405	2	2	0	69	0	37
chr2	59932171	59933411	2	2	1	418	0	31
chr2	59932171	59933670	2	2	1	8	0	37
chr2	59933439	59933670	2	2	1	477	0	28
chr2	71849507	71853533	1	1	1	556	0	40
chr2	71849507	71853820	1	1	0	1	0	37
chr2	71849507	71853875	1	1	0	1	0	15
chr2	71849507	71855853	1	1	1	5655	12	45
chr2	71849507	71855868	1	1	0	4	0	46
chr2	71853664	71855853	1	1	1	573	0	41
chr2	71853891	71855853	1	1	0	3	0	40
chr2	75662926	75663570	1	1	1	1	0	27
chr2	91001089	91001461	1	1	1	789	2	34
chr2	91001089	91003299	1	1	0	2	0	33
chr2	91001511	91003210	1	1	1	787	2	25
chr2	91003238	91003810	1	1	0	1	0	27
chr2	91003346	91003810	1	1	1	19	0	36
chr2	91159306	91160316	2	2	1	228	0	47
chr2	91159306	91162027	2	2	1	598	0	47
chr2	91160371	91162027	2	2	1	227	0	41
chr2	91681696	91682025	2	2	1	1	0	50
chr2	91681696	91684668	2	2	1	282	0	50
chr2	91682110	91684668	2	2	0	1	0	38
chr2	153670448	153672215	1	1	1	4	0	50
chr2	168752741	168754433	2	2	1	3	0	44
chr3	27501546	27508480	2	2	1	1	0	24
chr3	27508540	27537948	2	2	1	1	0	15
chr3	60613521	60614682	1	1	1	1755	3	46
chr3	60613521	60614688	1	1	0	2	0	38
chr3	60613521	60615619	1	1	1	1228	3	45
chr3	60614737	60615619	1	1	1	1771	3	41
chr3	87733505	87734423	1	1	1	14	0	39
chr3	87733505	87735344	1	1	0	10	0	39
chr3	87734553	87735344	1	1	1	13	0	37
chr3	88483947	88484046	2	2	1	304	2	38
chr3	88484155	88484614	2	2	1	300	2	40
chr3	88484666	88537145	2	2	0	0	2	12
chr3	119724187	119724611	2	2	1	5661	1	34
chr3	119724187	119726065	2	2	1	37	0	29
chr3	119724646	119726065	2	2	1	5813	1	38
chr3	139632407	139650143	2	2	0	0	1	13
chr3	142770583	142963375	2	2	0	3	0	13
chr4	31992517	31994873	1	1	1	376	1	39
chr4	31992517	32002088	1	1	1	5012	5	49
chr4	31994955	32002088	1	1	1	369	1	49
chr4	46468788	46469882	1	1	1	2	0	30
chr4	107009769	107027216	1	1	1	12	0	39
chr4	107009769	107028192	1	1	1	157	0	41
chr4	107027298	107028192	1	1	1	13	0	41
chr5	23565266	23616326	2	2	1	993	0	49
chr5	72958287	72965803	1	1	1	3	0	40
chr5	72958287	72974530	1	1	1	121	0	41
chr5	72965882	72974530	1	1	1	4	0	41
chr5	105862938	105949991	1	1	0	2	0	13
chr5	116482532	116591333	2	2	0	7	0	45
chr5	116482537	116591333	2	2	1	851	6	50
chr5	149184807	149187707	1	1	1	17	0	44
chr5	149184807	149188344	1	1	1	833	0	46
chr5	149187835	149188344	1	1	1	4	0	39
chr5	149187877	149188344	1	1	1	13	0	39
chr6	47577668	47594893	2	2	1	1	0	1
chr6	98939789	98941535	2	2	1	120	0	46
chr6	98939789	98944618	2	2	0	1	0	45
chr6	98941658	98944618	2	2	1	120	0	37
chr6	125162102	125162211	2	2	1	294	7	37
chr6	128371086	128371967	1	1	1	4362	2	45
chr6	128371086	128372530	1	1	1	3	0	49
chr6	128371086	128372533	1	1	1	27	0	46
chr6	128372013	128372278	1	1	0	1	0	27
chr6	128372013	128372504	1	1	0	29	0	26
chr6	128372013	128372509	1	1	0	8	0	31
chr6	128372013	128372530	1	1	1	581	1	47
chr6	128372013	128372533	1	1	1	3696	1	46
chr6	128372013	128372536	1	1	0	3	0	43
chr6	128372013	128372539	1	1	0	3	0	40
chr6	128372018	128372530	1	1	0	4	0	49
chr6	128372018	128372533	1	1	0	39	0	46
chr6	128372306	128372533	1	1	0	1	0	27
chr7	25724845	25725923	2	2	1	1	0	41
chr7	51708182	51747461	2	2	0	0	2	13
chr7	67240441	67244520	2	2	1	179	1	40
chr7	67240441	67251656	2	2	1	2220	1	44
chr7	67244545	67251656	2	2	1	178	1	24
chr7	67244580	67251656	2	2	0	1	0	38
chr7	101405603	102001614	1	1	0	4	0	13
chr7	102001660	102002294	1	1	1	1012	0	43
chr7	102001660	102007485	1	1	1	779	0	44
chr7	102002337	102007485	1	1	1	1024	0	40
chr7	112839481	112841887	1	1	1	7	1	41
chr7	112839481	112842039	1	1	1	128	1	42
chr7	112839481	112856052	1	1	1	2	0	12
chr7	112839481	112856797	1	1	1	10	0	41
chr7	112841906	112842057	1	1	0	0	1	18
chr7	112842103	112856052	1	1	1	127	1	12
chr7	112842103	112856797	1	1	1	7	0	44
chr7	112856065	112856797	1	1	1	130	1	14
chr7	127980247	127981190	1	1	1	10	0	5
chr7	127981292	127981410	1	1	1	12	0	6
chr8	25532429	25557730	1	1	1	1	0	44
chr8	25555775	25557730	1	1	1	1	0	37
chr8	47669337	47674505	2	2	1	1	0	17
chr8	91688606	91932332	1	1	0	4	0	13
chr8	95100453	95100646	2	2	1	746	1	31
chr8	95100453	95101408	2	2	0	113	0	46
chr8	95100674	95101408	2	2	1	746	1	42
chr8	123268550	123268744	2	2	1	223	0	46
chr9	43027296	43029555	2	2	0	1	0	38
chr9	43027296	43040539	2	2	1	115	0	38
chr9	43027296	43042590	2	2	1	196	0	46
chr9	43040597	43042590	2	2	1	117	0	45
chr9	80093642	80098885	1	1	1	8796	4	26
chr9	80093642	80098892	1	1	0	279	0	19
chr9	80093642	80103693	1	1	1	471	0	45
chr9	80098907	80103693	1	1	1	9076	4	29
chr9	80098907	80103698	1	1	0	1	0	21
chr9	114597607	114597794	2	2	1	455	1	38
chr9	114597607	114598704	2	2	0	18	0	43
chr9	114597825	114598704	2	2	0	4	0	30
chr9	114597831	114598704	2	2	1	449	1	38
chr11	78233684	78245547	2	2	1	1	0	28
chr11	79458907	79463232	1	1	1	20	0	42
chr11	79458907	79468716	1	1	1	154	0	43
chr11	79463296	79468716	1	1	1	20	0	39
chr11	94112147	94113262	1	1	1	145	0	21
chr11	94112147	94113279	1	1	0	1	0	21
chr11	94112147	94114172	1	1	1	610	0	32
chr11	94113302	94114172	1	1	1	146	0	39
chr11	102310577	102310925	2	2	1	79	0	44
chr11	102310577	102311360	2	2	0	2	0	42
chr11	102310577	102311379	2	2	1	988	2	45
chr11	102311037	102311379	2	2	1	79	0	45
chr12	71952560	71958746	1	1	1	63	0	27
chr12	71952560	71959805	1	1	1	109	0	45
chr12	71958774	71959805	1	1	1	63	0	29
chr12	83811361	83811669	2	2	0	2	0	37
chr12	83811361	83825258	2	2	1	74	0	33
chr12	83811361	83831921	2	2	1	562	0	41
chr12	83811744	83831921	2	2	0	2	0	38
chr12	83825292	83831921	2	2	1	74	0	33
chr12	112928622	113133308	1	1	0	0	5	13
chr12	113133338	113133495	1	1	0	139	8	44
chr12	113133338	113133540	1	1	1	2177	43	43
chr12	113133338	113135796	1	1	1	25	0	29
chr12	113133577	113134186	1	1	0	2	0	28
chr12	113133577	113134800	1	1	0	8	0	12
chr12	113133577	113135796	1	1	1	2239	50	29
chr12	113134231	113135796	1	1	0	1	0	29
chr12	113134813	113135796	1	1	0	8	0	12
chr13	46778994	46780625	2	2	1	648	1	40
chr13	46778994	46785245	2	2	1	3438	6	49
chr13	46780665	46785245	2	2	1	649	1	39
chr13	56084286	56088251	2	2	1	2	0	40
chr13	56084286	56089757	2	2	1	55	0	40
chr13	56084286	56096123	2	2	0	2	0	40
chr13	56088343	56096123	2	2	1	1	0	38
chr13	56089858	56096123	2	2	1	54	0	41
chr14	57643224	57643334	2	2	1	2	0	39
chr14	57643224	57648418	2	2	1	140	0	47
chr14	57643365	57648418	2	2	0	1	0	30
chr14	57643490	57648418	2	2	1	1	0	38
chr14	120389164	120395711	1	1	1	115	0	39
chr14	120389164	120396450	1	1	1	265	1	48
chr14	120395766	120396450	1	1	1	122	0	48
chr15	77102940	77105576	2	2	1	216	0	42
chr15	77102940	77113604	2	2	1	20	0	48
chr15	77105670	77113604	2	2	1	215	0	48
chr15	103242719	103243624	1	1	1	1	0	33
chr16	57178021	57181491	2	2	1	378	1	46
chr16	57178021	57182850	2	2	1	287	0	43
chr16	57181507	57182850	2	2	0	1	0	15
chr16	57181537	57182850	2	2	1	373	1	37
chr17	12979205	13846588	1	1	0	83	0	12
chr17	13846613	13848354	1	1	0	6	0	21
chr17	13846640	13848354	1	1	1	3535	8	22
chr17	13846640	13848361	1	1	0	8	0	14
chr17	13846640	13849107	1	1	1	4858	3	46
chr17	13846640	13849113	1	1	0	12	0	47
chr17	13846644	13848358	1	1	0	2	1	17
chr17	13848376	13849107	1	1	1	3544	8	27
chr17	13848376	13849113	1	1	0	3	0	21
chr17	45570567	45570665	2	2	1	553	1	42
chr17	45570800	45571017	2	2	1	605	2	21
chr18	53948155	53948644	1	1	1	15401	10	28
chr18	53948155	53953244	1	1	1	3633	2	43
chr18	53948666	53953244	1	1	0	12	0	21
chr18	53948669	53953244	1	1	1	15373	8	37
chr18	53948669	53953268	1	1	0	1	0	24
chr18	64515406	64516415	2	2	1	2	0	42
chr19	7281251	7282725	2	2	0	2	0	26
chr19	7281256	7281797	2	4	1	201	0	39
chr19	7281256	7282725	2	2	1	1484	1	36
chr19	7281960	7282725	2	2	1	205	0	35
