chr1	34295537	34296741	1	1	1	43	0	18
chr1	34295537	34299720	1	1	1	6	0	38
chr1	34296760	34299720	1	1	1	43	0	18
chr1	40010678	40011649	1	1	1	50	0	21
chr1	40010678	40011811	1	1	0	2	0	21
chr1	40010678	40014105	1	1	1	25	1	32
chr1	40011842	40014105	1	1	1	54	0	37
chr1	58558058	58565856	2	2	1	1	0	13
chr1	58565955	58586211	2	2	1	1	0	49
chr1	82735508	82741817	1	1	1	1	0	18
chr1	82735508	82745523	1	1	1	1	0	33
chr1	82735508	82750519	1	1	1	33	0	41
chr1	82745557	82747082	1	1	1	1	0	7
chr1	82747143	82750519	1	1	1	1	0	38
chr2	25583989	25584102	2	2	1	2	0	39
chr2	25584162	25584775	2	2	1	2	0	35
chr2	32292216	32293314	1	1	1	9	0	43
chr2	32292216	32296625	1	1	1	54	0	43
chr2	32293396	32296625	1	1	1	9	0	38
chr2	59932171	59933405	2	2	0	26	0	33
chr2	59932171	59933411	2	2	1	186	0	31
chr2	59933439	59933670	2	2	1	211	0	32
chr2	71849507	71853533	1	1	1	422	0	40
chr2	71849507	71855853	1	1	1	1530	4	45
chr2	71853664	71855853	1	1	1	443	0	41
chr2	75662926	75663570	1	1	1	2	0	5
chr2	91001089	91001461	1	1	1	399	1	34
chr2	91001511	91003210	1	1	1	390	1	25
chr2	91003238	91003810	1	1	0	1	0	27
chr2	91003346	91003810	1	1	1	13	0	36
chr2	91159300	91162027	2	2	0	3	0	41
chr2	91159306	91160316	2	2	1	115	0	47
chr2	91159306	91162027	2	2	1	272	0	47
chr2	91160371	91162027	2	2	1	114	0	38
chr2	91681696	91684668	2	2	1	137	1	50
chr2	153670448	153672215	1	1	1	1	0	50
chr3	60613521	60614682	1	1	1	782	1	45
chr3	60613521	60614688	1	1	0	2	0	38
chr3	60613521	60615619	1	1	1	699	2	45
chr3	60614737	60615619	1	1	1	788	1	38
chr3	87733505	87734423	1	1	1	6	0	46
chr3	87733505	87735344	1	1	0	8	0	39
chr3	87734553	87735344	1	1	1	8	0	37
chr3	88483947	88484046	2	2	1	275	2	43
chr3	88483947	88484614	2	2	0	2	0	39
chr3	88484149	88484614	2	2	0	1	0	38
chr3	88484155	88484614	2	2	1	270	2	42
chr3	119724187	119724611	2	2	1	2587	2	34
chr3	119724187	119726065	2	2	1	7	0	29
chr3	119724646	119726065	2	2	1	2647	2	38
chr4	31992517	31994873	1	1	1	167	1	40
chr4	31992517	32002088	1	1	1	2360	6	49
chr4	31994955	32002088	1	1	1	167	1	49
chr4	46468788	46469882	1	1	1	1	0	11
chr4	107009769	107027216	1	1	1	5	0	38
chr4	107009769	107028192	1	1	1	49	0	41
chr4	107027298	107028192	1	1	1	7	0	41
chr5	23565266	23616326	2	2	1	382	1	46
chr5	72958287	72965803	1	1	1	2	0	37
chr5	72958287	72974530	1	1	1	55	1	41
chr5	72965882	72974530	1	1	1	2	0	41
chr5	116482537	116591333	2	2	1	383	1	50
chr5	149184807	149187707	1	1	1	11	0	43
chr5	149184807	149188344	1	1	1	413	1	45
chr5	149187877	149188344	1	1	1	11	0	40
chr6	98939789	98941535	2	2	1	66	1	45
chr6	98939789	98944618	2	2	0	12	0	45
chr6	98941658	98944618	2	2	1	65	1	36
chr6	125162102	125162211	2	2	1	292	8	40
chr6	128371086	128371967	1	1	1	1953	2	43
chr6	128371086	128371980	1	1	0	1	0	32
chr6	128371086	128372530	1	1	1	1	0	49
chr6	128371086	128372533	1	1	1	4	0	46
chr6	128372013	128372504	1	1	0	11	0	26
chr6	128372013	128372509	1	1	0	3	0	31
chr6	128372013	128372530	1	1	1	247	0	47
chr6	128372013	128372533	1	1	1	1671	2	46
chr6	128372013	128372536	1	1	0	1	0	43
chr6	128372018	128372530	1	1	0	2	0	49
chr6	128372018	128372533	1	1	0	18	0	46
chr6	128372208	128372533	1	1	0	2	0	46
chr7	35409693	35414143	1	1	1	1	0	12
chr7	35414173	35416416	1	1	1	1	0	29
chr7	35416460	35417641	1	1	1	1	0	27
chr7	67240441	67244520	2	2	1	67	0	24
chr7	67240441	67251656	2	2	1	702	0	46
chr7	67244545	67251656	2	2	1	67	0	24
chr7	102001660	102002294	1	1	1	742	1	43
chr7	102001660	102007485	1	1	1	296	0	43
chr7	102002337	102007485	1	1	1	742	1	42
chr7	112839481	112841887	1	1	1	2	0	41
chr7	112839481	112842039	1	1	1	70	0	45
chr7	112839481	112856052	1	1	1	1	0	12
chr7	112839481	112856797	1	1	1	1	0	41
chr7	112842103	112856052	1	1	1	70	0	12
chr7	112842103	112856797	1	1	1	1	0	37
chr7	112856065	112856797	1	1	1	72	0	12
chr7	127980247	127981190	1	1	1	4	0	2
chr7	127981292	127981410	1	1	1	4	0	6
chr8	91688606	91932332	1	1	0	5	0	13
chr8	95100453	95100646	2	2	1	654	0	31
chr8	95100453	95101408	2	2	0	83	0	46
chr8	95100674	95101408	2	2	1	654	0	44
chr8	123268550	123268744	2	2	1	119	0	46
chr9	43027296	43040539	2	2	1	102	0	38
chr9	43027296	43042590	2	2	1	81	0	45
chr9	43040597	43042590	2	2	1	100	0	45
chr9	80093642	80098885	1	1	1	4249	3	26
chr9	80093642	80098892	1	1	0	74	0	14
chr9	80093642	80103693	1	1	1	184	0	45
chr9	80098907	80099016	1	1	0	1	0	21
chr9	80098907	80103693	1	1	1	4331	3	24
chr9	80098907	80103698	1	1	0	2	0	21
chr9	80099049	80103693	1	1	0	1	0	37
chr9	114597607	114597794	2	2	1	269	0	38
chr9	114597607	114598704	2	2	0	23	0	42
chr9	114597825	114598704	2	2	0	4	0	30
chr9	114597831	114598704	2	2	1	264	0	36
chr11	79458907	79463232	1	1	1	4	0	42
chr11	79458907	79468716	1	1	1	85	0	43
chr11	79463296	79468716	1	1	1	4	0	39
chr11	94112147	94113262	1	1	1	48	0	21
chr11	94112147	94114172	1	1	1	169	0	32
chr11	94113302	94114172	1	1	1	52	0	39
chr11	97778379	97781333	2	2	1	3	0	15
chr11	102310577	102310925	2	2	1	45	0	42
chr11	102310577	102311379	2	2	1	480	0	46
chr11	102311037	102311379	2	2	1	45	0	45
chr11	116268388	116271912	2	2	1	1	0	32
chr12	71952560	71958746	1	1	1	16	0	27
chr12	71952560	71959805	1	1	1	26	0	43
chr12	71958774	71959805	1	1	1	16	0	29
chr12	83811361	83825258	2	2	1	24	0	33
chr12	83811361	83831921	2	2	1	213	0	41
chr12	83825292	83831921	2	2	1	24	0	33
chr12	113133338	113133495	1	1	0	67	7	45
chr12	113133338	113133540	1	1	1	1004	31	42
chr12	113133338	113135796	1	1	1	7	0	29
chr12	113133577	113134761	1	1	0	1	0	21
chr12	113133577	113134800	1	1	0	5	0	14
chr12	113133577	113135796	1	1	1	1030	38	29
chr12	113134813	113135796	1	1	0	5	0	29
chr13	46778990	46785245	2	2	0	1	0	44
chr13	46778994	46780625	2	2	1	388	2	42
chr13	46778994	46785245	2	2	1	1222	4	48
chr13	46780665	46785245	2	2	1	386	2	39
chr13	56084286	56088251	2	2	1	1	0	40
chr13	56084286	56089757	2	2	1	31	0	40
chr13	56088343	56096123	2	2	1	1	0	38
chr13	56089858	56096123	2	2	1	30	0	41
chr14	57643224	57643334	2	2	1	1	0	39
chr14	57643224	57648418	2	2	1	73	0	40
chr14	57643490	57648418	2	2	1	1	0	38
chr14	120389164	120395711	1	1	1	107	0	41
chr14	120389164	120395717	1	1	0	1	0	38
chr14	120389164	120396450	1	1	1	240	0	48
chr14	120395766	120396450	1	1	1	109	0	48
chr15	77102940	77105576	2	2	1	146	0	42
chr15	77102940	77113604	2	2	1	16	0	48
chr15	77105670	77113604	2	2	1	142	0	48
chr15	103242719	103243624	1	1	1	1	0	43
chr16	57178021	57181491	2	2	1	158	0	43
chr16	57178021	57182850	2	2	1	67	0	43
chr16	57181507	57182850	2	2	0	1	0	15
chr16	57181537	57182850	2	2	1	156	0	38
chr17	12979205	13846588	1	1	0	29	0	12
chr17	13846640	13848354	1	1	1	2511	4	24
chr17	13846640	13848358	1	1	0	5	0	17
chr17	13846640	13849107	1	1	1	2431	2	44
chr17	13846640	13849113	1	1	0	9	0	47
chr17	13848376	13849107	1	1	1	2513	4	27
chr17	13848376	13849113	1	1	0	4	0	21
chr17	45570567	45570665	2	2	1	341	1	39
chr17	45570800	45571017	2	2	1	403	1	24
chr18	10726534	10740982	1	1	1	3	0	15
chr18	53948155	53948644	1	1	1	7610	11	33
chr18	53948155	53953244	1	1	1	1338	2	43
chr18	53948162	53953244	1	1	0	1	0	32
chr18	53948666	53953244	1	1	0	2	0	21
chr18	53948669	53953244	1	1	1	7590	11	27
chr18	53948669	53953268	1	1	0	1	0	24
chr18	53948673	53953244	1	1	0	2	0	28
chr19	7281256	7281797	2	4	1	80	0	41
chr19	7281256	7282725	2	2	1	726	0	35
chr19	7281960	7282725	2	2	1	81	0	31
chr19	10619329	10621540	1	1	1	1	0	31
