chr1	34295537	34296741	1	1	1	191	0	18
chr1	34295537	34299720	1	1	1	18	0	38
chr1	34296760	34299720	1	1	1	191	0	18
chr1	40010678	40011649	1	1	1	128	0	24
chr1	40010678	40011811	1	1	0	1	0	21
chr1	40010678	40014105	1	1	1	41	1	32
chr1	40011842	40014105	1	1	1	122	0	39
chr1	82735508	82741817	1	1	1	1	0	40
chr1	82735508	82747082	1	1	1	1	0	40
chr1	82735508	82750519	1	1	1	41	0	41
chr1	82747143	82750519	1	1	1	2	0	38
chr2	32292216	32293314	1	1	1	17	0	43
chr2	32292216	32296625	1	1	1	70	0	43
chr2	32293396	32296625	1	1	1	17	0	39
chr2	59932171	59933405	2	2	0	83	0	38
chr2	59932171	59933411	2	2	1	481	0	32
chr2	59932171	59933670	2	2	1	1	0	37
chr2	59933439	59933670	2	2	1	549	0	28
chr2	71849507	71853533	1	1	1	1099	2	43
chr2	71849507	71853875	1	1	0	1	0	15
chr2	71849507	71855853	1	1	1	2072	3	45
chr2	71849507	71855868	1	1	0	4	0	46
chr2	71853664	71855853	1	1	1	1131	2	42
chr2	71853677	71855868	1	1	0	1	0	46
chr2	71853891	71855853	1	1	0	1	0	18
chr2	75662926	75663570	1	1	1	9	3	40
chr2	91001089	91001461	1	1	1	958	0	34
chr2	91001089	91003299	1	1	0	1	0	33
chr2	91001511	91003210	1	1	1	949	0	25
chr2	91001511	91003299	1	1	0	4	0	46
chr2	91003238	91003810	1	1	0	7	0	27
chr2	91003346	91003810	1	1	1	23	0	36
chr2	91003349	91003810	1	1	0	1	0	36
chr2	91159300	91162027	2	2	0	2	0	41
chr2	91159306	91160316	2	2	1	293	1	47
chr2	91159306	91162027	2	2	1	366	0	47
chr2	91160371	91162027	2	2	1	286	1	38
chr2	91681696	91682025	2	2	1	1	0	50
chr2	91681696	91684668	2	2	1	214	0	50
chr2	91682137	91684668	2	2	1	1	0	38
chr2	153670448	153672215	1	1	1	1	0	50
chr2	168752741	168754433	2	2	1	2	0	44
chr3	60422418	60613472	1	1	0	1	5	15
chr3	60613521	60614682	1	1	1	1487	5	45
chr3	60613521	60615619	1	1	1	1524	6	48
chr3	60614737	60615619	1	1	1	1483	5	39
chr3	87733505	87734423	1	1	1	14	0	39
chr3	87733505	87735344	1	1	0	6	0	39
chr3	87734553	87735344	1	1	1	14	0	37
chr3	88483947	88484046	2	2	1	295	1	40
chr3	88483947	88484055	2	2	0	1	0	41
chr3	88484155	88484614	2	2	1	294	1	43
chr3	119724187	119724611	2	2	1	9101	8	34
chr3	119724187	119726065	2	2	1	16	0	29
chr3	119724646	119726065	2	2	1	9290	8	38
chr3	129825617	129826823	2	2	1	1	0	36
chr4	31992517	31994873	1	1	1	271	1	41
chr4	31992517	32002088	1	1	1	3551	4	49
chr4	31994955	32002088	1	1	1	273	1	49
chr4	46468788	46469882	1	1	1	1	0	11
chr4	107009769	107027216	1	1	1	25	0	38
chr4	107009769	107028192	1	1	1	179	0	42
chr4	107027298	107028192	1	1	1	29	0	41
chr5	13042670	13661475	1	1	0	6	0	13
chr5	23565266	23569656	2	2	0	1	0	37
chr5	23565266	23616326	2	2	1	1170	1	47
chr5	23569704	23616326	2	2	0	1	0	45
chr5	34639047	34639184	2	2	1	1	0	43
chr5	72958287	72965803	1	1	1	2	0	37
chr5	72958287	72974530	1	1	1	81	0	41
chr5	72965882	72974530	1	1	1	2	0	41
chr5	116477146	116482389	2	2	1	1	0	16
chr5	116482532	116591333	2	2	0	4	0	27
chr5	116482537	116591333	2	2	1	1038	2	50
chr5	149184807	149187707	1	1	1	21	0	43
chr5	149184807	149188344	1	1	1	795	2	45
chr5	149187835	149188344	1	1	1	1	0	39
chr5	149187864	149188344	1	1	0	1	0	39
chr5	149187877	149188344	1	1	1	19	0	39
chr6	51464548	51465178	2	2	1	1	0	16
chr6	72634233	72649119	2	2	1	4	0	40
chr6	98939789	98940994	2	2	1	1	0	45
chr6	98939789	98941535	2	2	1	174	0	46
chr6	98939789	98944618	2	2	0	19	0	45
chr6	98941165	98944618	2	2	0	1	0	36
chr6	98941658	98944618	2	2	1	175	0	37
chr6	125162102	125162211	2	2	1	401	8	49
chr6	128371086	128371967	1	1	1	4327	1	45
chr6	128371086	128372533	1	1	1	19	0	46
chr6	128372013	128372504	1	1	0	10	0	26
chr6	128372013	128372509	1	1	0	7	0	31
chr6	128372013	128372530	1	1	1	510	1	47
chr6	128372013	128372533	1	1	1	3746	0	46
chr6	128372013	128372536	1	1	0	2	0	43
chr6	128372013	128372539	1	1	0	1	0	40
chr6	128372018	128372530	1	1	0	5	0	49
chr6	128372018	128372533	1	1	0	40	0	46
chr7	67240441	67244520	2	2	1	276	0	38
chr7	67240441	67251656	2	2	1	1640	1	45
chr7	67240443	67251659	1	1	0	2	0	41
chr7	67244545	67251656	2	2	1	274	0	25
chr7	102001660	102002294	1	1	1	1912	2	43
chr7	102001660	102007485	1	1	1	518	0	43
chr7	102002337	102007485	1	1	1	1913	2	42
chr7	112839481	112841887	1	1	1	5	1	41
chr7	112839481	112842039	1	1	1	118	1	41
chr7	112839481	112856052	1	1	1	2	0	12
chr7	112839481	112856797	1	1	1	10	0	41
chr7	112841906	112842057	1	1	0	0	1	18
chr7	112841951	112856052	1	1	1	1	0	12
chr7	112842103	112856052	1	1	1	116	1	12
chr7	112842103	112856797	1	1	1	5	0	37
chr7	112856065	112856797	1	1	1	121	1	14
chr7	127980247	127981190	1	1	1	9	0	5
chr7	127981292	127981410	1	1	1	10	0	6
chr8	11423625	11423716	1	1	1	1	0	19
chr8	25532429	25555507	1	1	1	2	0	44
chr8	25532429	25557730	1	1	1	5	0	44
chr8	25555775	25557730	1	1	1	2	0	37
chr8	72219861	72219940	1	1	1	4	0	30
chr8	91688606	91932332	1	1	0	5	0	13
chr8	95100453	95100646	2	2	1	1019	1	31
chr8	95100453	95101408	2	2	0	160	0	46
chr8	95100674	95101408	2	2	1	1019	1	42
chr8	95101447	95139983	2	2	0	0	1	15
chr8	120569377	120570716	1	1	1	1	0	13
chr8	123268550	123268744	2	2	1	234	0	47
chr9	43027296	43040539	2	2	1	158	0	39
chr9	43027296	43042590	2	2	1	123	0	45
chr9	43040593	43042590	2	2	0	3	0	43
chr9	43040597	43042590	2	2	1	159	0	46
chr9	55500165	55512030	2	2	1	1	0	28
chr9	80093642	80098885	1	1	1	8053	6	27
chr9	80093642	80098892	1	1	0	113	0	14
chr9	80093642	80103693	1	1	1	209	0	45
chr9	80098907	80099016	1	1	0	2	0	21
chr9	80098907	80101831	1	1	0	1	0	21
chr9	80098907	80103693	1	1	1	8166	6	29
chr9	80098907	80103698	1	1	0	7	0	21
chr9	80099049	80103693	1	1	0	2	0	37
chr9	80101891	80103693	1	1	0	2	0	37
chr9	114597607	114597794	2	2	1	494	0	38
chr9	114597607	114598704	2	2	0	13	0	40
chr9	114597825	114598704	2	2	0	1	0	30
chr9	114597831	114598704	2	2	1	490	0	36
chr9	123011638	123013939	1	1	1	2	0	29
chr11	79458907	79463232	1	1	1	11	0	42
chr11	79458907	79468716	1	1	1	201	0	42
chr11	79463296	79468716	1	1	1	11	0	39
chr11	94112147	94113262	1	1	1	111	0	21
chr11	94112147	94113279	1	1	0	1	0	20
chr11	94112147	94114172	1	1	1	541	0	32
chr11	94113302	94114172	1	1	1	116	0	39
chr11	102310577	102310925	2	2	1	58	0	42
chr11	102310577	102311379	2	2	1	959	4	47
chr11	102310577	102311403	2	2	0	2	0	21
chr11	102311037	102311379	2	2	1	58	0	45
chr12	71952560	71958746	1	1	1	61	0	27
chr12	71952560	71959805	1	1	1	31	0	43
chr12	71958774	71959805	1	1	1	61	0	27
chr12	83811361	83825258	2	2	1	42	0	37
chr12	83811361	83831921	2	2	1	431	0	41
chr12	83825292	83831921	2	2	1	41	0	33
chr12	83825334	83831921	2	2	0	1	0	38
chr12	113133338	113133495	1	1	0	142	13	44
chr12	113133338	113133540	1	1	1	1859	55	43
chr12	113133338	113135796	1	1	1	2	0	29
chr12	113133577	113134186	1	1	0	1	0	28
chr12	113133577	113134800	1	1	0	9	0	12
chr12	113133577	113135796	1	1	1	1941	68	29
chr12	113134231	113135796	1	1	0	1	0	29
chr12	113134813	113135796	1	1	0	9	0	12
chr13	46778994	46780545	2	2	0	1	0	40
chr13	46778994	46780625	2	2	1	790	0	40
chr13	46778994	46785245	2	2	1	2856	6	46
chr13	46780665	46785245	2	2	1	794	0	39
chr13	56084286	56089757	2	2	1	78	0	41
chr13	56089858	56096123	2	2	1	80	0	41
chr14	57643224	57643334	2	2	1	4	0	39
chr14	57643224	57648418	2	2	1	134	1	40
chr14	57643490	57648418	2	2	1	4	0	38
chr14	120389164	120395711	1	1	1	255	0	39
chr14	120389164	120396450	1	1	1	536	1	48
chr14	120395766	120396450	1	1	1	262	0	48
chr15	44428243	44429559	1	1	1	1	0	10
chr15	76705857	76705945	2	2	1	1	0	31
chr15	77102940	77105576	2	2	1	232	0	41
chr15	77102940	77113604	2	2	1	20	0	44
chr15	77105670	77113604	2	2	1	231	0	48
chr15	103242719	103243624	1	1	1	1	0	19
chr16	57178021	57181491	2	2	1	365	0	43
chr16	57178021	57182850	2	2	1	63	0	44
chr16	57181507	57182850	2	2	0	1	0	15
chr16	57181511	57182850	2	2	0	1	0	19
chr16	57181537	57182850	2	2	1	360	0	34
chr17	12979205	13846588	1	1	0	47	1	12
chr17	13846640	13848354	1	1	1	4816	10	22
chr17	13846640	13849107	1	1	1	5088	6	46
chr17	13846640	13849113	1	1	0	71	0	47
chr17	13848376	13849107	1	1	1	4795	10	26
chr17	13848376	13849113	1	1	0	11	0	21
chr17	45570567	45570665	2	2	1	788	1	42
chr17	45570800	45571017	2	2	1	859	1	24
chr18	10726534	10740982	1	1	1	2	0	15
chr18	53948155	53948644	1	1	1	12913	6	33
chr18	53948155	53953244	1	1	1	1669	6	45
chr18	53948666	53953244	1	1	0	2	0	21
chr18	53948669	53953244	1	1	1	12901	3	37
chr18	53948669	53953268	1	1	0	1	0	24
chr18	53948673	53953244	1	1	0	1	0	28
chr18	53949263	53953244	1	1	0	1	0	37
chr18	64515406	64516415	2	2	1	1	0	42
chr19	7281256	7281797	2	4	1	215	0	39
chr19	7281256	7282725	2	2	1	1405	1	36
chr19	7281960	7282725	2	2	1	230	1	35
