chr1	34295537	34296741	1	1	1	54	0	18
chr1	34295537	34299720	1	1	1	6	0	38
chr1	34296760	34299720	1	1	1	54	0	24
chr1	40010678	40011649	1	1	1	36	0	32
chr1	40010678	40011811	1	1	0	3	0	21
chr1	40010678	40014105	1	1	1	19	0	32
chr1	40011842	40014105	1	1	1	39	0	37
chr1	82735508	82741817	1	1	1	1	0	40
chr1	82735508	82747082	1	1	1	1	0	40
chr1	82735508	82750519	1	1	1	67	0	40
chr1	82747143	82750519	1	1	1	1	0	38
chr2	30066894	30068268	1	1	1	2	0	20
chr2	32292216	32293314	1	1	1	14	0	43
chr2	32292216	32296625	1	1	1	96	0	43
chr2	32293396	32296625	1	1	1	14	0	38
chr2	59932171	59933405	2	2	0	82	0	37
chr2	59932171	59933411	2	2	1	427	0	31
chr2	59932171	59933670	2	2	1	2	0	38
chr2	59933439	59933670	2	2	1	503	0	28
chr2	71849507	71853533	1	1	1	315	0	39
chr2	71849507	71853820	1	1	0	1	0	37
chr2	71849507	71853890	1	1	0	2	0	39
chr2	71849507	71855853	1	1	1	2449	2	45
chr2	71849507	71855868	1	1	0	1	0	46
chr2	71853664	71855853	1	1	1	335	0	41
chr2	71853891	71855853	1	1	0	1	0	40
chr2	71853948	71855853	1	1	0	2	0	40
chr2	75662926	75663570	1	1	1	3	0	27
chr2	91001089	91001461	1	1	1	330	0	34
chr2	91001089	91003299	1	1	0	3	0	33
chr2	91001511	91003210	1	1	1	331	0	25
chr2	91003238	91003810	1	1	0	2	0	27
chr2	91003346	91003810	1	1	1	2	0	36
chr2	91159300	91160316	2	2	0	1	0	41
chr2	91159306	91160316	2	2	1	92	0	47
chr2	91159306	91162027	2	2	1	580	0	47
chr2	91160371	91162027	2	2	1	92	0	39
chr2	91681696	91684668	2	2	1	209	0	50
chr2	153670448	153672215	1	1	1	3	0	50
chr3	60422418	60613472	1	1	0	0	4	15
chr3	60613521	60614682	1	1	1	804	2	45
chr3	60613521	60614688	1	1	0	2	0	45
chr3	60613521	60615619	1	1	1	1080	4	46
chr3	60614737	60615619	1	1	1	809	2	39
chr3	87733505	87734423	1	1	1	3	0	39
chr3	87733505	87735344	1	1	0	9	0	39
chr3	87734553	87735344	1	1	1	3	0	37
chr3	88483947	88484046	2	2	1	176	0	39
chr3	88484155	88484614	2	2	1	176	0	41
chr3	119724187	119724611	2	2	1	3486	4	34
chr3	119724187	119726065	2	2	1	19	0	29
chr3	119724646	119726065	2	2	1	3566	5	38
chr3	129825617	129826823	2	2	1	1	0	11
chr3	157947957	157960983	1	1	1	1	0	23
chr3	157961026	157962277	1	1	1	1	0	33
chr4	31992517	31994873	1	1	1	95	0	39
chr4	31992517	32002088	1	1	1	3917	6	49
chr4	31994955	32002088	1	1	1	95	0	49
chr4	46468788	46469882	1	1	1	1	0	30
chr4	107009769	107027216	1	1	1	3	0	38
chr4	107009769	107028192	1	1	1	73	0	44
chr4	107027298	107028192	1	1	1	5	0	41
chr4	139473637	139476130	1	1	1	1	0	8
chr5	23565266	23568151	2	2	0	1	0	37
chr5	23565266	23616326	2	2	1	390	2	45
chr5	23568264	23616326	2	2	0	1	0	45
chr5	72958287	72974530	1	1	1	72	1	47
chr5	116482537	116591333	2	2	1	721	4	50
chr5	149184807	149187707	1	1	1	6	0	43
chr5	149184807	149188344	1	1	1	521	1	46
chr5	149187877	149188344	1	1	1	6	0	39
chr6	47577668	47594893	2	2	1	1	0	26
chr6	98939789	98941535	2	2	1	110	0	46
chr6	98939789	98944618	2	2	0	3	0	45
chr6	98941658	98944618	2	2	1	107	0	39
chr6	125162102	125162211	2	2	1	222	6	43
chr6	128371086	128371967	1	1	1	2462	0	44
chr6	128371086	128372533	1	1	1	11	0	46
chr6	128372013	128372504	1	1	0	21	0	26
chr6	128372013	128372509	1	1	0	3	0	31
chr6	128372013	128372530	1	1	1	347	0	49
chr6	128372013	128372533	1	1	1	2080	0	46
chr6	128372013	128372539	1	1	0	2	0	40
chr6	128372018	128372530	1	1	0	3	0	49
chr6	128372018	128372533	1	1	0	18	0	46
chr7	25724845	25725923	2	2	1	1	0	37
chr7	30192593	30192866	2	2	1	1	0	26
chr7	30192901	30193877	2	2	1	1	0	25
chr7	67240441	67244520	2	2	1	39	0	24
chr7	67240441	67251656	2	2	1	1018	0	44
chr7	67244545	67251656	2	2	1	39	0	24
chr7	102001660	102002294	1	1	1	1048	1	42
chr7	102001660	102007485	1	1	1	461	0	45
chr7	102002310	102007485	1	1	0	2	0	15
chr7	102002337	102007485	1	1	1	1043	1	40
chr7	112839481	112841887	1	1	1	2	0	41
chr7	112839481	112842039	1	1	1	96	0	41
chr7	112839481	112856052	1	1	1	2	0	12
chr7	112839481	112856797	1	1	1	11	0	41
chr7	112841951	112856052	1	1	1	2	0	12
chr7	112842103	112856052	1	1	1	92	0	12
chr7	112842103	112856797	1	1	1	4	0	37
chr7	112856065	112856797	1	1	1	97	0	14
chr7	123124333	123124667	1	1	1	1	0	8
chr7	123124716	123143749	1	1	1	1	0	33
chr7	127980247	127981190	1	1	1	8	0	2
chr7	127981292	127981410	1	1	1	7	0	6
chr8	25532429	25555507	1	1	1	2	0	44
chr8	25532429	25557730	1	1	1	2	0	44
chr8	25555775	25557730	1	1	1	3	0	37
chr8	95100453	95100646	2	2	1	634	0	32
chr8	95100453	95101408	2	2	0	86	0	46
chr8	95100674	95101408	2	2	1	634	0	44
chr8	123268550	123268744	2	2	1	166	0	47
chr9	43027296	43040539	2	2	1	72	0	38
chr9	43027296	43042590	2	2	1	165	1	45
chr9	43040597	43042590	2	2	1	70	0	45
chr9	80067573	80087429	1	1	1	1	0	36
chr9	80093642	80098885	1	1	1	5763	2	26
chr9	80093642	80098892	1	1	0	127	0	19
chr9	80093642	80103693	1	1	1	312	0	45
chr9	80098907	80099016	1	1	0	1	0	21
chr9	80098907	80103693	1	1	1	5887	2	24
chr9	80098907	80103698	1	1	0	5	0	21
chr9	80099049	80103693	1	1	0	1	0	37
chr9	114597607	114597794	2	2	1	276	0	38
chr9	114597607	114598704	2	2	0	28	0	42
chr9	114597825	114598704	2	2	0	1	0	30
chr9	114597831	114598704	2	2	1	273	0	36
chr11	79458907	79463232	1	1	1	8	0	42
chr11	79458907	79468716	1	1	1	204	0	43
chr11	79463296	79468716	1	1	1	8	0	39
chr11	94112147	94113262	1	1	1	65	0	21
chr11	94112147	94114172	1	1	1	358	0	32
chr11	94113302	94114172	1	1	1	66	0	39
chr11	102310577	102310925	2	2	1	25	0	42
chr11	102310577	102311379	2	2	1	682	1	46
chr11	102311037	102311379	2	2	1	25	0	45
chr12	71952560	71958746	1	1	1	40	0	27
chr12	71952560	71959805	1	1	1	86	0	45
chr12	71958774	71959805	1	1	1	40	0	27
chr12	83811361	83825258	2	2	1	44	0	33
chr12	83811361	83831921	2	2	1	366	0	41
chr12	83825292	83831921	2	2	1	44	0	33
chr12	113133338	113133495	1	1	0	76	11	44
chr12	113133338	113133540	1	1	1	1551	37	43
chr12	113133338	113135796	1	1	1	20	0	29
chr12	113133577	113134186	1	1	0	1	0	28
chr12	113133577	113134800	1	1	0	7	0	12
chr12	113133577	113135796	1	1	1	1565	48	29
chr12	113134231	113135796	1	1	0	1	0	29
chr12	113134813	113135796	1	1	0	7	0	12
chr13	46778994	46780625	2	2	1	434	0	40
chr13	46778994	46785245	2	2	1	2208	5	45
chr13	46780665	46785245	2	2	1	433	0	39
chr13	56084286	56089757	2	2	1	22	0	40
chr13	56084286	56096123	2	2	0	1	0	40
chr13	56089858	56096123	2	2	1	23	0	41
chr13	59762796	59769623	2	2	1	1	0	5
chr14	57643224	57648418	2	2	1	78	0	47
chr14	120389164	120395711	1	1	1	129	0	39
chr14	120389164	120396450	1	1	1	432	0	48
chr14	120395766	120396450	1	1	1	132	0	48
chr15	77102940	77105576	2	2	1	127	0	45
chr15	77102940	77113604	2	2	1	13	0	48
chr15	77105670	77113604	2	2	1	126	0	48
chr16	57178021	57181491	2	2	1	293	1	45
chr16	57178021	57182850	2	2	1	245	1	44
chr16	57181507	57182850	2	2	0	4	0	15
chr16	57181537	57182850	2	2	1	287	1	34
chr17	12979205	13846588	1	1	0	41	1	12
chr17	13846640	13848354	1	1	1	2677	8	22
chr17	13846640	13849107	1	1	1	4601	4	49
chr17	13846640	13849113	1	1	0	9	0	47
chr17	13848376	13849107	1	1	1	2658	8	26
chr17	13848376	13849113	1	1	0	5	0	21
chr17	45570567	45570665	2	2	1	319	1	35
chr17	45570800	45571017	2	2	1	366	1	21
chr18	10726534	10740982	1	1	1	1	0	15
chr18	53948155	53948644	1	1	1	8582	4	33
chr18	53948155	53948651	1	1	0	1	0	17
chr18	53948155	53953244	1	1	1	1541	4	43
chr18	53948666	53953244	1	1	0	5	0	21
chr18	53948669	53953244	1	1	1	8571	3	37
chr18	53948669	53953268	1	1	0	4	0	24
chr18	53948673	53953244	1	1	0	2	0	28
chr19	7281256	7281797	2	4	1	86	0	39
chr19	7281256	7282725	2	2	1	1232	1	36
chr19	7281960	7282725	2	2	1	89	0	36
chrX	73952667	73952825	2	2	1	1	0	10
