chr1	34295537	34296741	1	1	1	7	0	18
chr1	34295537	34299720	1	1	1	25	0	38
chr1	34296760	34299720	1	1	1	7	0	18
chr1	40010678	40011649	1	1	1	10	0	21
chr1	40010678	40014105	1	1	1	34	0	32
chr1	40011842	40014105	1	1	1	10	0	37
chr1	58565955	58586211	2	2	1	1	0	46
chr1	82735508	82741817	1	1	1	1	0	20
chr1	82735508	82747082	1	1	1	6	0	40
chr1	82735508	82750519	1	1	1	86	0	40
chr1	82747143	82750519	1	1	1	6	0	38
chr2	32292216	32296625	1	1	1	56	0	43
chr2	59932171	59933405	2	2	0	1	0	33
chr2	59932171	59933411	2	2	1	51	0	27
chr2	59932171	59933670	2	2	1	5	0	34
chr2	59933439	59933670	2	2	1	52	0	28
chr2	71849507	71853533	1	1	1	34	0	40
chr2	71849507	71855853	1	1	1	2203	3	42
chr2	71853664	71855853	1	1	1	34	0	41
chr2	75662926	75663570	1	1	1	3	1	27
chr2	91001089	91001461	1	1	1	604	0	34
chr2	91001511	91003210	1	1	1	586	0	25
chr2	91003238	91003810	1	1	0	2	0	27
chr2	91003346	91003810	1	1	1	13	0	36
chr2	91159306	91160316	2	2	1	2	0	47
chr2	91159306	91162027	2	2	1	138	0	48
chr2	91160371	91162027	2	2	1	2	0	38
chr2	91681696	91684668	2	2	1	591	0	50
chr2	153670448	153670848	1	1	1	79	0	43
chr2	153670448	153672215	1	1	1	1	0	50
chr2	153670909	153672215	1	1	1	81	0	50
chr2	168752741	168754433	2	2	1	8894	12	46
chr3	60613521	60614682	1	1	1	49	0	44
chr3	60613521	60615619	1	1	1	14	0	44
chr3	60614737	60615619	1	1	1	49	0	37
chr3	87733505	87735344	1	1	0	112	0	40
chr3	88483947	88484046	2	2	1	126	0	38
chr3	88484155	88484614	2	2	1	124	0	39
chr3	119724187	119724611	2	2	1	1756	0	34
chr3	119724187	119726065	2	2	1	4	0	29
chr3	119724646	119726065	2	2	1	1800	0	38
chr4	31992517	31993403	1	1	0	2	0	21
chr4	31992517	31994873	1	1	1	1601	1	41
chr4	31992517	32002088	1	1	1	721	1	49
chr4	31994955	32002088	1	1	1	1590	1	49
chr4	107009769	107027216	1	1	1	20	0	38
chr4	107009769	107028192	1	1	1	129	1	42
chr4	107027298	107028192	1	1	1	22	0	41
chr5	23565266	23616326	2	2	1	101	0	45
chr5	72958287	72974530	1	1	1	16	0	41
chr5	116482537	116591333	2	2	1	3	0	50
chr5	149184807	149187707	1	1	1	32	0	43
chr5	149184807	149188344	1	1	1	235	2	44
chr5	149187835	149188344	1	1	1	3	0	39
chr5	149187877	149188344	1	1	1	28	0	40
chr6	47577668	47594893	2	2	1	2	0	32
chr6	72634233	72648800	2	2	1	1480	0	40
chr6	72634233	72649119	2	2	1	3525	3	45
chr6	72648843	72649119	2	2	1	1473	0	42
chr6	98939789	98940994	2	2	1	4	0	45
chr6	98939789	98941535	2	2	1	33	0	46
chr6	98939789	98944618	2	2	0	1	0	45
chr6	98941165	98944618	2	2	0	4	0	36
chr6	98941658	98944618	2	2	1	35	0	47
chr6	125162102	125162211	2	2	1	297	7	36
chr6	128371086	128371967	1	1	1	1109	1	42
chr6	128371086	128372530	1	1	1	55	0	49
chr6	128371086	128372533	1	1	1	565	0	46
chr6	128372013	128372504	1	1	0	2	0	26
chr6	128372013	128372509	1	1	0	3	0	31
chr6	128372013	128372530	1	1	1	138	0	49
chr6	128372013	128372533	1	1	1	930	1	46
chr6	128372018	128372530	1	1	0	3	0	49
chr6	128372018	128372533	1	1	0	36	0	46
chr7	25724845	25725923	2	2	1	1	0	41
chr7	67240441	67244520	2	2	1	11	0	24
chr7	67240441	67251656	2	2	1	558	0	46
chr7	67244545	67251656	2	2	1	11	0	24
chr7	101405603	102001614	1	1	0	4	0	13
chr7	102001660	102002294	1	1	1	105	0	42
chr7	102001660	102007485	1	1	1	1718	1	45
chr7	102002337	102007485	1	1	1	103	0	38
chr7	112839481	112841887	1	1	1	10	0	49
chr7	112839481	112842039	1	1	1	152	1	41
chr7	112839481	112856797	1	1	1	23	0	41
chr7	112839481	112856803	1	1	0	2	0	43
chr7	112841951	112856052	1	1	1	4	0	12
chr7	112841951	112856797	1	1	0	4	0	37
chr7	112842103	112856052	1	1	1	9	0	12
chr7	112842103	112856797	1	1	1	140	1	43
chr7	112842103	112856803	1	1	0	2	0	43
chr7	112856065	112856797	1	1	1	13	0	12
chr7	127980247	127981190	1	1	1	1	0	2
chr7	127981292	127981410	1	1	1	1	0	6
chr7	144861833	144862231	1	1	1	580	2	39
chr7	144862267	144862764	1	1	0	2	0	35
chr7	144862336	144862764	1	1	1	567	2	43
chr8	25532429	25555507	1	1	1	1	0	44
chr8	25532429	25557730	1	1	1	4	0	44
chr8	25555775	25557730	1	1	1	1	0	37
chr8	95100453	95100646	2	2	1	110	0	27
chr8	95100453	95101408	2	2	0	259	0	46
chr8	95100674	95101408	2	2	1	110	0	38
chr8	123268550	123268744	2	2	1	71	0	47
chr9	43027296	43040539	2	2	1	19	0	38
chr9	43027296	43042590	2	2	1	190	0	46
chr9	43040597	43042590	2	2	1	19	0	45
chr9	80093642	80098885	1	1	1	1667	1	26
chr9	80093642	80098892	1	1	0	34	0	19
chr9	80093642	80103693	1	1	1	6831	3	46
chr9	80093642	80103698	1	1	0	1	0	43
chr9	80098907	80103693	1	1	1	1699	1	24
chr9	95678470	95681532	1	1	1	1	0	28
chr9	114597607	114597794	2	2	1	340	0	38
chr9	114597607	114598704	2	2	0	411	0	43
chr9	114597831	114598704	2	2	1	338	0	38
chr11	79458907	79463232	1	1	1	17	0	43
chr11	79458907	79468716	1	1	1	39	0	42
chr11	79463296	79468716	1	1	1	17	0	39
chr11	94112147	94113262	1	1	1	30	0	21
chr11	94112147	94114172	1	1	1	282	0	32
chr11	94113302	94114172	1	1	1	30	0	39
chr11	102310333	102310442	2	2	1	1	0	36
chr11	102310577	102310925	2	2	1	41	0	43
chr11	102310577	102311379	2	2	1	346	2	46
chr11	102311037	102311379	2	2	1	40	0	46
chr11	102311037	102311403	2	2	0	1	0	21
chr12	71952560	71959805	1	1	1	247	1	44
chr12	83811361	83825258	2	2	1	232	0	37
chr12	83811361	83831921	2	2	1	198	0	41
chr12	83825292	83831921	2	2	1	227	0	34
chr12	83825319	83831921	2	2	0	1	0	38
chr12	104697145	104700364	2	2	1	1	0	39
chr12	113133338	113133495	1	1	0	13	0	42
chr12	113133338	113133540	1	1	1	329	0	41
chr12	113133338	113135796	1	1	1	944	0	29
chr12	113133577	113135796	1	1	1	318	0	29
chr13	46778994	46780625	2	2	1	378	0	41
chr13	46778994	46785245	2	2	1	1608	3	44
chr13	46780665	46785245	2	2	1	382	0	39
chr13	56084286	56089757	2	2	1	16	0	40
chr13	56084286	56096123	2	2	0	1	0	40
chr13	56089858	56096123	2	2	1	15	0	41
chr14	57643224	57648418	2	2	1	147	0	41
chr14	120389164	120395711	1	1	1	312	0	43
chr14	120389164	120396339	1	1	0	1	0	38
chr14	120389164	120396450	1	1	1	98	0	48
chr14	120395766	120396450	1	1	1	325	0	48
chr15	77102940	77105576	2	2	1	171	0	40
chr15	77102940	77113604	2	2	1	32	0	48
chr15	77105670	77113604	2	2	1	170	0	48
chr15	77112788	77113604	2	2	0	1	0	44
chr15	103242719	103243624	1	1	1	0	1	36
chr16	57178021	57181491	2	2	1	36	0	44
chr16	57178021	57182850	2	2	1	1135	1	44
chr16	57181537	57182850	2	2	1	36	0	33
chr17	12979205	13846588	1	1	0	29	0	12
chr17	13837442	13846588	1	1	0	1	0	12
chr17	13846640	13848354	1	1	1	321	0	21
chr17	13846640	13849107	1	1	1	11133	14	49
chr17	13846640	13849113	1	1	0	74	0	48
chr17	13848376	13849107	1	1	1	321	0	26
chr17	45570567	45570665	2	2	1	841	0	50
chr17	45570800	45571017	2	2	1	831	0	21
chr18	53948155	53948644	1	1	1	2035	4	28
chr18	53948155	53949213	1	1	0	1	0	39
chr18	53948155	53953244	1	1	1	12165	14	45
chr18	53948155	53953268	1	1	0	3	0	40
chr18	53948162	53953244	1	1	0	2	0	37
chr18	53948669	53953244	1	1	1	2034	4	26
chr18	53949263	53953244	1	1	0	1	0	37
chr19	7281256	7281797	2	4	1	28	0	38
chr19	7281256	7282725	2	2	1	289	0	35
chr19	7281960	7282725	2	2	1	34	0	26
