chr1	34295537	34296741	1	1	1	27	0	18
chr1	34295537	34299720	1	1	1	167	1	40
chr1	34296760	34299720	1	1	1	27	0	18
chr1	40010678	40011649	1	1	1	29	0	21
chr1	40010678	40014105	1	1	1	63	1	32
chr1	40011842	40014105	1	1	1	28	0	37
chr1	82735508	82741817	1	1	1	1	0	40
chr1	82735508	82747082	1	1	1	3	0	40
chr1	82735508	82750519	1	1	1	49	0	40
chr1	82747143	82750519	1	1	1	4	0	38
chr2	32292216	32293314	1	1	1	1	0	43
chr2	32292216	32296625	1	1	1	65	1	43
chr2	32293396	32296625	1	1	1	1	0	38
chr2	59932171	59933405	2	2	0	7	0	33
chr2	59932171	59933411	2	2	1	107	0	32
chr2	59932171	59933670	2	2	1	14	0	39
chr2	59933439	59933670	2	2	1	113	0	28
chr2	71849507	71853533	1	1	1	32	0	44
chr2	71849507	71855853	1	1	1	2005	2	45
chr2	71853664	71855853	1	1	1	33	0	40
chr2	75662926	75663570	1	1	1	6	0	40
chr2	91001089	91001461	1	1	1	464	0	27
chr2	91001089	91003299	1	1	0	3	0	33
chr2	91001511	91003210	1	1	1	463	0	20
chr2	91001511	91003299	1	1	0	2	0	46
chr2	91003346	91003810	1	1	1	14	0	36
chr2	91003891	91004700	1	1	1	1	0	40
chr2	91159306	91160316	2	2	1	6	0	47
chr2	91159306	91162027	2	2	1	151	0	47
chr2	91160371	91162027	2	2	1	6	0	38
chr2	91681696	91682025	2	2	1	1	0	50
chr2	91681696	91684668	2	2	1	733	0	50
chr2	91682137	91684668	2	2	1	1	0	38
chr2	153670448	153670848	1	1	1	51	0	43
chr2	153670909	153672215	1	1	1	52	0	50
chr2	168752741	168754433	2	2	1	14095	18	46
chr3	60613521	60614682	1	1	1	103	0	45
chr3	60613521	60615619	1	1	1	36	0	44
chr3	60614737	60615619	1	1	1	102	0	37
chr3	87733505	87734423	1	1	1	2	0	39
chr3	87733505	87735344	1	1	0	166	0	40
chr3	87734553	87735344	1	1	1	2	0	38
chr3	88483947	88484046	2	2	1	138	0	38
chr3	88483947	88484055	2	2	0	1	0	37
chr3	88484155	88484614	2	2	1	138	0	40
chr3	119724187	119724611	2	2	1	1734	1	34
chr3	119724187	119726065	2	2	1	2	0	29
chr3	119724646	119726065	2	2	1	1758	1	38
chr3	129825617	129826823	2	2	1	4	0	36
chr4	31992517	31994873	1	1	1	1315	1	43
chr4	31992517	32002088	1	1	1	1121	2	49
chr4	31994955	32002088	1	1	1	1307	1	49
chr4	107009769	107027216	1	1	1	46	0	39
chr4	107009769	107028192	1	1	1	219	0	43
chr4	107009769	107028217	1	1	0	1	0	35
chr4	107009769	107030861	1	1	1	1	0	38
chr4	107027298	107028192	1	1	1	55	0	41
chr4	107031092	107036935	1	1	1	1	0	28
chr5	23565266	23568183	2	2	0	1	0	37
chr5	23565266	23616326	2	2	1	189	0	46
chr5	23568264	23616326	2	2	0	1	0	45
chr5	72958287	72974530	1	1	1	40	0	43
chr5	149184807	149187707	1	1	1	34	0	44
chr5	149184807	149188344	1	1	1	286	0	44
chr5	149187835	149188344	1	1	1	3	0	39
chr5	149187864	149188344	1	1	0	2	0	39
chr5	149187877	149188344	1	1	1	29	0	42
chr6	72634233	72634303	2	2	0	1	0	37
chr6	72634233	72648800	2	2	1	3989	3	42
chr6	72634233	72649119	2	2	1	7853	5	50
chr6	72634351	72649119	2	2	0	1	0	40
chr6	72648843	72649119	2	2	1	3975	3	42
chr6	98939789	98940994	2	2	1	3	0	45
chr6	98939789	98941535	2	2	1	37	0	45
chr6	98939789	98944618	2	2	0	1	0	45
chr6	98941165	98944618	2	2	0	3	0	36
chr6	98941658	98944618	2	2	1	37	0	39
chr6	125162102	125162211	2	2	1	432	10	36
chr6	128371086	128371967	1	1	1	1966	4	43
chr6	128371086	128372509	1	1	0	2	0	39
chr6	128371086	128372530	1	1	1	106	0	49
chr6	128371086	128372533	1	1	1	802	1	46
chr6	128371086	128372536	1	1	0	2	0	43
chr6	128372013	128372278	1	1	0	1	0	27
chr6	128372013	128372504	1	1	0	1	0	26
chr6	128372013	128372509	1	1	0	1	0	31
chr6	128372013	128372530	1	1	1	255	1	47
chr6	128372013	128372533	1	1	1	1683	3	46
chr6	128372013	128372536	1	1	0	1	0	43
chr6	128372018	128372530	1	1	0	3	0	49
chr6	128372018	128372533	1	1	0	26	0	46
chr6	128372306	128372533	1	1	0	1	0	27
chr7	30192593	30192866	2	2	1	1	0	34
chr7	30192901	30193877	2	2	1	1	0	12
chr7	67240441	67244520	2	2	1	4	0	24
chr7	67240441	67251656	2	2	1	492	1	45
chr7	67244545	67251656	2	2	1	4	0	24
chr7	101288340	102001612	1	3	0	4	0	12
chr7	102001660	102002294	1	1	1	291	0	42
chr7	102001660	102007485	1	1	1	3644	3	45
chr7	102002337	102007485	1	1	1	295	0	41
chr7	112839481	112841887	1	1	1	9	0	41
chr7	112839481	112842039	1	1	1	166	0	41
chr7	112839481	112856052	1	1	1	3	0	12
chr7	112839481	112856797	1	1	1	17	0	41
chr7	112841906	112842057	1	1	0	1	0	18
chr7	112841951	112856052	1	1	1	1	0	12
chr7	112841951	112856797	1	1	0	4	0	37
chr7	112842103	112856052	1	1	1	10	0	12
chr7	112842103	112856797	1	1	1	158	0	43
chr7	112856065	112856797	1	1	1	14	0	12
chr7	127980247	127981190	1	1	1	10	0	2
chr7	127981292	127981410	1	1	1	10	0	6
chr7	144861833	144862231	1	1	1	861	1	39
chr7	144862267	144862764	1	1	0	4	0	35
chr7	144862336	144862764	1	1	1	850	1	44
chr8	25532429	25555507	1	1	1	1	0	44
chr8	25532429	25557730	1	1	1	3	0	44
chr8	25555775	25557730	1	1	1	2	0	37
chr8	95100453	95100646	2	2	1	502	1	31
chr8	95100453	95101408	2	2	0	691	0	46
chr8	95100674	95101408	2	2	1	502	1	42
chr8	123268550	123268744	2	2	1	123	0	46
chr9	43027296	43040539	2	2	1	19	0	38
chr9	43027296	43042590	2	2	1	277	0	46
chr9	43040597	43042590	2	2	1	19	0	45
chr9	80093642	80098885	1	1	1	1503	3	26
chr9	80093642	80098892	1	1	0	40	0	14
chr9	80093642	80101831	1	1	0	1	0	44
chr9	80093642	80103693	1	1	1	7887	3	45
chr9	80093642	80103698	1	1	0	3	0	44
chr9	80098907	80103693	1	1	1	1543	3	23
chr9	80101891	80103693	1	1	0	1	0	37
chr9	114597607	114597794	2	2	1	224	0	38
chr9	114597607	114598704	2	2	0	285	0	42
chr9	114597831	114598704	2	2	1	223	0	39
chr10	128059287	128068671	1	1	1	0	1	10
chr11	79458907	79463232	1	1	1	39	0	42
chr11	79458907	79468716	1	1	1	32	0	42
chr11	79463296	79468716	1	1	1	38	0	39
chr11	94112147	94113262	1	1	1	29	0	21
chr11	94112147	94114172	1	1	1	351	0	32
chr11	94113302	94114172	1	1	1	29	0	39
chr11	102310577	102310925	2	2	1	66	0	42
chr11	102310577	102311379	2	2	1	285	3	45
chr11	102311037	102311379	2	2	1	66	0	45
chr12	71952560	71959805	1	1	1	272	0	45
chr12	83811361	83825258	2	2	1	157	0	34
chr12	83811361	83831921	2	2	1	195	0	41
chr12	83825292	83831921	2	2	1	157	0	33
chr12	113133338	113133495	1	1	0	17	0	42
chr12	113133338	113133540	1	1	1	446	0	43
chr12	113133338	113135796	1	1	1	994	0	29
chr12	113133577	113135796	1	1	1	429	0	29
chr13	46778994	46780625	2	2	1	712	1	40
chr13	46778994	46785245	2	2	1	2592	4	46
chr13	46780665	46785245	2	2	1	710	1	40
chr13	56084286	56089757	2	2	1	19	0	40
chr13	56089858	56096123	2	2	1	19	0	41
chr14	57643224	57643334	2	2	1	2	0	39
chr14	57643224	57648418	2	2	1	134	0	47
chr14	57643490	57648418	2	2	1	2	0	38
chr14	120389164	120395711	1	1	1	258	1	39
chr14	120389164	120395717	1	1	0	1	0	38
chr14	120389164	120396450	1	1	1	66	0	48
chr14	120395766	120396450	1	1	1	270	1	48
chr15	77102940	77105576	2	2	1	103	0	42
chr15	77102940	77113604	2	2	1	24	0	48
chr15	77105670	77113604	2	2	1	103	0	48
chr15	77769041	77769200	2	2	1	1	0	12
chr15	77769354	77769504	2	2	1	1	0	17
chr15	103242719	103242921	1	1	1	2	0	33
chr16	57178021	57181491	2	2	1	29	0	43
chr16	57178021	57182850	2	2	1	1138	2	44
chr16	57181537	57182850	2	2	1	29	0	33
chr16	94686604	94691580	1	1	1	3	0	45
chr17	12979205	13846588	1	1	0	39	0	12
chr17	13846640	13848354	1	1	1	609	2	22
chr17	13846640	13849107	1	1	1	15361	18	48
chr17	13846640	13849113	1	1	0	63	0	47
chr17	13848376	13849107	1	1	1	607	2	26
chr17	45570567	45570665	2	2	1	318	0	38
chr17	45570800	45571017	2	2	1	345	0	24
chr18	10726534	10740982	1	1	1	1	2	15
chr18	53948155	53948644	1	1	1	2117	2	33
chr18	53948155	53953244	1	1	1	12938	10	45
chr18	53948669	53953244	1	1	1	2111	2	24
chr18	53948673	53953244	1	1	0	5	0	28
chr19	7281256	7281797	2	4	1	122	1	38
chr19	7281256	7282725	2	2	1	402	2	36
chr19	7281960	7282725	2	2	1	130	1	26
