chr1	34295537	34296741	1	1	1	37	0	18
chr1	34295537	34299720	1	1	1	143	0	39
chr1	34296760	34299720	1	1	1	37	0	18
chr1	40010678	40011649	1	1	1	20	0	21
chr1	40010678	40014105	1	1	1	34	1	32
chr1	40011842	40014105	1	1	1	20	0	37
chr1	72626646	72628100	1	1	1	1	0	15
chr1	82735508	82747082	1	1	1	3	0	40
chr1	82735508	82750519	1	1	1	33	0	41
chr1	82747143	82750519	1	1	1	3	0	38
chr2	32292216	32293314	1	1	1	1	0	43
chr2	32292216	32296625	1	1	1	45	0	43
chr2	32293396	32296625	1	1	1	1	0	38
chr2	59926161	59932104	2	2	1	3	0	13
chr2	59932171	59933405	2	2	0	4	0	33
chr2	59932171	59933411	2	2	1	38	0	31
chr2	59932171	59933670	2	2	1	9	0	38
chr2	59933439	59933670	2	2	1	41	0	28
chr2	71849507	71853533	1	1	1	20	0	39
chr2	71849507	71855853	1	1	1	1062	1	42
chr2	71853664	71855853	1	1	1	20	0	40
chr2	75662926	75663570	1	1	1	3	0	39
chr2	91001089	91001461	1	1	1	339	0	24
chr2	91001089	91001479	1	1	0	1	0	24
chr2	91001089	91003299	1	1	0	1	0	33
chr2	91001511	91003210	1	1	1	335	0	31
chr2	91003346	91003810	1	1	1	9	0	36
chr2	91159306	91160316	2	2	1	3	0	47
chr2	91159306	91162027	2	2	1	147	0	47
chr2	91160371	91162027	2	2	1	3	0	38
chr2	91681696	91682025	2	2	1	1	0	50
chr2	91681696	91684668	2	2	1	399	0	50
chr2	91682137	91684668	2	2	1	1	0	38
chr2	153670448	153670848	1	1	1	30	0	43
chr2	153670909	153672215	1	1	1	31	0	50
chr2	168752741	168754433	2	2	1	8828	11	46
chr3	60613521	60614682	1	1	1	86	0	45
chr3	60613521	60615619	1	1	1	17	1	44
chr3	60614737	60615619	1	1	1	83	0	38
chr3	87733505	87734423	1	1	1	3	0	39
chr3	87733505	87735344	1	1	0	102	0	39
chr3	87734553	87735344	1	1	1	2	0	37
chr3	88483947	88484046	2	2	1	71	0	37
chr3	88484155	88484614	2	2	1	72	0	39
chr3	119724187	119724611	2	2	1	1245	1	34
chr3	119724187	119726065	2	2	1	5	0	29
chr3	119724646	119726065	2	2	1	1277	1	38
chr3	129825617	129826823	2	2	1	3	0	36
chr4	31992517	31994873	1	1	1	990	0	41
chr4	31992517	32002088	1	1	1	506	2	49
chr4	31994955	32002088	1	1	1	993	0	49
chr4	107009769	107027216	1	1	1	27	0	43
chr4	107009769	107028192	1	1	1	151	1	42
chr4	107009769	107028217	1	1	0	1	0	35
chr4	107027298	107028192	1	1	1	29	0	41
chr4	107031092	107036935	1	1	1	1	0	29
chr5	23565266	23616326	2	2	1	106	0	46
chr5	23568264	23616326	2	2	0	1	0	45
chr5	72958287	72965803	1	1	1	1	0	37
chr5	72958287	72974530	1	1	1	16	0	41
chr5	72965882	72974530	1	1	1	1	0	41
chr5	149184807	149185484	1	1	1	2	0	43
chr5	149184807	149187707	1	1	1	29	0	44
chr5	149184807	149188344	1	1	1	204	0	45
chr5	149185662	149188344	1	1	0	1	0	39
chr5	149187835	149188344	1	1	1	2	0	39
chr5	149187864	149188344	1	1	0	3	0	39
chr5	149187877	149188344	1	1	1	24	0	39
chr5	149188474	149193839	1	1	1	1	0	7
chr6	72634233	72648800	2	2	1	2245	1	42
chr6	72634233	72649119	2	2	1	3899	4	43
chr6	72648843	72649119	2	2	1	2236	1	42
chr6	98939789	98940994	2	2	1	7	0	45
chr6	98939789	98941535	2	2	1	43	0	45
chr6	98939789	98944618	2	2	0	3	0	45
chr6	98941165	98944618	2	2	0	7	0	36
chr6	98941658	98944618	2	2	1	43	0	36
chr6	125162102	125162211	2	2	1	322	12	36
chr6	128371086	128371967	1	1	1	1050	2	42
chr6	128371086	128372509	1	1	0	1	0	39
chr6	128371086	128372530	1	1	1	46	0	49
chr6	128371086	128372533	1	1	1	397	0	46
chr6	128372013	128372504	1	1	0	1	0	26
chr6	128372013	128372509	1	1	0	3	0	31
chr6	128372013	128372530	1	1	1	142	1	47
chr6	128372013	128372533	1	1	1	893	1	46
chr6	128372013	128372536	1	1	0	1	0	43
chr6	128372018	128372530	1	1	0	3	0	49
chr6	128372018	128372533	1	1	0	7	0	46
chr7	67240441	67244520	2	2	1	5	0	24
chr7	67240441	67251656	2	2	1	395	0	44
chr7	67244545	67251656	2	2	1	5	0	24
chr7	102001660	102002294	1	1	1	155	1	42
chr7	102001660	102007485	1	1	1	2247	0	45
chr7	102001665	102002300	1	1	0	0	1	36
chr7	102002310	102007485	1	1	0	1	0	15
chr7	102002337	102007485	1	1	1	155	1	42
chr7	112839481	112841887	1	1	1	7	1	41
chr7	112839481	112842039	1	1	1	120	1	41
chr7	112839481	112856052	1	1	1	2	0	12
chr7	112839481	112856797	1	1	1	18	0	42
chr7	112841906	112842057	1	1	0	0	1	13
chr7	112841951	112856052	1	1	1	3	0	12
chr7	112841951	112856797	1	1	0	3	0	37
chr7	112842103	112856052	1	1	1	11	0	12
chr7	112842103	112856797	1	1	1	110	1	46
chr7	112856065	112856797	1	1	1	17	0	14
chr7	127980247	127981190	1	1	1	10	0	22
chr7	127981292	127981410	1	1	1	10	0	6
chr7	144861833	144862231	1	1	1	745	0	39
chr7	144862267	144862764	1	1	0	1	0	35
chr7	144862336	144862764	1	1	1	730	0	43
chr8	25532429	25557730	1	1	1	1	0	44
chr8	25555775	25557730	1	1	1	2	0	37
chr8	95100448	95100642	2	2	0	1	0	31
chr8	95100453	95100646	2	2	1	200	0	31
chr8	95100453	95101408	2	2	0	441	0	46
chr8	95100674	95101408	2	2	1	201	0	42
chr8	123268550	123268744	2	2	1	44	0	46
chr9	40803943	40804164	1	1	1	1	0	27
chr9	43027296	43040539	2	2	1	17	0	38
chr9	43027296	43042590	2	2	1	175	1	46
chr9	43040597	43042590	2	2	1	17	0	45
chr9	80093642	80098847	1	1	0	1	0	44
chr9	80093642	80098885	1	1	1	954	2	26
chr9	80093642	80098892	1	1	0	27	0	19
chr9	80093642	80103693	1	1	1	5339	1	45
chr9	80093642	80103698	1	1	0	3	0	44
chr9	80098907	80101831	1	1	0	1	0	21
chr9	80098907	80103693	1	1	1	981	2	37
chr9	80101891	80103693	1	1	0	1	0	37
chr9	114597607	114597794	2	2	1	154	0	38
chr9	114597607	114598704	2	2	0	160	0	42
chr9	114597825	114598704	2	2	0	3	0	30
chr9	114597831	114598704	2	2	1	151	0	38
chr9	123014013	123014468	1	1	1	1	0	14
chr9	123014507	123017244	1	1	1	1	0	38
chr11	79458907	79463232	1	1	1	24	0	42
chr11	79458907	79468716	1	1	1	29	0	42
chr11	79463296	79468716	1	1	1	24	0	39
chr11	94112147	94113262	1	1	1	5	0	21
chr11	94112147	94114172	1	1	1	166	0	32
chr11	94113302	94114172	1	1	1	5	0	39
chr11	102310577	102310925	2	2	1	55	0	42
chr11	102310577	102311379	2	2	1	196	1	46
chr11	102311037	102311379	2	2	1	54	0	45
chr11	102311037	102311403	2	2	0	1	0	21
chr12	71952560	71959805	1	1	1	146	0	45
chr12	83811361	83825258	2	2	1	95	0	33
chr12	83811361	83831921	2	2	1	102	0	41
chr12	83825292	83831921	2	2	1	95	0	33
chr12	113133338	113133495	1	1	0	6	0	42
chr12	113133338	113133540	1	1	1	152	0	41
chr12	113133338	113135796	1	1	1	443	0	29
chr12	113133577	113135796	1	1	1	151	0	29
chr13	46778994	46780625	2	2	1	539	1	41
chr13	46778994	46785245	2	2	1	1783	2	47
chr13	46780665	46785245	2	2	1	540	1	39
chr13	56084286	56089757	2	2	1	11	0	40
chr13	56089858	56096123	2	2	1	9	0	38
chr14	57643224	57643334	2	2	1	2	0	39
chr14	57643224	57648418	2	2	1	94	0	47
chr14	57643490	57648418	2	2	1	2	0	38
chr14	120389164	120395711	1	1	1	233	0	38
chr14	120389164	120395717	1	1	0	1	0	38
chr14	120389164	120396450	1	1	1	57	0	48
chr14	120395766	120396450	1	1	1	243	0	48
chr15	77102940	77105576	2	2	1	99	0	40
chr15	77102940	77113604	2	2	1	8	0	44
chr15	77105670	77113604	2	2	1	98	0	44
chr15	103242719	103242921	1	1	1	1	0	36
chr15	103242719	103243624	1	1	1	0	1	33
chr16	57178021	57181491	2	2	1	11	0	43
chr16	57178021	57182850	2	2	1	631	0	44
chr16	57181537	57182850	2	2	1	11	0	33
chr17	12979205	13846588	1	1	0	7	0	12
chr17	13846640	13848354	1	1	1	374	3	24
chr17	13846640	13849107	1	1	1	7729	8	47
chr17	13846640	13849113	1	1	0	37	0	47
chr17	13848376	13849107	1	1	1	375	3	26
chr17	45570567	45570665	2	2	1	375	0	42
chr17	45570800	45571017	2	2	1	424	0	21
chr18	53948155	53948381	1	1	0	1	0	39
chr18	53948155	53948644	1	1	1	1155	0	28
chr18	53948155	53949213	1	1	0	1	0	39
chr18	53948155	53953244	1	1	1	7549	7	44
chr18	53948162	53953244	1	1	0	1	0	37
chr18	53948666	53953244	1	1	0	5	0	21
chr18	53948669	53953244	1	1	1	1149	0	26
chr18	53948669	53953268	1	1	0	2	0	24
chr18	53949263	53953244	1	1	0	1	0	37
chr18	64515409	64516415	2	2	1	1	0	38
chr19	7281251	7282725	2	2	0	1	0	26
chr19	7281256	7281797	2	4	1	73	0	39
chr19	7281256	7282725	2	2	1	280	0	35
chr19	7281960	7282725	2	2	1	79	0	26
chr19	23687546	23694320	1	1	1	1	0	31
chr19	23694491	23703077	1	1	1	1	0	23
