chr1	34295537	34296741	1	1	1	124	0	18
chr1	34295537	34299720	1	1	1	13	0	38
chr1	34296760	34299720	1	1	1	124	0	18
chr1	40010678	40011649	1	1	1	96	1	24
chr1	40010678	40014105	1	1	1	22	2	32
chr1	40011842	40014105	1	1	1	95	1	38
chr1	82735508	82747082	1	1	1	1	0	40
chr1	82735508	82750519	1	1	1	54	0	40
chr1	82747143	82750519	1	1	1	1	0	38
chr2	32292216	32293314	1	1	1	19	0	43
chr2	32292216	32296625	1	1	1	72	0	43
chr2	32293396	32296625	1	1	1	19	0	38
chr2	59926161	59932104	2	2	1	1	0	23
chr2	59932171	59933405	2	2	0	80	0	37
chr2	59932171	59933411	2	2	1	423	0	32
chr2	59932171	59933670	2	2	1	1	0	28
chr2	59933439	59933670	2	2	1	496	0	32
chr2	71849507	71853533	1	1	1	760	0	43
chr2	71849507	71855853	1	1	1	1937	5	44
chr2	71853664	71855853	1	1	1	768	1	41
chr2	71853891	71855853	1	1	0	1	0	40
chr2	75662926	75663570	1	1	1	3	0	39
chr2	91001089	91001461	1	1	1	660	0	34
chr2	91001511	91003210	1	1	1	660	0	20
chr2	91001511	91003223	1	1	0	1	0	18
chr2	91001511	91003299	1	1	0	2	0	46
chr2	91003346	91003810	1	1	1	22	0	36
chr2	91159306	91160316	2	2	1	197	0	47
chr2	91159306	91162027	2	2	1	339	0	47
chr2	91160371	91162027	2	2	1	197	0	43
chr2	91681696	91682025	2	2	1	2	0	50
chr2	91681696	91684668	2	2	1	170	0	50
chr2	91682110	91684668	2	2	0	1	0	38
chr2	91682137	91684668	2	2	1	1	0	38
chr3	60422418	60613472	1	1	0	0	8	15
chr3	60613521	60614682	1	1	1	1219	6	45
chr3	60613521	60615619	1	1	1	1335	5	45
chr3	60614737	60615619	1	1	1	1225	6	40
chr3	87733505	87734423	1	1	1	17	0	39
chr3	87733505	87735344	1	1	0	9	0	39
chr3	87734553	87735344	1	1	1	16	0	39
chr3	88483947	88484046	2	2	1	249	0	39
chr3	88484155	88484614	2	2	1	247	0	39
chr3	119724187	119724611	2	2	1	4151	2	34
chr3	119724187	119726065	2	2	1	9	0	29
chr3	119724646	119726065	2	2	1	4235	2	38
chr3	139632407	139650143	2	2	0	0	1	13
chr4	31992517	31994873	1	1	1	225	0	39
chr4	31992517	32002088	1	1	1	3303	2	49
chr4	31992526	32002097	2	4	0	1	0	44
chr4	31994955	32002088	1	1	1	228	0	49
chr4	107009769	107027216	1	1	1	10	0	39
chr4	107009769	107028192	1	1	1	169	0	45
chr4	107009769	107028217	1	1	0	1	0	35
chr4	107027298	107028192	1	1	1	12	0	41
chr5	23565266	23616326	2	2	1	801	3	46
chr5	72958287	72965803	1	1	1	1	0	37
chr5	72958287	72974530	1	1	1	46	0	41
chr5	72965882	72974530	1	1	1	1	0	41
chr5	116477146	116482389	2	2	1	1	0	33
chr5	116482532	116591333	2	2	0	3	0	27
chr5	116482537	116591333	2	2	1	751	3	50
chr5	129022546	129022773	1	1	1	1	0	24
chr5	149184807	149187707	1	1	1	13	0	43
chr5	149184807	149188344	1	1	1	522	2	45
chr5	149187877	149188344	1	1	1	13	0	39
chr6	47577668	47594893	2	2	1	2	0	24
chr6	98939789	98941535	2	2	1	123	0	46
chr6	98939789	98944618	2	2	0	13	0	45
chr6	98941658	98944618	2	2	1	125	0	37
chr6	124853141	124854310	2	2	1	2	0	38
chr6	125162102	125162211	2	2	1	296	13	37
chr6	128371086	128371967	1	1	1	3505	1	44
chr6	128371086	128371980	1	1	0	1	0	32
chr6	128371086	128372530	1	1	1	1	0	49
chr6	128371086	128372533	1	1	1	12	0	46
chr6	128372013	128372504	1	1	0	20	0	26
chr6	128372013	128372509	1	1	0	8	0	31
chr6	128372013	128372530	1	1	1	447	0	47
chr6	128372013	128372533	1	1	1	2995	1	46
chr6	128372013	128372536	1	1	0	1	0	43
chr6	128372013	128372539	1	1	0	1	0	40
chr6	128372018	128372530	1	1	0	7	0	49
chr6	128372018	128372533	1	1	0	30	0	46
chr7	28331530	28338351	2	2	1	1	0	42
chr7	67240441	67244520	2	2	1	190	3	40
chr7	67240441	67251656	2	2	1	1322	0	44
chr7	67244545	67251656	2	2	1	189	3	24
chr7	67244580	67251656	2	2	0	1	0	38
chr7	99849060	99858763	2	2	1	1	0	44
chr7	102001660	102002294	1	1	1	1258	1	43
chr7	102001660	102007485	1	1	1	399	0	43
chr7	102002337	102007485	1	1	1	1252	1	41
chr7	112839481	112841887	1	1	1	5	0	41
chr7	112839481	112842039	1	1	1	124	0	41
chr7	112839481	112856052	1	1	1	2	0	12
chr7	112839481	112856797	1	1	1	5	0	41
chr7	112841951	112856052	1	1	1	1	0	12
chr7	112842103	112856052	1	1	1	129	0	12
chr7	112842103	112856797	1	1	1	4	0	37
chr7	112856065	112856797	1	1	1	132	0	12
chr7	127972771	127975887	1	1	1	0	1	1
chr7	127980247	127981190	1	1	1	6	0	2
chr7	127981292	127981410	1	1	1	6	0	6
chr8	25532429	25555507	1	1	1	1	0	29
chr8	25532429	25557730	1	1	1	2	0	44
chr8	91688606	91932332	1	1	0	4	0	13
chr8	95100453	95100646	2	2	1	790	3	31
chr8	95100453	95101408	2	2	0	77	0	46
chr8	95100674	95101408	2	2	1	790	3	42
chr8	95101447	95139983	2	2	0	0	3	15
chr8	123268550	123268744	2	2	1	167	0	47
chr9	43027285	43040539	2	2	0	1	0	49
chr9	43027296	43040539	2	2	1	106	0	39
chr9	43027296	43042590	2	2	1	109	0	46
chr9	43040593	43042590	2	2	0	1	0	43
chr9	43040597	43042590	2	2	1	106	0	45
chr9	80093642	80098885	1	1	1	6309	6	27
chr9	80093642	80098892	1	1	0	147	0	18
chr9	80093642	80103693	1	1	1	191	0	44
chr9	80098907	80099016	1	1	0	1	0	21
chr9	80098907	80103693	1	1	1	6458	6	24
chr9	80098907	80103698	1	1	0	1	0	21
chr9	80099049	80103693	1	1	0	1	0	31
chr9	80103765	80111310	1	1	1	1	0	14
chr9	114597607	114597794	2	2	1	456	0	38
chr9	114597607	114598704	2	2	0	12	0	40
chr9	114597825	114598704	2	2	0	5	0	30
chr9	114597831	114598704	2	2	1	450	0	36
chr10	128046807	128047657	1	1	1	1	0	41
chr11	26778879	26787397	2	2	0	0	2	13
chr11	79458907	79463232	1	1	1	20	0	42
chr11	79458907	79468716	1	1	1	170	0	45
chr11	79463296	79468716	1	1	1	22	0	39
chr11	94112147	94113262	1	1	1	106	0	21
chr11	94112147	94114172	1	1	1	251	0	32
chr11	94113302	94114172	1	1	1	108	0	39
chr11	102310333	102310442	2	2	1	1	0	36
chr11	102310577	102310925	2	2	1	33	0	42
chr11	102310577	102311379	2	2	1	617	2	46
chr11	102311037	102311379	2	2	1	33	0	45
chr12	71952560	71958746	1	1	1	49	0	27
chr12	71952560	71959805	1	1	1	49	0	43
chr12	71958774	71959805	1	1	1	49	0	27
chr12	83811361	83811669	2	2	0	2	0	38
chr12	83811361	83825258	2	2	1	39	0	33
chr12	83811361	83831921	2	2	1	308	0	41
chr12	83811744	83831921	2	2	0	1	0	38
chr12	83825292	83831921	2	2	1	40	0	35
chr12	113133338	113133495	1	1	0	90	11	45
chr12	113133338	113133540	1	1	1	1463	38	42
chr12	113133338	113135796	1	1	1	4	0	29
chr12	113133577	113134800	1	1	0	8	0	14
chr12	113133577	113135796	1	1	1	1504	49	29
chr12	113134813	113135796	1	1	0	7	0	12
chr13	46778994	46780625	2	2	1	636	2	44
chr13	46778994	46785245	2	2	1	1881	1	45
chr13	46780665	46785245	2	2	1	638	2	39
chr13	56084286	56089757	2	2	1	30	0	40
chr13	56089858	56096123	2	2	1	28	0	41
chr14	57643224	57643334	2	2	1	2	0	39
chr14	57643224	57648418	2	2	1	105	0	40
chr14	57643490	57648418	2	2	1	2	0	38
chr14	120389164	120395711	1	1	1	164	0	39
chr14	120389164	120396450	1	1	1	439	1	48
chr14	120395766	120396450	1	1	1	166	0	48
chr15	77102940	77105576	2	2	1	166	1	43
chr15	77102940	77113604	2	2	1	8	0	44
chr15	77105670	77113604	2	2	1	166	1	48
chr16	57178021	57181491	2	2	1	239	0	44
chr16	57178021	57182850	2	2	1	81	0	44
chr16	57181511	57182850	2	2	0	1	0	19
chr16	57181537	57182850	2	2	1	236	0	34
chr16	84831508	84834808	2	2	1	1	0	11
chr17	12979205	13846588	1	1	0	47	4	12
chr17	13846613	13848354	1	1	0	7	0	21
chr17	13846640	13848354	1	1	1	3782	10	25
chr17	13846640	13849107	1	1	1	3251	5	45
chr17	13846640	13849113	1	1	0	3	0	47
chr17	13848376	13849107	1	1	1	3765	10	26
chr17	13848376	13849113	1	1	0	21	0	21
chr17	45570567	45570665	2	2	1	418	1	42
chr17	45570800	45571017	2	2	1	461	0	23
chr18	53948155	53948644	1	1	1	10506	12	28
chr18	53948155	53948651	1	1	0	1	0	17
chr18	53948155	53953244	1	1	1	1600	6	43
chr18	53948666	53953244	1	1	0	10	0	21
chr18	53948669	53949213	1	1	0	1	0	15
chr18	53948669	53949681	1	1	0	1	0	15
chr18	53948669	53953244	1	1	1	10478	8	35
chr18	53949263	53953244	1	1	0	1	0	37
chr18	53949705	53953244	1	1	0	1	0	24
chr18	64515406	64516415	2	2	1	1	0	42
chr19	7281256	7281797	2	4	1	134	0	40
chr19	7281256	7282331	2	2	0	1	0	37
chr19	7281256	7282725	2	2	1	1117	2	36
chr19	7281960	7282725	2	2	1	136	0	26
chr19	7282449	7282725	2	2	0	1	0	26
