chr1	34295537	34296741	1	1	1	38	0	18
chr1	34295537	34299720	1	1	1	173	1	45
chr1	34296760	34299720	1	1	1	38	0	18
chr1	40010678	40011649	1	1	1	16	0	21
chr1	40010678	40014105	1	1	1	41	0	32
chr1	40011842	40014105	1	1	1	16	0	37
chr1	72628202	72629374	1	1	1	1	0	10
chr1	82735508	82741817	1	1	1	2	0	40
chr1	82735508	82747082	1	1	1	3	0	40
chr1	82735508	82750519	1	1	1	51	1	42
chr1	82741977	82750519	1	1	1	1	0	38
chr1	82747143	82750519	1	1	1	5	0	38
chr2	32292216	32296625	1	1	1	64	0	43
chr2	59932171	59933405	2	2	0	11	0	37
chr2	59932171	59933411	2	2	1	57	0	31
chr2	59932171	59933670	2	2	1	11	0	38
chr2	59933439	59933670	2	2	1	67	0	28
chr2	71849507	71853533	1	1	1	23	0	39
chr2	71849507	71855853	1	1	1	1294	0	42
chr2	71853664	71855853	1	1	1	22	0	40
chr2	75662926	75663570	1	1	1	11	0	39
chr2	91001089	91001461	1	1	1	460	0	27
chr2	91001511	91003210	1	1	1	453	0	24
chr2	91003346	91003810	1	1	1	8	0	36
chr2	91159300	91162027	2	2	0	1	0	41
chr2	91159306	91160316	2	2	1	8	0	47
chr2	91159306	91162027	2	2	1	135	0	47
chr2	91160371	91162027	2	2	1	8	0	38
chr2	91681696	91682025	2	2	1	2	0	50
chr2	91681696	91684668	2	2	1	543	0	50
chr2	91681831	91684668	2	2	0	1	0	38
chr2	91682110	91684668	2	2	0	1	0	38
chr2	91682137	91684668	2	2	1	1	0	38
chr2	153670448	153670848	1	1	1	55	0	43
chr2	153670866	153672215	1	1	0	2	0	17
chr2	153670909	153672215	1	1	1	53	0	50
chr2	168752741	168754433	2	2	1	10960	12	47
chr3	60613521	60614682	1	1	1	86	0	44
chr3	60613521	60615619	1	1	1	20	0	44
chr3	60614737	60615619	1	1	1	86	0	38
chr3	87733505	87734423	1	1	1	1	0	39
chr3	87733505	87735344	1	1	0	116	0	44
chr3	87734553	87735344	1	1	1	1	0	37
chr3	88483947	88484046	2	2	1	99	0	38
chr3	88484155	88484614	2	2	1	98	0	39
chr3	119724187	119724611	2	2	1	1235	0	34
chr3	119724187	119726065	2	2	1	4	0	29
chr3	119724646	119726065	2	2	1	1262	0	38
chr3	119726116	119820407	2	2	0	3	0	13
chr3	129825617	129826823	2	2	1	1	0	36
chr4	31992517	31993403	1	1	0	1	0	21
chr4	31992517	31994873	1	1	1	1182	1	40
chr4	31992517	32002088	1	1	1	584	2	49
chr4	31993425	31994873	1	1	0	1	0	17
chr4	31994955	32002088	1	1	1	1181	1	49
chr4	107009769	107027216	1	1	1	34	0	38
chr4	107009769	107028192	1	1	1	183	0	43
chr4	107009769	107028217	1	1	0	1	0	35
chr4	107027298	107028192	1	1	1	38	0	41
chr5	23565266	23616326	2	2	1	149	0	45
chr5	72958287	72965803	1	1	1	1	0	40
chr5	72958287	72974530	1	1	1	32	0	41
chr5	72965882	72974530	1	1	1	1	0	41
chr5	116482537	116591333	2	2	1	3	0	50
chr5	149184807	149187707	1	1	1	39	0	44
chr5	149184807	149188344	1	1	1	222	1	44
chr5	149187806	149188344	1	1	0	1	0	39
chr5	149187835	149188344	1	1	1	8	0	39
chr5	149187877	149188344	1	1	1	29	0	39
chr5	149188474	149193839	1	1	1	1	0	25
chr6	72634233	72648800	2	2	1	2634	7	42
chr6	72634233	72649119	2	2	1	5352	4	50
chr6	72648843	72649119	2	2	1	2618	7	42
chr6	98939789	98940994	2	2	1	7	0	45
chr6	98939789	98941535	2	2	1	66	0	45
chr6	98939789	98944618	2	2	0	14	0	45
chr6	98941165	98944618	2	2	0	8	0	36
chr6	98941658	98944618	2	2	1	66	0	37
chr6	125162102	125162211	2	2	1	318	17	40
chr6	128371086	128371967	1	1	1	1392	2	42
chr6	128371086	128371980	1	1	0	1	0	32
chr6	128371086	128372530	1	1	1	67	0	49
chr6	128371086	128372533	1	1	1	585	0	46
chr6	128371086	128372536	1	1	0	1	0	43
chr6	128372013	128372504	1	1	0	4	0	26
chr6	128372013	128372509	1	1	0	3	0	31
chr6	128372013	128372530	1	1	1	177	0	48
chr6	128372013	128372533	1	1	1	1191	2	46
chr6	128372013	128372536	1	1	0	1	0	43
chr6	128372018	128372533	1	1	0	15	0	46
chr7	25724845	25725923	2	2	1	1	0	41
chr7	67240441	67244520	2	2	1	3	0	24
chr7	67240441	67251656	2	2	1	414	0	45
chr7	67244545	67251656	2	2	1	3	0	24
chr7	101288340	102001612	1	3	0	4	0	12
chr7	102001660	102002294	1	1	1	213	0	43
chr7	102001660	102007485	1	1	1	2692	1	45
chr7	102002337	102007485	1	1	1	215	0	41
chr7	112839481	112841887	1	1	1	13	0	41
chr7	112839481	112842039	1	1	1	153	0	41
chr7	112839481	112856052	1	1	1	1	0	12
chr7	112839481	112856797	1	1	1	20	0	41
chr7	112841951	112856052	1	1	1	3	0	12
chr7	112841951	112856797	1	1	0	7	0	37
chr7	112842103	112856052	1	1	1	11	0	12
chr7	112842103	112856797	1	1	1	144	0	45
chr7	112856065	112856797	1	1	1	15	0	12
chr7	127980247	127981190	1	1	1	13	0	5
chr7	127981292	127981410	1	1	1	14	0	6
chr7	140117357	140126325	1	1	1	0	1	1
chr7	140125883	140126325	1	1	1	0	1	1
chr7	144861833	144862231	1	1	1	983	0	28
chr7	144862336	144862764	1	1	1	975	0	49
chr7	144862377	144862764	1	1	0	2	0	37
chr8	25532429	25555507	1	1	1	2	0	44
chr8	25532429	25557730	1	1	1	2	0	44
chr8	25555775	25557730	1	1	1	2	0	37
chr8	95100453	95100646	2	2	1	216	0	30
chr8	95100453	95101408	2	2	0	456	0	46
chr8	95100674	95101408	2	2	1	216	0	42
chr8	123268550	123268744	2	2	1	43	0	47
chr9	43027296	43040539	2	2	1	12	0	38
chr9	43027296	43042590	2	2	1	217	1	46
chr9	43040597	43042590	2	2	1	12	0	43
chr9	80093642	80098885	1	1	1	1052	2	26
chr9	80093642	80098892	1	1	0	17	0	14
chr9	80093642	80103693	1	1	1	6310	4	46
chr9	80093642	80103698	1	1	0	2	0	44
chr9	80098907	80103693	1	1	1	1068	2	23
chr9	114597607	114597790	2	2	0	1	0	40
chr9	114597607	114597794	2	2	1	219	0	38
chr9	114597607	114598704	2	2	0	213	0	42
chr9	114597825	114598704	2	2	0	9	0	30
chr9	114597831	114598704	2	2	1	211	0	38
chr9	123011638	123013939	1	1	1	1	0	14
chr9	123014013	123014468	1	1	1	1	0	14
chr9	123014507	123017244	1	1	1	1	0	38
chr11	26778879	26787397	2	2	0	0	1	13
chr11	75402251	75403108	1	1	1	1	0	10
chr11	78232834	78233544	2	2	1	1	0	9
chr11	79458907	79463232	1	1	1	26	0	42
chr11	79458907	79468716	1	1	1	27	0	42
chr11	79463296	79468716	1	1	1	28	0	39
chr11	94112147	94113262	1	1	1	5	0	21
chr11	94112147	94114172	1	1	1	206	0	32
chr11	94113302	94114172	1	1	1	5	0	39
chr11	102310577	102310925	2	2	1	60	0	42
chr11	102310577	102311379	2	2	1	243	0	46
chr11	102310577	102311403	2	2	0	1	0	21
chr11	102311037	102311379	2	2	1	60	0	45
chr12	71952560	71959805	1	1	1	166	0	45
chr12	83811361	83825258	2	2	1	155	0	33
chr12	83811361	83831921	2	2	1	128	0	41
chr12	83825292	83831921	2	2	1	155	0	34
chr12	113133338	113133495	1	1	0	6	0	42
chr12	113133338	113133540	1	1	1	159	0	38
chr12	113133338	113135796	1	1	1	605	0	29
chr12	113133577	113135796	1	1	1	158	0	29
chr13	46778990	46785245	2	2	0	3	0	44
chr13	46778994	46780625	2	2	1	506	1	40
chr13	46778994	46785245	2	2	1	2046	6	50
chr13	46780665	46785245	2	2	1	514	1	40
chr13	56084286	56089757	2	2	1	10	0	40
chr13	56089858	56096123	2	2	1	10	0	38
chr14	57643224	57648418	2	2	1	122	0	47
chr14	120389164	120395711	1	1	1	207	0	39
chr14	120389164	120395717	1	1	0	2	0	38
chr14	120389164	120396450	1	1	1	53	0	48
chr14	120395766	120396450	1	1	1	220	0	48
chr15	77102940	77105576	2	2	1	95	1	41
chr15	77102940	77113604	2	2	1	7	0	44
chr15	77105670	77113604	2	2	1	94	1	44
chr15	103242719	103242921	1	1	1	1	0	33
chr15	103242719	103243624	1	1	1	0	1	21
chr16	57178021	57181491	2	2	1	12	0	43
chr16	57178021	57182850	2	2	1	746	1	44
chr16	57181537	57182850	2	2	1	12	0	33
chr17	12979205	13846588	1	1	0	11	0	12
chr17	13846640	13848354	1	1	1	429	1	21
chr17	13846640	13849107	1	1	1	9890	8	46
chr17	13846640	13849113	1	1	0	62	0	47
chr17	13848376	13849107	1	1	1	428	1	26
chr17	13848376	13849113	1	1	0	1	0	21
chr17	45570567	45570665	2	2	1	413	0	42
chr17	45570800	45571017	2	2	1	452	0	24
chr17	56578986	56582983	2	2	1	1	0	37
chr18	53948155	53948644	1	1	1	1402	0	28
chr18	53948155	53953244	1	1	1	9212	7	45
chr18	53948666	53953244	1	1	0	2	0	21
chr18	53948669	53953244	1	1	1	1397	0	27
chr19	7281256	7281797	2	4	1	93	0	39
chr19	7281256	7282725	2	2	1	268	0	36
chr19	7281960	7282725	2	2	1	103	0	33
