chr1	34295537	34296741	1	1	1	3	0	18
chr1	34295537	34299720	1	1	1	20	0	39
chr1	34296760	34299720	1	1	1	3	0	18
chr1	40010678	40011649	1	1	1	18	0	21
chr1	40010678	40014105	1	1	1	26	1	32
chr1	40011842	40014105	1	1	1	18	0	37
chr1	58558058	58565856	2	2	1	1	0	3
chr1	58565955	58586211	2	2	1	1	0	46
chr1	82735508	82741817	1	1	1	1	0	40
chr1	82735508	82747082	1	1	1	1	0	40
chr1	82735508	82750519	1	1	1	49	0	41
chr1	82747143	82750519	1	1	1	2	0	38
chr2	25272678	25272914	1	1	1	1	0	26
chr2	32292216	32296625	1	1	1	48	0	43
chr2	59932171	59933405	2	2	0	1	0	33
chr2	59932171	59933411	2	2	1	21	0	27
chr2	59932171	59933670	2	2	1	3	0	37
chr2	59933439	59933670	2	2	1	22	0	28
chr2	71849507	71853533	1	1	1	25	0	39
chr2	71849507	71855853	1	1	1	1236	1	43
chr2	71853664	71855853	1	1	1	27	0	41
chr2	75662926	75663570	1	1	1	6	1	39
chr2	91001089	91001461	1	1	1	286	0	24
chr2	91001089	91003299	1	1	0	3	0	33
chr2	91001511	91003210	1	1	1	284	0	20
chr2	91001511	91003299	1	1	0	1	0	46
chr2	91003346	91003810	1	1	1	7	0	36
chr2	91159306	91160316	2	2	1	1	0	47
chr2	91159306	91162027	2	2	1	81	0	47
chr2	91160371	91162027	2	2	1	1	0	37
chr2	91681696	91684668	2	2	1	394	2	50
chr2	153670448	153670848	1	1	1	38	0	43
chr2	153670448	153672215	1	1	1	2	0	50
chr2	153670909	153672215	1	1	1	37	0	50
chr2	168752741	168754433	2	2	1	7317	8	46
chr3	60613521	60614682	1	1	1	37	0	44
chr3	60613521	60615619	1	1	1	9	0	44
chr3	60614737	60615619	1	1	1	36	0	37
chr3	87733505	87735344	1	1	0	102	0	40
chr3	88483947	88484046	2	2	1	133	0	39
chr3	88483947	88484055	2	2	0	1	0	37
chr3	88484155	88484614	2	2	1	132	0	39
chr3	119724187	119724611	2	2	1	1164	2	34
chr3	119724187	119726065	2	2	1	6	0	29
chr3	119724646	119726065	2	2	1	1177	2	38
chr3	119726116	119820407	2	2	0	2	0	13
chr4	31992517	31994873	1	1	1	853	1	45
chr4	31992517	32002088	1	1	1	474	0	49
chr4	31994955	32002088	1	1	1	854	1	49
chr4	107009769	107027216	1	1	1	42	0	39
chr4	107009769	107028192	1	1	1	141	1	42
chr4	107027298	107028192	1	1	1	45	0	42
chr4	107031092	107036935	1	1	1	1	0	29
chr5	23565266	23616326	2	2	1	116	0	45
chr5	72958287	72965803	1	1	1	2	0	40
chr5	72958287	72974530	1	1	1	7	0	41
chr5	72965882	72974530	1	1	1	2	0	41
chr5	149184807	149185484	1	1	1	2	0	42
chr5	149184807	149187707	1	1	1	28	0	43
chr5	149184807	149188344	1	1	1	217	0	45
chr5	149185662	149188344	1	1	0	2	0	39
chr5	149187835	149188344	1	1	1	3	0	39
chr5	149187877	149188344	1	1	1	25	0	39
chr6	47577668	47594893	2	2	1	1	0	26
chr6	72634233	72648800	2	2	1	1535	0	42
chr6	72634233	72649119	2	2	1	3282	2	50
chr6	72648843	72649119	2	2	1	1524	0	41
chr6	98939789	98940994	2	2	1	3	0	45
chr6	98939789	98941535	2	2	1	20	0	45
chr6	98941165	98944618	2	2	0	3	0	36
chr6	98941658	98944618	2	2	1	21	0	36
chr6	125162102	125162211	2	2	1	367	2	36
chr6	128371086	128371967	1	1	1	819	1	43
chr6	128371086	128372530	1	1	1	49	0	49
chr6	128371086	128372533	1	1	1	304	0	46
chr6	128372013	128372504	1	1	0	1	0	26
chr6	128372013	128372509	1	1	0	3	0	31
chr6	128372013	128372530	1	1	1	117	0	48
chr6	128372013	128372533	1	1	1	688	1	46
chr6	128372013	128372536	1	1	0	1	0	43
chr6	128372018	128372533	1	1	0	5	0	46
chr7	67240441	67244520	2	2	1	7	0	24
chr7	67240441	67251656	2	2	1	278	0	44
chr7	67244545	67251656	2	2	1	7	0	24
chr7	102001660	102002294	1	1	1	73	1	42
chr7	102001660	102007485	1	1	1	1031	0	44
chr7	102001665	102002300	1	1	0	0	1	37
chr7	102002337	102007485	1	1	1	74	1	42
chr7	112839481	112841887	1	1	1	4	1	41
chr7	112839481	112842039	1	1	1	63	1	41
chr7	112839481	112856797	1	1	1	17	0	41
chr7	112841906	112842057	1	1	0	0	1	18
chr7	112841951	112856052	1	1	1	1	0	12
chr7	112841951	112856797	1	1	0	3	0	37
chr7	112842103	112856052	1	1	1	4	0	12
chr7	112842103	112856797	1	1	1	59	1	40
chr7	112856065	112856797	1	1	1	5	0	12
chr7	127974435	127975887	1	1	1	1	0	4
chr7	127975921	127977217	1	1	1	1	0	33
chr7	127980247	127981190	1	1	1	7	0	2
chr7	127981292	127981410	1	1	1	8	0	6
chr7	144861833	144862231	1	1	1	702	0	29
chr7	144861837	144862231	1	1	0	1	0	32
chr7	144862267	144862764	1	1	0	5	0	35
chr7	144862336	144862764	1	1	1	693	0	43
chr8	25532429	25555507	1	1	1	2	0	44
chr8	25555775	25557730	1	1	1	3	0	37
chr8	95100453	95100646	2	2	1	288	0	30
chr8	95100453	95101408	2	2	0	456	0	46
chr8	95100674	95101408	2	2	1	288	0	43
chr8	123268550	123268744	2	2	1	76	0	47
chr9	43027296	43040539	2	2	1	5	0	38
chr9	43027296	43042590	2	2	1	135	1	46
chr9	43040597	43042590	2	2	1	5	0	45
chr9	80093642	80098885	1	1	1	1013	0	26
chr9	80093642	80098892	1	1	0	17	0	14
chr9	80093642	80103693	1	1	1	3612	1	46
chr9	80098907	80099016	1	1	0	2	0	21
chr9	80098907	80103693	1	1	1	1030	0	23
chr9	80099049	80103693	1	1	0	2	0	37
chr9	114597607	114597794	2	2	1	169	1	39
chr9	114597607	114598704	2	2	0	173	0	42
chr9	114597825	114598704	2	2	0	1	0	30
chr9	114597831	114598704	2	2	1	168	1	36
chr9	123011638	123013939	1	1	1	1	0	14
chr9	123014013	123014468	1	1	1	1	0	13
chr9	123014507	123017244	1	1	1	1	0	38
chr11	79458907	79463232	1	1	1	12	0	42
chr11	79458907	79468716	1	1	1	28	0	42
chr11	79463296	79468716	1	1	1	11	0	38
chr11	94112147	94113262	1	1	1	12	0	21
chr11	94112147	94114172	1	1	1	134	0	32
chr11	94113302	94114172	1	1	1	13	0	39
chr11	102310577	102310925	2	2	1	43	0	42
chr11	102310577	102311379	2	2	1	152	0	45
chr11	102311037	102311379	2	2	1	43	0	45
chr12	71952560	71959805	1	1	1	114	0	45
chr12	80205082	80209358	2	2	1	1	0	33
chr12	80209474	80259986	2	2	1	1	0	17
chr12	83811361	83825258	2	2	1	89	0	33
chr12	83811361	83831921	2	2	1	99	0	41
chr12	83825292	83831921	2	2	1	90	0	33
chr12	113133338	113133495	1	1	0	5	0	42
chr12	113133338	113133540	1	1	1	187	0	38
chr12	113133338	113135796	1	1	1	544	0	29
chr12	113133577	113134186	1	1	0	2	0	28
chr12	113133577	113135796	1	1	1	183	0	29
chr12	113134231	113135796	1	1	0	2	0	29
chr13	46778994	46780625	2	2	1	196	0	40
chr13	46778994	46785245	2	2	1	978	0	45
chr13	46780665	46785245	2	2	1	201	0	39
chr13	56084286	56089757	2	2	1	16	0	40
chr13	56089858	56096123	2	2	1	16	0	41
chr14	57643224	57648418	2	2	1	67	0	47
chr14	120389164	120395711	1	1	1	185	0	38
chr14	120389164	120396450	1	1	1	41	0	48
chr14	120395766	120396450	1	1	1	189	0	48
chr15	77102940	77105576	2	2	1	79	0	40
chr15	77102940	77113604	2	2	1	8	0	47
chr15	77105670	77113604	2	2	1	79	0	48
chr15	103242719	103243624	1	1	1	1	0	33
chr15	103243781	103243958	1	1	1	1	0	40
chr16	57178021	57181491	2	2	1	19	0	44
chr16	57178021	57182850	2	2	1	706	0	44
chr16	57181537	57182850	2	2	1	18	0	33
chr16	94686604	94691580	1	1	1	1	0	45
chr17	12979205	13846588	1	1	0	16	0	12
chr17	13846640	13848354	1	1	1	268	0	21
chr17	13846640	13849107	1	1	1	6683	7	46
chr17	13846640	13849113	1	1	0	49	0	47
chr17	13848376	13849107	1	1	1	267	0	26
chr17	45570567	45570665	2	2	1	281	0	37
chr17	45570800	45571017	2	2	1	319	0	21
chr18	53948155	53948644	1	1	1	1149	3	28
chr18	53948155	53953244	1	1	1	8060	13	44
chr18	53948155	53953268	1	1	0	1	0	40
chr18	53948669	53953244	1	1	1	1148	3	24
chr19	7281251	7282725	2	2	0	1	0	26
chr19	7281256	7281797	2	4	1	68	0	38
chr19	7281256	7282725	2	2	1	208	0	36
chr19	7281960	7282725	2	2	1	70	0	36
