chr1	34295537	34296741	1	1	1	41	0	18
chr1	34295537	34299720	1	1	1	23	0	38
chr1	34296760	34299720	1	1	1	41	0	19
chr1	40010678	40011649	1	1	1	44	0	21
chr1	40010678	40011811	1	1	0	2	0	21
chr1	40010678	40014105	1	1	1	56	0	32
chr1	40011842	40014105	1	1	1	45	0	40
chr1	58558058	58565856	2	2	1	1	0	12
chr1	58565955	58586211	2	2	1	1	0	46
chr1	82735508	82741817	1	1	1	1	0	40
chr1	82735508	82750519	1	1	1	40	0	40
chr1	82747143	82750519	1	1	1	1	0	38
chr2	32292216	32293314	1	1	1	6	0	43
chr2	32292216	32296625	1	1	1	54	0	43
chr2	32293396	32296625	1	1	1	6	0	38
chr2	59926161	59932104	2	2	1	1	0	20
chr2	59932171	59933405	2	2	0	52	0	37
chr2	59932171	59933411	2	2	1	282	0	31
chr2	59932171	59933670	2	2	1	2	0	32
chr2	59933439	59933670	2	2	1	328	0	28
chr2	71849507	71853533	1	1	1	235	0	40
chr2	71849507	71855853	1	1	1	3290	4	44
chr2	71853664	71855853	1	1	1	246	0	41
chr2	75662926	75663570	1	1	1	6	0	41
chr2	91001089	91001461	1	1	1	509	0	27
chr2	91001511	91003210	1	1	1	510	0	23
chr2	91001511	91003299	1	1	0	4	0	46
chr2	91003346	91003810	1	1	1	17	0	36
chr2	91159306	91160316	2	2	1	90	0	47
chr2	91159306	91162027	2	2	1	539	0	47
chr2	91160371	91162027	2	2	1	89	0	39
chr2	91681696	91684668	2	2	1	124	0	50
chr2	153670448	153672215	1	1	1	2	0	50
chr3	60422418	60613472	1	1	0	0	4	15
chr3	60613521	60614682	1	1	1	875	5	45
chr3	60613521	60614688	1	1	0	1	0	38
chr3	60613521	60615619	1	1	1	598	1	45
chr3	60614737	60615619	1	1	1	883	5	38
chr3	87733505	87734423	1	1	1	7	0	40
chr3	87733505	87735344	1	1	0	14	0	39
chr3	87734553	87735344	1	1	1	7	0	37
chr3	88483947	88484046	2	2	1	119	0	38
chr3	88484155	88484614	2	2	1	119	0	44
chr3	119724187	119724611	2	2	1	3079	3	34
chr3	119724187	119726065	2	2	1	22	0	29
chr3	119724646	119726065	2	2	1	3167	3	38
chr3	119726116	119820407	2	2	0	3	0	13
chr4	31992517	31994873	1	1	1	119	0	39
chr4	31992517	32002088	1	1	1	2789	5	49
chr4	31994955	32002088	1	1	1	118	0	49
chr4	107009769	107027216	1	1	1	6	0	38
chr4	107009769	107028192	1	1	1	102	0	41
chr4	107027298	107028192	1	1	1	8	0	41
chr5	23565266	23616326	2	2	1	457	0	46
chr5	72958287	72965803	1	1	1	2	0	40
chr5	72958287	72974530	1	1	1	84	0	43
chr5	72965882	72974530	1	1	1	2	0	41
chr5	116477146	116482389	2	2	1	1	0	32
chr5	116482537	116591333	2	2	1	579	2	50
chr5	149184807	149187707	1	1	1	47	0	44
chr5	149184807	149188344	1	1	1	105	0	43
chr5	149187835	149188344	1	1	1	6	0	39
chr5	149187864	149188344	1	1	0	2	0	39
chr5	149187877	149188344	1	1	1	40	0	39
chr6	72634233	72649119	2	2	1	3	0	40
chr6	98939789	98941535	2	2	1	98	0	47
chr6	98939789	98944618	2	2	0	21	0	46
chr6	98941658	98944618	2	2	1	98	0	36
chr6	125162102	125162211	2	2	1	170	8	36
chr6	128371086	128371967	1	1	1	2294	3	42
chr6	128371086	128372530	1	1	1	3	0	49
chr6	128371086	128372533	1	1	1	10	0	46
chr6	128372013	128372278	1	1	0	1	0	27
chr6	128372013	128372504	1	1	0	14	0	28
chr6	128372013	128372509	1	1	0	6	0	31
chr6	128372013	128372530	1	1	1	328	0	47
chr6	128372013	128372533	1	1	1	1908	3	46
chr6	128372018	128372530	1	1	0	7	0	49
chr6	128372018	128372533	1	1	0	31	0	46
chr6	128372306	128372533	1	1	0	1	0	27
chr7	67240441	67244520	2	2	1	96	0	38
chr7	67240441	67251656	2	2	1	1000	1	45
chr7	67244545	67251656	2	2	1	95	0	24
chr7	102001660	102002294	1	1	1	637	0	42
chr7	102001660	102007485	1	1	1	630	0	45
chr7	102002337	102007485	1	1	1	638	0	40
chr7	112839481	112841887	1	1	1	11	0	41
chr7	112839481	112842039	1	1	1	57	0	41
chr7	112839481	112856052	1	1	1	1	0	12
chr7	112839481	112856797	1	1	1	9	0	41
chr7	112841951	112856052	1	1	1	6	0	12
chr7	112842103	112856052	1	1	1	61	0	12
chr7	112842103	112856797	1	1	1	1	0	37
chr7	112856065	112856797	1	1	1	69	0	12
chr7	127980247	127981190	1	1	1	9	0	8
chr7	127981292	127981410	1	1	1	9	0	6
chr8	25532429	25557730	1	1	1	1	0	44
chr8	95100453	95100646	2	2	1	504	2	31
chr8	95100453	95101408	2	2	0	169	0	46
chr8	95100674	95101408	2	2	1	504	2	42
chr8	95101447	95139983	2	2	0	0	1	15
chr8	123268550	123268744	2	2	1	71	0	46
chr9	43027296	43040539	2	2	1	66	0	39
chr9	43027296	43042590	2	2	1	157	0	46
chr9	43040593	43042590	2	2	0	1	0	43
chr9	43040597	43042590	2	2	1	65	0	46
chr9	80093642	80098885	1	1	1	5282	8	26
chr9	80093642	80098892	1	1	0	171	0	14
chr9	80093642	80103693	1	1	1	277	1	45
chr9	80098907	80101831	1	1	0	3	0	21
chr9	80098907	80103693	1	1	1	5451	8	24
chr9	80101891	80103693	1	1	0	3	0	37
chr9	114597607	114597794	2	2	1	335	0	39
chr9	114597607	114598704	2	2	0	8	0	42
chr9	114597831	114598704	2	2	1	333	0	39
chr11	79458907	79463232	1	1	1	9	0	42
chr11	79458907	79468716	1	1	1	138	0	42
chr11	79463296	79468716	1	1	1	9	0	38
chr11	94112147	94113262	1	1	1	39	0	23
chr11	94112147	94114172	1	1	1	300	0	32
chr11	94113302	94114172	1	1	1	41	0	39
chr11	100481848	100482144	2	2	1	1	0	39
chr11	102310577	102310925	2	2	1	29	0	42
chr11	102310577	102311379	2	2	1	431	0	46
chr11	102311037	102311379	2	2	1	29	0	45
chr12	71952560	71958746	1	1	1	37	0	27
chr12	71952560	71959805	1	1	1	41	0	43
chr12	71958774	71959187	1	1	0	1	0	27
chr12	71958774	71959805	1	1	1	36	0	27
chr12	83811361	83825258	2	2	1	32	0	37
chr12	83811361	83831921	2	2	1	362	1	43
chr12	83825292	83831921	2	2	1	31	0	33
chr12	83825319	83831921	2	2	0	1	0	38
chr12	113133338	113133495	1	1	0	69	5	43
chr12	113133338	113133540	1	1	1	1183	29	41
chr12	113133338	113135796	1	1	1	64	0	29
chr12	113133577	113134186	1	1	0	1	0	28
chr12	113133577	113134761	1	1	0	1	0	21
chr12	113133577	113134800	1	1	0	3	0	12
chr12	113133577	113135796	1	1	1	1206	34	29
chr12	113134231	113135796	1	1	0	1	0	29
chr12	113134813	113135796	1	1	0	4	0	29
chr13	46778994	46780625	2	2	1	211	0	40
chr13	46778994	46785245	2	2	1	1705	2	46
chr13	46780665	46785245	2	2	1	211	0	39
chr13	56084286	56089757	2	2	1	32	0	40
chr13	56084286	56096123	2	2	0	2	0	40
chr13	56089858	56096123	2	2	1	33	0	41
chr14	57643224	57643334	2	2	1	2	0	39
chr14	57643224	57648418	2	2	1	49	0	44
chr14	57643490	57648418	2	2	1	2	0	38
chr14	120389164	120395711	1	1	1	118	0	38
chr14	120389164	120396450	1	1	1	258	0	48
chr14	120395766	120396450	1	1	1	124	0	48
chr15	77102940	77105576	2	2	1	152	0	46
chr15	77102940	77113604	2	2	1	5	0	48
chr15	77105670	77113604	2	2	1	149	0	48
chr16	57178009	57181491	2	2	0	1	0	45
chr16	57178021	57181491	2	2	1	238	0	43
chr16	57178021	57182850	2	2	1	159	0	43
chr16	57181537	57182850	2	2	1	236	0	37
chr17	12979205	13846588	1	1	0	51	1	12
chr17	13846640	13848354	1	1	1	1392	1	21
chr17	13846640	13849107	1	1	1	4247	5	46
chr17	13846640	13849113	1	1	0	42	0	47
chr17	13848376	13849107	1	1	1	1394	1	26
chr17	13848376	13849113	1	1	0	1	0	21
chr17	45570567	45570665	2	2	1	288	0	34
chr17	45570800	45571017	2	2	1	320	0	21
chr17	56578845	56578920	2	2	1	1	0	18
chr17	56578986	56582983	2	2	1	1	0	42
chr18	53948155	53948381	1	1	0	1	0	39
chr18	53948155	53948644	1	1	1	8837	10	28
chr18	53948155	53953244	1	1	1	2461	5	42
chr18	53948155	53953268	1	1	0	2	0	40
chr18	53948162	53948644	1	1	0	1	0	24
chr18	53948447	53948644	1	1	0	1	0	13
chr18	53948666	53953244	1	1	0	6	0	21
chr18	53948669	53953244	1	1	1	8820	10	26
chr18	53948669	53953268	1	1	0	4	0	24
chr18	64515409	64516415	2	2	1	1	0	39
chr19	7281256	7281797	2	4	1	101	0	39
chr19	7281256	7282725	2	2	1	858	0	36
chr19	7281960	7282725	2	2	1	106	0	33
chrX	73952667	73952825	2	2	1	1	0	10
