chr1	34295537	34296741	1	1	1	138	1	18
chr1	34295537	34299720	1	1	1	27	0	39
chr1	34296760	34299720	1	1	1	138	1	19
chr1	40010678	40011649	1	1	1	86	0	32
chr1	40010678	40011811	1	1	0	1	0	21
chr1	40010678	40014105	1	1	1	38	2	32
chr1	40011842	40014105	1	1	1	82	0	38
chr1	82735508	82741817	1	1	1	1	0	20
chr1	82735508	82747082	1	1	1	1	0	40
chr1	82735508	82750519	1	1	1	55	0	41
chr1	82747143	82750519	1	1	1	1	0	38
chr2	32292216	32293314	1	1	1	15	0	43
chr2	32292216	32296625	1	1	1	79	0	43
chr2	32293396	32296625	1	1	1	15	0	38
chr2	59932171	59933405	2	2	0	75	0	37
chr2	59932171	59933411	2	2	1	538	0	32
chr2	59932171	59933670	2	2	1	1	0	37
chr2	59933439	59933670	2	2	1	608	0	30
chr2	71849507	71853533	1	1	1	708	0	43
chr2	71849507	71853890	1	1	0	6	0	39
chr2	71849507	71855853	1	1	1	3503	5	45
chr2	71849507	71855868	1	1	0	5	0	46
chr2	71853664	71855853	1	1	1	744	0	41
chr2	71853948	71855853	1	1	0	6	0	40
chr2	75662926	75663570	1	1	1	5	0	36
chr2	91001089	91001461	1	1	1	720	0	34
chr2	91001089	91003299	1	1	0	4	1	33
chr2	91001511	91003210	1	1	1	714	0	25
chr2	91003238	91003810	1	1	0	3	0	27
chr2	91003346	91003810	1	1	1	11	0	37
chr2	91159306	91160316	2	2	1	247	0	47
chr2	91159306	91162027	2	2	1	547	0	47
chr2	91160371	91162027	2	2	1	248	0	40
chr2	91681696	91682025	2	2	1	2	0	50
chr2	91681696	91684668	2	2	1	221	0	50
chr2	91682110	91684668	2	2	0	1	0	38
chr2	91682137	91684668	2	2	1	1	0	38
chr2	153670448	153672215	1	1	1	1	0	50
chr3	60613521	60614682	1	1	1	1598	3	46
chr3	60613521	60614688	1	1	0	1	0	38
chr3	60613521	60615619	1	1	1	1765	1	46
chr3	60614737	60615619	1	1	1	1610	3	42
chr3	87733505	87734423	1	1	1	6	0	39
chr3	87733505	87735344	1	1	0	12	0	39
chr3	87734553	87735344	1	1	1	6	0	37
chr3	88483947	88484046	2	2	1	251	0	37
chr3	88483947	88484614	2	2	0	1	0	38
chr3	88484155	88484614	2	2	1	250	0	39
chr3	119724187	119724611	2	2	1	6782	4	34
chr3	119724187	119726065	2	2	1	25	2	29
chr3	119724646	119726065	2	2	1	6995	4	41
chr3	119724646	119726086	2	2	0	5	0	34
chr4	31992517	31994873	1	1	1	298	0	40
chr4	31992517	32002088	1	1	1	4531	10	50
chr4	31994955	32002088	1	1	1	297	0	49
chr4	107009769	107027216	1	1	1	15	0	38
chr4	107009769	107028192	1	1	1	165	0	42
chr4	107027298	107028192	1	1	1	17	0	41
chr5	23565266	23610849	2	2	0	1	0	37
chr5	23565266	23616326	2	2	1	1320	2	46
chr5	23610909	23616326	2	2	0	1	0	45
chr5	72958287	72965803	1	1	1	1	0	37
chr5	72958287	72974530	1	1	1	106	0	48
chr5	72965882	72974530	1	1	1	1	0	41
chr5	116482537	116591333	2	2	1	930	2	50
chr5	149184807	149185349	1	1	0	2	0	43
chr5	149184807	149185484	1	1	1	2	0	43
chr5	149184807	149187707	1	1	1	8	0	44
chr5	149184807	149188344	1	1	1	592	2	45
chr5	149185405	149188344	1	1	0	2	0	39
chr5	149185662	149188344	1	1	0	1	0	39
chr5	149187835	149188344	1	1	1	1	0	39
chr5	149187877	149188344	1	1	1	8	0	39
chr6	47577668	47594893	2	2	1	1	0	32
chr6	98939789	98941535	2	2	1	174	0	46
chr6	98939789	98944618	2	2	0	23	0	45
chr6	98941658	98944618	2	2	1	171	0	37
chr6	125162102	125162211	2	2	1	284	3	36
chr6	128371086	128371967	1	1	1	4834	3	45
chr6	128371086	128372509	1	1	0	1	0	37
chr6	128371086	128372530	1	1	1	2	0	49
chr6	128371086	128372533	1	1	1	19	0	46
chr6	128372013	128372504	1	1	0	35	0	26
chr6	128372013	128372509	1	1	0	10	0	31
chr6	128372013	128372530	1	1	1	595	1	49
chr6	128372013	128372533	1	1	1	4153	3	46
chr6	128372013	128372536	1	1	0	2	0	43
chr6	128372013	128372539	1	1	0	1	0	40
chr6	128372018	128372504	1	1	0	1	0	26
chr6	128372018	128372530	1	1	0	3	0	49
chr6	128372018	128372533	1	1	0	45	0	46
chr7	67240441	67244520	2	2	1	236	0	24
chr7	67240441	67251656	2	2	1	2040	0	47
chr7	67244545	67251656	2	2	1	236	0	24
chr7	101288340	102001612	1	3	0	5	0	12
chr7	102001660	102002294	1	1	1	1550	1	43
chr7	102001660	102007485	1	1	1	620	0	45
chr7	102002310	102007485	1	1	0	5	0	15
chr7	102002337	102007485	1	1	1	1549	1	42
chr7	102003812	102007485	1	1	0	1	0	38
chr7	112839481	112841887	1	1	1	4	0	41
chr7	112839481	112842039	1	1	1	99	0	42
chr7	112839481	112856052	1	1	1	3	0	12
chr7	112839481	112856797	1	1	1	5	0	41
chr7	112841951	112856052	1	1	1	1	0	12
chr7	112842103	112856052	1	1	1	97	0	12
chr7	112842103	112856797	1	1	1	3	0	37
chr7	112856065	112856797	1	1	1	102	0	14
chr7	127980247	127981190	1	1	1	14	0	8
chr7	127981292	127981410	1	1	1	14	0	6
chr7	140117357	140126325	1	1	1	0	1	1
chr7	140125883	140126325	1	1	1	0	1	1
chr8	25532429	25555507	1	1	1	1	0	37
chr8	25532429	25557730	1	1	1	4	0	44
chr8	25555775	25557730	1	1	1	1	0	38
chr8	91688606	91932332	1	1	0	5	0	13
chr8	95100453	95100646	2	2	1	949	3	31
chr8	95100453	95101408	2	2	0	160	0	46
chr8	95100674	95101408	2	2	1	950	3	42
chr8	95101447	95139983	2	2	0	0	2	15
chr8	123268550	123268744	2	2	1	139	0	47
chr9	43027296	43040539	2	2	1	128	1	40
chr9	43027296	43042590	2	2	1	150	0	45
chr9	43040597	43042590	2	2	1	127	1	45
chr9	80093642	80098885	1	1	1	9204	6	30
chr9	80093642	80098892	1	1	0	207	0	19
chr9	80093642	80103693	1	1	1	402	0	45
chr9	80098907	80103693	1	1	1	9412	6	29
chr9	80098907	80103698	1	1	0	1	0	21
chr9	114597607	114597794	2	2	1	482	0	39
chr9	114597607	114598704	2	2	0	6	0	42
chr9	114597825	114598704	2	2	0	9	0	30
chr9	114597831	114598704	2	2	1	472	0	36
chr11	79458907	79463232	1	1	1	14	0	42
chr11	79458907	79468113	1	1	1	1	0	41
chr11	79458907	79468716	1	1	1	177	0	42
chr11	79463296	79468716	1	1	1	13	0	39
chr11	79468155	79468716	1	1	1	1	0	38
chr11	94112147	94113262	1	1	1	134	0	21
chr11	94112147	94114172	1	1	1	424	0	32
chr11	94113302	94114172	1	1	1	139	0	39
chr11	102310577	102310925	2	2	1	50	0	42
chr11	102310577	102311360	2	2	0	1	0	42
chr11	102310577	102311379	2	2	1	867	0	45
chr11	102311037	102311379	2	2	1	49	0	45
chr12	71952560	71958746	1	1	1	83	1	27
chr12	71952560	71959805	1	1	1	75	0	43
chr12	71958774	71959805	1	1	1	83	1	29
chr12	83811361	83825258	2	2	1	71	0	33
chr12	83811361	83831921	2	2	1	342	0	41
chr12	83825292	83831921	2	2	1	71	0	33
chr12	113133338	113133495	1	1	0	128	12	46
chr12	113133338	113133540	1	1	1	2229	55	43
chr12	113133338	113135796	1	1	1	25	0	29
chr12	113133577	113134761	1	1	0	1	0	21
chr12	113133577	113134800	1	1	0	11	0	12
chr12	113133577	113135796	1	1	1	2279	67	29
chr12	113134813	113135796	1	1	0	12	0	29
chr13	46778994	46780625	2	2	1	883	1	40
chr13	46778994	46785245	2	2	1	2898	3	45
chr13	46780665	46785245	2	2	1	886	1	39
chr13	56084286	56089757	2	2	1	62	0	41
chr13	56089858	56096123	2	2	1	62	0	41
chr13	59758996	59762741	2	2	1	1	0	5
chr13	59762796	59769623	2	2	1	1	0	48
chr14	57643224	57643334	2	2	1	2	0	39
chr14	57643224	57648418	2	2	1	109	0	47
chr14	57643490	57648418	2	2	1	2	0	38
chr14	120389164	120395711	1	1	1	207	0	39
chr14	120389164	120395717	1	1	0	2	0	38
chr14	120389164	120396450	1	1	1	534	0	48
chr14	120395766	120396450	1	1	1	218	0	48
chr15	77102940	77105576	2	2	1	213	0	46
chr15	77102940	77113604	2	2	1	17	0	44
chr15	77105670	77112712	2	2	0	1	0	23
chr15	77105670	77113604	2	2	1	212	0	48
chr15	77112736	77113604	2	2	0	1	0	23
chr15	103242719	103242921	1	1	1	0	1	32
chr15	103242719	103243624	1	1	1	2	0	33
chr16	57178021	57181491	2	2	1	385	1	44
chr16	57178021	57182850	2	2	1	157	1	43
chr16	57181507	57182850	2	2	0	1	0	15
chr16	57181537	57182850	2	2	1	380	1	42
chr17	12979205	13846588	1	1	0	61	4	12
chr17	13846640	13848354	1	1	1	4795	7	24
chr17	13846640	13848361	1	1	0	4	0	14
chr17	13846640	13849107	1	1	1	5375	8	45
chr17	13846640	13849113	1	1	0	49	0	48
chr17	13848376	13849107	1	1	1	4795	7	29
chr17	13848376	13849113	1	1	0	6	0	21
chr17	13849254	13849567	1	1	1	1	0	16
chr17	45570567	45570665	2	2	1	551	0	45
chr17	45570800	45571017	2	2	1	598	0	24
chr18	53948155	53948644	1	1	1	14537	7	28
chr18	53948155	53953244	1	1	1	2435	6	45
chr18	53948666	53953244	1	1	0	7	0	21
chr18	53948669	53949681	1	1	0	1	0	15
chr18	53948669	53953244	1	1	1	14520	5	37
chr18	53948673	53953244	1	1	0	1	0	28
chr18	53949705	53953244	1	1	0	1	0	23
chr18	64515409	64516415	2	2	1	1	0	31
chr19	7281251	7282725	2	2	0	3	0	26
chr19	7281256	7281797	2	4	1	140	0	46
chr19	7281256	7282725	2	2	1	1741	0	36
chr19	7281960	7282725	2	2	1	147	0	35
chrX	140456864	140465230	1	1	1	1	0	27
KV575235.1	147143	149353	1	1	0	0	1	33
