chr1	34295537	34296741	1	1	1	209	0	18
chr1	34295537	34299720	1	1	1	38	0	39
chr1	34296760	34299720	1	1	1	209	0	19
chr1	40010678	40011649	1	1	1	48	0	28
chr1	40010678	40011811	1	1	0	4	0	21
chr1	40010678	40014105	1	1	1	29	2	32
chr1	40011842	40014105	1	1	1	53	0	37
chr1	82735508	82741817	1	1	1	1	0	40
chr1	82735508	82747082	1	1	1	1	0	40
chr1	82735508	82750519	1	1	1	67	0	41
chr1	82747143	82750519	1	1	1	1	0	38
chr1	178329408	178329867	2	2	1	1	0	14
chr2	32292216	32293314	1	1	1	15	0	43
chr2	32292216	32296625	1	1	1	60	0	43
chr2	32293396	32296625	1	1	1	15	0	38
chr2	59932171	59933405	2	2	0	63	0	37
chr2	59932171	59933411	2	2	1	560	1	31
chr2	59932171	59933670	2	2	1	3	0	38
chr2	59933439	59933670	2	2	1	606	1	28
chr2	71849507	71853533	1	1	1	811	1	40
chr2	71849507	71853890	1	1	0	5	0	39
chr2	71849507	71855853	1	1	1	4423	9	44
chr2	71849507	71855868	1	1	0	6	0	46
chr2	71853664	71855853	1	1	1	838	1	43
chr2	71853948	71855853	1	1	0	6	0	40
chr2	75662926	75663570	1	1	1	6	1	36
chr2	91001089	91001461	1	1	1	681	1	34
chr2	91001089	91003299	1	1	0	3	0	33
chr2	91001511	91003210	1	1	1	679	1	24
chr2	91001511	91003299	1	1	0	4	0	46
chr2	91003346	91003810	1	1	1	14	0	37
chr2	91159300	91162027	2	2	0	2	0	41
chr2	91159306	91160316	2	2	1	267	1	47
chr2	91159306	91162027	2	2	1	493	2	47
chr2	91160371	91162027	2	2	1	268	1	40
chr2	91681696	91682025	2	2	1	3	0	50
chr2	91681696	91684668	2	2	1	226	0	50
chr2	91682110	91684668	2	2	0	2	0	38
chr2	153670448	153670848	1	1	1	1	0	42
chr2	153670448	153672215	1	1	1	6	1	50
chr2	153670909	153672215	1	1	1	1	0	50
chr2	153713625	153714954	1	1	1	0	1	50
chr2	154864050	154865907	1	1	1	1	0	40
chr3	60422418	60613472	1	1	0	0	3	15
chr3	60613521	60614682	1	1	1	1530	7	45
chr3	60613521	60614688	1	1	0	3	0	38
chr3	60613521	60615619	1	1	1	1803	3	48
chr3	60614737	60615619	1	1	1	1538	8	41
chr3	87733505	87734423	1	1	1	10	0	39
chr3	87733505	87735344	1	1	0	12	0	39
chr3	87734553	87735344	1	1	1	9	0	37
chr3	88483947	88484046	2	2	1	194	1	38
chr3	88484155	88484614	2	2	1	193	1	42
chr3	119724187	119724611	2	2	1	5690	2	34
chr3	119724187	119726065	2	2	1	21	1	29
chr3	119724646	119726065	2	2	1	5855	2	38
chr4	31992517	31994873	1	1	1	272	0	39
chr4	31992517	32002088	1	1	1	4277	5	49
chr4	31994955	32002088	1	1	1	276	0	49
chr4	107009769	107027216	1	1	1	7	0	38
chr4	107009769	107028192	1	1	1	142	1	44
chr4	107027298	107028192	1	1	1	8	0	41
chr5	23565266	23610849	2	2	0	1	0	37
chr5	23565266	23616326	2	2	1	1529	2	46
chr5	23575717	23616326	2	2	0	1	0	45
chr5	23610909	23616326	2	2	0	1	0	45
chr5	23615795	23616326	2	2	0	1	0	45
chr5	72958287	72965803	1	1	1	6	0	40
chr5	72958287	72974530	1	1	1	158	0	42
chr5	72965882	72974530	1	1	1	6	0	41
chr5	116475248	116477058	2	2	1	1	0	26
chr5	116482532	116591333	2	2	0	3	0	45
chr5	116482537	116591333	2	2	1	880	5	50
chr5	149184807	149187707	1	1	1	18	0	43
chr5	149184807	149188344	1	1	1	447	0	45
chr5	149187835	149188344	1	1	1	1	0	39
chr5	149187877	149188344	1	1	1	17	0	39
chr6	22339378	22343265	2	2	1	2	0	18
chr6	22343320	22355994	2	2	1	3	0	33
chr6	39688346	39725106	2	2	1	1	0	17
chr6	98939789	98941535	2	2	1	156	2	46
chr6	98939789	98944618	2	2	0	12	0	45
chr6	98941658	98944618	2	2	1	155	2	41
chr6	125162102	125162211	2	2	1	191	3	36
chr6	128371086	128371967	1	1	1	5649	5	45
chr6	128371086	128372530	1	1	1	2	0	49
chr6	128371086	128372533	1	1	1	28	0	46
chr6	128372013	128372504	1	1	0	23	0	26
chr6	128372013	128372509	1	1	0	8	0	31
chr6	128372013	128372530	1	1	1	762	0	49
chr6	128372013	128372533	1	1	1	4782	5	46
chr6	128372013	128372536	1	1	0	3	0	43
chr6	128372013	128372539	1	1	0	1	0	40
chr6	128372018	128372530	1	1	0	5	0	49
chr6	128372018	128372533	1	1	0	50	0	46
chr6	128372018	128372536	1	1	0	1	0	43
chr7	67240441	67244520	2	2	1	378	0	24
chr7	67240441	67251656	2	2	1	2357	4	45
chr7	67244545	67251656	2	2	1	378	0	24
chr7	101288340	102001612	1	3	0	6	0	12
chr7	102001660	102002294	1	1	1	1872	3	43
chr7	102001660	102007485	1	1	1	608	0	45
chr7	102002310	102007485	1	1	0	2	0	15
chr7	102002337	102007485	1	1	1	1875	3	42
chr7	112839481	112841887	1	1	1	3	0	41
chr7	112839481	112842039	1	1	1	103	0	41
chr7	112839481	112856052	1	1	1	8	0	12
chr7	112839481	112856797	1	1	1	3	0	41
chr7	112842103	112856052	1	1	1	98	0	12
chr7	112842103	112856797	1	1	1	3	0	37
chr7	112856065	112856797	1	1	1	107	0	12
chr7	123124333	123124667	1	1	1	1	0	11
chr7	123124716	123143749	1	1	1	1	0	25
chr7	127977322	127978140	1	1	1	1	0	9
chr7	127980247	127981190	1	1	1	6	0	30
chr7	127981292	127981410	1	1	1	6	0	6
chr8	25532429	25557730	1	1	1	4	0	44
chr8	95100453	95100646	2	2	1	557	0	46
chr8	95100453	95101408	2	2	0	110	0	46
chr8	95100674	95101408	2	2	1	554	0	44
chr8	95100700	95101408	2	2	0	4	0	44
chr8	123268550	123268744	2	2	1	153	0	47
chr9	43027296	43040539	2	2	1	146	0	38
chr9	43027296	43042590	2	2	1	161	1	45
chr9	43040593	43042590	2	2	0	2	0	43
chr9	43040597	43042590	2	2	1	144	0	46
chr9	55500165	55512030	2	2	1	0	1	2
chr9	80093642	80094508	1	1	0	1	0	44
chr9	80093642	80098885	1	1	1	9624	4	26
chr9	80093642	80098892	1	1	0	240	0	14
chr9	80093642	80103693	1	1	1	247	0	44
chr9	80094574	80098885	1	1	0	1	0	16
chr9	80098907	80099016	1	1	0	1	0	21
chr9	80098907	80103693	1	1	1	9865	4	29
chr9	80098907	80103698	1	1	0	2	0	21
chr9	80099049	80103693	1	1	0	1	0	37
chr9	114597607	114597794	2	2	1	519	0	38
chr9	114597607	114598704	2	2	0	8	0	40
chr9	114597825	114598704	2	2	0	8	0	30
chr9	114597831	114598704	2	2	1	510	0	36
chr11	35833307	35834436	2	2	1	1	0	34
chr11	79006898	79458862	1	1	0	0	5	15
chr11	79458907	79463232	1	1	1	25	1	42
chr11	79458907	79468716	1	1	1	232	4	44
chr11	79463296	79468716	1	1	1	23	1	39
chr11	79468155	79468716	1	1	1	1	0	38
chr11	94112147	94113262	1	1	1	127	0	21
chr11	94112147	94114172	1	1	1	519	0	32
chr11	94113302	94114172	1	1	1	130	0	39
chr11	102310577	102310925	2	2	1	43	0	42
chr11	102310577	102311379	2	2	1	636	0	46
chr11	102311037	102311379	2	2	1	42	0	45
chr11	102862778	102864707	2	2	1	1	0	18
chr11	102864791	102865569	2	2	1	1	0	32
chr12	65036469	65042460	1	1	1	1	0	16
chr12	71952560	71958746	1	1	1	93	0	27
chr12	71952560	71959805	1	1	1	75	0	44
chr12	71958774	71959805	1	1	1	92	0	27
chr12	71958774	71959809	1	1	0	1	0	27
chr12	83811361	83825258	2	2	1	50	0	34
chr12	83811361	83831921	2	2	1	441	1	41
chr12	83825292	83831921	2	2	1	50	0	34
chr12	113133338	113133495	1	1	0	113	19	44
chr12	113133338	113133540	1	1	1	1880	54	43
chr12	113133338	113135796	1	1	1	19	0	29
chr12	113133577	113134761	1	1	0	1	0	21
chr12	113133577	113134800	1	1	0	12	0	14
chr12	113133577	113135796	1	1	1	1919	73	29
chr12	113134813	113135796	1	1	0	11	0	29
chr13	46778990	46785245	2	2	0	1	0	44
chr13	46778994	46780625	2	2	1	1058	0	43
chr13	46778994	46785245	2	2	1	2934	5	46
chr13	46780663	46785245	2	2	0	1	0	36
chr13	46780665	46785245	2	2	1	1063	0	39
chr13	56084286	56089757	2	2	1	39	0	40
chr13	56089858	56096123	2	2	1	38	0	38
chr14	57643224	57643334	2	2	1	1	0	39
chr14	57643224	57648418	2	2	1	92	0	47
chr14	57643490	57648418	2	2	1	1	0	38
chr14	120389164	120395711	1	1	1	224	1	39
chr14	120389164	120396450	1	1	1	492	1	48
chr14	120395766	120396450	1	1	1	231	1	48
chr15	77102940	77105576	2	2	1	283	0	42
chr15	77102940	77113604	2	2	1	21	0	47
chr15	77105670	77113604	2	2	1	284	0	48
chr15	103242719	103243624	1	1	1	1	2	43
chr16	57178021	57181491	2	2	1	380	0	45
chr16	57178021	57182850	2	2	1	143	1	43
chr16	57181537	57182850	2	2	1	378	0	42
chr17	12979205	13846588	1	1	0	63	2	12
chr17	13846613	13848354	1	1	0	4	0	21
chr17	13846640	13848354	1	1	1	5697	12	24
chr17	13846640	13849107	1	1	1	6072	8	46
chr17	13846640	13849113	1	1	0	9	0	47
chr17	13848376	13849107	1	1	1	5684	12	29
chr17	13848376	13849113	1	1	0	6	0	21
chr17	13848376	13849116	1	1	0	5	0	21
chr17	45570567	45570665	2	2	1	485	0	42
chr17	45570800	45571017	2	2	1	534	1	24
chr18	53948155	53948381	1	1	0	1	0	39
chr18	53948155	53948644	1	1	1	18365	16	33
chr18	53948155	53948651	1	1	0	2	0	17
chr18	53948155	53953244	1	1	1	2615	7	45
chr18	53948447	53948644	1	1	0	1	0	13
chr18	53948666	53953244	1	1	0	9	0	21
chr18	53948669	53949681	1	1	0	1	0	15
chr18	53948669	53953244	1	1	1	18322	13	37
chr18	53948673	53953244	1	1	0	1	0	28
chr18	53949705	53953244	1	1	0	1	0	23
chr18	64511701	64511784	2	2	1	1	0	35
chr18	64515409	64516415	2	2	1	1	0	30
chr19	7281251	7282725	2	2	0	4	0	26
chr19	7281256	7281797	2	4	1	134	0	39
chr19	7281256	7282725	2	2	1	1446	0	36
chr19	7281960	7282725	2	2	1	135	0	35
chr19	23687546	23694320	1	1	1	1	0	37
