chr1	34295537	34296741	1	1	1	48	0	18
chr1	34295537	34299720	1	1	1	255	1	40
chr1	34296760	34299720	1	1	1	48	0	18
chr1	37885317	37890159	2	2	1	1	0	37
chr1	40010678	40011649	1	1	1	7	0	21
chr1	40010678	40014105	1	1	1	57	3	32
chr1	40011842	40014105	1	1	1	7	0	37
chr1	82735508	82747082	1	1	1	3	0	40
chr1	82735508	82750519	1	1	1	59	0	41
chr1	82747143	82750519	1	1	1	3	0	38
chr2	30066894	30068268	1	1	1	1	0	29
chr2	32292216	32296625	1	1	1	68	0	43
chr2	59926161	59932104	2	2	1	2	0	31
chr2	59932171	59933405	2	2	0	5	0	33
chr2	59932171	59933411	2	2	1	74	0	31
chr2	59932171	59933670	2	2	1	21	0	38
chr2	59933439	59933670	2	2	1	77	0	28
chr2	71849507	71853533	1	1	1	21	0	39
chr2	71849507	71855853	1	1	1	2146	3	45
chr2	71849511	71855853	1	1	0	1	0	40
chr2	71853664	71855853	1	1	1	22	0	41
chr2	75662926	75663570	1	1	1	3	0	39
chr2	91001089	91001461	1	1	1	558	0	34
chr2	91001089	91003299	1	1	0	1	0	33
chr2	91001511	91003210	1	1	1	559	0	25
chr2	91003238	91003810	1	1	0	4	0	27
chr2	91003346	91003810	1	1	1	9	0	36
chr2	91159306	91160316	2	2	1	3	0	47
chr2	91159306	91162027	2	2	1	172	0	47
chr2	91160371	91162027	2	2	1	3	0	38
chr2	91681696	91684668	2	2	1	511	0	50
chr2	153670448	153670848	1	1	1	73	0	43
chr2	153670448	153672215	1	1	1	1	0	50
chr2	153670909	153672215	1	1	1	72	0	50
chr2	155064077	155064153	2	2	1	1	0	25
chr2	168752741	168754433	2	2	1	9183	13	46
chr3	60613521	60614682	1	1	1	38	0	44
chr3	60613521	60615619	1	1	1	18	0	44
chr3	60614737	60615619	1	1	1	38	0	37
chr3	87733505	87734423	1	1	1	1	0	38
chr3	87733505	87735344	1	1	0	122	0	42
chr3	87734553	87735344	1	1	1	1	0	37
chr3	88483947	88484046	2	2	1	105	1	38
chr3	88484155	88484614	2	2	1	109	0	43
chr3	119724187	119724611	2	2	1	1465	2	34
chr3	119724187	119726065	2	2	1	1	0	29
chr3	119724646	119726065	2	2	1	1509	2	38
chr3	129825617	129826823	2	2	1	1	0	36
chr3	139632407	139650143	2	2	0	0	1	13
chr4	31992517	31994873	1	1	1	1483	1	41
chr4	31992517	32002088	1	1	1	474	0	49
chr4	31994955	32002088	1	1	1	1486	1	49
chr4	46468788	46469882	1	1	1	3	0	11
chr4	107009769	107027216	1	1	1	20	0	38
chr4	107009769	107028192	1	1	1	88	0	41
chr4	107027298	107028192	1	1	1	21	0	41
chr5	23565266	23616326	2	2	1	127	0	46
chr5	72958287	72965803	1	1	1	1	0	37
chr5	72958287	72974530	1	1	1	12	0	42
chr5	72965882	72974530	1	1	1	1	0	41
chr5	149184807	149185484	1	1	1	1	0	42
chr5	149184807	149187707	1	1	1	24	0	44
chr5	149184807	149188344	1	1	1	219	1	45
chr5	149185662	149188344	1	1	0	1	0	39
chr5	149187835	149188344	1	1	1	3	0	39
chr5	149187864	149188344	1	1	0	1	0	39
chr5	149187877	149188344	1	1	1	19	0	39
chr6	72634233	72648800	2	2	1	1879	2	42
chr6	72634233	72649119	2	2	1	4049	6	44
chr6	72648843	72649119	2	2	1	1869	2	41
chr6	98939789	98940994	2	2	1	6	0	46
chr6	98939789	98941535	2	2	1	57	0	45
chr6	98939789	98944618	2	2	0	12	0	45
chr6	98941165	98944618	2	2	0	6	0	36
chr6	98941658	98944618	2	2	1	57	0	36
chr6	125162102	125162211	2	2	1	360	12	36
chr6	128371086	128371967	1	1	1	1155	1	44
chr6	128371086	128372504	1	1	0	1	0	39
chr6	128371086	128372530	1	1	1	68	0	49
chr6	128371086	128372533	1	1	1	644	0	46
chr6	128372013	128372504	1	1	0	2	0	26
chr6	128372013	128372509	1	1	0	1	0	31
chr6	128372013	128372530	1	1	1	160	1	49
chr6	128372013	128372533	1	1	1	972	0	46
chr6	128372018	128372530	1	1	0	2	0	49
chr6	128372018	128372533	1	1	0	21	0	46
chr7	25724845	25725923	2	2	1	1	0	39
chr7	67240441	67244520	2	2	1	7	0	24
chr7	67240441	67251656	2	2	1	448	0	45
chr7	67244545	67251656	2	2	1	7	0	24
chr7	101405603	102001614	1	1	0	5	0	13
chr7	102001660	102002294	1	1	1	262	0	42
chr7	102001660	102007485	1	1	1	4132	5	45
chr7	102002337	102007485	1	1	1	263	0	39
chr7	112839481	112841887	1	1	1	8	1	41
chr7	112839481	112842039	1	1	1	192	1	41
chr7	112839481	112856052	1	1	1	3	0	12
chr7	112839481	112856797	1	1	1	16	0	41
chr7	112841906	112842057	1	1	0	0	1	18
chr7	112841951	112856797	1	1	0	5	0	37
chr7	112842103	112856052	1	1	1	12	0	12
chr7	112842103	112856797	1	1	1	181	1	45
chr7	112842103	112856803	1	1	0	1	0	43
chr7	112856065	112856797	1	1	1	15	0	14
chr7	112856065	112856803	1	1	0	1	0	12
chr7	127980247	127981190	1	1	1	6	0	22
chr7	127981292	127981410	1	1	1	5	0	6
chr7	144861833	144862231	1	1	1	848	1	29
chr7	144862267	144862764	1	1	0	1	0	35
chr7	144862336	144862764	1	1	1	842	1	43
chr8	25532429	25555507	1	1	1	3	0	44
chr8	25532429	25557730	1	1	1	4	0	44
chr8	25555775	25557730	1	1	1	3	0	37
chr8	95100453	95100646	2	2	1	210	0	31
chr8	95100453	95101408	2	2	0	380	0	46
chr8	95100674	95101408	2	2	1	210	0	38
chr8	121628690	121651724	2	2	1	1	0	20
chr8	123268550	123268744	2	2	1	92	0	46
chr9	43027296	43029555	2	2	0	1	0	18
chr9	43027296	43040539	2	2	1	20	0	38
chr9	43027296	43042590	2	2	1	235	0	46
chr9	43029574	43040539	2	2	0	1	0	18
chr9	43040597	43042590	2	2	1	21	0	45
chr9	80093642	80098885	1	1	1	1494	1	26
chr9	80093642	80098892	1	1	0	21	0	14
chr9	80093642	80099016	1	1	0	1	0	33
chr9	80093642	80103693	1	1	1	5741	2	46
chr9	80098907	80103693	1	1	1	1516	1	24
chr9	80099049	80103693	1	1	0	1	0	34
chr9	114597607	114597794	2	2	1	300	0	39
chr9	114597607	114598704	2	2	0	392	0	43
chr9	114597825	114598704	2	2	0	4	0	30
chr9	114597831	114598704	2	2	1	295	0	39
chr9	123011638	123013939	1	1	1	2	0	29
chr11	79458907	79463232	1	1	1	22	0	42
chr11	79458907	79468716	1	1	1	37	0	42
chr11	79463296	79468716	1	1	1	21	0	39
chr11	94112147	94113262	1	1	1	15	0	21
chr11	94112147	94114172	1	1	1	240	0	32
chr11	94113302	94114172	1	1	1	15	0	39
chr11	102310577	102310925	2	2	1	79	1	42
chr11	102310577	102311379	2	2	1	320	2	46
chr11	102311037	102311379	2	2	1	79	1	46
chr12	71952560	71959805	1	1	1	190	0	45
chr12	83811361	83811669	2	2	0	1	0	37
chr12	83811361	83825258	2	2	1	214	1	34
chr12	83811361	83831921	2	2	1	190	1	41
chr12	83811744	83831921	2	2	0	1	0	38
chr12	83825292	83831921	2	2	1	214	1	34
chr12	113133338	113133495	1	1	0	5	1	45
chr12	113133338	113133540	1	1	1	229	2	38
chr12	113133338	113134186	1	1	0	1	0	42
chr12	113133338	113135796	1	1	1	981	0	29
chr12	113133577	113135796	1	1	1	219	3	29
chr13	46778994	46780625	2	2	1	609	4	44
chr13	46778994	46785245	2	2	1	2746	8	45
chr13	46780665	46785245	2	2	1	610	4	40
chr13	56084286	56089757	2	2	1	9	0	40
chr13	56084286	56096123	2	2	0	2	0	40
chr13	56089858	56096123	2	2	1	9	0	38
chr14	57643224	57648418	2	2	1	159	0	41
chr14	120389164	120395711	1	1	1	322	0	39
chr14	120389164	120395717	1	1	0	1	0	38
chr14	120389164	120396450	1	1	1	62	0	48
chr14	120395766	120396450	1	1	1	345	0	48
chr15	77102940	77104709	2	2	0	1	0	40
chr15	77102940	77105576	2	2	1	175	0	42
chr15	77102940	77113604	2	2	1	21	0	48
chr15	77104781	77113604	2	2	0	1	0	44
chr15	77105670	77113604	2	2	1	178	0	48
chr16	57178021	57181491	2	2	1	11	1	43
chr16	57178021	57182850	2	2	1	961	1	44
chr16	57181537	57182850	2	2	1	11	1	33
chr16	94686604	94691580	1	1	1	2	0	45
chr17	12979205	13846588	1	1	0	31	0	12
chr17	13846613	13848354	1	1	0	3	0	21
chr17	13846640	13848354	1	1	1	303	0	22
chr17	13846640	13849107	1	1	1	10893	17	46
chr17	13846640	13849113	1	1	0	74	0	48
chr17	13848376	13849107	1	1	1	304	0	26
chr17	13848376	13849126	1	1	0	3	0	21
chr17	45570567	45570665	2	2	1	893	0	41
chr17	45570800	45571017	2	2	1	918	0	24
chr18	10726534	10740982	1	1	1	1	0	15
chr18	53948155	53948644	1	1	1	1209	2	28
chr18	53948155	53953244	1	1	1	9235	9	44
chr18	53948162	53953244	1	1	0	2	0	37
chr18	53948669	53953244	1	1	1	1202	2	37
chr19	7281256	7281797	2	4	1	67	0	41
chr19	7281256	7282725	2	2	1	268	0	36
chr19	7281960	7282725	2	2	1	75	0	33
