chr1	34295537	34296741	1	1	1	110	0	18
chr1	34295537	34299720	1	1	1	38	1	38
chr1	34296760	34299720	1	1	1	110	0	19
chr1	40010678	40011649	1	1	1	22	0	24
chr1	40010678	40014105	1	1	1	19	1	32
chr1	40011842	40014105	1	1	1	21	0	37
chr1	58565955	58586211	2	2	1	1	0	46
chr1	82735508	82741817	1	1	1	1	0	40
chr1	82735508	82747082	1	1	1	3	0	40
chr1	82735508	82750519	1	1	1	40	0	40
chr1	82747143	82750519	1	1	1	3	0	38
chr2	32292216	32293314	1	1	1	12	0	43
chr2	32292216	32296625	1	1	1	34	0	48
chr2	32293396	32296625	1	1	1	12	0	38
chr2	59926161	59932104	2	2	1	3	0	23
chr2	59932171	59933405	2	2	0	47	0	37
chr2	59932171	59933411	2	2	1	261	0	32
chr2	59932171	59933670	2	2	1	2	0	28
chr2	59933439	59933670	2	2	1	306	0	32
chr2	71849507	71853533	1	1	1	627	0	43
chr2	71849507	71853820	1	1	0	2	0	37
chr2	71849507	71855853	1	1	1	3421	6	46
chr2	71853664	71855853	1	1	1	638	0	45
chr2	71853891	71855853	1	1	0	3	0	40
chr2	75662926	75663570	1	1	1	8	1	32
chr2	91001089	91001461	1	1	1	581	0	25
chr2	91001089	91003299	1	1	0	2	0	33
chr2	91001511	91003210	1	1	1	581	0	23
chr2	91003346	91003810	1	1	1	7	0	36
chr2	91159306	91160316	2	2	1	195	0	47
chr2	91159306	91162027	2	2	1	302	0	47
chr2	91160371	91162027	2	2	1	196	0	40
chr2	91681696	91684668	2	2	1	165	0	50
chr2	153670448	153672215	1	1	1	8	0	50
chr3	60422418	60613472	1	1	0	0	3	15
chr3	60613521	60614682	1	1	1	2057	5	45
chr3	60613521	60614688	1	1	0	1	0	38
chr3	60613521	60615619	1	1	1	1450	4	45
chr3	60614737	60615619	1	1	1	2058	4	43
chr3	87733505	87734423	1	1	1	6	0	39
chr3	87733505	87735344	1	1	0	6	0	39
chr3	87734553	87735344	1	1	1	6	0	37
chr3	88483947	88484046	2	2	1	122	0	39
chr3	88484155	88484614	2	2	1	119	0	41
chr3	119724187	119724611	2	2	1	8128	2	34
chr3	119724187	119726065	2	2	1	17	0	29
chr3	119724646	119726065	2	2	1	8365	2	41
chr3	119726116	119820407	2	2	0	2	0	13
chr4	31992517	31994873	1	1	1	155	0	39
chr4	31992517	32002088	1	1	1	1439	1	49
chr4	31994955	32002088	1	1	1	157	0	49
chr4	107009769	107027216	1	1	1	11	0	38
chr4	107009769	107028192	1	1	1	193	0	43
chr4	107027298	107028192	1	1	1	11	0	42
chr4	139473637	139476130	1	1	1	1	0	8
chr4	149222365	149223229	2	2	1	1	0	11
chr5	23565266	23610849	2	2	0	1	0	37
chr5	23565266	23616326	2	2	1	1582	2	46
chr5	23610909	23616326	2	2	0	1	0	45
chr5	72958287	72965803	1	1	1	1	0	37
chr5	72958287	72974530	1	1	1	71	0	42
chr5	72965882	72974530	1	1	1	1	0	41
chr5	86804592	86815628	1	1	1	1	0	33
chr5	116477146	116482389	2	2	1	3	0	34
chr5	116482537	116591333	2	2	1	802	2	50
chr5	149184807	149187707	1	1	1	17	0	43
chr5	149184807	149188344	1	1	1	326	0	45
chr5	149187835	149188344	1	1	1	1	0	39
chr5	149187877	149188344	1	1	1	16	0	39
chr6	98939789	98940994	2	2	1	2	0	45
chr6	98939789	98941535	2	2	1	111	0	45
chr6	98939789	98944618	2	2	0	11	0	46
chr6	98941165	98944618	2	2	0	2	0	36
chr6	98941658	98944618	2	2	1	110	0	37
chr6	125162102	125162211	2	2	1	71	1	35
chr6	128371086	128371967	1	1	1	3132	1	43
chr6	128371086	128371980	1	1	0	2	0	32
chr6	128371086	128372530	1	1	1	1	0	49
chr6	128371086	128372533	1	1	1	9	0	46
chr6	128372013	128372504	1	1	0	23	0	26
chr6	128372013	128372509	1	1	0	7	0	31
chr6	128372013	128372530	1	1	1	420	0	47
chr6	128372013	128372533	1	1	1	2641	1	46
chr6	128372013	128372539	1	1	0	1	0	40
chr6	128372018	128372530	1	1	0	4	0	49
chr6	128372018	128372533	1	1	0	36	0	46
chr7	67240441	67244520	2	2	1	176	0	24
chr7	67240441	67251656	2	2	1	1697	2	45
chr7	67244545	67251656	2	2	1	176	0	24
chr7	102001660	102002294	1	1	1	834	0	42
chr7	102001660	102007485	1	1	1	379	0	43
chr7	102002337	102007485	1	1	1	833	0	40
chr7	112839481	112841887	1	1	1	5	0	41
chr7	112839481	112842039	1	1	1	38	0	41
chr7	112839481	112856052	1	1	1	1	0	12
chr7	112839481	112856797	1	1	1	1	0	41
chr7	112842103	112856052	1	1	1	42	0	12
chr7	112856065	112856797	1	1	1	43	0	12
chr7	127980247	127981190	1	1	1	18	0	3
chr7	127981292	127981410	1	1	1	19	0	6
chr8	25532429	25555507	1	1	1	1	0	44
chr8	25532429	25557730	1	1	1	3	0	44
chr8	25555775	25557730	1	1	1	2	0	38
chr8	33386064	33386329	1	1	0	2	0	46
chr8	95100453	95100646	2	2	1	571	0	30
chr8	95100453	95101408	2	2	0	82	0	46
chr8	95100674	95101408	2	2	1	571	0	42
chr8	121628690	121651724	2	2	1	1	0	19
chr8	123268550	123268744	2	2	1	57	1	46
chr9	43027296	43040539	2	2	1	94	0	38
chr9	43027296	43042590	2	2	1	116	0	46
chr9	43040593	43042590	2	2	0	1	0	43
chr9	43040597	43042590	2	2	1	93	0	46
chr9	80093642	80098885	1	1	1	6267	6	26
chr9	80093642	80098892	1	1	0	131	0	18
chr9	80093642	80103693	1	1	1	142	0	45
chr9	80098907	80101831	1	1	0	2	0	21
chr9	80098907	80103693	1	1	1	6404	6	24
chr9	80101891	80103693	1	1	0	2	0	37
chr9	114597607	114597794	2	2	1	372	0	38
chr9	114597607	114598704	2	2	0	13	0	40
chr9	114597825	114598704	2	2	0	4	0	30
chr9	114597831	114598704	2	2	1	368	0	38
chr11	79458907	79463232	1	1	1	3	0	42
chr11	79458907	79468716	1	1	1	80	0	42
chr11	79463296	79468716	1	1	1	3	0	38
chr11	94112147	94113262	1	1	1	69	0	24
chr11	94112147	94114172	1	1	1	431	0	32
chr11	94113302	94114172	1	1	1	70	0	39
chr11	102310577	102310925	2	2	1	40	0	43
chr11	102310577	102311379	2	2	1	465	0	46
chr11	102311037	102311379	2	2	1	39	0	46
chr12	71952560	71958746	1	1	1	46	0	27
chr12	71952560	71959805	1	1	1	30	0	43
chr12	71958774	71959805	1	1	1	46	0	27
chr12	83811361	83825258	2	2	1	38	0	33
chr12	83811361	83831921	2	2	1	297	0	41
chr12	83825292	83831921	2	2	1	38	0	33
chr12	113133338	113133495	1	1	0	129	13	44
chr12	113133338	113133540	1	1	1	1627	43	43
chr12	113133338	113135796	1	1	1	7	0	29
chr12	113133577	113134761	1	1	0	2	0	21
chr12	113133577	113134800	1	1	0	7	0	12
chr12	113133577	113135796	1	1	1	1683	56	29
chr12	113134813	113135796	1	1	0	9	0	29
chr13	46778994	46780545	2	2	0	2	0	40
chr13	46778994	46780625	2	2	1	443	0	41
chr13	46778994	46785245	2	2	1	2168	3	46
chr13	46780665	46785245	2	2	1	448	0	39
chr13	56084286	56089757	2	2	1	15	0	40
chr13	56089858	56096123	2	2	1	15	0	41
chr14	57643224	57648418	2	2	1	51	0	47
chr14	120389158	120395711	1	1	0	1	0	44
chr14	120389164	120395711	1	1	1	100	0	41
chr14	120389164	120396450	1	1	1	170	0	48
chr14	120395766	120396450	1	1	1	107	0	48
chr15	77102940	77105576	2	2	1	101	0	41
chr15	77102940	77113604	2	2	1	5	0	48
chr15	77105670	77113604	2	2	1	101	0	48
chr15	103242719	103243624	1	1	1	1	1	36
chr16	57178021	57181491	2	2	1	180	0	45
chr16	57178021	57182850	2	2	1	77	0	43
chr16	57181537	57182850	2	2	1	180	0	34
chr17	12979205	13846588	1	1	0	70	0	12
chr17	13846640	13848354	1	1	1	4087	2	24
chr17	13846640	13848358	1	1	0	3	0	17
chr17	13846640	13849107	1	1	1	4107	8	49
chr17	13846640	13849113	1	1	0	16	0	47
chr17	13848376	13849107	1	1	1	4084	2	29
chr17	13848376	13849113	1	1	0	5	0	21
chr17	45570567	45570665	2	2	1	292	2	37
chr17	45570800	45571017	2	2	1	332	2	21
chr18	53948155	53948381	1	1	0	2	0	39
chr18	53948155	53948644	1	1	1	18444	11	30
chr18	53948155	53948651	1	1	0	1	0	17
chr18	53948155	53953244	1	1	1	3175	3	43
chr18	53948453	53948644	1	1	0	2	0	13
chr18	53948666	53953244	1	1	0	13	0	21
chr18	53948669	53949681	1	1	0	1	0	15
chr18	53948669	53953244	1	1	1	18420	10	37
chr18	53949705	53953244	1	1	0	1	0	23
chr18	61645366	61647203	1	1	1	1	0	22
chr18	64511701	64511784	2	2	1	1	0	38
chr18	64511878	64511983	2	2	1	1	0	6
chr18	64512050	64515325	2	2	1	1	0	16
chr18	64515406	64516415	2	2	1	2	0	30
chr18	64515409	64516415	2	2	1	1	0	30
chr19	7281251	7282725	2	2	0	1	0	26
chr19	7281256	7281797	2	4	1	133	0	40
chr19	7281256	7282725	2	2	1	1346	0	36
chr19	7281960	7282725	2	2	1	138	0	29
chrX	73952667	73952825	2	2	1	1	0	10
