chr1	34295537	34296741	1	1	1	71	1	18
chr1	34295537	34299720	1	1	1	12	0	38
chr1	34296760	34299720	1	1	1	71	1	19
chr1	40010678	40011649	1	1	1	13	0	21
chr1	40010678	40011783	1	1	0	1	0	21
chr1	40010678	40014105	1	1	1	3	0	32
chr1	40011842	40014105	1	1	1	13	0	37
chr1	82735508	82741817	1	1	1	1	0	20
chr1	82735508	82747082	1	1	1	1	0	40
chr1	82735508	82750519	1	1	1	26	0	40
chr1	82747143	82750519	1	1	1	2	0	38
chr2	32292216	32293314	1	1	1	2	0	43
chr2	32292216	32296625	1	1	1	24	0	44
chr2	32293396	32296625	1	1	1	2	0	38
chr2	59932171	59933405	2	2	0	24	0	33
chr2	59932171	59933411	2	2	1	182	0	31
chr2	59932171	59933670	2	2	1	1	0	35
chr2	59933439	59933670	2	2	1	203	0	30
chr2	71849507	71851882	1	1	0	1	0	39
chr2	71849507	71853533	1	1	1	702	0	41
chr2	71849507	71853890	1	1	0	2	0	39
chr2	71849507	71855853	1	1	1	1968	2	46
chr2	71849507	71855868	1	1	0	10	0	46
chr2	71852002	71855853	1	1	0	1	0	40
chr2	71853664	71853875	1	1	0	1	0	15
chr2	71853664	71855853	1	1	1	718	0	41
chr2	71853891	71855853	1	1	0	1	0	15
chr2	71853948	71855853	1	1	0	2	0	40
chr2	91001089	91001461	1	1	1	374	0	25
chr2	91001089	91003299	1	1	0	1	0	33
chr2	91001511	91003210	1	1	1	380	0	22
chr2	91003346	91003810	1	1	1	3	0	36
chr2	91159306	91160316	2	2	1	136	0	47
chr2	91159306	91162027	2	2	1	230	0	47
chr2	91160371	91162027	2	2	1	135	0	43
chr2	91681696	91684668	2	2	1	105	0	50
chr2	153670448	153672215	1	1	1	1	0	50
chr3	60607681	60613472	1	1	0	1	0	14
chr3	60613521	60614682	1	1	1	1561	1	46
chr3	60613521	60615619	1	1	1	1396	2	44
chr3	60614737	60615619	1	1	1	1565	1	43
chr3	87733505	87734423	1	1	1	2	0	39
chr3	87733505	87735344	1	1	0	12	0	39
chr3	87734553	87735344	1	1	1	2	0	37
chr3	88483947	88484046	2	2	1	70	0	37
chr3	88484155	88484614	2	2	1	70	0	38
chr3	119724187	119724611	2	2	1	2832	0	34
chr3	119724187	119726065	2	2	1	31	0	29
chr3	119724646	119726065	2	2	1	2914	0	39
chr3	129825617	129826823	2	2	1	1	0	36
chr4	31992517	31994873	1	1	1	97	0	39
chr4	31992517	32002088	1	1	1	1359	1	49
chr4	31994955	32002088	1	1	1	96	0	49
chr4	107009769	107027216	1	1	1	10	0	38
chr4	107009769	107028192	1	1	1	164	0	41
chr4	107027298	107028192	1	1	1	16	0	43
chr5	23565266	23568183	2	2	0	1	0	37
chr5	23565266	23610849	2	2	0	2	0	37
chr5	23565266	23616326	2	2	1	1905	0	46
chr5	23568264	23616326	2	2	0	1	0	45
chr5	23610909	23616326	2	2	0	2	0	45
chr5	23615795	23616326	2	2	0	1	0	45
chr5	72958287	72965803	1	1	1	2	0	40
chr5	72958287	72974530	1	1	1	50	1	42
chr5	72965882	72974530	1	1	1	2	0	41
chr5	116477146	116482389	2	2	1	1	0	27
chr5	116482537	116591333	2	2	1	592	2	50
chr5	149184807	149185484	1	1	1	2	0	43
chr5	149184807	149187707	1	1	1	8	0	44
chr5	149184807	149188344	1	1	1	208	0	44
chr5	149185662	149188344	1	1	0	1	0	39
chr5	149187835	149188344	1	1	1	1	0	39
chr5	149187877	149188344	1	1	1	8	0	39
chr6	98939789	98941535	2	2	1	66	0	45
chr6	98939789	98944618	2	2	0	2	0	45
chr6	98941658	98944618	2	2	1	65	0	37
chr6	125162102	125162211	2	2	1	72	0	35
chr6	128371086	128371967	1	1	1	2265	0	42
chr6	128371086	128372533	1	1	1	23	0	46
chr6	128372013	128372504	1	1	0	4	0	26
chr6	128372013	128372509	1	1	0	2	0	31
chr6	128372013	128372530	1	1	1	263	0	47
chr6	128372013	128372533	1	1	1	1983	0	46
chr6	128372013	128372536	1	1	0	2	0	43
chr6	128372018	128372530	1	1	0	1	0	49
chr6	128372018	128372533	1	1	0	17	0	46
chr6	128372208	128372533	1	1	0	1	0	46
chr7	16857858	16858378	1	1	1	1	0	42
chr7	16858541	16863940	1	1	1	1	0	8
chr7	25724845	25725923	2	2	1	1	0	41
chr7	67240441	67244520	2	2	1	78	0	24
chr7	67240441	67251656	2	2	1	1388	2	47
chr7	67244545	67251656	2	2	1	78	0	24
chr7	102001660	102002294	1	1	1	558	0	42
chr7	102001660	102007485	1	1	1	293	0	43
chr7	102002337	102007485	1	1	1	561	0	42
chr7	112839481	112841887	1	1	1	1	0	41
chr7	112839481	112842039	1	1	1	34	0	41
chr7	112839481	112856797	1	1	1	4	0	41
chr7	112842103	112856052	1	1	1	33	0	12
chr7	112842103	112856797	1	1	1	2	0	37
chr7	112856065	112856797	1	1	1	33	0	12
chr7	127980247	127981190	1	1	1	6	0	30
chr7	127981292	127981410	1	1	1	6	0	28
chr8	25532429	25555507	1	1	1	1	0	44
chr8	25532429	25557730	1	1	1	3	0	44
chr8	25555775	25557730	1	1	1	1	0	37
chr8	95100448	95100646	2	2	0	4	0	27
chr8	95100453	95100646	2	2	1	317	0	31
chr8	95100453	95101408	2	2	0	93	0	46
chr8	95100674	95101408	2	2	1	321	0	42
chr8	120569377	120570716	1	1	1	1	0	13
chr8	123268550	123268744	2	2	1	50	0	47
chr9	43027296	43040539	2	2	1	67	0	38
chr9	43027296	43042590	2	2	1	72	0	46
chr9	43040597	43042590	2	2	1	67	0	46
chr9	80093642	80098885	1	1	1	3405	4	30
chr9	80093642	80098892	1	1	0	89	0	14
chr9	80093642	80103693	1	1	1	1087	1	45
chr9	80093642	80103698	1	1	0	1	0	44
chr9	80098907	80099016	1	1	0	1	0	14
chr9	80098907	80103693	1	1	1	3493	4	37
chr9	80099049	80103693	1	1	0	1	0	37
chr9	114597607	114597794	2	2	1	263	0	38
chr9	114597607	114598704	2	2	0	1	0	40
chr9	114597825	114598704	2	2	0	1	0	30
chr9	114597831	114598704	2	2	1	261	0	36
chr11	79458907	79463232	1	1	1	5	0	42
chr11	79458907	79468716	1	1	1	72	0	43
chr11	79463296	79468716	1	1	1	5	0	38
chr11	94112147	94113262	1	1	1	29	0	21
chr11	94112147	94114172	1	1	1	154	0	32
chr11	94113302	94114172	1	1	1	29	0	39
chr11	102310577	102310925	2	2	1	22	0	42
chr11	102310577	102311379	2	2	1	328	0	46
chr11	102311037	102311379	2	2	1	22	0	46
chr12	71952560	71958746	1	1	1	28	0	27
chr12	71952560	71959805	1	1	1	36	0	44
chr12	71958774	71959805	1	1	1	28	0	27
chr12	83811361	83825258	2	2	1	30	0	37
chr12	83811361	83831921	2	2	1	145	0	41
chr12	83825292	83831921	2	2	1	29	0	33
chr12	83825334	83831921	2	2	0	1	0	38
chr12	112928622	113133308	1	1	0	0	5	13
chr12	113133338	113133447	1	1	0	1	0	42
chr12	113133338	113133495	1	1	0	112	9	45
chr12	113133338	113133540	1	1	1	1794	29	42
chr12	113133338	113135796	1	1	1	28	0	29
chr12	113133577	113134800	1	1	0	3	0	14
chr12	113133577	113135796	1	1	1	1804	38	29
chr12	113134813	113135796	1	1	0	2	0	12
chr13	46778994	46780625	2	2	1	412	1	40
chr13	46778994	46785245	2	2	1	1303	2	48
chr13	46780665	46785245	2	2	1	411	1	39
chr13	56084286	56089757	2	2	1	16	0	41
chr13	56089858	56096123	2	2	1	16	0	38
chr14	57643224	57643334	2	2	1	1	0	39
chr14	57643224	57648418	2	2	1	29	0	41
chr14	57643490	57648418	2	2	1	1	0	38
chr14	120389164	120395711	1	1	1	59	0	40
chr14	120389164	120396450	1	1	1	130	0	48
chr14	120395766	120396450	1	1	1	60	0	48
chr15	77102940	77105576	2	2	1	87	0	40
chr15	77102940	77113604	2	2	1	4	0	44
chr15	77105670	77113604	2	2	1	87	0	48
chr15	103242719	103243624	1	1	1	0	2	33
chr16	57178021	57181491	2	2	1	121	0	44
chr16	57178021	57182850	2	2	1	75	0	43
chr16	57181537	57182850	2	2	1	121	0	37
chr17	12979205	13846588	1	1	0	47	4	12
chr17	13846640	13848354	1	1	1	2694	6	22
chr17	13846640	13848358	1	1	0	6	0	17
chr17	13846640	13849107	1	1	1	2801	5	44
chr17	13846640	13849113	1	1	0	26	0	47
chr17	13848376	13849107	1	1	1	2697	5	29
chr17	13848376	13849113	1	1	0	5	1	21
chr17	45570567	45570665	2	2	1	183	1	42
chr17	45570800	45571017	2	2	1	187	0	22
chr18	53948155	53948381	1	1	0	1	0	39
chr18	53948155	53948644	1	1	1	12068	14	33
chr18	53948155	53948651	1	1	0	2	0	17
chr18	53948155	53953244	1	1	1	4280	7	44
chr18	53948155	53953268	1	1	0	2	0	40
chr18	53948447	53948644	1	1	0	1	0	13
chr18	53948666	53953244	1	1	0	9	0	21
chr18	53948669	53953244	1	1	1	12049	11	37
chr18	53948669	53953268	1	1	0	3	0	24
chr18	53948673	53953244	1	1	0	2	0	28
chr18	64511878	64511983	2	2	1	1	0	6
chr18	64512050	64515325	2	2	1	1	0	15
chr18	64515409	64516415	2	2	1	1	0	30
chr19	7281251	7282725	2	2	0	5	0	26
chr19	7281256	7281797	2	4	1	95	0	39
chr19	7281256	7282725	2	2	1	1039	0	36
chr19	7281960	7282725	2	2	1	100	0	26
