chr1	34295537	34296741	1	1	1	154	0	18
chr1	34295537	34299720	1	1	1	28	0	39
chr1	34296760	34299720	1	1	1	154	0	19
chr1	40010678	40011649	1	1	1	48	0	22
chr1	40010678	40011811	1	1	0	2	0	21
chr1	40010678	40014105	1	1	1	33	1	32
chr1	40011842	40014105	1	1	1	49	0	37
chr1	58565955	58586211	2	2	1	1	0	49
chr1	82735508	82747082	1	1	1	1	0	40
chr1	82735508	82750519	1	1	1	69	0	41
chr1	82747143	82750519	1	1	1	1	0	38
chr2	32292216	32293314	1	1	1	6	0	43
chr2	32292216	32296625	1	1	1	53	0	43
chr2	32293396	32296625	1	1	1	6	0	38
chr2	59932171	59933405	2	2	0	75	0	37
chr2	59932171	59933411	2	2	1	414	0	32
chr2	59932171	59933670	2	2	1	1	0	30
chr2	59933439	59933670	2	2	1	478	0	28
chr2	71849507	71853533	1	1	1	1220	2	40
chr2	71849507	71853875	1	1	0	1	0	15
chr2	71849507	71853890	1	1	0	1	0	39
chr2	71849507	71853927	1	1	0	2	0	20
chr2	71849507	71855853	1	1	1	4485	7	43
chr2	71853664	71855853	1	1	1	1235	2	44
chr2	71853664	71855868	1	1	0	1	0	46
chr2	71853891	71855853	1	1	0	1	0	15
chr2	71853948	71855853	1	1	0	3	0	40
chr2	75662926	75663570	1	1	1	3	0	27
chr2	91001089	91001461	1	1	1	667	0	34
chr2	91001089	91003299	1	1	0	1	0	33
chr2	91001511	91003210	1	1	1	668	0	35
chr2	91001511	91003299	1	1	0	2	0	46
chr2	91003346	91003810	1	1	1	8	0	36
chr2	91159300	91162027	2	2	0	1	0	41
chr2	91159306	91160316	2	2	1	221	0	47
chr2	91159306	91162027	2	2	1	437	0	47
chr2	91160371	91162027	2	2	1	223	0	38
chr2	91681696	91684668	2	2	1	177	0	50
chr2	153670448	153670848	1	1	1	3	0	42
chr2	153670448	153672215	1	1	1	3	0	50
chr2	153670909	153672215	1	1	1	3	0	50
chr3	60422418	60613472	1	1	0	0	4	15
chr3	60613521	60614682	1	1	1	2885	4	45
chr3	60613521	60614688	1	1	0	2	0	44
chr3	60613521	60615619	1	1	1	2929	4	46
chr3	60614737	60615619	1	1	1	2877	4	41
chr3	87733505	87734423	1	1	1	12	0	39
chr3	87733505	87735344	1	1	0	16	0	39
chr3	87734553	87735344	1	1	1	12	0	37
chr3	88483947	88484046	2	2	1	199	0	38
chr3	88484155	88484614	2	2	1	197	0	40
chr3	119724187	119724611	2	2	1	6240	4	34
chr3	119724187	119726065	2	2	1	39	0	29
chr3	119724646	119726065	2	2	1	6443	4	38
chr4	31992517	31994873	1	1	1	292	1	40
chr4	31992517	32002088	1	1	1	3383	1	50
chr4	31994955	32002088	1	1	1	291	1	49
chr4	107009769	107027216	1	1	1	14	0	38
chr4	107009769	107028192	1	1	1	279	1	48
chr4	107027298	107028192	1	1	1	16	0	41
chr5	23565266	23569656	2	2	0	1	0	37
chr5	23565266	23616326	2	2	1	2706	3	46
chr5	23569792	23616326	2	2	0	1	0	45
chr5	72958287	72965803	1	1	1	2	0	37
chr5	72958287	72974530	1	1	1	114	0	41
chr5	72965882	72974530	1	1	1	2	0	41
chr5	116477146	116482389	2	2	1	1	0	33
chr5	116482532	116591333	2	2	0	6	0	43
chr5	116482537	116591333	2	2	1	1304	6	50
chr5	149184807	149187707	1	1	1	23	0	43
chr5	149184807	149188344	1	1	1	462	2	45
chr5	149187835	149188344	1	1	1	5	0	40
chr5	149187864	149188344	1	1	0	1	0	39
chr5	149187877	149188344	1	1	1	17	0	39
chr6	98939789	98941535	2	2	1	100	0	46
chr6	98939789	98944618	2	2	0	19	0	45
chr6	98941658	98944618	2	2	1	97	0	37
chr6	119200952	119206469	1	1	1	1	0	17
chr6	125162102	125162211	2	2	1	139	5	36
chr6	128371086	128371967	1	1	1	4049	2	45
chr6	128371086	128372530	1	1	1	1	0	49
chr6	128371086	128372533	1	1	1	16	0	46
chr6	128372013	128372504	1	1	0	27	0	27
chr6	128372013	128372509	1	1	0	5	0	31
chr6	128372013	128372530	1	1	1	528	0	49
chr6	128372013	128372533	1	1	1	3430	2	46
chr6	128372013	128372536	1	1	0	3	0	43
chr6	128372013	128372539	1	1	0	2	0	40
chr6	128372018	128372530	1	1	0	4	0	49
chr6	128372018	128372533	1	1	0	48	0	46
chr7	67240441	67244520	2	2	1	428	1	24
chr7	67240441	67251656	2	2	1	3100	1	45
chr7	67244545	67251656	2	2	1	428	1	25
chr7	102001660	102002294	1	1	1	1120	1	44
chr7	102001660	102007485	1	1	1	433	0	45
chr7	102002310	102007485	1	1	0	3	0	15
chr7	102002337	102007485	1	1	1	1117	1	40
chr7	102003812	102007485	1	1	0	2	0	38
chr7	112839481	112841887	1	1	1	5	0	41
chr7	112839481	112842039	1	1	1	85	0	42
chr7	112839481	112856052	1	1	1	3	0	12
chr7	112839481	112856797	1	1	1	6	0	41
chr7	112841951	112856052	1	1	1	1	0	12
chr7	112842103	112856052	1	1	1	86	0	12
chr7	112842103	112856797	1	1	1	3	0	37
chr7	112856065	112856797	1	1	1	90	0	12
chr7	127972771	127975887	1	1	1	0	1	1
chr7	127980247	127981190	1	1	1	18	0	22
chr7	127981292	127981410	1	1	1	19	0	6
chr8	25532429	25555507	1	1	1	1	0	44
chr8	25532429	25557730	1	1	1	6	0	44
chr8	25555775	25557730	1	1	1	1	0	38
chr8	33386064	33386329	1	1	0	1	0	46
chr8	95100453	95100646	2	2	1	1102	5	31
chr8	95100453	95101408	2	2	0	142	0	46
chr8	95100674	95101408	2	2	1	1103	5	42
chr8	95101447	95139983	2	2	0	0	4	15
chr8	121628690	121651724	2	2	1	2	0	20
chr8	123268550	123268744	2	2	1	132	0	47
chr9	43027296	43040539	2	2	1	105	0	39
chr9	43027296	43042590	2	2	1	138	1	45
chr9	43040593	43042590	2	2	0	1	0	43
chr9	43040597	43042590	2	2	1	105	0	46
chr9	80093642	80098885	1	1	1	8314	4	30
chr9	80093642	80098892	1	1	0	184	0	14
chr9	80093642	80103693	1	1	1	259	0	44
chr9	80098907	80101831	1	1	0	1	0	21
chr9	80098907	80103693	1	1	1	8500	4	27
chr9	80098907	80103698	1	1	0	5	0	21
chr9	80101891	80103693	1	1	0	1	0	37
chr9	114597607	114597794	2	2	1	594	1	38
chr9	114597607	114598704	2	2	0	15	0	42
chr9	114597825	114598704	2	2	0	2	0	30
chr9	114597831	114598704	2	2	1	592	1	36
chr11	79458907	79463232	1	1	1	12	0	42
chr11	79458907	79468716	1	1	1	134	0	43
chr11	79463296	79468716	1	1	1	12	0	39
chr11	94112147	94113262	1	1	1	148	0	21
chr11	94112147	94114172	1	1	1	311	0	32
chr11	94113302	94114172	1	1	1	152	0	39
chr11	102310577	102310925	2	2	1	35	0	42
chr11	102310577	102311379	2	2	1	599	0	47
chr11	102311037	102311379	2	2	1	35	0	45
chr12	71952560	71958746	1	1	1	64	0	27
chr12	71952560	71959805	1	1	1	72	0	44
chr12	71958774	71959805	1	1	1	64	0	29
chr12	83811361	83811669	2	2	0	1	0	37
chr12	83811361	83825258	2	2	1	44	1	37
chr12	83811361	83831921	2	2	1	303	0	41
chr12	83825292	83831921	2	2	1	44	1	35
chr12	83825334	83831921	2	2	0	1	0	38
chr12	112928622	113133308	1	1	0	0	6	13
chr12	113133331	113133495	1	1	0	1	0	43
chr12	113133338	113133495	1	1	0	184	27	46
chr12	113133338	113133540	1	1	1	2728	70	40
chr12	113133338	113135796	1	1	1	18	0	29
chr12	113133577	113134800	1	1	0	10	0	14
chr12	113133577	113135796	1	1	1	2802	96	29
chr12	113134813	113135796	1	1	0	8	0	12
chr13	46778994	46780545	2	2	0	4	0	40
chr13	46778994	46780625	2	2	1	721	0	44
chr13	46778994	46785245	2	2	1	2403	5	46
chr13	46780665	46785245	2	2	1	728	0	39
chr13	56084286	56089757	2	2	1	52	0	40
chr13	56084286	56096123	2	2	0	1	0	40
chr13	56089858	56096123	2	2	1	51	0	41
chr14	57643224	57643334	2	2	1	3	0	39
chr14	57643224	57648418	2	2	1	57	0	47
chr14	57643490	57648418	2	2	1	3	0	38
chr14	120389164	120395711	1	1	1	173	0	38
chr14	120389164	120395717	1	1	0	1	0	38
chr14	120389164	120396450	1	1	1	420	0	48
chr14	120395766	120396450	1	1	1	187	0	48
chr15	77102940	77105576	2	2	1	178	0	41
chr15	77102940	77113604	2	2	1	10	0	44
chr15	77105670	77113604	2	2	1	178	0	48
chr15	103242719	103243624	1	1	1	1	1	33
chr16	57178021	57181491	2	2	1	286	0	44
chr16	57178021	57182850	2	2	1	125	1	44
chr16	57181507	57182850	2	2	0	2	0	15
chr16	57181537	57182850	2	2	1	283	0	34
chr17	12979205	13846588	1	1	0	88	2	12
chr17	13846613	13848354	1	1	0	7	0	21
chr17	13846640	13848354	1	1	1	5492	8	24
chr17	13846640	13849107	1	1	1	4330	6	46
chr17	13846640	13849113	1	1	0	26	1	47
chr17	13848376	13849107	1	1	1	5502	8	30
chr17	13848376	13849113	1	1	0	3	0	21
chr17	45570567	45570665	2	2	1	418	1	42
chr17	45570800	45571017	2	2	1	485	0	23
chr18	53948155	53948644	1	1	1	16495	6	28
chr18	53948155	53953244	1	1	1	2827	3	44
chr18	53948155	53953268	1	1	0	2	0	40
chr18	53948666	53953244	1	1	0	13	0	21
chr18	53948669	53952820	1	1	0	1	0	15
chr18	53948669	53953244	1	1	1	16467	6	37
chr18	53952864	53953244	1	1	0	2	0	37
chr19	7281251	7282725	2	2	0	2	0	26
chr19	7281256	7281797	2	4	1	208	1	42
chr19	7281256	7282725	2	2	1	2186	0	36
chr19	7281960	7282725	2	2	1	212	1	35
chrX	159414893	159443922	1	1	1	1	0	27
