chr1	34295537	34296741	1	1	1	75	0	18
chr1	34295537	34299720	1	1	1	11	0	41
chr1	34296760	34299720	1	1	1	75	0	18
chr1	40010678	40011649	1	1	1	154	0	28
chr1	40010678	40011783	1	1	0	1	0	21
chr1	40010678	40011787	1	1	0	1	0	21
chr1	40010678	40011811	1	1	0	4	0	21
chr1	40010678	40014105	1	1	1	64	0	32
chr1	40011842	40014105	1	1	1	158	0	39
chr1	82735508	82741817	1	1	1	5	0	41
chr1	82735508	82741934	1	1	0	1	0	40
chr1	82735508	82747082	1	1	1	2	0	40
chr1	82735508	82750519	1	1	1	91	0	43
chr1	82741977	82750519	1	1	1	2	0	38
chr1	82747143	82750519	1	1	1	2	0	38
chr2	32292216	32293314	1	1	1	23	0	43
chr2	32292216	32296625	1	1	1	139	0	43
chr2	32293396	32296625	1	1	1	23	0	39
chr2	59926161	59932104	2	2	1	1	0	23
chr2	59932171	59933405	2	2	0	78	0	37
chr2	59932171	59933411	2	2	1	462	0	48
chr2	59932171	59933670	2	2	1	3	0	38
chr2	59933439	59933670	2	2	1	532	0	28
chr2	71849507	71853533	1	1	1	547	0	40
chr2	71849507	71855853	1	1	1	1402	2	41
chr2	71849507	71855868	1	1	0	2	0	46
chr2	71853664	71855853	1	1	1	575	0	43
chr2	71853677	71855868	1	1	0	1	0	46
chr2	75662926	75663570	1	1	1	9	0	40
chr2	91001089	91001461	1	1	1	820	1	34
chr2	91001511	91003210	1	1	1	804	1	25
chr2	91003238	91003810	1	1	0	4	0	27
chr2	91003346	91003810	1	1	1	33	0	36
chr2	91159306	91160316	2	2	1	253	0	47
chr2	91159306	91162027	2	2	1	356	0	47
chr2	91160371	91162027	2	2	1	251	0	38
chr2	91681696	91682025	2	2	1	1	0	50
chr2	91681696	91684668	2	2	1	289	0	50
chr2	91682110	91684668	2	2	0	1	0	38
chr2	153670448	153672215	1	1	1	1	0	50
chr3	60422418	60613472	1	1	0	0	3	15
chr3	60613521	60614682	1	1	1	1543	6	44
chr3	60613521	60614688	1	1	0	2	0	44
chr3	60613521	60615619	1	1	1	1167	2	45
chr3	60614737	60615619	1	1	1	1556	6	43
chr3	87733505	87734423	1	1	1	9	0	39
chr3	87733505	87735344	1	1	0	5	0	39
chr3	87734553	87735344	1	1	1	9	0	38
chr3	88483947	88484046	2	2	1	375	0	38
chr3	88483947	88484614	2	2	0	3	0	38
chr3	88484077	88484614	2	2	0	1	0	30
chr3	88484155	88484614	2	2	1	363	0	42
chr3	119724187	119724611	2	2	1	5415	7	34
chr3	119724187	119726065	2	2	1	19	0	29
chr3	119724646	119726065	2	2	1	5530	7	38
chr3	129825617	129826823	2	2	1	2	0	36
chr4	31992517	31994873	1	1	1	259	0	39
chr4	31992517	32002088	1	1	1	4694	10	49
chr4	31994955	32002088	1	1	1	262	0	49
chr4	107009769	107027216	1	1	1	15	0	38
chr4	107009769	107028192	1	1	1	124	0	45
chr4	107027298	107028192	1	1	1	22	0	41
chr4	139473637	139476130	1	1	1	2	0	8
chr4	139476350	139477127	1	1	1	1	0	38
chr4	155649612	155649691	1	1	1	2	0	5
chr5	13042670	13661475	1	1	0	5	0	13
chr5	23565266	23610849	2	2	0	1	0	37
chr5	23565266	23616326	2	2	1	676	1	46
chr5	23610909	23616326	2	2	0	1	0	45
chr5	65388442	65388561	2	2	1	4	0	29
chr5	72958287	72965803	1	1	1	2	0	40
chr5	72958287	72974530	1	1	1	71	0	42
chr5	72965882	72974530	1	1	1	2	0	41
chr5	116482537	116591333	2	2	1	806	0	50
chr5	149184807	149185484	1	1	1	1	0	42
chr5	149184807	149187707	1	1	1	30	0	43
chr5	149184807	149188344	1	1	1	890	3	45
chr5	149187835	149188344	1	1	1	1	0	39
chr5	149187864	149188344	1	1	0	1	0	39
chr5	149187877	149188344	1	1	1	28	0	40
chr6	47554265	47556029	2	2	1	1	0	3
chr6	98939789	98940994	2	2	1	1	0	39
chr6	98939789	98941535	2	2	1	274	0	46
chr6	98939789	98944618	2	2	0	23	0	45
chr6	98941165	98944618	2	2	0	1	0	36
chr6	98941658	98944618	2	2	1	273	0	37
chr6	125162102	125162211	2	2	1	452	16	36
chr6	128371086	128371967	1	1	1	3764	2	45
chr6	128371086	128372533	1	1	1	9	0	46
chr6	128372013	128372278	1	1	0	1	0	27
chr6	128372013	128372504	1	1	0	24	0	26
chr6	128372013	128372509	1	1	0	6	0	31
chr6	128372013	128372530	1	1	1	440	0	47
chr6	128372013	128372533	1	1	1	3256	2	46
chr6	128372018	128372530	1	1	0	1	0	49
chr6	128372018	128372533	1	1	0	39	0	46
chr6	128372306	128372533	1	1	0	1	0	27
chr7	25724845	25725923	2	2	1	1	0	41
chr7	67240441	67244520	2	2	1	104	0	24
chr7	67240441	67251656	2	2	1	1212	2	45
chr7	67244545	67251656	2	2	1	104	0	24
chr7	99849060	99858763	2	2	1	1	0	44
chr7	102001660	102002294	1	1	1	1376	2	43
chr7	102001660	102007485	1	1	1	500	0	45
chr7	102001665	102002300	1	1	0	1	2	36
chr7	102002337	102007485	1	1	1	1373	2	42
chr7	112839481	112841887	1	1	1	6	0	41
chr7	112839481	112842039	1	1	1	157	0	41
chr7	112839481	112856052	1	1	1	1	0	12
chr7	112839481	112856797	1	1	1	4	0	41
chr7	112839481	112856803	1	1	0	1	0	43
chr7	112841951	112856052	1	1	1	3	0	12
chr7	112842103	112856052	1	1	1	154	0	12
chr7	112842103	112856797	1	1	1	4	0	37
chr7	112856065	112856797	1	1	1	159	0	14
chr7	112856065	112856803	1	1	0	1	0	12
chr7	127980247	127981190	1	1	1	14	0	5
chr7	127981292	127981410	1	1	1	13	0	6
chr8	25532429	25555507	1	1	1	1	0	44
chr8	25532429	25557730	1	1	1	1	0	37
chr8	25555775	25557730	1	1	1	2	0	37
chr8	46207621	46208397	2	2	1	1	0	31
chr8	91688606	91932332	1	1	0	4	0	13
chr8	95100453	95100646	2	2	1	889	2	29
chr8	95100453	95101408	2	2	0	160	0	46
chr8	95100674	95101408	2	2	1	889	2	44
chr8	95101447	95139983	2	2	0	1	0	15
chr8	123268550	123268744	2	2	1	231	0	49
chr9	43027296	43040539	2	2	1	126	0	39
chr9	43027296	43042590	2	2	1	132	0	45
chr9	43040597	43042590	2	2	1	126	0	45
chr9	80093642	80094508	1	1	0	1	0	44
chr9	80093642	80098885	1	1	1	6907	3	26
chr9	80093642	80098892	1	1	0	154	0	19
chr9	80093642	80103693	1	1	1	275	0	44
chr9	80094574	80098885	1	1	0	1	0	16
chr9	80098907	80103693	1	1	1	7065	3	24
chr9	80098907	80103698	1	1	0	8	0	21
chr9	114597607	114597794	2	2	1	630	0	38
chr9	114597607	114598704	2	2	0	15	0	41
chr9	114597825	114598704	2	2	0	2	0	30
chr9	114597831	114598704	2	2	1	626	0	38
chr11	26778879	26787397	2	2	0	0	1	13
chr11	79458907	79463232	1	1	1	14	0	43
chr11	79458907	79468716	1	1	1	232	0	44
chr11	79463296	79468716	1	1	1	15	0	39
chr11	94112147	94113262	1	1	1	70	0	21
chr11	94112147	94114172	1	1	1	306	0	32
chr11	94113302	94114172	1	1	1	74	0	39
chr11	100481848	100482144	2	2	1	1	0	39
chr11	102310577	102310925	2	2	1	71	0	43
chr11	102310577	102311360	2	2	0	1	0	42
chr11	102310577	102311379	2	2	1	1050	1	46
chr11	102311037	102311379	2	2	1	73	0	45
chr12	71952560	71958746	1	1	1	34	0	27
chr12	71952560	71959805	1	1	1	49	0	43
chr12	71958774	71959805	1	1	1	34	0	27
chr12	83811361	83825258	2	2	1	38	0	34
chr12	83811361	83831921	2	2	1	524	0	45
chr12	83825292	83831921	2	2	1	38	0	34
chr12	113133338	113133495	1	1	0	97	13	46
chr12	113133338	113133540	1	1	1	1692	74	42
chr12	113133338	113135796	1	1	1	7	0	29
chr12	113133577	113134186	1	1	0	2	0	28
chr12	113133577	113134761	1	1	0	1	0	21
chr12	113133577	113134800	1	1	0	4	0	14
chr12	113133577	113135796	1	1	1	1726	86	29
chr12	113134231	113135796	1	1	0	2	0	29
chr12	113134813	113135796	1	1	0	3	0	29
chr13	46778994	46780625	2	2	1	480	1	43
chr13	46778994	46785245	2	2	1	2004	4	45
chr13	46780665	46785245	2	2	1	476	1	39
chr13	56084286	56089757	2	2	1	85	0	40
chr13	56089858	56096123	2	2	1	87	0	41
chr14	57643224	57643334	2	2	1	6	0	39
chr14	57643224	57648418	2	2	1	188	0	40
chr14	57643490	57648418	2	2	1	5	0	38
chr14	120389164	120395711	1	1	1	279	0	40
chr14	120389164	120396450	1	1	1	530	1	48
chr14	120395766	120396450	1	1	1	288	0	48
chr15	77102940	77105576	2	2	1	208	0	42
chr15	77102940	77113604	2	2	1	16	0	44
chr15	77105670	77113604	2	2	1	207	0	48
chr15	103242719	103243624	1	1	1	0	1	33
chr16	57178021	57181491	2	2	1	322	0	44
chr16	57178021	57182850	2	2	1	90	0	43
chr16	57181537	57182850	2	2	1	318	0	42
chr17	12979205	13846588	1	1	0	26	1	12
chr17	13846640	13848354	1	1	1	4487	9	24
chr17	13846640	13849107	1	1	1	2955	3	46
chr17	13846640	13849113	1	1	0	16	0	48
chr17	13848376	13849107	1	1	1	4473	9	29
chr17	13848376	13849113	1	1	0	1	0	21
chr17	45570567	45570665	2	2	1	556	2	37
chr17	45570800	45571017	2	2	1	648	1	24
chr17	51783067	51785528	2	2	1	1	0	40
chr17	51785641	51803430	2	2	1	1	0	14
chr18	53948155	53948644	1	1	1	16137	15	33
chr18	53948155	53953244	1	1	1	2668	3	43
chr18	53948155	53953268	1	1	0	2	0	40
chr18	53948666	53953244	1	1	0	9	0	21
chr18	53948669	53949681	1	1	0	1	0	15
chr18	53948669	53953244	1	1	1	16113	15	37
chr18	53948669	53953268	1	1	0	8	0	24
chr18	53948673	53953244	1	1	0	2	0	28
chr18	53949705	53953244	1	1	0	1	0	23
chr18	64512050	64515325	2	2	1	0	1	2
chr18	64515406	64516415	2	2	1	0	1	30
chr19	7281251	7282725	2	2	0	1	0	29
chr19	7281256	7281797	2	4	1	166	0	39
chr19	7281256	7282725	2	2	1	1445	0	36
chr19	7281960	7282725	2	2	1	173	0	35
chr19	23687546	23694320	1	1	1	1	0	35
