chr1	34295537	34296741	1	1	1	101	0	18
chr1	34295537	34299720	1	1	1	25	1	38
chr1	34296760	34299720	1	1	1	101	0	18
chr1	40010678	40011649	1	1	1	44	0	22
chr1	40010678	40011783	1	1	0	1	0	21
chr1	40010678	40011811	1	1	0	1	0	21
chr1	40010678	40014105	1	1	1	21	1	32
chr1	40011842	40014105	1	1	1	45	0	37
chr1	82735508	82741817	1	1	1	1	0	40
chr1	82735508	82747082	1	1	1	3	0	40
chr1	82735508	82750519	1	1	1	46	0	40
chr1	82747143	82750519	1	1	1	3	0	38
chr2	32292216	32293314	1	1	1	12	0	43
chr2	32292216	32296625	1	1	1	45	0	43
chr2	32293396	32296625	1	1	1	12	0	38
chr2	59932171	59933405	2	2	0	39	0	37
chr2	59932171	59933411	2	2	1	292	0	31
chr2	59932171	59933670	2	2	1	1	0	25
chr2	59933439	59933670	2	2	1	322	0	31
chr2	59933695	59945054	2	2	0	1	0	13
chr2	71849507	71853533	1	1	1	965	2	41
chr2	71849507	71853875	1	1	0	1	0	15
chr2	71849507	71853890	1	1	0	2	0	39
chr2	71849507	71855853	1	1	1	2381	7	45
chr2	71849507	71855868	1	1	0	3	0	46
chr2	71853664	71855853	1	1	1	988	2	41
chr2	71853891	71855853	1	1	0	1	0	15
chr2	71853948	71855853	1	1	0	2	0	40
chr2	75662926	75663570	1	1	1	1	1	15
chr2	91001089	91001461	1	1	1	619	2	34
chr2	91001089	91003299	1	1	0	1	0	33
chr2	91001511	91003210	1	1	1	614	2	21
chr2	91001511	91003299	1	1	0	1	0	46
chr2	91003346	91003810	1	1	1	9	0	36
chr2	91159306	91160316	2	2	1	199	0	47
chr2	91159306	91162027	2	2	1	283	0	47
chr2	91160371	91162027	2	2	1	198	0	38
chr2	91681696	91682025	2	2	1	1	0	50
chr2	91681696	91684668	2	2	1	112	0	50
chr2	91682110	91684668	2	2	0	1	0	38
chr2	153670448	153672215	1	1	1	2	0	50
chr3	60201323	60613472	1	1	0	0	4	14
chr3	60422418	60613472	1	1	0	0	9	15
chr3	60613521	60614682	1	1	1	2481	10	46
chr3	60613521	60614688	1	1	0	1	0	44
chr3	60613521	60615619	1	1	1	2417	8	45
chr3	60614737	60615619	1	1	1	2468	9	39
chr3	87733505	87734423	1	1	1	7	0	39
chr3	87733505	87735344	1	1	0	5	0	39
chr3	87734553	87735344	1	1	1	7	0	37
chr3	88483947	88484046	2	2	1	150	3	40
chr3	88484155	88484614	2	2	1	149	3	42
chr3	88484666	88537145	2	2	0	0	3	12
chr3	119724187	119724611	2	2	1	12413	4	34
chr3	119724187	119726065	2	2	1	15	0	29
chr3	119724646	119726065	2	2	1	12796	4	38
chr3	119726116	119820407	2	2	0	5	0	13
chr3	119726116	120643502	2	2	0	6	0	13
chr3	139632407	139650143	2	2	0	0	1	13
chr4	31992517	31994873	1	1	1	210	1	39
chr4	31992517	32002088	1	1	1	2484	10	49
chr4	31994955	32002088	1	1	1	207	1	49
chr4	107009769	107027216	1	1	1	22	0	38
chr4	107009769	107028192	1	1	1	297	0	43
chr4	107027298	107028192	1	1	1	25	0	43
chr5	23565266	23568151	2	2	0	1	0	37
chr5	23565266	23616326	2	2	1	2425	4	46
chr5	23568264	23616326	2	2	0	1	0	45
chr5	72958287	72965803	1	1	1	3	0	40
chr5	72958287	72974530	1	1	1	100	0	43
chr5	72965882	72974530	1	1	1	3	0	41
chr5	116482532	116591333	2	2	0	3	0	45
chr5	116482537	116591333	2	2	1	899	2	50
chr5	116565853	116591333	2	2	0	1	0	43
chr5	149184807	149185484	1	1	1	1	0	43
chr5	149184807	149187707	1	1	1	15	0	43
chr5	149184807	149188344	1	1	1	441	1	46
chr5	149185662	149188344	1	1	0	1	0	39
chr5	149187877	149188344	1	1	1	15	0	39
chr6	39688346	39725106	2	2	1	1	0	39
chr6	47577668	47594893	2	2	1	1	0	32
chr6	98939789	98941535	2	2	1	98	0	45
chr6	98939789	98944618	2	2	0	5	0	46
chr6	98941658	98944618	2	2	1	98	0	36
chr6	125162102	125162211	2	2	1	141	6	36
chr6	128371086	128371967	1	1	1	3504	0	44
chr6	128371086	128372533	1	1	1	16	0	46
chr6	128372013	128372504	1	1	0	18	0	26
chr6	128372013	128372509	1	1	0	13	0	31
chr6	128372013	128372530	1	1	1	463	0	47
chr6	128372013	128372533	1	1	1	2965	0	46
chr6	128372013	128372539	1	1	0	1	0	40
chr6	128372018	128372530	1	1	0	8	0	49
chr6	128372018	128372533	1	1	0	34	0	46
chr7	67240441	67244520	2	2	1	335	0	24
chr7	67240441	67251656	2	2	1	2368	6	45
chr7	67244539	67251656	2	2	0	1	0	18
chr7	67244545	67250479	2	2	0	1	0	16
chr7	67244545	67251656	2	2	1	333	0	24
chr7	67250582	67251656	2	2	0	1	0	38
chr7	102001660	102002294	1	1	1	1124	0	42
chr7	102001660	102007485	1	1	1	329	0	43
chr7	102002310	102007485	1	1	0	1	0	15
chr7	102002337	102007485	1	1	1	1120	0	42
chr7	112839481	112841887	1	1	1	6	0	41
chr7	112839481	112842039	1	1	1	67	0	41
chr7	112839481	112856052	1	1	1	1	0	12
chr7	112839481	112856797	1	1	1	2	0	41
chr7	112841951	112856052	1	1	1	1	0	12
chr7	112842103	112856052	1	1	1	67	0	12
chr7	112842103	112856797	1	1	1	4	0	37
chr7	112856065	112856797	1	1	1	70	0	14
chr7	127972771	127975887	1	1	1	0	1	1
chr7	127980247	127981190	1	1	1	16	0	2
chr7	127981292	127981410	1	1	1	18	0	6
chr8	11423625	11423716	1	1	1	1	0	19
chr8	25532429	25557730	1	1	1	3	0	44
chr8	25555775	25557730	1	1	1	4	0	37
chr8	95100453	95100646	2	2	1	632	0	31
chr8	95100453	95101408	2	2	0	107	0	46
chr8	95100674	95101408	2	2	1	633	0	44
chr8	123268550	123268744	2	2	1	102	0	49
chr9	43027296	43040539	2	2	1	81	0	38
chr9	43027296	43042590	2	2	1	58	0	45
chr9	43040597	43042590	2	2	1	80	0	45
chr9	47813946	47818733	1	1	1	1	0	47
chr9	80093642	80098885	1	1	1	6785	2	30
chr9	80093642	80098892	1	1	0	169	0	15
chr9	80093642	80103693	1	1	1	274	0	45
chr9	80098907	80103693	1	1	1	6962	2	29
chr9	80098907	80103698	1	1	0	2	0	21
chr9	114597607	114597794	2	2	1	418	0	38
chr9	114597607	114598704	2	2	0	9	0	40
chr9	114597825	114598704	2	2	0	9	0	30
chr9	114597831	114598704	2	2	1	408	0	36
chr11	79458907	79463232	1	1	1	12	0	42
chr11	79458907	79468716	1	1	1	89	0	43
chr11	79463296	79468716	1	1	1	13	0	39
chr11	94112147	94113262	1	1	1	75	0	23
chr11	94112147	94114172	1	1	1	345	0	32
chr11	94113302	94114172	1	1	1	76	0	39
chr11	102310577	102310925	2	2	1	35	0	42
chr11	102310577	102311379	2	2	1	491	0	47
chr11	102311037	102311379	2	2	1	35	0	45
chr12	71952560	71958746	1	1	1	56	0	27
chr12	71952560	71959805	1	1	1	14	0	43
chr12	71958774	71959805	1	1	1	56	0	27
chr12	83811361	83825258	2	2	1	67	0	34
chr12	83811361	83831921	2	2	1	277	0	41
chr12	83825292	83831921	2	2	1	67	0	33
chr12	113133338	113133495	1	1	0	162	17	46
chr12	113133338	113133540	1	1	1	2165	60	40
chr12	113133338	113135796	1	1	1	4	0	29
chr12	113133577	113134761	1	1	0	3	0	28
chr12	113133577	113134800	1	1	0	15	0	12
chr12	113133577	113135796	1	1	1	2237	77	29
chr12	113134813	113135796	1	1	0	17	0	29
chr13	46778994	46780625	2	2	1	458	0	43
chr13	46778994	46785245	2	2	1	1963	7	49
chr13	46780665	46785245	2	2	1	456	0	39
chr13	56084286	56089757	2	2	1	26	0	40
chr13	56084286	56096123	2	2	0	9	0	40
chr13	56089858	56096123	2	2	1	28	0	41
chr14	57643224	57643334	2	2	1	2	0	39
chr14	57643224	57648418	2	2	1	43	0	39
chr14	57643490	57648418	2	2	1	2	0	38
chr14	120389164	120395711	1	1	1	123	0	38
chr14	120389164	120395717	1	1	0	1	0	38
chr14	120389164	120396450	1	1	1	263	0	48
chr14	120395766	120396450	1	1	1	129	0	48
chr15	77102940	77105576	2	2	1	146	0	40
chr15	77102940	77113604	2	2	1	10	0	48
chr15	77105670	77113604	2	2	1	146	0	48
chr15	103242719	103242921	1	1	1	1	0	13
chr16	57178021	57181491	2	2	1	230	0	45
chr16	57178021	57182850	2	2	1	51	0	43
chr16	57181537	57182850	2	2	1	230	0	44
chr17	12979205	13846588	1	1	0	78	2	12
chr17	13846613	13848354	1	1	0	2	0	21
chr17	13846640	13848354	1	1	1	3470	8	22
chr17	13846640	13849107	1	1	1	4638	2	46
chr17	13846640	13849113	1	1	0	32	0	47
chr17	13848376	13849107	1	1	1	3459	8	26
chr17	13848376	13849113	1	1	0	7	0	21
chr17	45570567	45570665	2	2	1	460	2	42
chr17	45570800	45571017	2	2	1	502	1	21
chr18	10726534	10740982	1	1	1	1	0	15
chr18	53948155	53948644	1	1	1	17373	14	28
chr18	53948155	53948651	1	1	0	4	0	17
chr18	53948155	53953244	1	1	1	2462	3	43
chr18	53948666	53953244	1	1	0	5	0	21
chr18	53948669	53953244	1	1	1	17361	13	37
chr18	53948673	53953244	1	1	0	1	0	28
chr19	7281256	7281797	2	4	1	178	0	39
chr19	7281256	7282725	2	2	1	1830	1	36
chr19	7281960	7282725	2	2	1	186	0	35
