chr1	34295537	34296741	1	1	1	156	0	18
chr1	34295537	34299720	1	1	1	32	0	38
chr1	34296760	34299720	1	1	1	156	0	19
chr1	40010678	40011649	1	1	1	84	0	24
chr1	40010678	40011783	1	1	0	1	0	21
chr1	40010678	40011811	1	1	0	2	0	21
chr1	40010678	40014105	1	1	1	35	2	32
chr1	40011842	40014105	1	1	1	88	0	38
chr1	82735508	82741817	1	1	1	4	0	40
chr1	82735508	82747082	1	1	1	1	0	40
chr1	82735508	82750519	1	1	1	52	0	41
chr1	82747143	82750519	1	1	1	2	0	38
chr2	32292216	32293314	1	1	1	23	0	44
chr2	32292216	32296625	1	1	1	67	0	44
chr2	32293396	32296625	1	1	1	23	0	38
chr2	59932171	59933405	2	2	0	65	0	37
chr2	59932171	59933411	2	2	1	487	0	32
chr2	59932171	59933670	2	2	1	2	0	34
chr2	59933439	59933670	2	2	1	542	0	30
chr2	71849507	71853533	1	1	1	706	0	40
chr2	71849507	71853820	1	1	0	4	0	39
chr2	71849507	71855853	1	1	1	3105	3	45
chr2	71849507	71855868	1	1	0	6	0	46
chr2	71853664	71855853	1	1	1	730	0	41
chr2	71853891	71855853	1	1	0	4	0	40
chr2	75662926	75663570	1	1	1	4	1	39
chr2	91001089	91001461	1	1	1	785	1	34
chr2	91001511	91003210	1	1	1	771	1	25
chr2	91001511	91003219	1	1	0	1	0	19
chr2	91003238	91003810	1	1	0	1	0	27
chr2	91003346	91003810	1	1	1	14	0	36
chr2	91159300	91162027	2	2	0	4	0	41
chr2	91159306	91160316	2	2	1	271	0	47
chr2	91159306	91162027	2	2	1	455	0	47
chr2	91160371	91162027	2	2	1	273	0	39
chr2	91681696	91682025	2	2	1	2	0	50
chr2	91681696	91684668	2	2	1	152	0	50
chr2	91682137	91684668	2	2	1	2	0	38
chr2	153670448	153672215	1	1	1	4	0	50
chr3	60422418	60613472	1	1	0	0	4	15
chr3	60613521	60614682	1	1	1	1473	7	45
chr3	60613521	60615619	1	1	1	1582	4	45
chr3	60614737	60615619	1	1	1	1473	8	40
chr3	87733505	87734423	1	1	1	13	0	39
chr3	87733505	87735344	1	1	0	14	0	39
chr3	87734553	87735344	1	1	1	12	0	37
chr3	88483947	88484046	2	2	1	125	0	37
chr3	88484155	88484614	2	2	1	122	0	39
chr3	119724187	119724611	2	2	1	5144	1	34
chr3	119724187	119726065	2	2	1	25	0	29
chr3	119724646	119726065	2	2	1	5310	1	38
chr3	119726206	119740314	2	2	1	1	0	40
chr4	31992517	31994873	1	1	1	198	1	39
chr4	31992517	32002088	1	1	1	3480	3	49
chr4	31994955	32002088	1	1	1	198	1	49
chr4	107009769	107027216	1	1	1	11	0	38
chr4	107009769	107028192	1	1	1	182	1	42
chr4	107027298	107028192	1	1	1	13	0	41
chr5	23565266	23616326	2	2	1	1142	1	46
chr5	72958287	72965803	1	1	1	1	0	40
chr5	72958287	72974530	1	1	1	69	0	43
chr5	72965882	72974530	1	1	1	1	0	41
chr5	116482537	116591333	2	2	1	818	3	50
chr5	149184807	149187707	1	1	1	24	0	43
chr5	149184807	149188344	1	1	1	560	1	44
chr5	149187864	149188344	1	1	0	1	0	39
chr5	149187877	149188344	1	1	1	23	0	39
chr6	47577668	47594893	2	2	1	1	0	10
chr6	98939789	98941535	2	2	1	170	1	45
chr6	98939789	98944618	2	2	0	21	0	45
chr6	98941658	98944618	2	2	1	171	1	47
chr6	125162102	125162211	2	2	1	201	7	38
chr6	128371086	128371967	1	1	1	4292	1	44
chr6	128371086	128372530	1	1	1	1	0	49
chr6	128371086	128372533	1	1	1	6	0	46
chr6	128372013	128372278	1	1	0	1	0	27
chr6	128372013	128372504	1	1	0	32	0	26
chr6	128372013	128372509	1	1	0	8	0	31
chr6	128372013	128372530	1	1	1	564	0	49
chr6	128372013	128372533	1	1	1	3630	1	46
chr6	128372013	128372536	1	1	0	3	0	43
chr6	128372018	128372530	1	1	0	1	0	49
chr6	128372018	128372533	1	1	0	52	0	46
chr6	128372306	128372533	1	1	0	1	0	27
chr7	30192593	30192866	2	2	1	2	0	32
chr7	30192901	30193877	2	2	1	2	0	26
chr7	67240441	67244520	2	2	1	211	0	38
chr7	67240441	67251656	2	2	1	1752	2	45
chr7	67244545	67251656	2	2	1	210	0	24
chr7	99849060	99858763	2	2	1	1	0	44
chr7	102001660	102002294	1	1	1	1478	0	42
chr7	102001660	102007485	1	1	1	465	0	45
chr7	102002337	102007485	1	1	1	1487	0	41
chr7	102003812	102007485	1	1	0	1	0	38
chr7	112839481	112841887	1	1	1	10	1	41
chr7	112839481	112842039	1	1	1	127	2	41
chr7	112839481	112856052	1	1	1	4	0	12
chr7	112839481	112856797	1	1	1	6	0	43
chr7	112841906	112842057	1	1	0	0	1	18
chr7	112841951	112856052	1	1	1	5	0	12
chr7	112842103	112856052	1	1	1	126	2	12
chr7	112842103	112856797	1	1	1	5	0	37
chr7	112856065	112856797	1	1	1	136	2	14
chr7	127980247	127981190	1	1	1	19	0	22
chr7	127981292	127981410	1	1	1	19	0	6
chr8	25532429	25555507	1	1	1	3	0	44
chr8	25532429	25557730	1	1	1	1	0	43
chr8	25555775	25557730	1	1	1	4	0	38
chr8	95100443	95100636	2	2	0	1	0	36
chr8	95100453	95100642	2	2	0	5	0	31
chr8	95100453	95100646	2	2	1	635	0	31
chr8	95100453	95101408	2	2	0	71	0	46
chr8	95100674	95101408	2	2	1	641	0	42
chr8	123268550	123268744	2	2	1	96	0	47
chr9	43027296	43040539	2	2	1	128	0	39
chr9	43027296	43042590	2	2	1	129	1	46
chr9	43040597	43042590	2	2	1	127	0	46
chr9	47813946	47818733	1	1	1	1	0	35
chr9	80093642	80098885	1	1	1	8125	3	26
chr9	80093642	80098892	1	1	0	199	0	14
chr9	80093642	80103693	1	1	1	316	0	45
chr9	80098907	80099016	1	1	0	1	0	21
chr9	80098907	80101831	1	1	0	1	0	21
chr9	80098907	80103693	1	1	1	8327	3	27
chr9	80098907	80103698	1	1	0	2	0	21
chr9	80099049	80103693	1	1	0	1	0	37
chr9	80101891	80103693	1	1	0	1	0	37
chr9	114597607	114597794	2	2	1	427	1	38
chr9	114597607	114598704	2	2	0	11	0	42
chr9	114597825	114598704	2	2	0	6	0	30
chr9	114597831	114598704	2	2	1	420	1	38
chr11	79458907	79463232	1	1	1	17	0	43
chr11	79458907	79468716	1	1	1	173	0	43
chr11	79463296	79468716	1	1	1	17	0	39
chr11	85005929	85006992	2	2	1	1	0	14
chr11	94112147	94113262	1	1	1	106	0	32
chr11	94112147	94114172	1	1	1	403	0	32
chr11	94113302	94114172	1	1	1	110	0	39
chr11	102310553	102310925	2	2	0	1	0	35
chr11	102310577	102310925	2	2	1	39	0	43
chr11	102310577	102311379	2	2	1	659	1	46
chr11	102311037	102311379	2	2	1	39	0	45
chr12	71952560	71958746	1	1	1	66	0	27
chr12	71952560	71959805	1	1	1	73	0	45
chr12	71958774	71959805	1	1	1	66	0	29
chr12	83811361	83811669	2	2	0	1	0	37
chr12	83811361	83825258	2	2	1	46	0	37
chr12	83811361	83831921	2	2	1	393	0	41
chr12	83811744	83831921	2	2	0	1	0	41
chr12	83825292	83831921	2	2	1	43	0	34
chr12	83825319	83831921	2	2	0	3	0	38
chr12	113133338	113133447	1	1	0	1	0	41
chr12	113133338	113133495	1	1	0	94	17	43
chr12	113133338	113133540	1	1	1	1549	41	43
chr12	113133338	113135796	1	1	1	15	0	29
chr12	113133577	113134186	1	1	0	1	0	28
chr12	113133577	113134761	1	1	0	1	0	21
chr12	113133577	113134800	1	1	0	10	0	12
chr12	113133577	113135796	1	1	1	1568	58	29
chr12	113134231	113135796	1	1	0	1	0	29
chr12	113134813	113135796	1	1	0	11	0	29
chr13	46778990	46785245	2	2	0	2	0	44
chr13	46778994	46780625	2	2	1	909	2	43
chr13	46778994	46785245	2	2	1	2428	6	46
chr13	46780665	46785245	2	2	1	910	2	39
chr13	56084286	56089757	2	2	1	60	0	40
chr13	56089858	56096123	2	2	1	60	0	41
chr14	57643224	57643334	2	2	1	2	0	39
chr14	57643224	57648418	2	2	1	112	0	47
chr14	57643490	57648418	2	2	1	2	0	38
chr14	120389164	120395711	1	1	1	163	0	39
chr14	120389164	120396450	1	1	1	408	0	48
chr14	120395766	120396450	1	1	1	167	0	48
chr14	122650331	122658677	1	1	1	1	0	41
chr14	122658781	122664253	1	1	1	1	0	8
chr15	77102940	77105576	2	2	1	219	1	41
chr15	77102940	77113604	2	2	1	16	0	44
chr15	77105670	77113604	2	2	1	220	1	48
chr15	103242719	103243624	1	1	1	0	2	34
chr16	57178021	57181491	2	2	1	277	0	44
chr16	57178021	57182850	2	2	1	100	0	43
chr16	57181537	57182850	2	2	1	276	0	44
chr16	84831508	84834808	2	2	1	1	0	38
chr17	12979205	13846588	1	1	0	49	1	12
chr17	13846613	13848354	1	1	0	7	0	21
chr17	13846640	13848354	1	1	1	4877	7	22
chr17	13846640	13849107	1	1	1	4541	9	46
chr17	13846640	13849113	1	1	0	16	0	47
chr17	13846640	13849116	1	1	0	5	0	50
chr17	13848376	13849107	1	1	1	4870	7	29
chr17	13848376	13849113	1	1	0	7	0	21
chr17	45570558	45570665	2	2	0	1	0	36
chr17	45570567	45570665	2	2	1	488	2	37
chr17	45570800	45571017	2	2	1	551	3	21
chr17	51783067	51785528	2	2	1	3	0	40
chr17	51785641	51803430	2	2	1	2	0	14
chr18	10726534	10740982	1	1	1	3	0	15
chr18	53948155	53948644	1	1	1	14982	10	39
chr18	53948155	53953244	1	1	1	2461	3	43
chr18	53948666	53953244	1	1	0	12	0	21
chr18	53948669	53953244	1	1	1	14946	9	37
chr18	53948669	53953268	1	1	0	3	0	24
chr18	53948673	53953244	1	1	0	1	0	28
chr18	53948778	53953244	1	1	0	1	0	32
chr19	7281256	7281797	2	4	1	168	0	39
chr19	7281256	7282725	2	2	1	1348	0	36
chr19	7281960	7282725	2	2	1	175	0	35
