chr1	34295537	34296741	1	1	1	105	0	18
chr1	34295537	34299720	1	1	1	9	0	38
chr1	34296760	34299720	1	1	1	105	0	18
chr1	40010678	40011649	1	1	1	113	0	32
chr1	40010678	40011787	1	1	0	1	0	21
chr1	40010678	40014105	1	1	1	26	2	32
chr1	40011842	40014105	1	1	1	114	1	40
chr1	82735508	82741817	1	1	1	3	0	40
chr1	82735508	82747082	1	1	1	2	0	40
chr1	82735508	82750519	1	1	1	38	0	40
chr1	82741977	82750519	1	1	1	2	0	38
chr1	82747143	82750519	1	1	1	2	0	38
chr1	128259538	128260833	1	1	1	1	0	17
chr2	32292216	32293314	1	1	1	18	0	43
chr2	32292216	32296625	1	1	1	89	0	43
chr2	32293396	32296625	1	1	1	17	0	38
chr2	59926161	59932104	2	2	1	1	0	34
chr2	59932171	59933405	2	2	0	55	0	37
chr2	59932171	59933411	2	2	1	399	0	31
chr2	59932171	59933670	2	2	1	2	0	37
chr2	59933439	59933670	2	2	1	445	0	33
chr2	71849507	71853533	1	1	1	930	0	41
chr2	71849507	71853820	1	1	0	2	0	37
chr2	71849507	71853890	1	1	0	3	0	39
chr2	71849507	71855853	1	1	1	2230	1	44
chr2	71853664	71855853	1	1	1	952	0	41
chr2	71853891	71855853	1	1	0	2	0	40
chr2	71853948	71855853	1	1	0	3	0	40
chr2	75662926	75663570	1	1	1	7	0	39
chr2	91001089	91001461	1	1	1	670	0	27
chr2	91001511	91003210	1	1	1	667	0	25
chr2	91003238	91003810	1	1	0	3	0	27
chr2	91003346	91003810	1	1	1	29	0	36
chr2	91159300	91162027	2	2	0	1	0	41
chr2	91159306	91160316	2	2	1	272	0	47
chr2	91159306	91162027	2	2	1	392	0	47
chr2	91160371	91162027	2	2	1	271	0	39
chr2	91681696	91684668	2	2	1	173	0	50
chr2	158755889	158756919	1	1	1	1	0	11
chr2	168752741	168754433	2	2	1	3	0	44
chr3	60422418	60613472	1	1	0	0	4	15
chr3	60613521	60614682	1	1	1	1203	3	45
chr3	60613521	60614688	1	1	0	2	0	44
chr3	60613521	60615619	1	1	1	1227	5	45
chr3	60613521	60615655	1	1	0	1	0	28
chr3	60614737	60615619	1	1	1	1206	3	39
chr3	87733505	87734423	1	1	1	12	0	39
chr3	87733505	87735344	1	1	0	10	0	39
chr3	87734553	87735344	1	1	1	12	0	37
chr3	88483947	88484046	2	2	1	230	0	38
chr3	88483947	88484614	2	2	0	1	0	38
chr3	88484155	88484614	2	2	1	230	0	41
chr3	119724187	119724611	2	2	1	4600	4	34
chr3	119724187	119726065	2	2	1	14	0	29
chr3	119724646	119726065	2	2	1	4702	4	38
chr3	129825617	129826823	2	2	1	1	0	36
chr4	31992517	31994873	1	1	1	220	0	39
chr4	31992517	32002088	1	1	1	2889	3	49
chr4	31994955	32002088	1	1	1	219	0	49
chr4	107009769	107027216	1	1	1	11	0	38
chr4	107009769	107028192	1	1	1	169	0	43
chr4	107009769	107028217	1	1	0	1	0	35
chr4	107027298	107028192	1	1	1	17	0	41
chr4	139473637	139476130	1	1	1	1	0	8
chr5	23565266	23616326	2	2	1	729	2	49
chr5	72958287	72974530	1	1	1	49	0	42
chr5	116482532	116591333	2	2	0	3	0	43
chr5	116482537	116591333	2	2	1	785	3	50
chr5	129543380	129549453	1	1	1	1	0	34
chr5	149184807	149187707	1	1	1	15	0	43
chr5	149184807	149188344	1	1	1	490	1	45
chr5	149187835	149188344	1	1	1	1	0	39
chr5	149187877	149188344	1	1	1	14	0	40
chr5	149188474	149193839	1	1	1	1	0	25
chr6	72634233	72649119	2	2	1	1	0	40
chr6	98939789	98941535	2	2	1	132	0	45
chr6	98941658	98944618	2	2	1	131	0	36
chr6	125162102	125162211	2	2	1	319	5	36
chr6	128371086	128371967	1	1	1	3239	1	44
chr6	128371086	128371980	1	1	0	2	0	32
chr6	128371086	128372504	1	1	0	1	0	39
chr6	128371086	128372530	1	1	1	1	0	49
chr6	128371086	128372533	1	1	1	10	0	46
chr6	128372013	128372504	1	1	0	20	0	26
chr6	128372013	128372509	1	1	0	3	0	31
chr6	128372013	128372530	1	1	1	393	0	49
chr6	128372013	128372533	1	1	1	2809	1	46
chr6	128372013	128372536	1	1	0	2	0	43
chr6	128372018	128372530	1	1	0	2	0	49
chr6	128372018	128372533	1	1	0	19	0	46
chr7	25724845	25725923	2	2	1	3	0	41
chr7	67240441	67244520	2	2	1	296	0	24
chr7	67240441	67251656	2	2	1	1102	0	47
chr7	67244545	67251656	2	2	1	296	0	24
chr7	102001660	102002294	1	1	1	1300	0	43
chr7	102001660	102007485	1	1	1	402	0	43
chr7	102002337	102007485	1	1	1	1299	1	42
chr7	112839481	112841887	1	1	1	5	1	41
chr7	112839481	112842039	1	1	1	100	1	41
chr7	112839481	112856052	1	1	1	4	0	12
chr7	112839481	112856797	1	1	1	8	0	41
chr7	112841906	112842057	1	1	0	0	1	18
chr7	112841951	112856052	1	1	1	1	0	12
chr7	112842103	112856052	1	1	1	101	1	12
chr7	112842103	112856797	1	1	1	3	0	44
chr7	112856065	112856797	1	1	1	108	1	14
chr7	127972771	127974399	1	1	1	1	0	36
chr7	127980247	127981190	1	1	1	8	0	2
chr7	127981292	127981410	1	1	1	10	0	6
chr8	11423625	11423716	1	1	1	1	0	39
chr8	25532429	25555507	1	1	1	1	0	44
chr8	25555775	25557730	1	1	1	2	0	37
chr8	47528031	47529328	2	2	1	3	0	4
chr8	91688606	91932332	1	1	0	10	0	13
chr8	95100453	95100646	2	2	1	822	0	31
chr8	95100453	95101408	2	2	0	111	0	46
chr8	95100674	95101408	2	2	1	822	0	42
chr8	123268550	123268744	2	2	1	175	0	46
chr9	43027296	43040539	2	2	1	103	0	39
chr9	43027296	43042590	2	2	1	109	0	45
chr9	43040597	43042590	2	2	1	105	0	46
chr9	80093642	80093859	1	1	0	1	0	30
chr9	80093642	80098847	1	1	0	1	0	44
chr9	80093642	80098885	1	1	1	6517	9	27
chr9	80093642	80098892	1	1	0	175	0	19
chr9	80093642	80103693	1	1	1	150	1	45
chr9	80093890	80098885	1	1	0	1	0	16
chr9	80098907	80101831	1	1	0	2	0	21
chr9	80098907	80103693	1	1	1	6683	9	37
chr9	80098907	80103698	1	1	0	6	0	21
chr9	80101891	80103693	1	1	0	2	0	37
chr9	80103765	80111310	1	1	1	1	0	12
chr9	114597607	114597794	2	2	1	392	0	38
chr9	114597607	114598704	2	2	0	17	0	42
chr9	114597831	114598704	2	2	1	392	0	38
chr9	123011638	123013939	1	1	1	1	0	29
chr11	26778879	26787397	2	2	0	0	1	13
chr11	79458907	79463232	1	1	1	29	0	42
chr11	79458907	79468716	1	1	1	108	0	42
chr11	79463296	79468716	1	1	1	28	0	39
chr11	94112147	94113262	1	1	1	98	0	21
chr11	94112147	94114172	1	1	1	273	0	32
chr11	94113302	94114172	1	1	1	100	0	39
chr11	102310577	102310925	2	2	1	43	0	42
chr11	102310577	102311379	2	2	1	693	1	45
chr11	102311037	102311379	2	2	1	40	0	45
chr12	71952560	71958746	1	1	1	55	0	27
chr12	71952560	71959805	1	1	1	40	0	43
chr12	71958774	71959805	1	1	1	55	0	29
chr12	83811361	83825258	2	2	1	41	0	33
chr12	83811361	83831921	2	2	1	312	0	44
chr12	83825292	83831921	2	2	1	41	0	33
chr12	112928622	113133308	1	1	0	0	5	13
chr12	113133338	113133495	1	1	0	107	9	46
chr12	113133338	113133540	1	1	1	1544	54	43
chr12	113133338	113135796	1	1	1	2	0	29
chr12	113133577	113134800	1	1	0	9	0	14
chr12	113133577	113135796	1	1	1	1589	63	29
chr12	113134813	113135796	1	1	0	8	0	12
chr13	46778990	46785245	2	2	0	2	0	44
chr13	46778994	46780545	2	2	0	1	0	40
chr13	46778994	46780625	2	2	1	766	0	42
chr13	46778994	46785245	2	2	1	1831	3	45
chr13	46780663	46785245	2	2	0	1	0	37
chr13	46780665	46785245	2	2	1	764	0	39
chr13	56084286	56089757	2	2	1	53	0	40
chr13	56084286	56096123	2	2	0	3	0	46
chr13	56089858	56096123	2	2	1	51	0	41
chr14	57643224	57643334	2	2	1	1	0	39
chr14	57643224	57648418	2	2	1	128	0	47
chr14	57643490	57648418	2	2	1	1	0	38
chr14	120389164	120395711	1	1	1	188	0	39
chr14	120389164	120396450	1	1	1	456	1	48
chr14	120395766	120396450	1	1	1	194	0	48
chr15	77102940	77105576	2	2	1	208	0	45
chr15	77102940	77113604	2	2	1	10	0	48
chr15	77105670	77113604	2	2	1	206	0	48
chr15	77112781	77113604	2	2	0	1	0	44
chr15	103242719	103243624	1	1	1	1	2	33
chr16	57178021	57181491	2	2	1	286	1	44
chr16	57178021	57182850	2	2	1	76	0	43
chr16	57181507	57182850	2	2	0	1	0	15
chr16	57181511	57182850	2	2	0	1	0	19
chr16	57181537	57182850	2	2	1	283	1	37
chr16	84831508	84834808	2	2	1	1	0	44
chr17	12979205	13846588	1	1	0	37	0	12
chr17	13846613	13848354	1	1	0	9	0	21
chr17	13846640	13848354	1	1	1	4333	5	22
chr17	13846640	13849107	1	1	1	3262	9	43
chr17	13846640	13849113	1	1	0	28	0	47
chr17	13848376	13849107	1	1	1	4336	5	29
chr17	13848376	13849113	1	1	0	9	0	21
chr17	45570567	45570665	2	2	1	610	2	42
chr17	45570800	45571017	2	2	1	695	1	21
chr17	56578845	56578920	2	2	1	2	0	18
chr17	56578986	56582983	2	2	1	2	0	42
chr18	10726534	10740982	1	1	1	1	0	12
chr18	53948155	53948644	1	1	1	10779	14	28
chr18	53948155	53953244	1	1	1	1696	5	42
chr18	53948666	53953244	1	1	0	2	0	21
chr18	53948669	53949681	1	1	0	1	0	14
chr18	53948669	53953201	1	1	0	1	0	15
chr18	53948669	53953244	1	1	1	10769	13	37
chr18	53949705	53953244	1	1	0	1	0	23
chr19	7281256	7281797	2	4	1	143	0	41
chr19	7281256	7282725	2	2	1	1121	0	36
chr19	7281960	7282725	2	2	1	151	0	35
