chr1	34295537	34296741	1	1	1	55	0	18
chr1	34295537	34299720	1	1	1	12	0	38
chr1	34296760	34299720	1	1	1	55	0	18
chr1	40010678	40011649	1	1	1	43	0	21
chr1	40010678	40011811	1	1	0	1	0	21
chr1	40010678	40014105	1	1	1	39	2	32
chr1	40011842	40014105	1	1	1	45	0	37
chr1	82735508	82747082	1	1	1	1	0	40
chr1	82735508	82750519	1	1	1	26	0	40
chr1	82747143	82750519	1	1	1	1	0	38
chr2	32292216	32293314	1	1	1	10	0	43
chr2	32292216	32296625	1	1	1	58	0	48
chr2	32293396	32296625	1	1	1	10	0	38
chr2	59932171	59933405	2	2	0	39	0	37
chr2	59932171	59933411	2	2	1	292	0	31
chr2	59932171	59933670	2	2	1	2	0	30
chr2	59933439	59933670	2	2	1	319	0	28
chr2	71849507	71853533	1	1	1	319	1	42
chr2	71849507	71855853	1	1	1	2140	4	43
chr2	71853664	71855853	1	1	1	332	1	41
chr2	91001089	91001461	1	1	1	399	0	24
chr2	91001089	91003210	1	1	0	0	1	24
chr2	91001089	91003299	1	1	0	1	0	33
chr2	91001511	91003210	1	1	1	397	0	25
chr2	91001511	91003299	1	1	0	0	2	46
chr2	91003238	91003810	1	1	0	1	0	27
chr2	91003346	91003810	1	1	1	9	0	36
chr2	91159306	91160316	2	2	1	128	0	47
chr2	91159306	91162027	2	2	1	485	1	47
chr2	91160371	91162027	2	2	1	128	0	39
chr2	91681696	91684668	2	2	1	95	0	50
chr2	91681831	91684668	2	2	0	1	0	38
chr2	153670448	153670848	1	1	1	2	0	42
chr2	153670448	153672215	1	1	1	1	0	50
chr2	153670909	153672215	1	1	1	2	0	50
chr3	10015144	10015471	1	1	1	1	0	6
chr3	10015574	10016066	1	1	1	1	0	5
chr3	60613521	60614682	1	1	1	712	1	45
chr3	60613521	60615619	1	1	1	460	0	44
chr3	60614737	60615619	1	1	1	714	1	45
chr3	87733505	87734423	1	1	1	11	0	39
chr3	87733505	87735344	1	1	0	7	0	39
chr3	87734553	87735344	1	1	1	11	0	37
chr3	88483947	88484046	2	2	1	144	0	40
chr3	88484155	88484614	2	2	1	142	0	42
chr3	119724187	119724611	2	2	1	3346	0	34
chr3	119724187	119726065	2	2	1	15	0	29
chr3	119724646	119726065	2	2	1	3454	0	38
chr3	119726116	120643502	2	2	0	4	0	13
chr3	129825617	129826823	2	2	1	1	0	36
chr4	31992517	31994873	1	1	1	173	1	39
chr4	31992517	32002088	1	1	1	2040	1	49
chr4	31994955	32002088	1	1	1	170	1	49
chr4	31995011	32002088	1	1	1	1	0	48
chr4	107009769	107027216	1	1	1	12	0	38
chr4	107009769	107028192	1	1	1	87	0	42
chr4	107027298	107028192	1	1	1	13	0	41
chr5	23565266	23616326	2	2	1	428	0	46
chr5	72958287	72974530	1	1	1	34	0	41
chr5	116482532	116591333	2	2	0	3	0	45
chr5	116482537	116591333	2	2	1	544	2	50
chr5	149184807	149185484	1	1	1	1	0	43
chr5	149184807	149187707	1	1	1	59	0	43
chr5	149184807	149188344	1	1	1	101	0	45
chr5	149187835	149188344	1	1	1	7	0	39
chr5	149187864	149188344	1	1	0	1	0	39
chr5	149187877	149188344	1	1	1	52	0	40
chr6	98939789	98941535	2	2	1	116	0	47
chr6	98939789	98944618	2	2	0	3	0	45
chr6	98941658	98944618	2	2	1	114	0	37
chr6	125162102	125162211	2	2	1	154	2	37
chr6	128371086	128371967	1	1	1	1995	0	42
chr6	128371086	128371980	1	1	0	1	0	34
chr6	128371086	128372533	1	1	1	14	0	46
chr6	128372013	128372504	1	1	0	8	0	26
chr6	128372013	128372509	1	1	0	5	0	31
chr6	128372013	128372530	1	1	1	245	0	47
chr6	128372013	128372533	1	1	1	1710	0	46
chr6	128372013	128372539	1	1	0	2	0	40
chr6	128372018	128372533	1	1	0	28	0	46
chr7	67240441	67244520	2	2	1	42	0	24
chr7	67240441	67251656	2	2	1	665	1	47
chr7	67244545	67251656	2	2	1	42	0	24
chr7	102001660	102002294	1	1	1	743	1	43
chr7	102001660	102007485	1	1	1	651	0	45
chr7	102002337	102007485	1	1	1	745	1	42
chr7	112839481	112841887	1	1	1	7	0	41
chr7	112839481	112842039	1	1	1	62	0	41
chr7	112839481	112856052	1	1	1	2	0	12
chr7	112839481	112856797	1	1	1	1	0	41
chr7	112841951	112856052	1	1	1	3	0	12
chr7	112842103	112856052	1	1	1	58	0	12
chr7	112842103	112856797	1	1	1	3	0	37
chr7	112856065	112856797	1	1	1	65	0	37
chr7	127980247	127981190	1	1	1	9	0	5
chr7	127981292	127981410	1	1	1	10	0	6
chr8	25532429	25557730	1	1	1	1	0	44
chr8	25555775	25557730	1	1	1	2	0	38
chr8	95100453	95100646	2	2	1	593	1	31
chr8	95100453	95101408	2	2	0	231	0	46
chr8	95100674	95101408	2	2	1	593	1	42
chr8	95101447	95139983	2	2	0	0	1	15
chr8	121628690	121651724	2	2	1	1	0	44
chr8	123268550	123268744	2	2	1	79	0	46
chr9	43027296	43040539	2	2	1	43	0	38
chr9	43027296	43042590	2	2	1	136	0	45
chr9	43040597	43042590	2	2	1	43	0	45
chr9	80093642	80098885	1	1	1	4010	6	30
chr9	80093642	80098892	1	1	0	94	0	14
chr9	80093642	80103693	1	1	1	777	1	45
chr9	80093642	80103698	1	1	0	1	0	44
chr9	80098907	80103693	1	1	1	4103	6	24
chr9	80098907	80103698	1	1	0	1	0	21
chr9	114597607	114597794	2	2	1	314	0	38
chr9	114597607	114598704	2	2	0	17	0	42
chr9	114597825	114598704	2	2	0	2	0	30
chr9	114597831	114598704	2	2	1	309	0	38
chr11	20201653	20215629	1	1	1	1	0	41
chr11	20215703	20218812	1	1	1	1	0	31
chr11	79458907	79463232	1	1	1	12	0	42
chr11	79458907	79468716	1	1	1	111	0	43
chr11	79463296	79468716	1	1	1	11	0	38
chr11	84994578	85005807	2	2	1	1	0	17
chr11	94112147	94113262	1	1	1	32	0	21
chr11	94112147	94114172	1	1	1	257	0	32
chr11	94113302	94114172	1	1	1	34	0	39
chr11	102310577	102310925	2	2	1	33	0	42
chr11	102310577	102311379	2	2	1	296	0	45
chr11	102311037	102311379	2	2	1	33	0	45
chr12	71952560	71958746	1	1	1	25	0	27
chr12	71952560	71959805	1	1	1	38	0	43
chr12	71958774	71959805	1	1	1	25	0	27
chr12	83811361	83825258	2	2	1	16	0	33
chr12	83811361	83831921	2	2	1	321	0	41
chr12	83825292	83831921	2	2	1	16	0	33
chr12	85305625	85306136	2	2	1	1	0	9
chr12	113133338	113133495	1	1	0	76	9	44
chr12	113133338	113133540	1	1	1	1206	23	43
chr12	113133338	113135796	1	1	1	24	0	29
chr12	113133577	113134761	1	1	0	1	0	21
chr12	113133577	113134800	1	1	0	6	0	12
chr12	113133577	113135796	1	1	1	1213	31	29
chr12	113134813	113135796	1	1	0	7	0	29
chr13	46778994	46780625	2	2	1	195	0	40
chr13	46778994	46785245	2	2	1	1231	1	49
chr13	46780665	46785245	2	2	1	196	0	40
chr13	56084286	56088251	2	2	1	1	0	40
chr13	56084286	56089757	2	2	1	33	0	41
chr13	56088343	56096123	2	2	1	1	0	32
chr13	56089858	56096123	2	2	1	33	0	41
chr14	57643224	57648418	2	2	1	48	0	47
chr14	120389164	120395711	1	1	1	150	0	39
chr14	120389164	120395717	1	1	0	1	0	38
chr14	120389164	120396450	1	1	1	338	0	48
chr14	120395766	120396450	1	1	1	156	0	48
chr15	77102940	77105576	2	2	1	72	0	41
chr15	77102940	77113604	2	2	1	4	0	44
chr15	77105670	77113604	2	2	1	71	0	48
chr15	103242719	103243624	1	1	1	1	1	43
chr16	57178021	57181491	2	2	1	202	1	45
chr16	57178021	57182850	2	2	1	119	0	43
chr16	57178054	57182850	2	2	0	3	0	33
chr16	57181507	57182850	2	2	0	1	0	15
chr16	57181537	57182850	2	2	1	197	1	37
chr17	12979205	13846588	1	1	0	35	2	12
chr17	13846640	13848354	1	1	1	1248	5	21
chr17	13846640	13849107	1	1	1	4777	7	46
chr17	13846640	13849113	1	1	0	17	0	47
chr17	13848376	13849107	1	1	1	1249	5	26
chr17	45570567	45570665	2	2	1	448	1	37
chr17	45570800	45571017	2	2	1	482	0	22
chr18	53948132	53948644	1	1	0	1	0	24
chr18	53948155	53948644	1	1	1	9318	12	31
chr18	53948155	53953244	1	1	1	2144	1	43
chr18	53948162	53948644	1	1	0	1	0	24
chr18	53948666	53953244	1	1	0	7	0	21
chr18	53948669	53953244	1	1	1	9303	11	37
chr18	64511878	64511983	2	2	1	1	0	37
chr18	64515406	64516415	2	2	1	1	0	30
chr19	7281256	7281797	2	4	1	175	0	39
chr19	7281256	7282725	2	2	1	691	0	35
chr19	7281960	7282725	2	2	1	175	0	35
KV575235.1	147143	149264	1	1	0	0	1	24
KV575235.1	147565	149353	1	1	0	0	2	46
