chr1	34295537	34296741	1	1	1	52	0	18
chr1	34295537	34299720	1	1	1	160	0	39
chr1	34296760	34299720	1	1	1	52	0	18
chr1	40010678	40011649	1	1	1	121	1	22
chr1	40010678	40011811	1	1	0	1	0	28
chr1	40010678	40014105	1	1	1	28	0	32
chr1	40011842	40014105	1	1	1	120	1	38
chr1	82735508	82741817	1	1	1	2	0	40
chr1	82735508	82747082	1	1	1	4	0	40
chr1	82735508	82750519	1	1	1	64	0	41
chr1	82741977	82750519	1	1	1	1	0	37
chr1	82747143	82750519	1	1	1	5	0	38
chr1	86350697	86350811	2	2	1	1	0	28
chr1	131344547	131345761	2	2	1	1	0	20
chr2	24887070	24919304	2	2	0	1	0	40
chr2	32292216	32293314	1	1	1	1	0	43
chr2	32292216	32296625	1	1	1	173	0	43
chr2	32293396	32296625	1	1	1	1	0	38
chr2	59932171	59933405	2	2	0	51	0	37
chr2	59932171	59933411	2	2	1	233	0	31
chr2	59932171	59933670	2	2	1	14	0	38
chr2	59933439	59933670	2	2	1	280	0	30
chr2	71849507	71851834	1	1	0	1	0	39
chr2	71849507	71853533	1	1	1	212	0	39
chr2	71849507	71853890	1	1	0	2	0	39
chr2	71849507	71855853	1	1	1	7084	7	47
chr2	71852002	71855853	1	1	0	1	0	40
chr2	71853664	71855853	1	1	1	214	0	41
chr2	71853948	71855853	1	1	0	1	0	40
chr2	75662757	75662844	1	1	1	1	0	19
chr2	75662926	75663570	1	1	1	2	1	27
chr2	91001089	91001461	1	1	1	813	0	24
chr2	91001089	91003299	1	1	0	5	1	33
chr2	91001511	91003210	1	1	1	812	0	25
chr2	91003238	91003810	1	1	0	4	0	27
chr2	91003346	91003810	1	1	1	25	0	36
chr2	91159300	91162027	2	2	0	3	0	41
chr2	91159306	91160316	2	2	1	294	1	47
chr2	91159306	91162027	2	2	1	500	2	47
chr2	91160371	91162027	2	2	1	289	1	39
chr2	91681696	91682025	2	2	1	1	0	50
chr2	91681696	91684668	2	2	1	230	2	50
chr2	91682137	91684668	2	2	1	1	0	38
chr3	60613521	60614682	1	1	1	354	0	45
chr3	60613521	60615619	1	1	1	227	0	45
chr3	60614737	60615619	1	1	1	352	0	40
chr3	87733505	87734423	1	1	1	9	0	39
chr3	87733505	87735344	1	1	0	5	0	39
chr3	87734553	87735344	1	1	1	9	0	37
chr3	88483947	88484046	2	2	1	280	0	38
chr3	88483947	88484614	2	2	0	1	0	38
chr3	88484155	88484614	2	2	1	276	0	43
chr3	119724187	119724611	2	2	1	7326	2	34
chr3	119724187	119726065	2	2	1	10	0	29
chr3	119724646	119726065	2	2	1	7446	2	38
chr4	31992517	31994873	1	1	1	419	0	39
chr4	31992517	32002088	1	1	1	2750	3	49
chr4	31994955	32002088	1	1	1	420	0	49
chr4	107009769	107027216	1	1	1	25	0	38
chr4	107009769	107028192	1	1	1	49	0	42
chr4	107027298	107028192	1	1	1	28	0	41
chr5	13042670	13661475	1	1	0	4	0	13
chr5	23565266	23567234	2	2	0	1	0	37
chr5	23565266	23616326	2	2	1	741	2	46
chr5	23567323	23616326	2	2	0	1	0	45
chr5	72958287	72974530	1	1	1	69	0	43
chr5	116477146	116482389	2	2	1	1	0	33
chr5	116482537	116591333	2	2	1	751	3	50
chr5	149184807	149187707	1	1	1	21	0	43
chr5	149184807	149188344	1	1	1	376	0	44
chr5	149187835	149188344	1	1	1	2	0	39
chr5	149187877	149188344	1	1	1	19	0	39
chr6	98939789	98940994	2	2	1	6	0	45
chr6	98939789	98941535	2	2	1	101	0	46
chr6	98939789	98944618	2	2	0	19	0	45
chr6	98941165	98944618	2	2	0	6	0	36
chr6	98941658	98944618	2	2	1	102	0	36
chr6	125162102	125162211	2	2	1	301	7	43
chr6	128371086	128371967	1	1	1	3901	5	45
chr6	128371086	128372509	1	1	0	3	0	39
chr6	128371086	128372530	1	1	1	13	0	49
chr6	128371086	128372533	1	1	1	113	0	46
chr6	128372013	128372504	1	1	0	9	0	27
chr6	128372013	128372509	1	1	0	8	0	31
chr6	128372013	128372530	1	1	1	459	1	47
chr6	128372013	128372533	1	1	1	3372	4	46
chr6	128372013	128372536	1	1	0	2	0	43
chr6	128372013	128372539	1	1	0	4	0	40
chr6	128372018	128372530	1	1	0	6	0	49
chr6	128372018	128372533	1	1	0	31	0	46
chr7	25724845	25725923	2	2	1	1	0	37
chr7	67240441	67244520	2	2	1	237	0	38
chr7	67240441	67251656	2	2	1	1228	0	44
chr7	67240443	67251659	1	1	0	1	0	41
chr7	67244545	67251656	2	2	1	236	0	24
chr7	102001660	102002294	1	1	1	582	1	43
chr7	102001660	102007485	1	1	1	2018	2	45
chr7	102002337	102007485	1	1	1	584	1	40
chr7	112839481	112842039	1	1	1	124	0	41
chr7	112839481	112856797	1	1	1	2	0	41
chr7	112842103	112856052	1	1	1	96	0	12
chr7	112842103	112856797	1	1	1	28	0	45
chr7	112856065	112856797	1	1	1	98	0	14
chr7	127980247	127981190	1	1	1	16	0	5
chr7	127981292	127981410	1	1	1	15	0	6
chr8	25532429	25557730	1	1	1	1	0	44
chr8	95100453	95100646	2	2	1	585	1	31
chr8	95100453	95101408	2	2	0	602	0	46
chr8	95100674	95101408	2	2	1	585	1	42
chr8	95101447	95139983	2	2	0	1	0	15
chr8	121628690	121651724	2	2	1	1	0	20
chr8	123268550	123268744	2	2	1	185	0	47
chr9	43027296	43040539	2	2	1	73	0	39
chr9	43027296	43042590	2	2	1	220	0	46
chr9	43040593	43042590	2	2	0	1	0	43
chr9	43040597	43042590	2	2	1	73	0	45
chr9	55500165	55512030	2	2	1	1	1	40
chr9	80093642	80098885	1	1	1	6957	7	26
chr9	80093642	80098892	1	1	0	170	0	14
chr9	80093642	80103693	1	1	1	298	0	45
chr9	80098907	80099991	1	1	0	1	0	21
chr9	80098907	80101831	1	1	0	3	0	21
chr9	80098907	80103693	1	1	1	7119	7	24
chr9	80098907	80103698	1	1	0	4	0	21
chr9	80100071	80103698	1	1	0	1	0	40
chr9	80101891	80103693	1	1	0	3	0	37
chr9	114597607	114597794	2	2	1	372	0	38
chr9	114597607	114598704	2	2	0	21	0	40
chr9	114597825	114598704	2	2	0	3	0	30
chr9	114597831	114598704	2	2	1	370	0	39
chr11	79458907	79463232	1	1	1	20	0	43
chr11	79458907	79468716	1	1	1	187	0	43
chr11	79463296	79468716	1	1	1	20	0	39
chr11	83497297	83497893	1	1	1	1	0	33
chr11	83497927	83499072	1	1	1	1	0	33
chr11	94112147	94113262	1	1	1	45	0	32
chr11	94112147	94114172	1	1	1	488	2	32
chr11	94113302	94114172	1	1	1	48	0	39
chr11	100481848	100482144	2	2	1	2	0	39
chr11	102310577	102310925	2	2	1	60	0	43
chr11	102310577	102311379	2	2	1	749	0	46
chr11	102311037	102311379	2	2	1	58	0	45
chr12	71952560	71958746	1	1	1	62	0	27
chr12	71952560	71959805	1	1	1	49	0	46
chr12	71958774	71959805	1	1	1	61	0	29
chr12	71958774	71959809	1	1	0	1	0	27
chr12	83811361	83825258	2	2	1	69	0	33
chr12	83811361	83831921	2	2	1	301	0	41
chr12	83825292	83831921	2	2	1	69	0	34
chr12	112928622	113133308	1	1	0	0	6	13
chr12	113133338	113133495	1	1	0	94	6	44
chr12	113133338	113133540	1	1	1	1321	56	42
chr12	113133338	113133551	1	1	0	1	0	25
chr12	113133338	113135796	1	1	1	134	0	29
chr12	113133577	113134761	1	1	0	3	0	21
chr12	113133577	113134800	1	1	0	6	0	12
chr12	113133577	113135796	1	1	1	1372	62	29
chr12	113134813	113135796	1	1	0	9	0	29
chr13	46778994	46780625	2	2	1	210	0	40
chr13	46778994	46785245	2	2	1	3590	7	45
chr13	46780665	46785245	2	2	1	210	0	39
chr13	56084286	56089757	2	2	1	59	0	40
chr13	56089858	56096123	2	2	1	59	0	41
chr14	8171531	8172763	2	2	1	1	0	40
chr14	8172818	8172890	2	2	1	1	0	41
chr14	57643224	57643334	2	2	1	2	0	39
chr14	57643224	57648418	2	2	1	89	0	40
chr14	57643490	57648418	2	2	1	2	0	38
chr14	120389164	120395711	1	1	1	55	0	38
chr14	120389164	120396450	1	1	1	81	0	48
chr14	120395766	120396450	1	1	1	56	0	48
chr15	44428243	44429559	1	1	1	1	0	10
chr15	77102940	77105576	2	2	1	213	0	41
chr15	77102940	77113604	2	2	1	17	0	48
chr15	77105670	77113604	2	2	1	213	0	48
chr15	77113659	77116920	2	2	1	1	0	1
chr15	103242719	103243624	1	1	1	1	1	33
chr16	57178021	57181491	2	2	1	191	0	43
chr16	57178021	57182850	2	2	1	552	1	44
chr16	57181537	57182850	2	2	1	191	0	37
chr17	12979205	13846588	1	1	0	47	0	12
chr17	13846640	13848354	1	1	1	1556	1	21
chr17	13846640	13849107	1	1	1	7398	9	48
chr17	13846640	13849113	1	1	0	26	0	47
chr17	13846640	13849126	1	1	0	5	0	41
chr17	13848376	13849107	1	1	1	1549	1	27
chr17	13848376	13849113	1	1	0	9	0	21
chr17	45570558	45570665	2	2	0	1	0	36
chr17	45570567	45570665	2	2	1	524	5	37
chr17	45570800	45571017	2	2	1	568	1	23
chr17	56578845	56578920	2	2	1	1	0	18
chr17	56578986	56582983	2	2	1	1	0	42
chr18	10726534	10740982	1	1	1	1	0	15
chr18	53948155	53948381	1	1	0	2	0	39
chr18	53948155	53948644	1	1	1	9430	8	33
chr18	53948155	53953244	1	1	1	4338	3	45
chr18	53948167	53948644	1	1	0	2	0	24
chr18	53948447	53948644	1	1	0	2	0	13
chr18	53948666	53953244	1	1	0	10	0	21
chr18	53948669	53953244	1	1	1	9419	7	37
chr18	53948673	53953244	1	1	0	1	0	28
chr19	7281256	7281797	2	4	1	229	0	39
chr19	7281256	7282725	2	2	1	584	0	36
chr19	7281960	7282725	2	2	1	240	0	31
KV575235.1	147143	149353	1	1	0	0	1	33
