chr1	34295537	34296741	1	1	1	8	0	18
chr1	34295537	34299720	1	1	1	147	1	43
chr1	34296760	34299720	1	1	1	8	0	18
chr1	40010678	40011649	1	1	1	12	0	21
chr1	40010678	40011811	1	1	0	1	0	21
chr1	40010678	40014105	1	1	1	43	2	32
chr1	40011842	40014105	1	1	1	13	0	40
chr1	82735508	82747082	1	1	1	1	0	40
chr1	82735508	82750519	1	1	1	36	0	40
chr1	82747143	82750519	1	1	1	1	0	38
chr2	32292216	32296625	1	1	1	66	0	43
chr2	59932171	59933405	2	2	0	2	0	33
chr2	59932171	59933411	2	2	1	36	0	31
chr2	59932171	59933670	2	2	1	20	0	39
chr2	59933439	59933670	2	2	1	37	0	28
chr2	71849507	71853533	1	1	1	11	0	39
chr2	71849507	71855853	1	1	1	1496	1	45
chr2	71853664	71855853	1	1	1	11	0	41
chr2	75662926	75663570	1	1	1	3	1	27
chr2	91001089	91001461	1	1	1	280	0	24
chr2	91001511	91003210	1	1	1	281	0	25
chr2	91003238	91003810	1	1	0	1	0	27
chr2	91003346	91003810	1	1	1	8	0	36
chr2	91159306	91160316	2	2	1	4	0	47
chr2	91159306	91162027	2	2	1	114	0	47
chr2	91160371	91162027	2	2	1	4	0	38
chr2	91681696	91684668	2	2	1	558	1	50
chr2	153670448	153670848	1	1	1	36	0	42
chr2	153670448	153672215	1	1	1	3	0	50
chr2	153670909	153672215	1	1	1	35	0	50
chr2	168752741	168754433	2	2	1	8688	12	46
chr3	60613521	60614682	1	1	1	23	0	44
chr3	60613521	60615619	1	1	1	5	0	42
chr3	60614737	60615619	1	1	1	23	0	37
chr3	87712689	87733458	1	1	0	1	0	15
chr3	87733505	87734423	1	1	1	1	0	39
chr3	87733505	87735344	1	1	0	118	0	41
chr3	87734553	87735344	1	1	1	1	0	37
chr3	88483947	88484046	2	2	1	117	0	38
chr3	88484155	88484614	2	2	1	115	0	43
chr3	119724187	119724611	2	2	1	1088	1	34
chr3	119724187	119726065	2	2	1	5	0	29
chr3	119724646	119726065	2	2	1	1105	1	38
chr3	129825617	129826823	2	2	1	1	0	36
chr4	31992517	31994873	1	1	1	1090	0	40
chr4	31992517	32002088	1	1	1	478	2	49
chr4	31994955	32002088	1	1	1	1080	0	49
chr4	107009769	107027216	1	1	1	49	0	42
chr4	107009769	107028192	1	1	1	121	0	43
chr4	107027298	107028192	1	1	1	58	0	41
chr5	23565266	23616326	2	2	1	108	0	45
chr5	72958287	72974530	1	1	1	26	0	41
chr5	149184807	149185484	1	1	1	1	0	43
chr5	149184807	149187707	1	1	1	17	0	44
chr5	149184807	149188344	1	1	1	193	0	43
chr5	149185662	149188344	1	1	0	1	0	39
chr5	149187835	149188344	1	1	1	3	0	39
chr5	149187877	149188344	1	1	1	13	0	39
chr6	72634233	72648800	2	2	1	2376	1	41
chr6	72634233	72649119	2	2	1	5481	6	50
chr6	72648843	72649119	2	2	1	2363	1	42
chr6	98939789	98940994	2	2	1	4	0	45
chr6	98939789	98941535	2	2	1	32	0	45
chr6	98939789	98944618	2	2	0	9	0	45
chr6	98941165	98944618	2	2	0	4	0	37
chr6	98941658	98944618	2	2	1	34	0	36
chr6	125162102	125162211	2	2	1	354	14	39
chr6	128371086	128371967	1	1	1	1033	1	44
chr6	128371086	128372530	1	1	1	151	0	49
chr6	128371086	128372533	1	1	1	1190	0	46
chr6	128371086	128372536	1	1	0	2	0	43
chr6	128371086	128372539	1	1	0	5	0	40
chr6	128372013	128372504	1	1	0	2	0	26
chr6	128372013	128372509	1	1	0	1	0	29
chr6	128372013	128372530	1	1	1	126	0	47
chr6	128372013	128372533	1	1	1	890	1	46
chr6	128372018	128372530	1	1	0	2	0	49
chr6	128372018	128372533	1	1	0	12	0	46
chr7	30192593	30192866	2	2	1	1	0	32
chr7	30192901	30193877	2	2	1	1	0	26
chr7	67240441	67244520	2	2	1	6	1	24
chr7	67240441	67251656	2	2	1	369	0	44
chr7	67244545	67251656	2	2	1	6	1	24
chr7	101405603	102001614	1	1	0	7	0	13
chr7	102001660	102002294	1	1	1	79	0	42
chr7	102001660	102007485	1	1	1	2829	1	47
chr7	102001665	102007485	1	1	0	1	0	38
chr7	102002337	102007485	1	1	1	79	0	39
chr7	112839481	112841887	1	1	1	4	0	41
chr7	112839481	112842039	1	1	1	125	0	41
chr7	112839481	112856797	1	1	1	6	0	41
chr7	112841951	112856052	1	1	1	1	0	12
chr7	112842103	112856052	1	1	1	3	0	12
chr7	112842103	112856797	1	1	1	123	0	43
chr7	112856065	112856797	1	1	1	4	0	12
chr7	127980247	127981190	1	1	1	6	0	2
chr7	127981292	127981410	1	1	1	5	0	6
chr7	140117357	140126325	1	1	1	0	1	1
chr7	140125883	140126325	1	1	1	0	1	1
chr7	144861833	144862231	1	1	1	522	1	29
chr7	144862336	144862764	1	1	1	518	1	43
chr8	25532429	25555507	1	1	1	1	0	44
chr8	25555775	25557730	1	1	1	1	0	37
chr8	95100453	95100646	2	2	1	202	0	31
chr8	95100453	95101408	2	2	0	764	0	50
chr8	95100674	95101408	2	2	1	202	0	42
chr8	123268550	123268744	2	2	1	74	0	46
chr9	43027296	43040539	2	2	1	3	0	38
chr9	43027296	43042590	2	2	1	215	0	46
chr9	43040597	43042590	2	2	1	3	0	43
chr9	80093642	80098885	1	1	1	1101	1	26
chr9	80093642	80098892	1	1	0	15	0	14
chr9	80093642	80103693	1	1	1	4938	5	45
chr9	80098907	80103693	1	1	1	1117	1	24
chr9	114597607	114597794	2	2	1	157	0	38
chr9	114597607	114598704	2	2	0	144	0	42
chr9	114597825	114598704	2	2	0	2	0	30
chr9	114597831	114598704	2	2	1	155	0	36
chr11	79458907	79463232	1	1	1	20	0	42
chr11	79458907	79468716	1	1	1	46	0	42
chr11	79463296	79468716	1	1	1	20	0	39
chr11	94112147	94113262	1	1	1	5	0	21
chr11	94112147	94114172	1	1	1	256	0	32
chr11	94113302	94114172	1	1	1	5	0	39
chr11	102310577	102310925	2	2	1	63	0	42
chr11	102310577	102311379	2	2	1	212	0	45
chr11	102311037	102311379	2	2	1	63	0	45
chr12	71952560	71959805	1	1	1	203	0	44
chr12	83811361	83825258	2	2	1	118	0	34
chr12	83811361	83831921	2	2	1	105	0	41
chr12	83825292	83831921	2	2	1	118	0	33
chr12	113133338	113133495	1	1	0	4	0	42
chr12	113133338	113133540	1	1	1	150	0	43
chr12	113133338	113135796	1	1	1	826	0	29
chr12	113133577	113135796	1	1	1	142	0	29
chr13	46778994	46780625	2	2	1	310	0	40
chr13	46778994	46785245	2	2	1	2360	8	47
chr13	46780663	46785245	2	2	0	1	0	38
chr13	46780665	46785245	2	2	1	312	0	39
chr13	56084286	56089757	2	2	1	15	0	40
chr13	56084286	56096123	2	2	0	1	0	40
chr13	56089858	56096123	2	2	1	15	0	39
chr14	57643224	57648418	2	2	1	90	0	40
chr14	120389158	120395711	1	1	0	1	0	44
chr14	120389164	120395711	1	1	1	51	0	39
chr14	120389164	120396450	1	1	1	6	0	48
chr14	120395766	120396450	1	1	1	56	0	48
chr15	77102940	77105576	2	2	1	62	0	40
chr15	77102940	77113604	2	2	1	8	0	44
chr15	77105670	77113604	2	2	1	62	0	48
chr15	103242719	103243624	1	1	1	0	1	36
chr16	57178021	57181491	2	2	1	6	0	43
chr16	57178021	57182850	2	2	1	1044	0	44
chr16	57181537	57182850	2	2	1	6	0	33
chr17	12979205	13846588	1	1	0	24	0	12
chr17	13846640	13848354	1	1	1	163	0	21
chr17	13846640	13849107	1	1	1	10352	11	46
chr17	13846640	13849113	1	1	0	69	0	48
chr17	13848376	13849107	1	1	1	162	0	24
chr17	45570567	45570665	2	2	1	284	2	42
chr17	45570800	45571017	2	2	1	304	2	21
chr17	46590452	46590758	2	2	1	3	0	11
chr18	53948155	53948644	1	1	1	686	0	27
chr18	53948155	53953244	1	1	1	8816	7	44
chr18	53948669	53953244	1	1	1	679	0	24
chr18	64515406	64516415	2	2	1	1	0	42
chr19	7281256	7281797	2	4	1	87	0	39
chr19	7281256	7282725	2	2	1	239	0	35
chr19	7281960	7282725	2	2	1	91	0	26
chr19	41871305	41871421	2	2	1	1	0	37
