chr1	34295537	34296741	1	1	1	52	0	18
chr1	34295537	34299720	1	1	1	163	1	41
chr1	34296760	34299720	1	1	1	52	0	18
chr1	37885317	37890159	2	2	1	1	0	36
chr1	40010678	40011649	1	1	1	132	1	21
chr1	40010678	40011811	1	1	0	1	0	21
chr1	40010678	40014105	1	1	1	72	0	32
chr1	40011842	40014105	1	1	1	129	1	38
chr1	82735508	82741817	1	1	1	2	0	40
chr1	82735508	82747082	1	1	1	10	0	40
chr1	82735508	82750519	1	1	1	80	0	41
chr1	82735508	82750539	1	1	0	1	0	43
chr1	82747143	82750519	1	1	1	10	0	38
chr2	32292216	32293314	1	1	1	5	0	43
chr2	32292216	32296625	1	1	1	189	0	44
chr2	32293396	32296625	1	1	1	5	0	38
chr2	59932171	59933405	2	2	0	37	0	33
chr2	59932171	59933411	2	2	1	299	0	32
chr2	59932171	59933670	2	2	1	24	0	39
chr2	59933439	59933670	2	2	1	333	0	28
chr2	71849507	71853533	1	1	1	211	0	41
chr2	71849507	71853820	1	1	0	1	0	37
chr2	71849507	71855853	1	1	1	8840	7	44
chr2	71849507	71855868	1	1	0	2	0	46
chr2	71853664	71855853	1	1	1	222	0	41
chr2	71853677	71855868	1	1	0	1	0	46
chr2	71853891	71855853	1	1	0	1	0	40
chr2	75662926	75663570	1	1	1	8	1	40
chr2	91001089	91001461	1	1	1	1011	0	34
chr2	91001511	91003210	1	1	1	1001	0	35
chr2	91003238	91003810	1	1	0	2	0	27
chr2	91003346	91003810	1	1	1	47	0	36
chr2	91159300	91162027	2	2	0	5	0	41
chr2	91159306	91160316	2	2	1	289	0	47
chr2	91159306	91162027	2	2	1	506	0	47
chr2	91160371	91162027	2	2	1	286	0	39
chr2	91681696	91682025	2	2	1	1	0	50
chr2	91681696	91684668	2	2	1	274	1	50
chr2	91682137	91684668	2	2	1	1	0	38
chr2	153670448	153672215	1	1	1	4	0	50
chr3	60613521	60614682	1	1	1	223	0	44
chr3	60613521	60615619	1	1	1	124	0	45
chr3	60614737	60615619	1	1	1	224	0	39
chr3	87733505	87734423	1	1	1	20	0	44
chr3	87733505	87735344	1	1	0	12	0	39
chr3	87734553	87735344	1	1	1	20	0	37
chr3	88483947	88484046	2	2	1	437	1	38
chr3	88483947	88484614	2	2	0	2	0	38
chr3	88484155	88484614	2	2	1	434	1	42
chr3	119724187	119724611	2	2	1	9921	5	34
chr3	119724187	119726065	2	2	1	13	0	29
chr3	119724646	119726065	2	2	1	10140	5	38
chr3	119726116	120643502	2	2	0	4	0	13
chr3	129825617	129826823	2	2	1	1	0	44
chr4	21854446	21857179	1	1	1	1	0	33
chr4	31992517	31994873	1	1	1	459	1	39
chr4	31992517	32002088	1	1	1	2945	7	49
chr4	31994955	32002088	1	1	1	458	1	49
chr4	107009769	107027216	1	1	1	24	0	43
chr4	107009769	107028192	1	1	1	29	0	42
chr4	107027298	107028192	1	1	1	32	0	41
chr5	23565266	23610849	2	2	0	2	0	37
chr5	23565266	23616326	2	2	1	752	0	46
chr5	23610909	23616326	2	2	0	2	0	45
chr5	52184904	52190279	2	2	1	1	0	37
chr5	65537459	65565988	1	1	1	1	0	44
chr5	72958287	72974530	1	1	1	68	0	41
chr5	116477146	116482389	2	2	1	1	0	32
chr5	116482532	116591333	2	2	0	5	0	45
chr5	116482537	116591333	2	2	1	749	2	50
chr5	149184807	149187707	1	1	1	60	0	44
chr5	149184807	149188344	1	1	1	483	0	47
chr5	149187835	149188344	1	1	1	5	0	39
chr5	149187864	149188344	1	1	0	3	0	39
chr5	149187877	149188344	1	1	1	51	0	39
chr6	47577668	47594893	2	2	1	3	0	26
chr6	98939789	98940994	2	2	1	1	0	45
chr6	98939789	98941535	2	2	1	109	1	45
chr6	98939789	98944618	2	2	0	1	0	45
chr6	98941165	98944618	2	2	0	1	0	36
chr6	98941658	98944618	2	2	1	108	1	39
chr6	125162102	125162211	2	2	1	460	28	39
chr6	128371086	128371967	1	1	1	3845	1	45
chr6	128371086	128372504	1	1	0	1	0	39
chr6	128371086	128372509	1	1	0	1	0	39
chr6	128371086	128372530	1	1	1	12	0	49
chr6	128371086	128372533	1	1	1	129	0	46
chr6	128372013	128372278	1	1	0	1	0	27
chr6	128372013	128372504	1	1	0	23	0	26
chr6	128372013	128372509	1	1	0	5	0	31
chr6	128372013	128372530	1	1	1	505	0	47
chr6	128372013	128372533	1	1	1	3266	0	46
chr6	128372013	128372536	1	1	0	2	0	43
chr6	128372013	128372539	1	1	0	3	0	40
chr6	128372018	128372530	1	1	0	10	0	49
chr6	128372018	128372533	1	1	0	42	1	46
chr6	128372306	128372533	1	1	0	1	0	27
chr7	28174893	28174983	1	1	1	1	0	32
chr7	67240441	67244520	2	2	1	203	0	24
chr7	67240441	67251656	2	2	1	1271	0	45
chr7	67244545	67251656	2	2	1	203	0	24
chr7	99849060	99858763	2	2	1	1	0	44
chr7	101288340	102001612	1	3	0	8	0	12
chr7	102001660	102002294	1	1	1	471	1	42
chr7	102001660	102007485	1	1	1	2566	2	47
chr7	102001665	102002300	1	1	0	0	1	36
chr7	102002337	102007485	1	1	1	473	1	40
chr7	102002538	102007485	1	1	0	2	0	38
chr7	112839481	112841887	1	1	1	5	0	41
chr7	112839481	112842039	1	1	1	118	0	41
chr7	112839481	112856797	1	1	1	1	0	41
chr7	112841951	112856052	1	1	1	2	0	12
chr7	112842103	112856052	1	1	1	86	0	12
chr7	112842103	112856797	1	1	1	36	0	37
chr7	112856065	112856797	1	1	1	88	0	12
chr7	112856225	112856797	1	1	0	1	0	37
chr7	127972771	127974399	1	1	1	1	0	36
chr7	127980247	127981190	1	1	1	9	0	5
chr7	127981292	127981410	1	1	1	12	0	6
chr8	25532429	25555507	1	1	1	1	0	44
chr8	25555775	25557730	1	1	1	3	0	38
chr8	91688606	91932332	1	1	0	6	0	13
chr8	95100453	95100646	2	2	1	521	0	31
chr8	95100453	95101408	2	2	0	587	0	46
chr8	95100674	95101408	2	2	1	521	0	42
chr8	123268550	123268744	2	2	1	210	1	48
chr9	43027296	43040539	2	2	1	61	0	38
chr9	43027296	43042590	2	2	1	299	0	45
chr9	43040593	43042590	2	2	0	1	0	45
chr9	43040597	43042590	2	2	1	60	0	46
chr9	80093642	80098847	1	1	0	1	0	22
chr9	80093642	80098885	1	1	1	8405	10	26
chr9	80093642	80098892	1	1	0	141	0	19
chr9	80093642	80103693	1	1	1	388	0	45
chr9	80098907	80099016	1	1	0	4	0	21
chr9	80098907	80101831	1	1	0	1	0	21
chr9	80098907	80103693	1	1	1	8555	10	36
chr9	80099049	80103693	1	1	0	5	0	37
chr9	80101891	80103693	1	1	0	1	0	37
chr9	114597607	114597794	2	2	1	489	0	38
chr9	114597607	114598704	2	2	0	19	0	42
chr9	114597825	114598704	2	2	0	2	0	30
chr9	114597831	114598704	2	2	1	485	0	38
chr11	26778879	26787397	2	2	0	0	1	13
chr11	79458907	79463232	1	1	1	14	0	42
chr11	79458907	79468113	1	1	1	1	0	41
chr11	79458907	79468716	1	1	1	258	0	43
chr11	79463296	79468716	1	1	1	16	0	38
chr11	79468155	79468716	1	1	1	2	0	38
chr11	94112147	94113262	1	1	1	39	0	21
chr11	94112147	94114172	1	1	1	589	0	32
chr11	94113302	94114172	1	1	1	41	0	39
chr11	102310577	102310925	2	2	1	82	0	43
chr11	102310577	102311360	2	2	0	1	0	42
chr11	102310577	102311379	2	2	1	722	0	46
chr11	102311037	102311379	2	2	1	79	0	45
chr11	102311037	102311403	2	2	0	1	0	21
chr12	71952560	71958746	1	1	1	64	0	27
chr12	71952560	71959805	1	1	1	32	0	43
chr12	71958774	71959805	1	1	1	64	0	29
chr12	83811361	83825258	2	2	1	67	0	33
chr12	83811361	83831921	2	2	1	544	0	42
chr12	83825292	83831921	2	2	1	66	0	34
chr12	112928622	113133308	1	1	0	0	4	13
chr12	113133338	113133495	1	1	0	90	13	45
chr12	113133338	113133540	1	1	1	1173	44	43
chr12	113133338	113134800	1	1	0	1	0	12
chr12	113133338	113135796	1	1	1	229	0	29
chr12	113133577	113134186	1	1	0	4	0	31
chr12	113133577	113134761	1	1	0	2	0	21
chr12	113133577	113134800	1	1	0	10	0	12
chr12	113133577	113135796	1	1	1	1219	57	29
chr12	113134231	113134800	1	1	0	1	0	12
chr12	113134231	113135796	1	1	0	1	0	29
chr12	113134813	113135796	1	1	0	14	0	29
chr13	46778994	46780625	2	2	1	151	0	40
chr13	46778994	46785245	2	2	1	4340	11	45
chr13	46780665	46785245	2	2	1	151	0	39
chr13	56084286	56089757	2	2	1	66	0	41
chr13	56084286	56096123	2	2	0	1	0	40
chr13	56089858	56096123	2	2	1	66	0	41
chr14	57643224	57643334	2	2	1	4	0	39
chr14	57643224	57648418	2	2	1	126	0	47
chr14	57643490	57648418	2	2	1	4	0	38
chr14	120389164	120395711	1	1	1	39	1	38
chr14	120389164	120396450	1	1	1	55	0	48
chr14	120395766	120396450	1	1	1	38	1	48
chr15	77102940	77105576	2	2	1	318	0	47
chr15	77102940	77113604	2	2	1	17	0	48
chr15	77105670	77113604	2	2	1	317	0	48
chr15	103242719	103242921	1	1	1	0	1	36
chr15	103242719	103243624	1	1	1	0	1	33
chr16	57178021	57181491	2	2	1	200	0	45
chr16	57178021	57182850	2	2	1	753	0	44
chr16	57181537	57182850	2	2	1	199	0	37
chr16	84831508	84834808	2	2	1	1	0	44
chr17	12979205	13846588	1	1	0	50	3	12
chr17	13846640	13848354	1	1	1	1727	2	21
chr17	13846640	13849107	1	1	1	9226	21	48
chr17	13846640	13849113	1	1	0	54	0	47
chr17	13848376	13849107	1	1	1	1727	2	29
chr17	45570567	45570665	2	2	1	612	2	39
chr17	45570800	45571017	2	2	1	684	2	21
chr17	51783067	51785528	2	2	1	3	0	40
chr17	51785641	51803430	2	2	1	3	0	14
chr17	56578986	56582983	2	2	1	1	0	42
chr18	53948155	53948644	1	1	1	12741	16	33
chr18	53948155	53953244	1	1	1	7491	13	44
chr18	53948155	53953268	1	1	0	3	0	40
chr18	53948167	53948644	1	1	0	2	0	26
chr18	53948666	53953244	1	1	0	10	0	21
chr18	53948669	53953244	1	1	1	12727	15	37
chr18	53948669	53953268	1	1	0	2	0	24
chr18	53948673	53953244	1	1	0	1	0	28
chr18	64511701	64511784	2	2	1	1	0	38
chr18	64515409	64516415	2	2	1	1	0	30
chr19	7281256	7281797	2	4	1	229	0	39
chr19	7281256	7282725	2	2	1	514	0	36
chr19	7281960	7282725	2	2	1	237	0	35
chrX	73952667	73952825	2	2	1	6	0	10
