chr1	34295537	34296741	1	1	1	27	1	18
chr1	34295537	34299720	1	1	1	215	1	42
chr1	34296760	34299720	1	1	1	27	1	18
chr1	40010678	40011649	1	1	1	23	0	21
chr1	40010678	40011811	1	1	0	1	0	21
chr1	40010678	40014105	1	1	1	45	0	32
chr1	40011842	40014105	1	1	1	24	0	37
chr1	82735508	82747082	1	1	1	5	0	41
chr1	82735508	82750519	1	1	1	49	0	40
chr1	82747143	82750519	1	1	1	5	0	38
chr1	180573818	180577582	1	1	1	1	0	11
chr2	32292216	32296625	1	1	1	40	0	43
chr2	59926161	59932104	2	2	1	4	0	20
chr2	59932171	59933405	2	2	0	4	0	37
chr2	59932171	59933411	2	2	1	47	0	32
chr2	59932171	59933670	2	2	1	15	0	38
chr2	59933439	59933670	2	2	1	49	0	28
chr2	71849507	71853533	1	1	1	9	0	39
chr2	71849507	71855853	1	1	1	1677	4	43
chr2	71849511	71855853	1	1	0	1	0	40
chr2	71853664	71855853	1	1	1	9	0	40
chr2	75662926	75663570	1	1	1	3	0	27
chr2	91001089	91001461	1	1	1	368	1	34
chr2	91001511	91003210	1	1	1	356	1	20
chr2	91003346	91003810	1	1	1	14	0	37
chr2	91159306	91160316	2	2	1	2	0	47
chr2	91159306	91162027	2	2	1	99	0	47
chr2	91160371	91162027	2	2	1	2	0	38
chr2	91681696	91684668	2	2	1	600	0	50
chr2	153670448	153670848	1	1	1	35	0	43
chr2	153670909	153672215	1	1	1	36	0	50
chr2	168752741	168754433	2	2	1	12013	10	47
chr3	60613521	60614682	1	1	1	42	0	44
chr3	60613521	60615619	1	1	1	4	0	44
chr3	60614737	60615619	1	1	1	42	0	38
chr3	87733505	87735344	1	1	0	120	0	40
chr3	88483947	88484046	2	2	1	65	0	37
chr3	88484155	88484614	2	2	1	66	0	39
chr3	119724187	119724611	2	2	1	1088	1	34
chr3	119724187	119726065	2	2	1	6	0	29
chr3	119724646	119726065	2	2	1	1105	1	38
chr3	129825617	129826823	2	2	1	1	0	36
chr4	31992517	31993403	1	1	0	1	0	21
chr4	31992517	31994873	1	1	1	1158	5	42
chr4	31992517	32002088	1	1	1	344	0	49
chr4	31993425	31994873	1	1	0	1	0	17
chr4	31994955	32002088	1	1	1	1160	4	49
chr4	107009769	107027216	1	1	1	40	0	38
chr4	107009769	107028192	1	1	1	114	1	42
chr4	107027298	107028192	1	1	1	44	0	42
chr5	23565266	23616326	2	2	1	147	0	46
chr5	72958287	72965803	1	1	1	1	0	37
chr5	72958287	72974530	1	1	1	21	0	41
chr5	72965882	72974530	1	1	1	1	0	41
chr5	116482537	116591333	2	2	1	1	0	32
chr5	129845656	129845747	1	1	1	1	0	25
chr5	149184807	149187707	1	1	1	32	0	43
chr5	149184807	149188344	1	1	1	158	0	44
chr5	149187835	149188344	1	1	1	4	0	39
chr5	149187864	149188344	1	1	0	1	0	39
chr5	149187877	149188344	1	1	1	26	0	39
chr6	72634233	72648800	2	2	1	2653	1	42
chr6	72634233	72649119	2	2	1	4906	3	44
chr6	72648843	72649119	2	2	1	2636	1	41
chr6	98939789	98940994	2	2	1	8	0	45
chr6	98939789	98941535	2	2	1	44	0	45
chr6	98939789	98944618	2	2	0	2	0	45
chr6	98941165	98944618	2	2	0	7	0	36
chr6	98941658	98944618	2	2	1	45	0	36
chr6	125162102	125162211	2	2	1	259	8	37
chr6	128371086	128371967	1	1	1	910	0	42
chr6	128371086	128372530	1	1	1	93	1	49
chr6	128371086	128372533	1	1	1	837	0	46
chr6	128371086	128372536	1	1	0	2	0	43
chr6	128371086	128372539	1	1	0	1	0	40
chr6	128372013	128372504	1	1	0	2	0	26
chr6	128372013	128372530	1	1	1	138	0	47
chr6	128372013	128372533	1	1	1	765	0	46
chr6	128372018	128372530	1	1	0	2	0	49
chr6	128372018	128372533	1	1	0	7	0	46
chr7	30192593	30192866	2	2	1	1	0	22
chr7	30192901	30193877	2	2	1	1	0	24
chr7	67240441	67244520	2	2	1	6	0	24
chr7	67240441	67251656	2	2	1	466	0	47
chr7	67240443	67251659	1	1	0	1	0	41
chr7	67244545	67251656	2	2	1	6	0	24
chr7	102001660	102002294	1	1	1	57	0	42
chr7	102001660	102007485	1	1	1	3011	3	49
chr7	102002337	102007485	1	1	1	56	0	39
chr7	112839481	112841887	1	1	1	6	0	41
chr7	112839481	112842039	1	1	1	135	0	49
chr7	112839481	112856797	1	1	1	5	0	41
chr7	112841951	112856052	1	1	1	1	0	12
chr7	112841951	112856797	1	1	0	3	0	37
chr7	112842103	112856052	1	1	1	7	0	12
chr7	112842103	112856797	1	1	1	132	0	43
chr7	112856065	112856797	1	1	1	8	0	12
chr7	127980247	127981190	1	1	1	18	0	30
chr7	127981292	127981410	1	1	1	18	0	6
chr7	144861833	144862231	1	1	1	1259	2	39
chr7	144861837	144862231	1	1	0	1	0	32
chr7	144862267	144862764	1	1	0	8	0	35
chr7	144862336	144862764	1	1	1	1236	2	44
chr8	25532429	25555507	1	1	1	1	0	44
chr8	25555775	25557730	1	1	1	2	0	38
chr8	85548963	85553186	2	2	1	1	0	38
chr8	95100453	95100646	2	2	1	132	0	31
chr8	95100453	95101408	2	2	0	639	0	46
chr8	95100674	95101408	2	2	1	132	0	41
chr8	123268550	123268744	2	2	1	35	0	46
chr9	43027296	43040539	2	2	1	9	0	38
chr9	43027296	43042590	2	2	1	184	0	45
chr9	43040597	43042590	2	2	1	9	0	45
chr9	80093642	80098885	1	1	1	1188	1	26
chr9	80093642	80098892	1	1	0	40	0	14
chr9	80093642	80103693	1	1	1	6552	3	46
chr9	80093642	80103698	1	1	0	2	0	44
chr9	80098907	80103693	1	1	1	1224	1	24
chr9	114597607	114597794	2	2	1	212	0	38
chr9	114597607	114598704	2	2	0	263	0	43
chr9	114597825	114598704	2	2	0	1	0	30
chr9	114597831	114598704	2	2	1	213	0	36
chr9	123011638	123013939	1	1	1	1	0	14
chr9	123014013	123014468	1	1	1	1	0	14
chr9	123014507	123017244	1	1	1	1	0	38
chr11	79458907	79463232	1	1	1	21	0	42
chr11	79458907	79468716	1	1	1	46	0	43
chr11	79463296	79468716	1	1	1	21	0	39
chr11	94112147	94113262	1	1	1	8	0	21
chr11	94112147	94114172	1	1	1	181	0	32
chr11	94113302	94114172	1	1	1	8	0	39
chr11	102310577	102310925	2	2	1	57	0	42
chr11	102310577	102311379	2	2	1	170	0	45
chr11	102311037	102311379	2	2	1	58	0	45
chr12	71952560	71959805	1	1	1	154	0	44
chr12	83811361	83825258	2	2	1	104	0	33
chr12	83811361	83831921	2	2	1	128	0	42
chr12	83825292	83831921	2	2	1	105	0	33
chr12	113133338	113133495	1	1	0	3	0	42
chr12	113133338	113133540	1	1	1	105	0	38
chr12	113133338	113135796	1	1	1	695	1	29
chr12	113133577	113135796	1	1	1	107	0	29
chr13	46778990	46785245	2	2	0	2	0	44
chr13	46778994	46780625	2	2	1	316	1	41
chr13	46778994	46785245	2	2	1	2499	5	46
chr13	46780665	46785245	2	2	1	316	1	39
chr13	55282783	55290054	1	1	1	1	0	13
chr13	56084286	56089757	2	2	1	13	0	40
chr13	56089858	56096123	2	2	1	13	0	42
chr14	57643224	57648418	2	2	1	98	0	47
chr14	120389164	120395711	1	1	1	91	1	38
chr14	120389164	120396450	1	1	1	13	0	48
chr14	120395766	120396450	1	1	1	94	1	48
chr15	77102940	77105576	2	2	1	117	1	41
chr15	77102940	77113604	2	2	1	16	0	48
chr15	77105670	77113604	2	2	1	115	1	48
chr15	103242719	103243624	1	1	1	0	3	37
chr16	57178021	57181491	2	2	1	1	0	43
chr16	57178021	57182850	2	2	1	688	1	44
chr16	57181537	57182850	2	2	1	1	0	33
chr16	94686604	94691580	1	1	1	2	0	45
chr17	12979205	13846588	1	1	0	32	1	12
chr17	13846640	13848354	1	1	1	184	0	21
chr17	13846640	13849107	1	1	1	11005	14	49
chr17	13846640	13849113	1	1	0	46	0	47
chr17	13848376	13849107	1	1	1	184	0	21
chr17	45570567	45570665	2	2	1	343	0	42
chr17	45570800	45571017	2	2	1	386	0	23
chr18	10726534	10740982	1	1	1	1	0	15
chr18	53948155	53948644	1	1	1	1175	0	28
chr18	53948155	53948651	1	1	0	1	0	17
chr18	53948155	53949550	1	1	0	2	0	39
chr18	53948155	53953244	1	1	1	11455	10	45
chr18	53948669	53953244	1	1	1	1174	0	24
chr18	53949588	53953244	1	1	0	3	0	37
chr19	7281256	7281797	2	4	1	90	1	41
chr19	7281256	7282725	2	2	1	239	0	35
chr19	7281960	7282725	2	2	1	92	1	33
chrX	73952667	73952825	2	2	1	1	0	10
