chr1	34295537	34296741	1	1	1	7	0	18
chr1	34295537	34299720	1	1	1	138	0	39
chr1	34296760	34299720	1	1	1	7	0	18
chr1	40010678	40011649	1	1	1	28	0	21
chr1	40010678	40014105	1	1	1	54	1	32
chr1	40011842	40014105	1	1	1	25	0	38
chr1	82735508	82747082	1	1	1	2	0	40
chr1	82735508	82750519	1	1	1	61	0	41
chr1	82747143	82750519	1	1	1	2	0	38
chr2	32292216	32296625	1	1	1	67	0	43
chr2	59932171	59933405	2	2	0	4	0	33
chr2	59932171	59933411	2	2	1	17	0	27
chr2	59932171	59933670	2	2	1	8	0	38
chr2	59933439	59933670	2	2	1	21	0	28
chr2	71849507	71853533	1	1	1	13	0	39
chr2	71849507	71855853	1	1	1	1580	0	45
chr2	71853664	71855853	1	1	1	13	0	40
chr2	75662926	75663570	1	1	1	4	1	39
chr2	91001089	91001461	1	1	1	347	0	34
chr2	91001511	91003210	1	1	1	350	0	20
chr2	91003346	91003810	1	1	1	13	0	36
chr2	91159306	91160316	2	2	1	1	0	47
chr2	91159306	91162027	2	2	1	115	0	47
chr2	91160371	91162027	2	2	1	1	0	38
chr2	91681696	91684668	2	2	1	484	1	50
chr2	153670448	153670848	1	1	1	27	0	42
chr2	153670909	153672215	1	1	1	28	0	50
chr2	168752741	168754433	2	2	1	10333	12	48
chr3	60613521	60614682	1	1	1	38	0	44
chr3	60613521	60615619	1	1	1	5	0	44
chr3	60614737	60615619	1	1	1	38	0	38
chr3	87733505	87734423	1	1	1	3	0	39
chr3	87733505	87735344	1	1	0	102	0	41
chr3	87734553	87735344	1	1	1	3	0	37
chr3	88483947	88484046	2	2	1	93	1	41
chr3	88484077	88484614	2	2	0	1	0	30
chr3	88484155	88484614	2	2	1	93	1	39
chr3	119724187	119724611	2	2	1	1187	0	34
chr3	119724187	119726065	2	2	1	5	0	29
chr3	119724646	119726065	2	2	1	1215	0	38
chr4	31992517	31994873	1	1	1	994	1	42
chr4	31992517	32002088	1	1	1	376	0	50
chr4	31994955	32002088	1	1	1	994	1	49
chr4	107009769	107027216	1	1	1	61	0	39
chr4	107009769	107028192	1	1	1	140	0	42
chr4	107027298	107028192	1	1	1	66	0	46
chr5	23565266	23616326	2	2	1	133	0	45
chr5	72958287	72974530	1	1	1	23	0	41
chr5	116482537	116591333	2	2	1	8	0	50
chr5	149184807	149185484	1	1	1	1	0	43
chr5	149184807	149187707	1	1	1	39	0	43
chr5	149184807	149188344	1	1	1	175	1	45
chr5	149187835	149188344	1	1	1	5	0	39
chr5	149187877	149188344	1	1	1	37	0	39
chr6	72634233	72634303	2	2	0	1	0	37
chr6	72634233	72648800	2	2	1	2466	2	42
chr6	72634233	72649119	2	2	1	4428	4	50
chr6	72634351	72649119	2	2	0	2	0	40
chr6	72648843	72649119	2	2	1	2464	2	41
chr6	98939789	98940994	2	2	1	7	0	45
chr6	98939789	98941535	2	2	1	46	0	45
chr6	98939789	98944618	2	2	0	10	0	46
chr6	98941165	98944618	2	2	0	6	0	36
chr6	98941658	98944618	2	2	1	47	0	37
chr6	125162102	125162211	2	2	1	349	5	37
chr6	128371086	128371967	1	1	1	832	0	41
chr6	128371086	128372530	1	1	1	112	0	49
chr6	128371086	128372533	1	1	1	866	0	46
chr6	128371086	128372536	1	1	0	1	0	43
chr6	128372013	128372509	1	1	0	1	0	31
chr6	128372013	128372530	1	1	1	108	0	49
chr6	128372013	128372533	1	1	1	714	0	46
chr6	128372018	128372533	1	1	0	14	0	46
chr7	67240441	67244520	2	2	1	4	0	24
chr7	67240441	67251656	2	2	1	342	1	44
chr7	67244545	67251656	2	2	1	4	0	24
chr7	102001660	102002294	1	1	1	33	0	42
chr7	102001660	102007485	1	1	1	1958	0	44
chr7	102001665	102007492	1	1	0	1	0	45
chr7	102002337	102007485	1	1	1	33	0	38
chr7	112839481	112841887	1	1	1	3	0	41
chr7	112839481	112842039	1	1	1	79	0	41
chr7	112839481	112856797	1	1	1	3	0	41
chr7	112841951	112856797	1	1	0	3	0	37
chr7	112842103	112856052	1	1	1	3	0	12
chr7	112842103	112856797	1	1	1	75	0	38
chr7	112856065	112856797	1	1	1	3	0	12
chr7	123124333	123124693	1	1	0	1	0	22
chr7	123124716	123143749	1	1	1	1	0	22
chr7	127979994	127980209	1	1	1	1	0	6
chr7	127980247	127981190	1	1	1	15	0	37
chr7	127981292	127981410	1	1	1	16	0	6
chr7	144861833	144862231	1	1	1	1117	1	39
chr7	144861837	144862231	1	1	0	1	0	32
chr7	144862267	144862764	1	1	0	3	0	35
chr7	144862336	144862764	1	1	1	1109	1	45
chr8	25532429	25555507	1	1	1	3	0	44
chr8	25532429	25557730	1	1	1	1	0	44
chr8	25555775	25557730	1	1	1	6	0	38
chr8	33386064	33386329	1	1	0	1	0	46
chr8	95100453	95100646	2	2	1	277	2	30
chr8	95100453	95101408	2	2	0	671	0	46
chr8	95100674	95101408	2	2	1	277	2	44
chr8	95101447	95139983	2	2	0	0	1	15
chr8	123268550	123268744	2	2	1	56	0	46
chr9	43027296	43040539	2	2	1	6	0	38
chr9	43027296	43042590	2	2	1	141	0	45
chr9	43040597	43042590	2	2	1	6	0	45
chr9	80093642	80098885	1	1	1	961	1	26
chr9	80093642	80098892	1	1	0	29	0	19
chr9	80093642	80103693	1	1	1	6131	2	45
chr9	80093642	80103698	1	1	0	6	0	44
chr9	80098907	80103693	1	1	1	989	1	23
chr9	114597607	114597794	2	2	1	201	0	38
chr9	114597607	114598704	2	2	0	173	0	42
chr9	114597825	114598704	2	2	0	1	0	30
chr9	114597831	114598704	2	2	1	200	0	36
chr11	20201653	20215629	1	1	1	1	0	41
chr11	20215703	20218812	1	1	1	1	0	14
chr11	78233684	78245547	2	2	1	1	0	13
chr11	79458907	79463232	1	1	1	19	0	42
chr11	79458907	79468716	1	1	1	13	0	42
chr11	79463296	79468716	1	1	1	20	0	39
chr11	83497297	83497893	1	1	1	1	0	33
chr11	83497927	83499072	1	1	1	1	0	33
chr11	94112147	94113262	1	1	1	14	0	21
chr11	94112147	94114172	1	1	1	199	0	32
chr11	94113302	94114172	1	1	1	14	0	39
chr11	102310577	102310925	2	2	1	76	1	42
chr11	102310577	102311379	2	2	1	251	0	46
chr11	102311037	102311379	2	2	1	75	1	45
chr12	71952560	71959805	1	1	1	139	0	44
chr12	83811361	83825258	2	2	1	101	0	33
chr12	83811361	83831921	2	2	1	99	0	41
chr12	83825292	83831921	2	2	1	101	0	33
chr12	113133338	113133495	1	1	0	2	0	42
chr12	113133338	113133540	1	1	1	118	0	38
chr12	113133338	113135796	1	1	1	415	0	29
chr12	113133577	113135796	1	1	1	109	0	29
chr13	46778994	46780625	2	2	1	211	2	40
chr13	46778994	46785245	2	2	1	1661	3	45
chr13	46780663	46785245	2	2	0	1	0	38
chr13	46780665	46785245	2	2	1	214	2	39
chr13	56084286	56089757	2	2	1	19	0	42
chr13	56089858	56096123	2	2	1	18	0	38
chr14	57643224	57648418	2	2	1	98	0	41
chr14	120389164	120395711	1	1	1	63	0	38
chr14	120389164	120396450	1	1	1	10	0	48
chr14	120395766	120396450	1	1	1	63	0	48
chr15	77102940	77105576	2	2	1	74	0	43
chr15	77102940	77113604	2	2	1	13	0	44
chr15	77105670	77113604	2	2	1	74	0	44
chr15	79540479	79541033	2	2	1	1	0	35
chr15	79541168	79542486	2	2	1	1	0	19
chr15	103242719	103243624	1	1	1	0	1	33
chr16	57178021	57181491	2	2	1	5	0	43
chr16	57178021	57182850	2	2	1	824	2	44
chr16	57181537	57182850	2	2	1	5	0	33
chr16	84831508	84834808	2	2	1	1	0	44
chr16	94686604	94691580	1	1	1	2	0	45
chr17	6960791	6961027	0	0	1	0	1	37
chr17	8165699	8165923	1	1	1	0	1	37
chr17	12979205	13846588	1	1	0	25	0	12
chr17	13846613	13849107	1	1	0	1	1	37
chr17	13846640	13848354	1	1	1	193	1	21
chr17	13846640	13849107	1	1	1	8010	8	46
chr17	13846640	13849113	1	1	0	29	0	47
chr17	13848376	13849107	1	1	1	193	1	27
chr17	45570567	45570665	2	2	1	341	0	50
chr17	45570800	45571017	2	2	1	369	0	21
chr18	53948155	53948644	1	1	1	884	2	27
chr18	53948155	53949213	1	1	0	2	0	39
chr18	53948155	53953244	1	1	1	9974	7	45
chr18	53948666	53953244	1	1	0	2	0	21
chr18	53948669	53953244	1	1	1	881	2	26
chr18	53949263	53953244	1	1	0	2	0	37
chr19	7281256	7281797	2	4	1	115	0	39
chr19	7281256	7282725	2	2	1	223	0	35
chr19	7281960	7282725	2	2	1	124	0	29
chr19	10619329	10621540	1	1	1	1	0	31
