chr1	34295537	34296741	1	1	1	11	0	18
chr1	34295537	34299720	1	1	1	101	0	43
chr1	34296760	34299720	1	1	1	11	0	18
chr1	40010678	40011649	1	1	1	56	0	21
chr1	40010678	40014105	1	1	1	30	1	32
chr1	40011842	40014105	1	1	1	54	0	38
chr1	82735508	82747082	1	1	1	1	0	40
chr1	82735508	82750519	1	1	1	43	0	42
chr1	82747143	82750519	1	1	1	1	0	38
chr2	32292216	32293314	1	1	1	3	0	43
chr2	32292216	32296625	1	1	1	90	0	43
chr2	32293396	32296625	1	1	1	3	0	38
chr2	59926161	59932104	2	2	1	2	0	15
chr2	59932171	59933405	2	2	0	20	0	37
chr2	59932171	59933411	2	2	1	94	0	31
chr2	59932171	59933670	2	2	1	9	0	38
chr2	59933439	59933670	2	2	1	110	0	28
chr2	71849507	71853533	1	1	1	61	0	41
chr2	71849507	71855853	1	1	1	5467	7	44
chr2	71853664	71855853	1	1	1	61	0	41
chr2	75662926	75663570	1	1	1	4	0	38
chr2	91001089	91001461	1	1	1	383	0	24
chr2	91001511	91003210	1	1	1	385	0	25
chr2	91001511	91003299	1	1	0	2	0	46
chr2	91003238	91003810	1	1	0	2	0	27
chr2	91003346	91003810	1	1	1	23	0	36
chr2	91159306	91160316	2	2	1	145	1	47
chr2	91159306	91162027	2	2	1	334	0	47
chr2	91159320	91162027	2	2	0	2	0	40
chr2	91160371	91162027	2	2	1	142	1	39
chr2	91681696	91682025	2	2	1	1	0	50
chr2	91681696	91684668	2	2	1	136	0	50
chr3	60613521	60614682	1	1	1	102	1	45
chr3	60613521	60615619	1	1	1	45	0	44
chr3	60614737	60615619	1	1	1	104	1	40
chr3	87733505	87734423	1	1	1	7	0	40
chr3	87733505	87735344	1	1	0	5	0	39
chr3	87734553	87735344	1	1	1	7	0	37
chr3	88483947	88484046	2	2	1	141	0	37
chr3	88484155	88484614	2	2	1	139	0	40
chr3	119724187	119724611	2	2	1	5119	2	34
chr3	119724187	119726065	2	2	1	7	0	29
chr3	119724646	119726065	2	2	1	5246	2	38
chr3	129825617	129826823	2	2	1	1	0	36
chr4	31992517	31994873	1	1	1	243	1	39
chr4	31992517	32002088	1	1	1	1897	2	49
chr4	31994955	32002088	1	1	1	242	1	49
chr4	107009769	107027216	1	1	1	17	0	38
chr4	107009769	107028192	1	1	1	21	0	41
chr4	107027298	107028192	1	1	1	19	0	41
chr5	23565266	23616326	2	2	1	490	1	45
chr5	72958287	72974530	1	1	1	69	0	43
chr5	116477146	116482389	2	2	1	1	0	33
chr5	116482537	116483887	2	2	0	1	0	37
chr5	116482537	116591333	2	2	1	431	0	50
chr5	149184807	149187707	1	1	1	17	0	43
chr5	149184807	149188344	1	1	1	215	0	44
chr5	149187835	149188344	1	1	1	3	0	39
chr5	149187877	149188344	1	1	1	14	0	39
chr6	98939789	98940994	2	2	1	3	0	45
chr6	98939789	98941535	2	2	1	34	0	45
chr6	98939789	98944618	2	2	0	4	0	45
chr6	98941165	98944618	2	2	0	3	0	36
chr6	98941658	98944618	2	2	1	33	0	36
chr6	125162102	125162211	2	2	1	167	2	35
chr6	128371086	128371967	1	1	1	1911	1	44
chr6	128371086	128372509	1	1	0	1	0	39
chr6	128371086	128372530	1	1	1	7	0	49
chr6	128371086	128372533	1	1	1	111	0	46
chr6	128371086	128372536	1	1	0	1	0	43
chr6	128372013	128372504	1	1	0	8	0	26
chr6	128372013	128372509	1	1	0	1	0	31
chr6	128372013	128372530	1	1	1	260	0	47
chr6	128372013	128372533	1	1	1	1619	1	46
chr6	128372018	128372530	1	1	0	4	0	49
chr6	128372018	128372533	1	1	0	18	0	46
chr7	67240441	67244520	2	2	1	89	0	24
chr7	67240441	67251656	2	2	1	783	1	45
chr7	67244545	67251656	2	2	1	89	0	24
chr7	102001660	102002294	1	1	1	144	0	42
chr7	102001660	102007485	1	1	1	1367	1	45
chr7	102002337	102007485	1	1	1	146	0	42
chr7	112839481	112842039	1	1	1	51	0	41
chr7	112839481	112856797	1	1	1	1	0	41
chr7	112842103	112856052	1	1	1	30	0	12
chr7	112842103	112856797	1	1	1	20	0	37
chr7	112856065	112856797	1	1	1	30	0	12
chr7	127980247	127981190	1	1	1	12	0	45
chr7	127981292	127981410	1	1	1	11	0	18
chr8	25532429	25557730	1	1	1	1	0	44
chr8	25555775	25557730	1	1	1	1	0	38
chr8	91688606	91932332	1	1	0	4	0	13
chr8	95100453	95100646	2	2	1	224	0	31
chr8	95100453	95101408	2	2	0	360	0	46
chr8	95100674	95101408	2	2	1	224	0	42
chr8	123268550	123268744	2	2	1	117	1	46
chr9	43027296	43040539	2	2	1	13	0	38
chr9	43027296	43042590	2	2	1	151	0	45
chr9	43040597	43042590	2	2	1	11	0	45
chr9	80093642	80093859	1	1	0	1	0	30
chr9	80093642	80098885	1	1	1	4353	0	26
chr9	80093642	80098892	1	1	0	85	0	19
chr9	80093642	80103693	1	1	1	341	1	45
chr9	80093890	80098885	1	1	0	1	0	16
chr9	80098907	80103693	1	1	1	4443	0	29
chr9	80098907	80103698	1	1	0	1	0	21
chr9	114597607	114597794	2	2	1	219	0	38
chr9	114597607	114598704	2	2	0	14	0	43
chr9	114597831	114598704	2	2	1	218	0	36
chr11	79458907	79463232	1	1	1	1	0	42
chr11	79458907	79468716	1	1	1	78	0	43
chr11	79463296	79468716	1	1	1	1	0	23
chr11	83497297	83497893	1	1	1	1	0	33
chr11	83497927	83499072	1	1	1	1	0	33
chr11	94112147	94113262	1	1	1	24	0	21
chr11	94112147	94114172	1	1	1	349	1	32
chr11	94113302	94114172	1	1	1	24	0	39
chr11	102310577	102310925	2	2	1	39	0	42
chr11	102310577	102311379	2	2	1	421	0	45
chr11	102311037	102311379	2	2	1	40	0	45
chr12	71952560	71958746	1	1	1	36	0	27
chr12	71952560	71959805	1	1	1	25	0	43
chr12	71958774	71959805	1	1	1	36	0	27
chr12	83811361	83825258	2	2	1	21	0	33
chr12	83811361	83831921	2	2	1	209	0	41
chr12	83825292	83831921	2	2	1	22	0	34
chr12	113133338	113133495	1	1	0	41	9	43
chr12	113133338	113133540	1	1	1	691	20	43
chr12	113133338	113134761	1	1	0	3	0	42
chr12	113133338	113135796	1	1	1	134	0	29
chr12	113133577	113134800	1	1	0	4	0	14
chr12	113133577	113135796	1	1	1	691	28	29
chr12	113134813	113135796	1	1	0	6	0	29
chr13	46778994	46780625	2	2	1	48	0	40
chr13	46778994	46785245	2	2	1	2003	8	50
chr13	46780665	46785245	2	2	1	47	0	39
chr13	56084286	56089757	2	2	1	26	0	40
chr13	56089858	56096123	2	2	1	25	0	41
chr14	57643224	57648418	2	2	1	35	0	40
chr14	120389164	120395711	1	1	1	9	0	38
chr14	120389164	120396450	1	1	1	12	0	48
chr14	120395766	120396450	1	1	1	9	0	48
chr15	77102940	77105576	2	2	1	123	0	40
chr15	77102940	77113604	2	2	1	13	0	48
chr15	77105670	77113604	2	2	1	123	0	48
chr15	103242719	103243624	1	1	1	0	1	33
chr16	57178021	57181491	2	2	1	90	0	43
chr16	57178021	57182850	2	2	1	557	1	44
chr16	57181537	57182850	2	2	1	90	0	35
chr17	12979205	13846588	1	1	0	30	1	12
chr17	13846640	13848354	1	1	1	499	0	22
chr17	13846640	13849107	1	1	1	5022	8	44
chr17	13846640	13849113	1	1	0	34	0	47
chr17	13848376	13849107	1	1	1	493	0	26
chr17	13848376	13849113	1	1	0	4	0	21
chr17	45570567	45570665	2	2	1	361	1	37
chr17	45570800	45571017	2	2	1	373	2	21
chr18	10726534	10740982	1	1	1	1	0	15
chr18	53948155	53948644	1	1	1	7571	10	33
chr18	53948155	53948651	1	1	0	2	0	17
chr18	53948155	53953244	1	1	1	5406	13	45
chr18	53948669	53953244	1	1	1	7567	10	37
chr18	53948673	53953244	1	1	0	2	0	28
chr18	61639769	61645162	1	1	1	1	0	26
chr19	7281256	7281797	2	4	1	130	1	39
chr19	7281256	7282725	2	2	1	331	0	36
chr19	7281960	7282725	2	2	1	140	1	31
