chr1	34295537	34296741	1	1	1	28	0	18
chr1	34295537	34299720	1	1	1	167	1	42
chr1	34296760	34299720	1	1	1	28	0	18
chr1	40010678	40011649	1	1	1	30	0	21
chr1	40010678	40014105	1	1	1	78	1	32
chr1	40011842	40014105	1	1	1	30	0	37
chr1	72626646	72628100	1	1	1	1	0	17
chr1	82735508	82747082	1	1	1	3	0	40
chr1	82735508	82750519	1	1	1	52	0	42
chr1	82747143	82750519	1	1	1	3	0	38
chr2	32292216	32296625	1	1	1	107	0	45
chr2	59926161	59932104	2	2	1	2	0	23
chr2	59932171	59933405	2	2	0	13	0	36
chr2	59932171	59933411	2	2	1	69	0	31
chr2	59932171	59933670	2	2	1	19	0	38
chr2	59933439	59933670	2	2	1	81	0	28
chr2	71849507	71853533	1	1	1	36	0	39
chr2	71849507	71855853	1	1	1	2475	6	43
chr2	71853664	71855853	1	1	1	38	0	41
chr2	75662926	75663570	1	1	1	8	0	39
chr2	91001089	91001461	1	1	1	517	0	34
chr2	91001089	91003299	1	1	0	1	0	24
chr2	91001511	91003210	1	1	1	510	0	23
chr2	91001511	91003299	1	1	0	1	0	46
chr2	91003346	91003810	1	1	1	19	0	36
chr2	91159306	91160316	2	2	1	3	0	47
chr2	91159306	91162027	2	2	1	243	0	47
chr2	91160371	91162027	2	2	1	3	0	38
chr2	91681696	91682025	2	2	1	3	0	50
chr2	91681696	91684668	2	2	1	646	0	50
chr2	91682110	91684668	2	2	0	1	0	38
chr2	91682137	91684668	2	2	1	2	0	38
chr2	118122681	118122873	1	1	1	1	0	42
chr2	119692227	119701117	1	1	1	1	0	28
chr2	153670448	153670848	1	1	1	48	0	42
chr2	153670909	153672215	1	1	1	47	0	50
chr2	168752741	168754433	2	2	1	9465	11	46
chr3	60613521	60614682	1	1	1	74	0	44
chr3	60613521	60615619	1	1	1	11	0	44
chr3	60614737	60615619	1	1	1	73	0	37
chr3	87733505	87735344	1	1	0	171	0	40
chr3	88483947	88484046	2	2	1	222	0	37
chr3	88484155	88484614	2	2	1	218	0	40
chr3	119724187	119724611	2	2	1	1347	0	34
chr3	119724187	119726065	2	2	1	5	0	29
chr3	119724646	119726065	2	2	1	1373	0	38
chr3	129825617	129826823	2	2	1	3	0	36
chr4	31992517	31993403	1	1	0	1	0	21
chr4	31992517	31994873	1	1	1	1459	3	40
chr4	31992517	32002088	1	1	1	968	0	49
chr4	31993425	31994873	1	1	0	1	0	17
chr4	31994955	32002088	1	1	1	1452	3	49
chr4	46468788	46469882	1	1	1	3	0	11
chr4	107009769	107027216	1	1	1	54	1	39
chr4	107009769	107028192	1	1	1	236	0	44
chr4	107027298	107028192	1	1	1	57	1	41
chr4	107031092	107036935	1	1	1	1	0	29
chr5	23565266	23616326	2	2	1	182	0	46
chr5	72958287	72965803	1	1	1	1	0	37
chr5	72958287	72974530	1	1	1	44	0	44
chr5	72965882	72974530	1	1	1	1	0	41
chr5	113882158	113908610	2	2	1	1	0	15
chr5	149184807	149185484	1	1	1	1	0	43
chr5	149184807	149187707	1	1	1	14	1	43
chr5	149184807	149188344	1	1	1	230	0	45
chr5	149187806	149188344	1	1	0	1	0	39
chr5	149187835	149188344	1	1	1	3	0	39
chr5	149187877	149188344	1	1	1	12	1	39
chr6	47577668	47594893	2	2	1	1	0	24
chr6	72634233	72634303	2	2	0	1	0	37
chr6	72634233	72648800	2	2	1	2765	2	42
chr6	72634233	72649119	2	2	1	6736	8	50
chr6	72648843	72649119	2	2	1	2762	2	42
chr6	98939789	98940994	2	2	1	1	0	45
chr6	98939789	98941535	2	2	1	55	0	45
chr6	98939789	98944618	2	2	0	10	0	45
chr6	98941165	98944618	2	2	0	1	0	36
chr6	98941658	98944618	2	2	1	57	0	36
chr6	125162102	125162211	2	2	1	609	14	43
chr6	128371086	128371967	1	1	1	1627	1	43
chr6	128371086	128372504	1	1	0	1	0	39
chr6	128371086	128372530	1	1	1	96	0	49
chr6	128371086	128372533	1	1	1	943	0	46
chr6	128371086	128372536	1	1	0	2	0	43
chr6	128372013	128372504	1	1	0	3	0	26
chr6	128372013	128372530	1	1	1	211	1	47
chr6	128372013	128372533	1	1	1	1395	1	46
chr6	128372013	128372536	1	1	0	1	0	43
chr6	128372018	128372530	1	1	0	4	0	49
chr6	128372018	128372533	1	1	0	16	0	46
chr7	28331530	28338351	2	2	1	1	0	38
chr7	67240441	67244520	2	2	1	12	0	24
chr7	67240441	67251656	2	2	1	460	0	48
chr7	67244545	67251656	2	2	1	12	0	24
chr7	101405603	102001614	1	1	0	5	0	13
chr7	102001660	102002294	1	1	1	270	1	43
chr7	102001660	102007485	1	1	1	3856	3	45
chr7	102002337	102007485	1	1	1	267	1	40
chr7	112839481	112841887	1	1	1	9	1	41
chr7	112839481	112842039	1	1	1	184	1	41
chr7	112839481	112856052	1	1	1	4	0	12
chr7	112839481	112856797	1	1	1	39	0	41
chr7	112841906	112842057	1	1	0	0	1	18
chr7	112841951	112856052	1	1	1	1	0	12
chr7	112841951	112856797	1	1	0	7	0	37
chr7	112842103	112856052	1	1	1	12	0	12
chr7	112842103	112856797	1	1	1	171	1	45
chr7	112856065	112856797	1	1	1	18	0	14
chr7	127980247	127981190	1	1	1	9	0	22
chr7	127981292	127981410	1	1	1	9	0	28
chr7	144861833	144862231	1	1	1	740	1	28
chr7	144862267	144862764	1	1	0	1	0	35
chr7	144862336	144862764	1	1	1	732	1	43
chr8	25555775	25557730	1	1	1	1	0	37
chr8	72219861	72219940	1	1	1	3	0	30
chr8	95100453	95100646	2	2	1	346	0	31
chr8	95100453	95101408	2	2	0	990	0	46
chr8	95100674	95101408	2	2	1	346	0	42
chr8	123268550	123268744	2	2	1	134	0	48
chr8	123518953	123520603	1	1	1	1	0	2
chr9	43027296	43040539	2	2	1	17	0	38
chr9	43027296	43042590	2	2	1	302	0	46
chr9	43040597	43042590	2	2	1	18	0	45
chr9	80093642	80098885	1	1	1	1312	1	30
chr9	80093642	80098892	1	1	0	25	0	19
chr9	80093642	80103693	1	1	1	5734	3	45
chr9	80098907	80103693	1	1	1	1338	1	24
chr9	114597607	114597794	2	2	1	219	1	39
chr9	114597607	114598704	2	2	0	272	0	43
chr9	114597825	114598704	2	2	0	1	0	30
chr9	114597831	114598704	2	2	1	218	1	36
chr9	123011638	123013939	1	1	1	1	0	14
chr9	123014013	123014468	1	1	1	1	0	14
chr9	123014507	123017244	1	1	1	1	0	38
chr11	26778879	26787397	2	2	0	0	1	13
chr11	78233684	78245547	2	2	1	1	0	28
chr11	79458907	79463232	1	1	1	25	0	42
chr11	79458907	79468716	1	1	1	53	0	43
chr11	79463296	79468716	1	1	1	25	0	39
chr11	84994578	85005807	2	2	1	1	0	44
chr11	85005929	85006992	2	2	1	1	0	14
chr11	94112147	94113262	1	1	1	17	0	21
chr11	94112147	94114172	1	1	1	325	0	32
chr11	94113302	94114172	1	1	1	17	0	39
chr11	102310577	102310925	2	2	1	92	0	42
chr11	102310577	102311379	2	2	1	311	1	45
chr11	102311037	102311379	2	2	1	89	0	46
chr12	71952560	71959805	1	1	1	272	0	44
chr12	83811361	83811669	2	2	0	1	0	37
chr12	83811361	83825258	2	2	1	186	1	37
chr12	83811361	83831921	2	2	1	181	0	41
chr12	83825292	83831921	2	2	1	183	1	38
chr12	83825319	83831921	2	2	0	1	0	38
chr12	113133338	113133495	1	1	0	16	0	42
chr12	113133338	113133540	1	1	1	319	0	38
chr12	113133338	113135796	1	1	1	886	0	29
chr12	113133577	113135796	1	1	1	317	0	29
chr13	46778994	46780625	2	2	1	626	1	43
chr13	46778994	46785245	2	2	1	2802	2	48
chr13	46780665	46785245	2	2	1	629	1	40
chr13	56084286	56089757	2	2	1	19	0	40
chr13	56089858	56096123	2	2	1	19	0	38
chr14	57643224	57648418	2	2	1	125	0	41
chr14	120389164	120395711	1	1	1	278	0	38
chr14	120389164	120395717	1	1	0	1	0	38
chr14	120389164	120396450	1	1	1	63	0	48
chr14	120395766	120396450	1	1	1	301	0	48
chr15	77102940	77105576	2	2	1	107	1	41
chr15	77102940	77113604	2	2	1	13	0	44
chr15	77105670	77113604	2	2	1	107	0	48
chr16	57178021	57181491	2	2	1	27	0	43
chr16	57178021	57182850	2	2	1	1727	5	44
chr16	57181537	57182850	2	2	1	27	0	33
chr16	94686604	94691580	1	1	1	3	0	45
chr17	12979205	13846588	1	1	0	34	0	12
chr17	13846640	13847291	1	1	0	1	0	19
chr17	13846640	13848354	1	1	1	482	0	21
chr17	13846640	13849107	1	1	1	11556	13	46
chr17	13846640	13849113	1	1	0	66	0	47
chr17	13847311	13848354	1	1	0	1	0	20
chr17	13848376	13849107	1	1	1	483	1	33
chr17	13848376	13849113	1	1	0	1	0	21
chr17	45570567	45570665	2	2	1	462	2	37
chr17	45570800	45571017	2	2	1	514	1	24
chr18	10726534	10740982	1	1	1	1	0	15
chr18	53948155	53948644	1	1	1	1335	1	28
chr18	53948155	53953244	1	1	1	8428	6	44
chr18	53948666	53953244	1	1	0	3	0	21
chr18	53948669	53949554	1	1	0	1	0	15
chr18	53948669	53953244	1	1	1	1329	1	26
chr18	53949588	53953244	1	1	0	1	0	34
chr19	7281256	7281797	2	4	1	110	1	39
chr19	7281256	7282725	2	2	1	469	0	35
chr19	7281960	7282725	2	2	1	116	1	29
