chr1	34295537	34296741	1	1	1	87	0	18
chr1	34295537	34299720	1	1	1	16	0	39
chr1	34296760	34299720	1	1	1	87	0	19
chr1	40010678	40011649	1	1	1	115	0	21
chr1	40010678	40011787	1	1	0	1	0	21
chr1	40010678	40011811	1	1	0	4	0	21
chr1	40010678	40014105	1	1	1	50	2	32
chr1	40011842	40014105	1	1	1	117	0	38
chr1	82735508	82741817	1	1	1	5	0	40
chr1	82735508	82741934	1	1	0	1	0	40
chr1	82735508	82747082	1	1	1	4	0	40
chr1	82735508	82750519	1	1	1	58	0	40
chr1	82741977	82750519	1	1	1	1	0	38
chr1	82747143	82750519	1	1	1	6	0	38
chr2	32292216	32293314	1	1	1	24	0	43
chr2	32292216	32294941	1	1	0	1	0	44
chr2	32292216	32296625	1	1	1	126	0	43
chr2	32293396	32296625	1	1	1	24	0	39
chr2	32295047	32296625	1	1	0	1	0	38
chr2	59932171	59933405	2	2	0	72	0	37
chr2	59932171	59933411	2	2	1	379	1	31
chr2	59933439	59933670	2	2	1	439	1	33
chr2	71849507	71853533	1	1	1	730	1	40
chr2	71849507	71853890	1	1	0	1	0	39
chr2	71849507	71855853	1	1	1	1814	3	45
chr2	71849507	71855868	1	1	0	2	0	46
chr2	71853664	71855853	1	1	1	766	1	42
chr2	71853948	71855853	1	1	0	1	0	40
chr2	75662926	75663570	1	1	1	5	0	36
chr2	91001089	91001461	1	1	1	682	0	34
chr2	91001511	91003210	1	1	1	662	0	25
chr2	91001511	91003299	1	1	0	1	0	46
chr2	91003238	91003810	1	1	0	6	0	27
chr2	91003346	91003810	1	1	1	24	0	38
chr2	91159306	91160316	2	2	1	246	0	47
chr2	91159306	91162027	2	2	1	530	1	47
chr2	91160371	91162027	2	2	1	248	0	38
chr2	91681696	91684668	2	2	1	228	0	50
chr2	119754674	119755130	2	2	1	1	0	34
chr2	125848285	125849739	2	2	1	1	0	27
chr3	60613521	60614682	1	1	1	858	0	45
chr3	60613521	60614688	1	1	0	1	0	42
chr3	60613521	60615619	1	1	1	924	0	45
chr3	60614737	60615619	1	1	1	858	0	39
chr3	87733505	87734423	1	1	1	12	0	39
chr3	87733505	87735344	1	1	0	8	0	39
chr3	87734553	87735344	1	1	1	12	0	39
chr3	88483947	88484046	2	2	1	600	2	39
chr3	88484077	88484614	2	2	0	1	0	30
chr3	88484155	88484614	2	2	1	592	2	42
chr3	88484666	88537145	2	2	0	0	2	12
chr3	119724187	119724611	2	2	1	4339	3	34
chr3	119724187	119726065	2	2	1	16	0	29
chr3	119724646	119726065	2	2	1	4439	3	38
chr3	119726206	119740314	2	2	1	1	0	40
chr3	129825617	129826823	2	2	1	1	0	11
chr4	31992517	31994873	1	1	1	269	0	41
chr4	31992517	32002088	1	1	1	3765	8	49
chr4	31994955	32002088	1	1	1	273	0	49
chr4	46468788	46469882	1	1	1	1	0	11
chr4	57371190	58265278	1	1	0	0	4	12
chr4	91851905	92635584	1	1	0	0	4	12
chr4	107009769	107027216	1	1	1	9	0	39
chr4	107009769	107028192	1	1	1	95	0	48
chr4	107027298	107028192	1	1	1	11	0	41
chr4	149222365	149223229	2	2	1	1	0	11
chr5	23565266	23616326	2	2	1	633	3	49
chr5	65537547	65565988	1	1	1	1	0	37
chr5	72958287	72965803	1	1	1	2	0	40
chr5	72958287	72974530	1	1	1	89	2	44
chr5	72965882	72974530	1	1	1	2	0	41
chr5	116477146	116482389	2	2	1	1	0	14
chr5	116482537	116591333	2	2	1	810	3	50
chr5	149184807	149185349	1	1	0	1	0	29
chr5	149184807	149187707	1	1	1	19	0	43
chr5	149184807	149188344	1	1	1	501	3	44
chr5	149185405	149188344	1	1	0	1	0	39
chr5	149187877	149188344	1	1	1	19	0	39
chr6	47577668	47594893	2	2	1	3	0	32
chr6	98939789	98941535	2	2	1	135	0	45
chr6	98939789	98944618	2	2	0	9	0	45
chr6	98941658	98944618	2	2	1	134	0	36
chr6	125162102	125162211	2	2	1	516	9	36
chr6	128371086	128371967	1	1	1	2604	3	45
chr6	128371086	128372533	1	1	1	11	0	46
chr6	128372013	128372504	1	1	0	19	0	26
chr6	128372013	128372509	1	1	0	3	0	31
chr6	128372013	128372530	1	1	1	343	1	49
chr6	128372013	128372533	1	1	1	2203	3	46
chr6	128372013	128372536	1	1	0	1	0	17
chr6	128372018	128372530	1	1	0	3	0	49
chr6	128372018	128372533	1	1	0	32	0	46
chr6	128372208	128372533	1	1	0	1	0	46
chr7	67240441	67244520	2	2	1	113	0	24
chr7	67240441	67251656	2	2	1	807	1	45
chr7	67240443	67251659	1	1	0	2	0	41
chr7	67244545	67251656	2	2	1	113	0	24
chr7	101288340	102001612	1	3	0	5	0	12
chr7	102001660	102002294	1	1	1	1379	1	42
chr7	102001660	102007485	1	1	1	485	1	43
chr7	102002337	102007485	1	1	1	1378	1	42
chr7	112839481	112841887	1	1	1	7	0	41
chr7	112839481	112842039	1	1	1	142	0	41
chr7	112839481	112856052	1	1	1	5	0	12
chr7	112839481	112856797	1	1	1	8	0	41
chr7	112841951	112856052	1	1	1	2	0	12
chr7	112842103	112856052	1	1	1	147	0	12
chr7	112842103	112856797	1	1	1	3	0	37
chr7	112856065	112856797	1	1	1	154	0	12
chr7	127975921	127977217	1	1	1	1	0	17
chr7	127980247	127981190	1	1	1	7	0	18
chr7	127981292	127981410	1	1	1	6	0	6
chr8	11423625	11423716	1	1	1	1	0	19
chr8	95100453	95100646	2	2	1	869	1	31
chr8	95100453	95101408	2	2	0	131	0	46
chr8	95100674	95101408	2	2	1	869	1	42
chr8	95101447	95139983	2	2	0	0	1	15
chr8	121628690	121651724	2	2	1	2	0	20
chr8	123268550	123268744	2	2	1	147	0	47
chr9	43027296	43040539	2	2	1	141	0	38
chr9	43027296	43042590	2	2	1	123	2	46
chr9	43040597	43042590	2	2	1	139	0	46
chr9	59436916	59454401	2	2	1	1	0	13
chr9	59454470	59485978	2	2	1	1	0	8
chr9	80093642	80098885	1	1	1	6068	5	30
chr9	80093642	80098892	1	1	0	151	0	19
chr9	80093642	80103693	1	1	1	194	0	45
chr9	80098907	80099016	1	1	0	2	0	21
chr9	80098907	80101831	1	1	0	1	0	21
chr9	80098907	80103693	1	1	1	6225	5	24
chr9	80098907	80103698	1	1	0	3	0	21
chr9	80099049	80103693	1	1	0	2	0	37
chr9	80101891	80103693	1	1	0	1	0	37
chr9	106891199	106891813	2	2	1	1	0	21
chr9	114597607	114597794	2	2	1	480	1	39
chr9	114597607	114598704	2	2	0	29	0	40
chr9	114597825	114598704	2	2	0	9	0	33
chr9	114597831	114598704	2	2	1	469	1	36
chr9	123011638	123013939	1	1	1	1	0	15
chr9	123014013	123014468	1	1	1	1	0	14
chr9	123014507	123017244	1	1	1	1	0	38
chr10	79859272	79859351	1	1	1	1	0	11
chr10	79859713	79859780	1	1	1	1	0	40
chr11	26541984	26787397	2	2	0	0	4	12
chr11	26778879	26787397	2	2	0	0	1	13
chr11	79458907	79463232	1	1	1	11	0	42
chr11	79458907	79468716	1	1	1	219	0	43
chr11	79463296	79468716	1	1	1	11	0	38
chr11	94112147	94113262	1	1	1	97	0	21
chr11	94112147	94114172	1	1	1	263	0	32
chr11	94113302	94114172	1	1	1	103	0	39
chr11	102310574	102311379	2	2	0	1	0	45
chr11	102310577	102310925	2	2	1	60	0	42
chr11	102310577	102311379	2	2	1	846	0	46
chr11	102311037	102311379	2	2	1	60	0	45
chr12	71952560	71958746	1	1	1	83	0	27
chr12	71952560	71959805	1	1	1	77	0	44
chr12	71958774	71959805	1	1	1	83	0	27
chr12	83811361	83825258	2	2	1	66	0	33
chr12	83811361	83831921	2	2	1	477	0	41
chr12	83825292	83831921	2	2	1	66	0	33
chr12	113133338	113133495	1	1	0	89	16	44
chr12	113133338	113133540	1	1	1	1509	34	42
chr12	113133338	113135796	1	1	1	17	0	29
chr12	113133577	113134800	1	1	0	13	0	14
chr12	113133577	113135796	1	1	1	1540	50	29
chr12	113134813	113135796	1	1	0	12	0	12
chr13	46778994	46780625	2	2	1	609	0	43
chr13	46778994	46785245	2	2	1	2000	7	46
chr13	46780665	46785245	2	2	1	604	0	39
chr13	56084286	56089757	2	2	1	46	0	41
chr13	56089858	56096123	2	2	1	47	0	41
chr14	57643224	57643334	2	2	1	2	0	39
chr14	57643224	57648418	2	2	1	143	0	40
chr14	57643490	57648418	2	2	1	2	0	38
chr14	120389164	120394834	1	1	0	1	0	26
chr14	120389164	120395711	1	1	1	222	0	40
chr14	120389164	120395717	1	1	0	2	0	38
chr14	120389164	120396450	1	1	1	610	2	48
chr14	120394861	120396450	1	1	0	1	0	26
chr14	120395766	120396450	1	1	1	227	0	48
chr15	77102940	77105576	2	2	1	299	1	41
chr15	77102940	77113604	2	2	1	11	0	44
chr15	77105670	77113604	2	2	1	297	1	48
chr15	103242719	103243624	1	1	1	0	1	33
chr16	57178021	57181491	2	2	1	398	0	45
chr16	57178021	57182850	2	2	1	129	0	43
chr16	57181507	57182850	2	2	0	2	0	15
chr16	57181537	57182850	2	2	1	395	0	34
chr17	12979205	13846588	1	1	0	27	1	12
chr17	13846640	13848306	1	1	0	1	0	38
chr17	13846640	13848354	1	1	1	3899	5	24
chr17	13846640	13849107	1	1	1	2629	5	44
chr17	13846640	13849113	1	1	0	23	0	47
chr17	13848376	13849107	1	1	1	3891	5	41
chr17	13848376	13849113	1	1	0	10	0	21
chr17	45570567	45570665	2	2	1	428	1	42
chr17	45570800	45571017	2	2	1	497	0	23
chr18	10726534	10740982	1	1	1	4	0	15
chr18	53948155	53948644	1	1	1	10052	8	28
chr18	53948155	53953244	1	1	1	1717	2	45
chr18	53948447	53953244	1	1	0	1	0	37
chr18	53948666	53953244	1	1	0	8	0	21
chr18	53948669	53953244	1	1	1	10035	7	37
chr18	53948669	53953268	1	1	0	1	0	24
chr19	7281256	7281797	2	4	1	149	0	39
chr19	7281256	7282725	2	2	1	1181	1	36
chr19	7281960	7282725	2	2	1	154	0	35
chrX	151001122	151002173	2	2	1	1	0	10
