chr1	34295537	34296741	1	1	1	133	0	18
chr1	34295537	34299720	1	1	1	13	0	38
chr1	34296760	34299720	1	1	1	133	0	19
chr1	37885317	37890159	2	2	1	1	0	37
chr1	40010678	40011649	1	1	1	97	1	32
chr1	40010678	40011787	1	1	0	1	0	21
chr1	40010678	40011811	1	1	0	1	0	21
chr1	40010678	40014105	1	1	1	51	1	32
chr1	40011842	40014105	1	1	1	95	1	40
chr1	58565955	58586211	2	2	1	1	0	49
chr1	82735508	82741817	1	1	1	1	0	20
chr1	82735508	82747082	1	1	1	1	0	40
chr1	82735508	82750519	1	1	1	57	0	41
chr1	82747143	82750519	1	1	1	1	0	38
chr2	32292216	32293314	1	1	1	10	0	43
chr2	32292216	32296625	1	1	1	70	0	43
chr2	32293396	32296625	1	1	1	10	0	38
chr2	59926161	59932104	2	2	1	2	0	20
chr2	59932171	59933405	2	2	0	79	0	33
chr2	59932171	59933411	2	2	1	400	0	32
chr2	59933439	59933670	2	2	1	473	0	30
chr2	71849507	71853533	1	1	1	936	0	40
chr2	71849507	71853890	1	1	0	3	0	39
chr2	71849507	71855853	1	1	1	2468	2	44
chr2	71853664	71855853	1	1	1	960	0	43
chr2	71853891	71855853	1	1	0	1	0	39
chr2	71853948	71855853	1	1	0	2	0	40
chr2	75662926	75663570	1	1	1	8	0	39
chr2	91001089	91001461	1	1	1	646	0	34
chr2	91001089	91003299	1	1	0	4	0	33
chr2	91001511	91003210	1	1	1	641	0	25
chr2	91003238	91003810	1	1	0	6	0	27
chr2	91003346	91003810	1	1	1	14	0	36
chr2	91159306	91160316	2	2	1	219	1	47
chr2	91159306	91162027	2	2	1	460	0	47
chr2	91160371	91162027	2	2	1	220	1	39
chr2	91681696	91682025	2	2	1	1	0	50
chr2	91681696	91684668	2	2	1	212	1	50
chr2	91682110	91684668	2	2	0	1	0	38
chr2	153670448	153672215	1	1	1	3	0	50
chr3	60613521	60614682	1	1	1	1607	1	45
chr3	60613521	60614688	1	1	0	1	0	44
chr3	60613521	60615619	1	1	1	1595	0	45
chr3	60614737	60615619	1	1	1	1608	1	39
chr3	87733505	87734423	1	1	1	3	0	39
chr3	87733505	87735344	1	1	0	17	0	39
chr3	87734553	87735344	1	1	1	3	0	37
chr3	88483947	88484046	2	2	1	257	0	38
chr3	88484155	88484614	2	2	1	259	0	39
chr3	119724187	119724611	2	2	1	5993	4	34
chr3	119724187	119726065	2	2	1	16	0	29
chr3	119724646	119726065	2	2	1	6099	4	38
chr3	129825617	129826823	2	2	1	1	0	34
chr4	31992517	31994873	1	1	1	209	0	39
chr4	31992517	32002088	1	1	1	3465	4	49
chr4	31994955	32002088	1	1	1	206	0	49
chr4	107009769	107027216	1	1	1	13	0	38
chr4	107009769	107028192	1	1	1	159	0	42
chr4	107027298	107028192	1	1	1	16	0	41
chr5	23565266	23616326	2	2	1	824	2	49
chr5	72958287	72965803	1	1	1	3	0	37
chr5	72958287	72974530	1	1	1	64	1	42
chr5	72965882	72974530	1	1	1	3	0	41
chr5	116477146	116482389	2	2	1	1	0	33
chr5	116482537	116591333	2	2	1	1030	2	50
chr5	149184807	149187707	1	1	1	19	0	43
chr5	149184807	149188344	1	1	1	199	1	44
chr5	149187806	149188344	1	1	0	1	0	39
chr5	149187835	149188344	1	1	1	1	0	39
chr5	149187877	149188344	1	1	1	17	0	39
chr6	47577668	47594893	2	2	1	1	0	32
chr6	98939789	98941535	2	2	1	172	0	46
chr6	98939789	98944618	2	2	0	16	0	45
chr6	98941658	98944618	2	2	1	171	0	36
chr6	125162102	125162211	2	2	1	324	8	36
chr6	128371086	128371967	1	1	1	3973	4	44
chr6	128371086	128372530	1	1	1	4	0	49
chr6	128371086	128372533	1	1	1	11	0	46
chr6	128372013	128372504	1	1	0	18	0	26
chr6	128372013	128372509	1	1	0	14	0	31
chr6	128372013	128372530	1	1	1	498	1	49
chr6	128372013	128372533	1	1	1	3418	3	46
chr6	128372013	128372536	1	1	0	1	0	43
chr6	128372013	128372539	1	1	0	1	0	40
chr6	128372018	128372530	1	1	0	2	0	49
chr6	128372018	128372533	1	1	0	34	0	46
chr7	67240441	67244520	2	2	1	228	0	24
chr7	67240441	67251656	2	2	1	1959	1	45
chr7	67244545	67251656	2	2	1	229	0	25
chr7	101956449	102001614	1	1	0	1	0	14
chr7	102001660	102002294	1	1	1	1628	2	44
chr7	102001660	102007485	1	1	1	424	0	43
chr7	102002337	102007485	1	1	1	1622	2	42
chr7	102009211	102009293	1	1	1	1	0	11
chr7	112839481	112841887	1	1	1	7	0	41
chr7	112839481	112842039	1	1	1	77	0	41
chr7	112839481	112856052	1	1	1	3	0	12
chr7	112839481	112856797	1	1	1	5	0	43
chr7	112841951	112856052	1	1	1	3	0	12
chr7	112842103	112856052	1	1	1	78	0	12
chr7	112842103	112856797	1	1	1	1	0	37
chr7	112856065	112856797	1	1	1	83	0	12
chr7	112856065	112856803	1	1	0	2	0	12
chr7	127980247	127981190	1	1	1	16	0	5
chr7	127981292	127981410	1	1	1	18	0	28
chr8	25532429	25555507	1	1	1	1	0	44
chr8	25532429	25557730	1	1	1	2	0	44
chr8	25555775	25557730	1	1	1	2	0	37
chr8	47528031	47529328	2	2	1	1	0	4
chr8	95100453	95100646	2	2	1	714	0	31
chr8	95100453	95101408	2	2	0	154	0	46
chr8	95100674	95101408	2	2	1	715	0	42
chr8	123268550	123268744	2	2	1	137	1	47
chr9	43027296	43040539	2	2	1	114	0	38
chr9	43027296	43042590	2	2	1	120	0	45
chr9	43040593	43042590	2	2	0	1	0	43
chr9	43040597	43042590	2	2	1	113	0	45
chr9	80093642	80098885	1	1	1	8773	3	30
chr9	80093642	80098892	1	1	0	169	0	19
chr9	80093642	80103693	1	1	1	278	0	45
chr9	80098907	80099016	1	1	0	3	0	21
chr9	80098907	80101831	1	1	0	1	0	21
chr9	80098907	80103693	1	1	1	8936	3	24
chr9	80098907	80103698	1	1	0	4	0	21
chr9	80099049	80103693	1	1	0	3	0	37
chr9	80101891	80103693	1	1	0	1	0	37
chr9	114597607	114597794	2	2	1	430	0	38
chr9	114597607	114598704	2	2	0	17	0	42
chr9	114597831	114598704	2	2	1	428	0	38
chr10	79859272	79859351	1	1	1	1	0	11
chr10	79859713	79859780	1	1	1	1	0	30
chr10	82761914	82764003	2	2	1	1	0	21
chr11	78233684	78245547	2	2	1	1	0	13
chr11	79458907	79463232	1	1	1	8	0	42
chr11	79458907	79468716	1	1	1	135	0	43
chr11	79463296	79468716	1	1	1	7	0	38
chr11	94112147	94113262	1	1	1	104	0	21
chr11	94112147	94114172	1	1	1	316	0	32
chr11	94113302	94114172	1	1	1	109	0	39
chr11	102310577	102310925	2	2	1	59	0	43
chr11	102310577	102311379	2	2	1	780	1	47
chr11	102311037	102311379	2	2	1	57	0	45
chr12	71952560	71958746	1	1	1	75	1	27
chr12	71952560	71959805	1	1	1	50	1	44
chr12	71958774	71959805	1	1	1	75	1	27
chr12	83811361	83825258	2	2	1	41	0	33
chr12	83811361	83831921	2	2	1	342	0	41
chr12	83825292	83831921	2	2	1	42	0	33
chr12	113133338	113133495	1	1	0	86	11	43
chr12	113133338	113133540	1	1	1	1523	35	40
chr12	113133338	113135796	1	1	1	14	0	29
chr12	113133577	113134761	1	1	0	1	0	21
chr12	113133577	113134800	1	1	0	8	0	12
chr12	113133577	113135796	1	1	1	1545	46	29
chr12	113134813	113135796	1	1	0	9	0	29
chr13	46778987	46785245	2	2	0	3	0	47
chr13	46778990	46780625	2	2	0	1	0	39
chr13	46778990	46785245	2	2	0	2	0	44
chr13	46778994	46780625	2	2	1	850	3	42
chr13	46778994	46785245	2	2	1	2298	2	48
chr13	46779023	46785245	2	2	0	1	0	39
chr13	46780665	46785245	2	2	1	853	3	39
chr13	56084286	56089757	2	2	1	50	0	43
chr13	56089858	56096123	2	2	1	50	0	41
chr14	57643224	57643334	2	2	1	3	0	39
chr14	57643224	57648418	2	2	1	76	0	47
chr14	57643490	57648418	2	2	1	3	0	38
chr14	120389164	120395711	1	1	1	112	1	39
chr14	120389164	120396450	1	1	1	340	0	48
chr14	120395766	120396450	1	1	1	115	1	48
chr15	77102940	77105576	2	2	1	199	0	43
chr15	77102940	77113604	2	2	1	16	0	48
chr15	77105670	77113604	2	2	1	198	0	48
chr15	103242473	103242643	1	1	1	1	0	30
chr15	103242719	103243624	1	1	1	0	1	33
chr16	57178021	57181491	2	2	1	283	1	45
chr16	57178021	57182850	2	2	1	107	0	43
chr16	57181537	57182850	2	2	1	282	1	44
chr17	12979205	13846588	1	1	0	45	1	12
chr17	13846613	13848354	1	1	0	1	0	21
chr17	13846640	13848354	1	1	1	5159	6	24
chr17	13846640	13849107	1	1	1	4516	7	46
chr17	13846640	13849113	1	1	0	21	0	47
chr17	13848376	13849107	1	1	1	5147	7	29
chr17	13848376	13849113	1	1	0	7	0	21
chr17	45570567	45570665	2	2	1	523	2	44
chr17	45570800	45571017	2	2	1	587	2	24
chr17	56578845	56578920	2	2	1	1	0	31
chr17	56578986	56582983	2	2	1	1	0	42
chr18	53948155	53948644	1	1	1	13953	11	33
chr18	53948155	53948651	1	1	0	1	0	17
chr18	53948155	53953244	1	1	1	2103	1	41
chr18	53948666	53953244	1	1	0	16	0	21
chr18	53948669	53953244	1	1	1	13919	10	37
chr18	53948669	53953268	1	1	0	3	0	24
chr18	53948673	53953244	1	1	0	1	0	28
chr18	53952864	53953244	1	1	0	1	0	37
chr18	64515409	64516415	2	2	1	1	0	39
chr19	7281251	7282725	2	2	0	1	0	34
chr19	7281256	7281797	2	4	1	143	0	39
chr19	7281256	7282725	2	2	1	1603	3	36
chr19	7281960	7282725	2	2	1	150	0	35
chrX	73952667	73952825	2	2	1	2	0	10
