chr1	34295537	34296741	1	1	1	57	0	18
chr1	34295537	34299720	1	1	1	215	1	42
chr1	34296760	34299720	1	1	1	57	0	19
chr1	40010678	40011649	1	1	1	23	0	21
chr1	40010678	40014105	1	1	1	71	1	32
chr1	40011842	40014105	1	1	1	21	0	38
chr1	82735508	82747082	1	1	1	4	0	40
chr1	82735508	82750519	1	1	1	58	0	41
chr1	82747143	82750519	1	1	1	4	0	38
chr2	32292216	32293314	1	1	1	3	0	43
chr2	32292216	32296625	1	1	1	71	0	43
chr2	32293396	32296625	1	1	1	3	0	38
chr2	59926161	59932104	2	2	1	4	0	31
chr2	59932171	59933405	2	2	0	14	0	33
chr2	59932171	59933411	2	2	1	80	0	31
chr2	59932171	59933670	2	2	1	16	0	38
chr2	59933439	59933670	2	2	1	94	0	28
chr2	71849507	71853533	1	1	1	39	0	39
chr2	71849507	71855853	1	1	1	1756	2	43
chr2	71853664	71855853	1	1	1	40	0	40
chr2	75662926	75663570	1	1	1	7	0	35
chr2	91001089	91001461	1	1	1	530	0	24
chr2	91001089	91003299	1	1	0	7	1	33
chr2	91001511	91003210	1	1	1	518	0	21
chr2	91003346	91003810	1	1	1	13	0	36
chr2	91159306	91160316	2	2	1	3	0	47
chr2	91159306	91162027	2	2	1	213	0	47
chr2	91160371	91162027	2	2	1	3	0	38
chr2	91681696	91684668	2	2	1	742	0	50
chr2	153670448	153670848	1	1	1	78	0	43
chr2	153670909	153672215	1	1	1	76	0	50
chr2	168752741	168754433	2	2	1	13480	18	46
chr2	168754465	168783260	2	2	0	0	1	23
chr3	60613521	60614682	1	1	1	132	1	45
chr3	60613521	60615619	1	1	1	36	0	44
chr3	60614737	60615619	1	1	1	133	1	39
chr3	87733505	87735344	1	1	0	196	0	44
chr3	88483947	88484046	2	2	1	102	0	37
chr3	88483947	88484614	2	2	0	2	0	38
chr3	88484155	88484614	2	2	1	102	0	39
chr3	119724187	119724611	2	2	1	1547	2	34
chr3	119724187	119726065	2	2	1	11	0	29
chr3	119724646	119726065	2	2	1	1574	2	38
chr3	119726116	120643502	2	2	0	4	0	13
chr3	129825617	129826823	2	2	1	1	0	36
chr4	31992517	31993403	1	1	0	1	0	21
chr4	31992517	31994873	1	1	1	1626	1	42
chr4	31992517	32002088	1	1	1	882	1	49
chr4	31993425	31994873	1	1	0	1	0	17
chr4	31994955	32002088	1	1	1	1626	1	49
chr4	107009769	107027216	1	1	1	51	0	39
chr4	107009769	107028192	1	1	1	239	0	42
chr4	107027298	107028192	1	1	1	56	0	46
chr5	23565266	23616326	2	2	1	199	0	46
chr5	72958287	72965803	1	1	1	1	0	40
chr5	72958287	72974530	1	1	1	40	0	41
chr5	72965882	72974530	1	1	1	1	0	41
chr5	86804592	86815628	1	1	1	1	0	30
chr5	105862938	105949991	1	1	0	4	0	13
chr5	116482537	116591333	2	2	1	4	0	50
chr5	149184807	149187707	1	1	1	38	0	43
chr5	149184807	149188344	1	1	1	251	1	43
chr5	149187806	149188344	1	1	0	1	0	39
chr5	149187835	149188344	1	1	1	6	0	39
chr5	149187877	149188344	1	1	1	30	0	40
chr5	149188474	149193839	1	1	1	2	0	25
chr6	47577668	47594893	2	2	1	1	0	34
chr6	72633011	72633215	2	2	1	1	0	6
chr6	72634233	72648800	2	2	1	3727	4	42
chr6	72634233	72649119	2	2	1	7871	6	50
chr6	72648843	72649119	2	2	1	3698	4	42
chr6	98939789	98940994	2	2	1	9	0	45
chr6	98939789	98941535	2	2	1	91	0	46
chr6	98939789	98944618	2	2	0	6	0	45
chr6	98941165	98944618	2	2	0	9	0	36
chr6	98941658	98944618	2	2	1	89	0	37
chr6	125162102	125162211	2	2	1	605	16	40
chr6	128371086	128371967	1	1	1	1794	1	45
chr6	128371086	128372530	1	1	1	86	0	49
chr6	128371086	128372533	1	1	1	717	0	47
chr6	128371086	128372536	1	1	0	2	0	43
chr6	128371086	128372539	1	1	0	3	0	40
chr6	128372013	128372504	1	1	0	3	0	26
chr6	128372013	128372509	1	1	0	1	0	31
chr6	128372013	128372530	1	1	1	224	0	47
chr6	128372013	128372533	1	1	1	1537	1	46
chr6	128372018	128372530	1	1	0	3	0	49
chr6	128372018	128372533	1	1	0	24	0	46
chr7	67240441	67244520	2	2	1	14	0	24
chr7	67240441	67251656	2	2	1	518	0	45
chr7	67244545	67251656	2	2	1	14	0	24
chr7	101448787	102001614	1	1	0	3	1	14
chr7	102001660	102002294	1	1	1	318	0	43
chr7	102001660	102007485	1	1	1	3455	2	46
chr7	102001665	102002300	1	1	0	1	0	36
chr7	102002337	102007485	1	1	1	316	0	42
chr7	112839481	112841887	1	1	1	4	1	41
chr7	112839481	112842039	1	1	1	149	0	41
chr7	112839481	112856797	1	1	1	18	0	41
chr7	112841951	112856797	1	1	0	2	0	38
chr7	112841969	112856803	1	1	0	0	1	43
chr7	112842103	112856052	1	1	1	10	0	12
chr7	112842103	112856797	1	1	1	143	0	45
chr7	112856065	112856797	1	1	1	10	0	12
chr7	127980247	127981190	1	1	1	11	0	30
chr7	127981292	127981410	1	1	1	10	0	6
chr7	144861833	144862231	1	1	1	1380	1	39
chr7	144862267	144862764	1	1	0	3	0	35
chr7	144862336	144862764	1	1	1	1370	1	43
chr8	11423625	11423716	1	1	1	1	0	38
chr8	25555775	25557730	1	1	1	1	0	38
chr8	95100453	95100646	2	2	1	301	0	31
chr8	95100453	95101408	2	2	0	649	0	46
chr8	95100674	95101408	2	2	1	301	0	42
chr8	123268550	123268744	2	2	1	80	0	46
chr9	43027296	43040539	2	2	1	20	0	39
chr9	43027296	43042590	2	2	1	281	0	46
chr9	43040593	43042590	2	2	0	1	0	43
chr9	43040597	43042590	2	2	1	18	0	45
chr9	80093642	80098885	1	1	1	1422	1	26
chr9	80093642	80098892	1	1	0	14	0	14
chr9	80093642	80103693	1	1	1	7281	4	46
chr9	80093642	80103698	1	1	0	4	0	44
chr9	80098907	80103693	1	1	1	1438	1	24
chr9	114597607	114597794	2	2	1	346	0	38
chr9	114597607	114598704	2	2	0	279	0	42
chr9	114597831	114598704	2	2	1	345	0	36
chr11	20335249	20831974	1	1	0	0	4	13
chr11	60804409	60806945	2	2	1	1	0	21
chr11	60807043	60810903	2	2	1	1	0	35
chr11	69651073	69651238	1	1	1	1	0	41
chr11	79458907	79463232	1	1	1	35	0	43
chr11	79458907	79468716	1	1	1	44	0	42
chr11	79463296	79468716	1	1	1	34	0	39
chr11	94112147	94113262	1	1	1	19	0	21
chr11	94112147	94114172	1	1	1	238	0	32
chr11	94113302	94114172	1	1	1	20	0	39
chr11	100481848	100482144	2	2	1	1	0	36
chr11	102310577	102310925	2	2	1	98	0	43
chr11	102310577	102311379	2	2	1	253	0	46
chr11	102311037	102311379	2	2	1	94	0	46
chr11	116268388	116271912	2	2	1	2	0	32
chr12	71952560	71959805	1	1	1	214	0	45
chr12	83811361	83825258	2	2	1	179	0	33
chr12	83811361	83831921	2	2	1	171	0	41
chr12	83825292	83831921	2	2	1	178	0	34
chr12	113133338	113133495	1	1	0	12	1	42
chr12	113133338	113133540	1	1	1	351	1	39
chr12	113133338	113135796	1	1	1	883	0	29
chr12	113133577	113135796	1	1	1	345	2	29
chr13	46778994	46780625	2	2	1	696	0	41
chr13	46778994	46785245	2	2	1	2855	7	47
chr13	46780665	46785245	2	2	1	697	0	40
chr13	56084286	56088251	2	2	1	1	0	40
chr13	56084286	56089757	2	2	1	25	0	40
chr13	56084286	56096123	2	2	0	3	0	40
chr13	56088343	56096123	2	2	1	1	0	38
chr13	56089858	56096123	2	2	1	24	0	38
chr14	57643224	57648418	2	2	1	183	0	47
chr14	120389164	120395711	1	1	1	352	0	39
chr14	120389164	120395717	1	1	0	4	0	38
chr14	120389164	120396450	1	1	1	97	0	48
chr14	120395766	120396450	1	1	1	369	0	48
chr15	77102940	77105576	2	2	1	131	0	40
chr15	77102940	77113604	2	2	1	17	0	44
chr15	77105670	77113604	2	2	1	131	0	48
chr16	57178021	57181491	2	2	1	34	0	43
chr16	57178021	57182850	2	2	1	1337	0	44
chr16	57181537	57182850	2	2	1	33	0	33
chr16	94686604	94691580	1	1	1	2	0	45
chr17	12979205	13846588	1	1	0	32	2	12
chr17	13846640	13848354	1	1	1	605	0	22
chr17	13846640	13849107	1	1	1	10955	11	46
chr17	13846640	13849113	1	1	0	50	0	47
chr17	13848376	13849107	1	1	1	606	0	26
chr17	45570567	45570665	2	2	1	547	1	42
chr17	45570800	45571017	2	2	1	577	2	21
chr17	80053642	80061656	2	2	1	1	0	42
chr18	53948155	53948644	1	1	1	1837	1	28
chr18	53948155	53953244	1	1	1	10856	13	46
chr18	53948155	53953268	1	1	0	2	0	40
chr18	53948669	53953244	1	1	1	1834	1	26
chr19	7281256	7281797	2	4	1	132	1	39
chr19	7281256	7282725	2	2	1	415	0	36
chr19	7281960	7282725	2	2	1	137	1	35
KV575235.1	147143	149353	1	1	0	0	1	33
