chr1	34295537	34296741	1	1	1	204	0	18
chr1	34295537	34299720	1	1	1	30	0	38
chr1	34296760	34299720	1	1	1	204	0	19
chr1	40010678	40011649	1	1	1	182	0	24
chr1	40010678	40011811	1	1	0	4	0	21
chr1	40010678	40014105	1	1	1	69	1	32
chr1	40011842	40014105	1	1	1	185	0	38
chr1	82735508	82741817	1	1	1	3	0	40
chr1	82735508	82747082	1	1	1	6	0	40
chr1	82735508	82750519	1	1	1	128	0	41
chr1	82741977	82750519	1	1	1	1	0	38
chr1	82747143	82750519	1	1	1	7	0	38
chr1	125403567	125405844	2	2	1	1	0	26
chr1	182446737	182448400	1	1	1	1	0	42
chr2	32292216	32293314	1	1	1	43	0	43
chr2	32292216	32296625	1	1	1	185	0	43
chr2	32293396	32296625	1	1	1	42	0	38
chr2	59932171	59933405	2	2	0	141	0	38
chr2	59932171	59933411	2	2	1	830	1	32
chr2	59932171	59933670	2	2	1	2	0	39
chr2	59932189	59933420	1	1	0	0	1	22
chr2	59933439	59933670	2	2	1	963	1	30
chr2	71849507	71853533	1	1	1	1207	0	41
chr2	71849507	71855853	1	1	1	2894	7	46
chr2	71853664	71855853	1	1	1	1302	0	43
chr2	75662926	75663570	1	1	1	13	4	40
chr2	91001089	91001461	1	1	1	1328	1	34
chr2	91001089	91003299	1	1	0	5	0	33
chr2	91001511	91003210	1	1	1	1309	1	40
chr2	91003238	91003810	1	1	0	4	0	27
chr2	91003346	91003810	1	1	1	29	0	36
chr2	91159300	91162027	2	2	0	5	0	41
chr2	91159306	91160316	2	2	1	396	0	47
chr2	91159306	91162027	2	2	1	808	0	47
chr2	91159320	91162027	2	2	0	1	0	40
chr2	91160371	91162027	2	2	1	389	0	40
chr2	91681696	91684668	2	2	1	287	0	50
chr2	153670448	153672215	1	1	1	4	0	50
chr3	60613521	60614682	1	1	1	1677	3	45
chr3	60613521	60614688	1	1	0	2	0	38
chr3	60613521	60615619	1	1	1	1666	3	45
chr3	60614737	60615619	1	1	1	1681	3	39
chr3	87733505	87734423	1	1	1	17	0	40
chr3	87733505	87735344	1	1	0	21	0	40
chr3	87734553	87735344	1	1	1	18	0	37
chr3	88483947	88484046	2	2	1	633	0	38
chr3	88484077	88484614	2	2	0	1	0	30
chr3	88484155	88484614	2	2	1	619	0	40
chr3	119724187	119724611	2	2	1	8847	8	34
chr3	119724187	119726065	2	2	1	24	0	29
chr3	119724646	119726065	2	2	1	9083	8	38
chr3	119726116	120643502	2	2	0	6	0	13
chr3	119726206	119740314	2	2	1	2	0	40
chr4	31992517	31994873	1	1	1	457	0	39
chr4	31992517	32002088	1	1	1	5447	8	49
chr4	31994955	32002088	1	1	1	460	0	49
chr4	107009769	107027216	1	1	1	18	0	38
chr4	107009769	107028192	1	1	1	130	0	41
chr4	107027298	107028192	1	1	1	25	0	41
chr4	139473637	139476130	1	1	1	2	0	8
chr5	23565266	23616326	2	2	1	1101	2	49
chr5	72958287	72965803	1	1	1	5	0	40
chr5	72958287	72974530	1	1	1	132	0	46
chr5	72965882	72974530	1	1	1	5	0	41
chr5	116482532	116591333	2	2	0	4	0	45
chr5	116482537	116591333	2	2	1	1532	12	50
chr5	122284910	122308130	1	1	1	1	0	37
chr5	149184807	149185484	1	1	1	1	0	43
chr5	149184807	149187707	1	1	1	27	0	43
chr5	149184807	149188344	1	1	1	1187	3	45
chr5	149185662	149188344	1	1	0	1	0	39
chr5	149187877	149188344	1	1	1	27	0	39
chr6	47577668	47594893	2	2	1	3	0	34
chr6	98939789	98941535	2	2	1	248	1	46
chr6	98939789	98944618	2	2	0	26	0	45
chr6	98941658	98944618	2	2	1	247	1	36
chr6	125162102	125162211	2	2	1	850	23	37
chr6	125162102	125162309	2	2	0	1	0	35
chr6	128371086	128371967	1	1	1	4564	2	45
chr6	128371086	128371980	1	1	0	1	0	32
chr6	128371086	128372530	1	1	1	3	0	49
chr6	128371086	128372533	1	1	1	23	0	46
chr6	128372013	128372278	1	1	0	1	0	27
chr6	128372013	128372504	1	1	0	25	0	27
chr6	128372013	128372509	1	1	0	8	0	31
chr6	128372013	128372530	1	1	1	547	1	49
chr6	128372013	128372533	1	1	1	3918	1	46
chr6	128372018	128372530	1	1	0	10	0	49
chr6	128372018	128372533	1	1	0	59	0	46
chr6	128372306	128372533	1	1	0	1	0	27
chr7	25724845	25725923	2	2	1	3	0	41
chr7	67240441	67244520	2	2	1	214	0	24
chr7	67240441	67251656	2	2	1	1813	4	48
chr7	67240443	67251659	1	1	0	1	0	41
chr7	67244545	67251656	2	2	1	215	0	24
chr7	101288340	102001612	1	3	0	7	0	12
chr7	102001660	102002294	1	1	1	2910	3	44
chr7	102001660	102007485	1	1	1	933	0	43
chr7	102001665	102002300	1	1	0	2	1	36
chr7	102002310	102007485	1	1	0	2	0	15
chr7	102002337	102007485	1	1	1	2941	3	42
chr7	102003812	102007485	1	1	0	1	0	38
chr7	112839481	112841887	1	1	1	9	1	41
chr7	112839481	112842039	1	1	1	275	1	41
chr7	112839481	112856052	1	1	1	14	0	12
chr7	112839481	112856797	1	1	1	22	0	41
chr7	112841906	112842057	1	1	0	1	1	18
chr7	112841951	112856052	1	1	1	1	0	12
chr7	112842103	112856052	1	1	1	267	1	12
chr7	112842103	112856797	1	1	1	14	0	45
chr7	112856065	112856797	1	1	1	283	1	14
chr7	112856065	112856803	1	1	0	1	0	12
chr7	127980247	127981190	1	1	1	9	0	23
chr7	127981292	127981410	1	1	1	10	0	6
chr8	25532429	25555507	1	1	1	5	0	44
chr8	25532429	25557730	1	1	1	3	0	44
chr8	25555775	25557730	1	1	1	6	0	38
chr8	91688606	91932332	1	1	0	9	0	13
chr8	95100453	95100646	2	2	1	1735	2	31
chr8	95100453	95101408	2	2	0	200	0	46
chr8	95100674	95101408	2	2	1	1736	2	44
chr8	95101447	95139983	2	2	0	1	1	15
chr8	123268550	123268744	2	2	1	506	0	47
chr9	43027296	43040539	2	2	1	254	0	39
chr9	43027296	43042590	2	2	1	270	2	46
chr9	43040593	43042590	2	2	0	2	0	43
chr9	43040597	43042590	2	2	1	247	0	46
chr9	55500165	55512030	2	2	1	1	0	31
chr9	80093642	80093859	1	1	0	2	0	30
chr9	80093642	80098885	1	1	1	10102	12	26
chr9	80093642	80098892	1	1	0	238	0	19
chr9	80093642	80103693	1	1	1	318	0	45
chr9	80093890	80098885	1	1	0	2	0	16
chr9	80098907	80099016	1	1	0	2	0	21
chr9	80098907	80101831	1	1	0	1	0	21
chr9	80098907	80103693	1	1	1	10348	12	25
chr9	80098907	80103698	1	1	0	2	0	21
chr9	80099049	80103693	1	1	0	2	0	37
chr9	80101891	80103693	1	1	0	1	0	37
chr9	114597607	114597794	2	2	1	663	4	39
chr9	114597607	114598704	2	2	0	16	0	43
chr9	114597825	114598704	2	2	0	7	0	30
chr9	114597831	114598704	2	2	1	653	4	38
chr11	26725015	26787397	2	2	0	3	0	13
chr11	26778879	26787397	2	2	0	0	1	13
chr11	79458907	79463232	1	1	1	23	0	42
chr11	79458907	79468716	1	1	1	362	0	44
chr11	79463296	79468716	1	1	1	23	0	38
chr11	94112147	94113262	1	1	1	182	0	21
chr11	94112147	94114172	1	1	1	539	0	32
chr11	94113302	94114172	1	1	1	186	0	39
chr11	102310577	102310925	2	2	1	123	0	43
chr11	102310577	102311360	2	2	0	2	0	42
chr11	102310577	102311379	2	2	1	1620	0	46
chr11	102311037	102311379	2	2	1	125	0	45
chr11	115853148	115853267	1	1	1	2	0	16
chr12	71952560	71958746	1	1	1	109	0	27
chr12	71952560	71959805	1	1	1	112	0	43
chr12	71958774	71959805	1	1	1	109	0	29
chr12	83811361	83811669	2	2	0	1	0	37
chr12	83811361	83825258	2	2	1	64	0	37
chr12	83811361	83831921	2	2	1	682	1	41
chr12	83811744	83831921	2	2	0	1	0	38
chr12	83825292	83831921	2	2	1	63	0	33
chr12	83825319	83831921	2	2	0	1	0	38
chr12	113133338	113133495	1	1	0	194	24	43
chr12	113133338	113133540	1	1	1	2786	89	43
chr12	113133338	113135796	1	1	1	12	0	29
chr12	113133577	113134761	1	1	0	5	0	21
chr12	113133577	113134800	1	1	0	9	0	12
chr12	113133577	113135796	1	1	1	2884	113	29
chr12	113134813	113135796	1	1	0	14	0	29
chr12	113135829	113136280	1	1	1	2	0	29
chr13	46778990	46785245	2	2	0	2	0	44
chr13	46778994	46780545	2	2	0	4	0	40
chr13	46778994	46780625	2	2	1	1081	3	43
chr13	46778994	46785245	2	2	1	4151	11	46
chr13	46780665	46785245	2	2	1	1090	2	40
chr13	56084286	56089757	2	2	1	87	0	41
chr13	56084286	56096123	2	2	0	3	0	40
chr13	56089858	56096123	2	2	1	92	0	41
chr14	57643224	57643334	2	2	1	3	0	40
chr14	57643224	57648418	2	2	1	275	0	47
chr14	57643490	57648418	2	2	1	3	0	40
chr14	120389164	120395711	1	1	1	382	3	39
chr14	120389164	120395717	1	1	0	2	0	38
chr14	120389164	120396450	1	1	1	920	2	48
chr14	120395766	120396450	1	1	1	397	2	48
chr15	34442781	34443024	2	2	1	0	1	31
chr15	77102940	77105576	2	2	1	443	0	40
chr15	77102940	77113604	2	2	1	31	0	48
chr15	77105670	77113604	2	2	1	439	0	48
chr15	103242719	103243624	1	1	1	1	0	43
chr16	13256555	13265078	1	1	1	2	0	31
chr16	13265140	13326381	1	1	1	2	0	35
chr16	57178021	57181491	2	2	1	703	2	44
chr16	57178021	57182850	2	2	1	221	0	44
chr16	57181537	57182850	2	2	1	699	2	44
chr16	77076522	77077003	1	1	1	1	0	29
chr16	84831508	84834808	2	2	1	1	0	44
chr17	12979205	13846588	1	1	0	45	1	12
chr17	13846613	13848354	1	1	0	4	0	21
chr17	13846640	13848354	1	1	1	6599	5	25
chr17	13846640	13849107	1	1	1	6021	8	46
chr17	13846640	13849113	1	1	0	27	0	47
chr17	13848376	13849107	1	1	1	6578	5	29
chr17	13848376	13849113	1	1	0	13	0	21
chr17	45570567	45570665	2	2	1	843	2	39
chr17	45570800	45571017	2	2	1	979	2	23
chr17	56578845	56578920	2	2	1	1	0	18
chr17	56578986	56582983	2	2	1	1	0	42
chr18	10726534	10740982	1	1	1	6	0	15
chr18	53948155	53948644	1	1	1	13719	17	28
chr18	53948155	53948651	1	1	0	1	0	17
chr18	53948155	53953244	1	1	1	2033	2	42
chr18	53948155	53953268	1	1	0	1	0	40
chr18	53948666	53953244	1	1	0	5	0	21
chr18	53948669	53949681	1	1	0	1	0	15
chr18	53948669	53953244	1	1	1	13713	17	38
chr18	53948669	53953268	1	1	0	2	0	24
chr18	53949705	53953244	1	1	0	1	0	23
chr19	7281256	7281783	2	2	0	1	0	38
chr19	7281256	7281797	2	4	1	244	0	39
chr19	7281256	7282725	2	2	1	1632	2	36
chr19	7281960	7282725	2	2	1	259	0	33
