chr1	34295537	34296741	1	1	1	53	0	18
chr1	34295537	34299720	1	1	1	237	0	43
chr1	34296760	34299720	1	1	1	53	0	19
chr1	40010678	40011649	1	1	1	10	0	21
chr1	40010678	40014105	1	1	1	63	1	32
chr1	40011842	40014105	1	1	1	10	0	37
chr1	82735508	82747082	1	1	1	3	0	40
chr1	82735508	82750519	1	1	1	76	0	40
chr1	82747143	82750519	1	1	1	3	0	38
chr2	25272678	25272914	1	1	1	1	0	27
chr2	32292216	32293314	1	1	1	1	0	43
chr2	32292216	32296625	1	1	1	79	0	44
chr2	32293396	32296625	1	1	1	1	0	38
chr2	59926161	59932104	2	2	1	2	0	23
chr2	59932171	59933405	2	2	0	4	0	33
chr2	59932171	59933411	2	2	1	78	0	31
chr2	59932171	59933670	2	2	1	10	0	39
chr2	59933439	59933670	2	2	1	80	0	28
chr2	71849507	71853533	1	1	1	36	0	39
chr2	71849507	71855853	1	1	1	2252	2	43
chr2	71853664	71855853	1	1	1	36	0	41
chr2	75662926	75663570	1	1	1	2	0	39
chr2	91001089	91001461	1	1	1	501	1	25
chr2	91001089	91003299	1	1	0	3	0	33
chr2	91001511	91003210	1	1	1	489	1	21
chr2	91003346	91003810	1	1	1	9	0	36
chr2	91159306	91160316	2	2	1	1	0	47
chr2	91159306	91162027	2	2	1	134	0	47
chr2	91160371	91162027	2	2	1	1	0	38
chr2	91681696	91684668	2	2	1	460	1	50
chr2	153670448	153670848	1	1	1	48	0	44
chr2	153670448	153672215	1	1	1	1	0	50
chr2	153670909	153672215	1	1	1	49	0	50
chr2	168752741	168754433	2	2	1	10437	13	46
chr3	60613521	60614682	1	1	1	59	0	45
chr3	60613521	60615619	1	1	1	13	0	44
chr3	60614737	60615619	1	1	1	59	0	37
chr3	78904652	78918022	2	2	0	1	0	12
chr3	87733505	87734423	1	1	1	1	0	39
chr3	87733505	87735344	1	1	0	118	0	40
chr3	87733662	87735344	1	1	0	1	0	37
chr3	87734553	87735344	1	1	1	1	0	37
chr3	88483947	88484046	2	2	1	70	0	38
chr3	88484155	88484614	2	2	1	69	0	39
chr3	119724187	119724611	2	2	1	1641	1	34
chr3	119724187	119726065	2	2	1	2	0	29
chr3	119724646	119726065	2	2	1	1692	1	38
chr3	139632407	139650143	2	2	0	0	1	13
chr4	31992517	31994873	1	1	1	1350	1	41
chr4	31992517	32002088	1	1	1	537	2	50
chr4	31994955	32002088	1	1	1	1349	1	49
chr4	107009769	107027216	1	1	1	19	0	39
chr4	107009769	107028192	1	1	1	108	0	42
chr4	107027298	107028192	1	1	1	22	0	41
chr5	23565266	23616326	2	2	1	135	0	45
chr5	72958287	72974530	1	1	1	12	0	41
chr5	149184807	149185484	1	1	1	1	0	37
chr5	149184807	149187707	1	1	1	20	0	44
chr5	149184807	149188344	1	1	1	224	0	45
chr5	149185662	149188344	1	1	0	1	0	39
chr5	149187877	149188344	1	1	1	20	0	39
chr6	72634233	72648800	2	2	1	2272	2	42
chr6	72634233	72649119	2	2	1	5055	3	50
chr6	72648843	72649119	2	2	1	2259	2	41
chr6	98939789	98940994	2	2	1	3	0	45
chr6	98939789	98941535	2	2	1	51	0	48
chr6	98939789	98944618	2	2	0	3	0	45
chr6	98941165	98944618	2	2	0	3	0	36
chr6	98941658	98944618	2	2	1	52	0	37
chr6	125162102	125162211	2	2	1	241	13	37
chr6	128371086	128371967	1	1	1	1257	0	42
chr6	128371086	128372530	1	1	1	92	0	49
chr6	128371086	128372533	1	1	1	703	0	46
chr6	128371086	128372536	1	1	0	1	0	43
chr6	128372013	128372504	1	1	0	1	0	24
chr6	128372013	128372530	1	1	1	155	0	49
chr6	128372013	128372533	1	1	1	1082	0	46
chr6	128372018	128372530	1	1	0	2	0	49
chr6	128372018	128372533	1	1	0	24	0	46
chr7	30192593	30192866	2	2	1	1	0	31
chr7	30192901	30193877	2	2	1	1	0	4
chr7	67240441	67244520	2	2	1	7	0	24
chr7	67240441	67251656	2	2	1	516	2	44
chr7	67244545	67251656	2	2	1	7	0	24
chr7	101288340	102001612	1	3	0	8	0	12
chr7	102001660	102002294	1	1	1	212	0	42
chr7	102001660	102007485	1	1	1	3963	0	45
chr7	102002337	102007485	1	1	1	215	0	39
chr7	112839481	112841887	1	1	1	8	1	41
chr7	112839481	112842039	1	1	1	216	1	41
chr7	112839481	112856052	1	1	1	4	0	12
chr7	112839481	112856797	1	1	1	24	0	41
chr7	112841906	112842057	1	1	0	0	1	18
chr7	112841951	112856052	1	1	1	2	0	12
chr7	112841951	112856797	1	1	0	2	0	37
chr7	112842103	112856052	1	1	1	15	0	12
chr7	112842103	112856797	1	1	1	207	1	45
chr7	112856065	112856797	1	1	1	21	0	12
chr7	127980247	127981190	1	1	1	5	0	8
chr7	127981292	127981410	1	1	1	4	0	6
chr7	143534418	143535650	2	2	1	1	0	34
chr7	144861833	144862231	1	1	1	803	2	29
chr7	144861837	144862231	1	1	0	1	0	32
chr7	144862267	144862764	1	1	0	3	0	35
chr7	144862336	144862764	1	1	1	786	2	43
chr8	25532429	25555507	1	1	1	1	0	44
chr8	25532429	25557730	1	1	1	3	0	44
chr8	25555775	25557730	1	1	1	1	0	38
chr8	72219861	72219940	1	1	1	1	0	30
chr8	95100453	95100646	2	2	1	171	0	31
chr8	95100453	95101408	2	2	0	393	0	46
chr8	95100674	95101408	2	2	1	171	0	44
chr8	123268550	123268744	2	2	1	76	0	46
chr9	43027296	43029555	2	2	0	1	0	38
chr9	43027296	43040539	2	2	1	14	1	38
chr9	43027296	43042590	2	2	1	194	0	45
chr9	43029615	43042590	2	2	0	1	0	43
chr9	43040597	43042590	2	2	1	13	1	45
chr9	80093642	80098885	1	1	1	1662	0	44
chr9	80093642	80098892	1	1	0	23	0	14
chr9	80093642	80103693	1	1	1	6415	3	45
chr9	80093642	80103698	1	1	0	1	0	44
chr9	80098907	80099016	1	1	0	1	0	21
chr9	80098907	80103693	1	1	1	1684	0	24
chr9	80099049	80103693	1	1	0	2	0	37
chr9	114597607	114597790	2	2	0	1	0	40
chr9	114597607	114597794	2	2	1	257	0	39
chr9	114597607	114598704	2	2	0	301	1	43
chr9	114597825	114598704	2	2	0	3	0	30
chr9	114597831	114598704	2	2	1	255	0	38
chr11	78233684	78245547	2	2	1	1	0	41
chr11	79458907	79463232	1	1	1	29	0	42
chr11	79458907	79468113	1	1	1	1	0	40
chr11	79458907	79468716	1	1	1	38	0	43
chr11	79463296	79468716	1	1	1	29	0	39
chr11	79468155	79468716	1	1	1	1	0	39
chr11	94112147	94113262	1	1	1	12	0	21
chr11	94112147	94114172	1	1	1	252	0	32
chr11	94113302	94114172	1	1	1	12	0	39
chr11	102310577	102310925	2	2	1	92	0	43
chr11	102310577	102311379	2	2	1	295	0	45
chr11	102310577	102311403	2	2	0	1	0	21
chr11	102311037	102311379	2	2	1	92	0	45
chr12	71952560	71959805	1	1	1	219	0	43
chr12	83811361	83825258	2	2	1	162	0	33
chr12	83811361	83831921	2	2	1	171	0	41
chr12	83825292	83831921	2	2	1	161	0	33
chr12	113133338	113133495	1	1	0	8	0	42
chr12	113133338	113133540	1	1	1	331	0	43
chr12	113133338	113135796	1	1	1	975	1	29
chr12	113133577	113135796	1	1	1	312	0	29
chr13	46778994	46780625	2	2	1	600	1	43
chr13	46778994	46785245	2	2	1	2754	7	46
chr13	46780665	46785245	2	2	1	603	1	40
chr13	56084286	56089757	2	2	1	12	0	40
chr13	56089858	56096123	2	2	1	11	0	38
chr14	57643224	57643334	2	2	1	2	0	39
chr14	57643224	57648418	2	2	1	138	0	42
chr14	57643490	57648418	2	2	1	2	0	38
chr14	120389164	120395711	1	1	1	263	0	38
chr14	120389164	120395717	1	1	0	2	0	38
chr14	120389164	120396450	1	1	1	70	0	48
chr14	120395766	120396450	1	1	1	282	0	48
chr15	51967937	51968350	2	2	1	1	0	38
chr15	77102940	77105576	2	2	1	114	1	41
chr15	77102940	77113604	2	2	1	11	0	44
chr15	77105670	77113604	2	2	1	113	1	48
chr16	57178021	57181491	2	2	1	29	0	43
chr16	57178021	57182850	2	2	1	807	0	44
chr16	57181537	57182850	2	2	1	29	0	33
chr17	12979205	13846588	1	1	0	45	3	12
chr17	13846640	13848354	1	1	1	380	1	22
chr17	13846640	13849107	1	1	1	13436	25	46
chr17	13846640	13849113	1	1	0	64	0	47
chr17	13848376	13849107	1	1	1	382	1	26
chr17	45570567	45570665	2	2	1	622	0	42
chr17	45570800	45571017	2	2	1	644	0	21
chr18	53948155	53948644	1	1	1	1466	2	28
chr18	53948155	53949213	1	1	0	2	0	39
chr18	53948155	53953244	1	1	1	11069	13	48
chr18	53948669	53953244	1	1	1	1462	1	26
chr18	53949263	53953244	1	1	0	2	0	37
chr18	53952864	53953244	1	1	0	1	0	37
chr19	7281256	7281797	2	4	1	57	1	39
chr19	7281256	7282725	2	2	1	277	0	35
chr19	7281960	7282725	2	2	1	62	1	29
