chr1	34295537	34296741	1	1	1	57	0	18
chr1	34295537	34299720	1	1	1	302	2	40
chr1	34296760	34299720	1	1	1	57	0	18
chr1	40010678	40011649	1	1	1	29	0	22
chr1	40010678	40011787	1	1	0	1	0	21
chr1	40010678	40014105	1	1	1	97	2	32
chr1	40011842	40014105	1	1	1	28	0	37
chr1	82735508	82741934	1	1	0	1	0	40
chr1	82735508	82747082	1	1	1	9	0	40
chr1	82735508	82750519	1	1	1	84	0	41
chr1	82741977	82750519	1	1	1	1	0	38
chr1	82747143	82750519	1	1	1	9	0	38
chr2	32292216	32293314	1	1	1	1	0	43
chr2	32292216	32296625	1	1	1	125	0	43
chr2	32293396	32296625	1	1	1	1	0	38
chr2	59932171	59933405	2	2	0	6	0	33
chr2	59932171	59933411	2	2	1	86	0	27
chr2	59932171	59933670	2	2	1	23	0	39
chr2	59933439	59933670	2	2	1	92	0	28
chr2	71849507	71853533	1	1	1	42	0	39
chr2	71849507	71855853	1	1	1	2573	4	44
chr2	71853664	71855853	1	1	1	43	0	41
chr2	75662926	75663570	1	1	1	11	1	39
chr2	91001089	91001461	1	1	1	899	2	27
chr2	91001089	91003299	1	1	0	1	0	33
chr2	91001511	91003210	1	1	1	874	3	25
chr2	91001511	91003299	1	1	0	4	0	46
chr2	91001511	91003306	1	1	0	1	0	39
chr2	91003238	91003810	1	1	0	3	0	27
chr2	91003346	91003810	1	1	1	31	0	36
chr2	91159300	91162027	2	2	0	1	0	41
chr2	91159306	91160316	2	2	1	10	0	47
chr2	91159306	91162027	2	2	1	273	0	47
chr2	91160371	91162027	2	2	1	10	0	39
chr2	91681696	91682025	2	2	1	1	0	50
chr2	91681696	91684668	2	2	1	1044	2	50
chr2	91681831	91684668	2	2	0	1	0	38
chr2	91682137	91684668	2	2	1	1	0	38
chr2	122028725	122028807	1	1	1	1	0	47
chr2	122028912	122041155	1	1	1	1	0	11
chr2	153670448	153670848	1	1	1	74	0	43
chr2	153670909	153672215	1	1	1	74	0	50
chr2	168752741	168754433	2	2	1	15561	14	50
chr3	60613521	60614682	1	1	1	141	1	44
chr3	60613521	60614688	1	1	0	1	0	44
chr3	60613521	60615619	1	1	1	39	0	44
chr3	60614737	60615619	1	1	1	146	1	39
chr3	87733505	87734423	1	1	1	2	0	39
chr3	87733505	87735344	1	1	0	257	0	45
chr3	87734553	87735344	1	1	1	2	0	37
chr3	88483947	88484046	2	2	1	137	0	38
chr3	88483947	88484055	2	2	0	1	0	37
chr3	88483947	88484614	2	2	0	2	0	38
chr3	88484155	88484614	2	2	1	138	0	39
chr3	119724187	119724611	2	2	1	2634	1	34
chr3	119724187	119726065	2	2	1	9	0	29
chr3	119724646	119726065	2	2	1	2668	1	41
chr3	139632407	139650143	2	2	0	0	1	13
chr4	31992517	31993403	1	1	0	1	0	21
chr4	31992517	31994873	1	1	1	2269	1	41
chr4	31992517	32002088	1	1	1	959	1	49
chr4	31994955	32002088	1	1	1	2261	1	49
chr4	46468788	46469882	1	1	1	1	0	30
chr4	107009769	107027216	1	1	1	62	0	50
chr4	107009769	107028192	1	1	1	321	0	44
chr4	107027298	107028192	1	1	1	69	0	42
chr5	23565266	23616326	2	2	1	250	0	46
chr5	72958287	72965803	1	1	1	2	0	40
chr5	72958287	72974530	1	1	1	46	0	42
chr5	72965882	72974530	1	1	1	2	0	41
chr5	116482537	116591333	2	2	1	8	0	50
chr5	149184807	149187707	1	1	1	35	0	44
chr5	149184807	149188344	1	1	1	345	2	45
chr5	149187835	149188344	1	1	1	6	0	39
chr5	149187877	149188344	1	1	1	30	0	39
chr6	47577668	47594893	2	2	1	2	0	32
chr6	51464548	51465178	2	2	1	2	0	12
chr6	51465242	51466141	2	2	1	2	0	42
chr6	72634233	72634303	2	2	0	1	0	37
chr6	72634233	72648800	2	2	1	4442	3	43
chr6	72634233	72649119	2	2	1	8845	2	50
chr6	72634351	72649119	2	2	0	1	0	40
chr6	72648843	72649119	2	2	1	4429	3	42
chr6	98939789	98940994	2	2	1	9	0	45
chr6	98939789	98941535	2	2	1	127	0	46
chr6	98939789	98944618	2	2	0	32	0	45
chr6	98941165	98944618	2	2	0	9	0	36
chr6	98941658	98944618	2	2	1	129	0	37
chr6	125162102	125162211	2	2	1	946	24	37
chr6	128371086	128371967	1	1	1	2166	0	43
chr6	128371086	128372530	1	1	1	131	0	49
chr6	128371086	128372533	1	1	1	1014	2	46
chr6	128371086	128372536	1	1	0	4	0	43
chr6	128372013	128372504	1	1	0	3	0	26
chr6	128372013	128372509	1	1	0	2	0	31
chr6	128372013	128372530	1	1	1	284	0	49
chr6	128372013	128372533	1	1	1	1839	0	46
chr6	128372013	128372539	1	1	0	1	0	40
chr6	128372018	128372530	1	1	0	1	0	49
chr6	128372018	128372533	1	1	0	38	0	46
chr7	67240441	67244520	2	2	1	11	0	24
chr7	67240441	67251656	2	2	1	701	1	45
chr7	67244545	67251656	2	2	1	11	0	24
chr7	101405603	102001614	1	1	0	5	0	13
chr7	101474369	102001612	1	1	0	4	0	12
chr7	102001660	102002294	1	1	1	302	0	42
chr7	102001660	102007485	1	1	1	5560	4	45
chr7	102002337	102007485	1	1	1	302	0	41
chr7	112839481	112841887	1	1	1	12	2	41
chr7	112839481	112842039	1	1	1	237	2	41
chr7	112839481	112856052	1	1	1	5	0	12
chr7	112839481	112856797	1	1	1	32	0	41
chr7	112841906	112842057	1	1	0	0	2	18
chr7	112841951	112856052	1	1	1	1	0	12
chr7	112841951	112856797	1	1	0	7	0	37
chr7	112842103	112856052	1	1	1	17	0	12
chr7	112842103	112856797	1	1	1	227	2	45
chr7	112856065	112856797	1	1	1	23	0	12
chr7	127980247	127981190	1	1	1	24	0	5
chr7	127981292	127981410	1	1	1	28	0	18
chr7	141451103	141451231	1	1	1	1	0	30
chr7	144847532	144862231	1	1	1	1	0	3
chr7	144861833	144862231	1	1	1	2084	6	39
chr7	144862267	144862764	1	1	0	4	0	35
chr7	144862336	144862764	1	1	1	2051	6	44
chr8	25532429	25555507	1	1	1	2	0	44
chr8	25532429	25557730	1	1	1	2	0	44
chr8	25555775	25557730	1	1	1	1	0	38
chr8	72219861	72219940	1	1	1	2	0	30
chr8	95100453	95100646	2	2	1	528	0	30
chr8	95100453	95101408	2	2	0	1057	0	46
chr8	95100674	95101408	2	2	1	528	0	42
chr8	123268550	123268744	2	2	1	144	1	46
chr8	123268576	123268744	2	2	0	1	0	45
chr9	43027296	43040539	2	2	1	40	0	38
chr9	43027296	43042590	2	2	1	445	1	46
chr9	43040597	43042590	2	2	1	39	0	46
chr9	80093642	80098885	1	1	1	2040	1	26
chr9	80093642	80098892	1	1	0	30	0	14
chr9	80093642	80103693	1	1	1	9269	3	45
chr9	80093642	80103698	1	1	0	1	0	44
chr9	80098907	80103693	1	1	1	2070	1	24
chr9	114597607	114597794	2	2	1	419	0	38
chr9	114597607	114598704	2	2	0	386	0	42
chr9	114597825	114598704	2	2	0	3	0	30
chr9	114597831	114598704	2	2	1	417	0	38
chr11	26725015	26787397	2	2	0	2	0	13
chr11	78233684	78245547	2	2	1	1	0	33
chr11	79458907	79463232	1	1	1	35	0	42
chr11	79458907	79468716	1	1	1	78	0	42
chr11	79463296	79468716	1	1	1	37	0	39
chr11	94112147	94113262	1	1	1	21	0	23
chr11	94112147	94114172	1	1	1	393	0	32
chr11	94113302	94114172	1	1	1	22	0	39
chr11	102310577	102310925	2	2	1	161	0	42
chr11	102310577	102311379	2	2	1	439	0	46
chr11	102311037	102311379	2	2	1	159	0	45
chr12	71952560	71959805	1	1	1	303	0	44
chr12	83811361	83825258	2	2	1	262	0	37
chr12	83811361	83831921	2	2	1	255	2	41
chr12	83825292	83831921	2	2	1	261	0	33
chr12	83825319	83831921	2	2	0	1	0	38
chr12	113133338	113133495	1	1	0	11	0	43
chr12	113133338	113133540	1	1	1	375	0	43
chr12	113133338	113134186	1	1	0	5	0	42
chr12	113133338	113135796	1	1	1	1131	0	29
chr12	113133577	113135796	1	1	1	364	0	29
chr12	113134231	113135796	1	1	0	5	0	29
chr13	46778994	46780625	2	2	1	1000	0	41
chr13	46778994	46785245	2	2	1	3983	7	46
chr13	46780665	46785245	2	2	1	997	0	39
chr13	56084286	56088251	2	2	1	1	0	40
chr13	56084286	56089757	2	2	1	29	0	40
chr13	56084286	56096123	2	2	0	2	0	40
chr13	56088343	56096123	2	2	1	1	0	38
chr13	56089858	56096123	2	2	1	29	0	40
chr14	31257768	31257880	1	1	1	1	0	46
chr14	57643224	57648418	2	2	1	263	0	47
chr14	120389164	120395711	1	1	1	422	0	39
chr14	120389164	120395717	1	1	0	1	0	38
chr14	120389164	120396450	1	1	1	91	0	48
chr14	120395766	120396450	1	1	1	434	0	48
chr15	77102940	77105576	2	2	1	183	0	42
chr15	77102940	77113604	2	2	1	18	0	44
chr15	77105670	77113604	2	2	1	183	0	44
chr15	103242719	103242921	1	1	1	2	0	35
chr16	57178021	57181491	2	2	1	30	0	43
chr16	57178021	57182850	2	2	1	1967	2	44
chr16	57181537	57182850	2	2	1	30	0	33
chr16	94686604	94691580	1	1	1	2	0	45
chr17	12979205	13846588	1	1	0	13	0	12
chr17	13846640	13848354	1	1	1	624	1	22
chr17	13846640	13849107	1	1	1	14524	18	49
chr17	13846640	13849113	1	1	0	83	0	47
chr17	13848376	13849107	1	1	1	623	1	26
chr17	13848376	13849113	1	1	0	2	0	21
chr17	45570567	45570665	2	2	1	776	0	42
chr17	45570800	45571017	2	2	1	834	1	21
chr18	53948155	53948644	1	1	1	1728	0	28
chr18	53948155	53949550	1	1	0	1	0	37
chr18	53948155	53953244	1	1	1	12568	17	44
chr18	53948155	53953268	1	1	0	1	0	40
chr18	53948669	53949213	1	1	0	1	0	15
chr18	53948669	53953244	1	1	1	1727	0	37
chr18	53949263	53953244	1	1	0	1	0	37
chr18	53949588	53953244	1	1	0	1	0	37
chr18	64511878	64511983	2	2	1	1	0	6
chr18	64512050	64515325	2	2	1	1	0	16
chr18	64515409	64516415	2	2	1	1	0	30
chr19	7281256	7281797	2	4	1	219	0	41
chr19	7281256	7282725	2	2	1	594	1	36
chr19	7281960	7282725	2	2	1	235	0	31
chrX	73952667	73952825	2	2	1	1	0	10
