chr1	34295537	34296741	1	1	1	122	0	18
chr1	34295537	34299720	1	1	1	12	0	38
chr1	34296760	34299720	1	1	1	122	0	20
chr1	40010678	40011649	1	1	1	106	0	28
chr1	40010678	40014105	1	1	1	43	1	32
chr1	40011842	40014105	1	1	1	104	0	38
chr1	82735508	82741817	1	1	1	1	0	20
chr1	82735508	82747082	1	1	1	4	0	40
chr1	82735508	82750519	1	1	1	72	0	40
chr1	82747143	82750519	1	1	1	3	0	38
chr2	32292216	32293314	1	1	1	16	0	43
chr2	32292216	32296625	1	1	1	162	0	43
chr2	32293396	32296625	1	1	1	16	0	38
chr2	59926161	59932104	2	2	1	1	0	15
chr2	59932171	59933405	2	2	0	118	0	37
chr2	59932171	59933411	2	2	1	703	0	32
chr2	59932171	59933670	2	2	1	5	0	39
chr2	59933439	59933670	2	2	1	795	0	28
chr2	71849507	71853533	1	1	1	669	2	44
chr2	71849507	71853927	1	1	0	1	0	20
chr2	71849507	71855853	1	1	1	2380	1	45
chr2	71849507	71855868	1	1	0	2	0	46
chr2	71853664	71855853	1	1	1	701	2	42
chr2	71853891	71855853	1	1	0	1	0	40
chr2	71853948	71855853	1	1	0	1	0	20
chr2	75662926	75663570	1	1	1	9	2	30
chr2	84857438	84859688	1	1	1	1	0	38
chr2	91001089	91001461	1	1	1	743	0	34
chr2	91001089	91003210	1	1	0	0	1	24
chr2	91001089	91003299	1	1	0	3	0	33
chr2	91001511	91003210	1	1	1	731	0	25
chr2	91003238	91003810	1	1	0	2	0	27
chr2	91003346	91003810	1	1	1	13	0	36
chr2	91159306	91160316	2	2	1	254	0	47
chr2	91159306	91162027	2	2	1	594	1	47
chr2	91160371	91162027	2	2	1	249	0	39
chr2	91681696	91684668	2	2	1	292	0	50
chr3	60422418	60613472	1	1	0	1	2	15
chr3	60613521	60614682	1	1	1	1306	2	45
chr3	60613521	60615619	1	1	1	1431	1	45
chr3	60614737	60615619	1	1	1	1311	2	40
chr3	87733505	87734423	1	1	1	11	0	39
chr3	87733505	87735344	1	1	0	9	0	39
chr3	87734553	87735344	1	1	1	11	0	37
chr3	88483947	88484046	2	2	1	353	2	40
chr3	88483947	88484614	2	2	0	1	0	38
chr3	88484155	88484614	2	2	1	347	2	41
chr3	119724187	119724611	2	2	1	7470	2	34
chr3	119724187	119726065	2	2	1	25	0	29
chr3	119724646	119726065	2	2	1	7615	2	38
chr3	129825617	129826823	2	2	1	2	0	36
chr3	139632407	139650143	2	2	0	1	0	13
chr4	31992517	31994873	1	1	1	270	0	39
chr4	31992517	32002088	1	1	1	5689	11	49
chr4	31994955	32002088	1	1	1	269	0	49
chr4	107009769	107027216	1	1	1	5	0	38
chr4	107009769	107028192	1	1	1	128	0	42
chr4	107027298	107028192	1	1	1	7	0	41
chr4	139473637	139476130	1	1	1	3	0	8
chr5	23565266	23610849	2	2	0	1	0	40
chr5	23565266	23616326	2	2	1	737	0	46
chr5	23610909	23616326	2	2	0	1	0	45
chr5	23615795	23616326	2	2	0	1	0	45
chr5	72958287	72965803	1	1	1	3	0	40
chr5	72958287	72974530	1	1	1	150	1	42
chr5	72965882	72974530	1	1	1	3	0	41
chr5	116482537	116591333	2	2	1	1418	7	50
chr5	149184807	149187707	1	1	1	9	0	43
chr5	149184807	149188344	1	1	1	1058	2	45
chr5	149187835	149188344	1	1	1	1	0	39
chr5	149187877	149188344	1	1	1	8	0	39
chr6	47577668	47594893	2	2	1	1	0	26
chr6	72634233	72649119	2	2	1	1	0	40
chr6	98939789	98941535	2	2	1	192	0	45
chr6	98939789	98944618	2	2	0	25	0	45
chr6	98941658	98944618	2	2	1	189	0	36
chr6	125162102	125162211	2	2	1	500	20	39
chr6	128371086	128371967	1	1	1	3452	3	45
chr6	128371086	128372530	1	1	1	1	0	49
chr6	128371086	128372533	1	1	1	16	0	46
chr6	128372013	128372504	1	1	0	11	0	27
chr6	128372013	128372509	1	1	0	4	0	31
chr6	128372013	128372530	1	1	1	445	2	47
chr6	128372013	128372533	1	1	1	2945	4	46
chr6	128372013	128372536	1	1	0	1	0	43
chr6	128372013	128372539	1	1	0	2	0	40
chr6	128372018	128372530	1	1	0	5	0	49
chr6	128372018	128372533	1	1	0	47	0	46
chr6	128372208	128372533	1	1	0	1	0	46
chr7	25724845	25725923	2	2	1	1	0	37
chr7	67240441	67244520	2	2	1	167	0	24
chr7	67240441	67251656	2	2	1	1295	1	44
chr7	67244545	67251656	2	2	1	167	0	24
chr7	101405603	102001614	1	1	0	4	1	13
chr7	102001660	102002294	1	1	1	2059	2	43
chr7	102001660	102007485	1	1	1	659	1	44
chr7	102002337	102007485	1	1	1	2054	1	42
chr7	102003812	102007485	1	1	0	1	0	38
chr7	112839481	112841887	1	1	1	4	0	41
chr7	112839481	112842039	1	1	1	177	0	41
chr7	112839481	112856052	1	1	1	10	0	12
chr7	112839481	112856797	1	1	1	27	0	41
chr7	112841951	112856052	1	1	1	2	0	12
chr7	112842103	112856052	1	1	1	173	0	12
chr7	112842103	112856797	1	1	1	3	0	37
chr7	112856065	112856797	1	1	1	187	0	13
chr7	127980247	127981190	1	1	1	6	0	5
chr7	127981292	127981410	1	1	1	6	0	6
chr8	25532429	25557730	1	1	1	3	0	44
chr8	91688606	91932332	1	1	0	5	0	13
chr8	95100448	95100642	2	2	0	1	0	31
chr8	95100453	95100646	2	2	1	1282	1	31
chr8	95100453	95101408	2	2	0	233	0	46
chr8	95100666	95101408	2	2	0	1	0	19
chr8	95100674	95101408	2	2	1	1282	1	43
chr8	123268550	123268744	2	2	1	410	1	47
chr9	43027296	43040539	2	2	1	131	0	39
chr9	43027296	43042590	2	2	1	198	0	46
chr9	43040593	43042590	2	2	0	3	0	45
chr9	43040597	43042590	2	2	1	125	0	46
chr9	80093642	80098847	1	1	0	1	0	44
chr9	80093642	80098885	1	1	1	8196	6	26
chr9	80093642	80098892	1	1	0	225	0	19
chr9	80093642	80103693	1	1	1	268	0	45
chr9	80098907	80099016	1	1	0	1	0	21
chr9	80098907	80103693	1	1	1	8426	6	37
chr9	80098907	80103698	1	1	0	1	0	21
chr9	80099049	80103693	1	1	0	1	0	37
chr9	114597607	114597794	2	2	1	455	0	38
chr9	114597607	114598704	2	2	0	14	0	40
chr9	114597825	114598704	2	2	0	10	0	30
chr9	114597831	114598704	2	2	1	443	0	36
chr11	79458907	79463232	1	1	1	11	0	42
chr11	79458907	79468716	1	1	1	241	1	45
chr11	79463296	79468716	1	1	1	11	0	39
chr11	94112147	94113262	1	1	1	97	0	23
chr11	94112147	94114172	1	1	1	424	0	32
chr11	94113302	94114172	1	1	1	101	0	39
chr11	100481848	100482144	2	2	1	2	0	39
chr11	102310577	102310925	2	2	1	64	0	42
chr11	102310577	102311379	2	2	1	1270	1	46
chr11	102311037	102311379	2	2	1	63	0	45
chr12	71952560	71958746	1	1	1	72	0	27
chr12	71952560	71959805	1	1	1	55	0	44
chr12	71958774	71959805	1	1	1	72	0	27
chr12	83811361	83825258	2	2	1	47	0	33
chr12	83811361	83831921	2	2	1	552	1	41
chr12	83825292	83831921	2	2	1	47	0	36
chr12	113133338	113133495	1	1	0	122	9	44
chr12	113133338	113133540	1	1	1	2527	85	42
chr12	113133338	113135796	1	1	1	21	0	29
chr12	113133577	113134761	1	1	0	2	0	21
chr12	113133577	113134800	1	1	0	8	0	14
chr12	113133577	113135796	1	1	1	2551	94	29
chr12	113134813	113135796	1	1	0	8	0	29
chr13	46778990	46785245	2	2	0	1	0	44
chr13	46778994	46780625	2	2	1	847	0	41
chr13	46778994	46785245	2	2	1	3106	7	46
chr13	46780665	46785245	2	2	1	848	0	39
chr13	56084286	56089757	2	2	1	57	0	46
chr13	56089858	56096123	2	2	1	60	0	41
chr14	57643224	57643334	2	2	1	1	0	28
chr14	57643224	57648418	2	2	1	177	0	47
chr14	57643490	57648418	2	2	1	1	0	38
chr14	120389164	120395711	1	1	1	271	0	38
chr14	120389164	120396450	1	1	1	757	2	48
chr14	120395766	120396450	1	1	1	283	0	48
chr15	77102940	77105576	2	2	1	255	0	42
chr15	77102940	77113604	2	2	1	17	0	48
chr15	77105670	77113604	2	2	1	255	0	48
chr15	103242719	103242921	1	1	1	1	0	7
chr15	103242719	103243624	1	1	1	0	1	31
chr16	57178021	57181491	2	2	1	513	0	45
chr16	57178021	57182850	2	2	1	160	1	44
chr16	57181507	57182850	2	2	0	5	0	15
chr16	57181511	57182850	2	2	0	1	0	19
chr16	57181537	57182850	2	2	1	505	0	37
chr17	12979205	13846588	1	1	0	62	2	12
chr17	13846613	13848354	1	1	0	9	0	21
chr17	13846640	13848354	1	1	1	5462	4	22
chr17	13846640	13849107	1	1	1	4975	4	46
chr17	13846640	13849113	1	1	0	37	0	47
chr17	13848376	13849107	1	1	1	5453	4	29
chr17	13848376	13849113	1	1	0	11	0	21
chr17	35958358	35959068	2	2	1	1	0	11
chr17	35959140	35959228	2	2	1	1	0	1
chr17	35959304	35959435	2	2	1	2	0	30
chr17	45570567	45570665	2	2	1	745	3	37
chr17	45570800	45571017	2	2	1	846	3	21
chr17	51783067	51785528	2	2	1	2	0	40
chr17	51785641	51803430	2	2	1	1	0	14
chr18	10726534	10740982	1	1	1	4	0	15
chr18	53948155	53948644	1	1	1	11199	9	30
chr18	53948155	53953244	1	1	1	1669	1	43
chr18	53948666	53953244	1	1	0	8	0	21
chr18	53948669	53953244	1	1	1	11185	8	37
chr18	53948669	53953268	1	1	0	2	0	24
chr18	53948673	53953244	1	1	0	1	0	28
chr18	64515409	64516415	2	2	1	1	0	37
chr19	7281256	7281797	2	4	1	186	0	39
chr19	7281256	7282725	2	2	1	1599	2	36
chr19	7281960	7282725	2	2	1	193	0	31
KV575235.1	147143	149264	1	1	0	0	1	24
