chr1	34295537	34296741	1	1	1	153	0	18
chr1	34295537	34299720	1	1	1	20	0	40
chr1	34296760	34299720	1	1	1	153	0	19
chr1	40010678	40011649	1	1	1	105	0	21
chr1	40010678	40011811	1	1	0	3	0	21
chr1	40010678	40014105	1	1	1	36	0	32
chr1	40011842	40014105	1	1	1	105	0	38
chr1	58558058	58565856	2	2	1	1	0	23
chr1	58565955	58586211	2	2	1	1	0	49
chr1	82735508	82741817	1	1	1	4	0	40
chr1	82735508	82747082	1	1	1	2	0	40
chr1	82735508	82750519	1	1	1	85	0	40
chr1	82741977	82750519	1	1	1	1	0	38
chr1	82747143	82750519	1	1	1	2	0	38
chr1	171356829	171357849	1	1	1	1	0	36
chr2	32292216	32293314	1	1	1	18	0	43
chr2	32292216	32296625	1	1	1	78	0	49
chr2	32293396	32296625	1	1	1	18	0	38
chr2	59926161	59932104	2	2	1	3	0	31
chr2	59932171	59933405	2	2	0	74	0	37
chr2	59932171	59933411	2	2	1	494	0	32
chr2	59933439	59933670	2	2	1	558	0	32
chr2	71849507	71853533	1	1	1	1012	0	40
chr2	71849507	71853890	1	1	0	1	0	39
chr2	71849507	71855853	1	1	1	2554	1	42
chr2	71853664	71855853	1	1	1	1063	0	43
chr2	71853948	71855853	1	1	0	1	0	40
chr2	75662926	75663570	1	1	1	2	0	39
chr2	91001089	91001330	1	1	0	0	1	24
chr2	91001089	91001461	1	1	1	942	1	34
chr2	91001386	91001461	1	1	0	0	1	13
chr2	91001511	91003210	1	1	1	927	1	25
chr2	91003238	91003810	1	1	0	2	0	27
chr2	91003346	91003810	1	1	1	25	0	37
chr2	91159300	91162027	2	2	0	3	0	41
chr2	91159306	91160316	2	2	1	339	0	47
chr2	91159306	91162027	2	2	1	424	0	47
chr2	91160371	91162027	2	2	1	335	0	39
chr2	91681696	91682025	2	2	1	2	0	50
chr2	91681696	91684668	2	2	1	237	0	50
chr2	91681744	91684668	2	2	0	1	0	38
chr2	91682137	91684668	2	2	1	2	0	38
chr2	153670448	153672215	1	1	1	3	0	50
chr3	60613513	60615612	2	2	0	1	0	38
chr3	60613521	60614682	1	1	1	1306	4	45
chr3	60613521	60615619	1	1	1	1270	0	45
chr3	60614737	60615619	1	1	1	1317	4	42
chr3	87733505	87734423	1	1	1	20	0	39
chr3	87733505	87735344	1	1	0	13	0	39
chr3	87734553	87735344	1	1	1	21	0	37
chr3	88483947	88484046	2	2	1	384	0	43
chr3	88483947	88484614	2	2	0	1	0	38
chr3	88484155	88484614	2	2	1	375	0	41
chr3	119724187	119724611	2	2	1	7263	3	34
chr3	119724187	119726065	2	2	1	14	0	29
chr3	119724646	119726065	2	2	1	7416	3	38
chr3	119726206	119740314	2	2	1	1	0	40
chr4	31992517	31994873	1	1	1	278	0	41
chr4	31992517	32002088	1	1	1	3198	6	49
chr4	31994955	32002088	1	1	1	274	0	50
chr4	107009769	107027216	1	1	1	12	0	39
chr4	107009769	107028192	1	1	1	94	0	42
chr4	107027298	107028192	1	1	1	12	0	41
chr4	139473637	139476130	1	1	1	1	0	8
chr5	23565266	23616326	2	2	1	824	3	49
chr5	72958287	72965803	1	1	1	1	0	37
chr5	72958287	72974530	1	1	1	80	0	42
chr5	72965882	72974530	1	1	1	1	0	41
chr5	116477146	116482389	2	2	1	1	0	33
chr5	116482532	116591333	2	2	0	4	0	45
chr5	116482537	116591333	2	2	1	820	3	50
chr5	149184807	149187707	1	1	1	22	0	43
chr5	149184807	149188344	1	1	1	839	1	44
chr5	149187835	149188344	1	1	1	1	0	39
chr5	149187877	149188344	1	1	1	22	0	39
chr6	51465242	51466141	2	2	1	1	0	42
chr6	72634233	72648800	2	2	1	2	0	37
chr6	72648843	72649119	2	2	1	2	0	40
chr6	88084795	88088349	1	1	1	1	0	9
chr6	98939789	98941535	2	2	1	187	1	48
chr6	98939789	98944618	2	2	0	14	0	45
chr6	98941658	98944618	2	2	1	185	1	36
chr6	125162102	125162211	2	2	1	384	9	36
chr6	128371086	128371967	1	1	1	3795	5	44
chr6	128371086	128372533	1	1	1	16	0	46
chr6	128372013	128372504	1	1	0	23	0	27
chr6	128372013	128372509	1	1	0	7	0	31
chr6	128372013	128372530	1	1	1	454	1	47
chr6	128372013	128372533	1	1	1	3259	5	46
chr6	128372013	128372536	1	1	0	3	0	43
chr6	128372013	128372539	1	1	0	3	0	40
chr6	128372018	128372530	1	1	0	3	0	49
chr6	128372018	128372533	1	1	0	39	0	46
chr7	67240441	67244520	2	2	1	150	0	24
chr7	67240441	67251656	2	2	1	1150	0	45
chr7	67244545	67251656	2	2	1	150	0	24
chr7	101288340	102001612	1	3	0	8	0	12
chr7	102001660	102002294	1	1	1	2003	2	44
chr7	102001660	102007485	1	1	1	525	0	43
chr7	102001665	102002300	1	1	0	2	1	36
chr7	102002310	102007485	1	1	0	1	0	15
chr7	102002337	102007485	1	1	1	2017	2	42
chr7	112839481	112841887	1	1	1	4	2	41
chr7	112839481	112842039	1	1	1	163	2	41
chr7	112839481	112856052	1	1	1	9	0	12
chr7	112839481	112856797	1	1	1	8	0	41
chr7	112841906	112842057	1	1	0	0	2	18
chr7	112841951	112856052	1	1	1	3	0	12
chr7	112842103	112856052	1	1	1	159	2	12
chr7	112842103	112856797	1	1	1	3	0	37
chr7	112856065	112856797	1	1	1	173	2	14
chr7	127980247	127981190	1	1	1	8	0	3
chr7	127981292	127981410	1	1	1	8	0	6
chr8	25532429	25555507	1	1	1	1	0	44
chr8	25555775	25557730	1	1	1	6	0	38
chr8	33386064	33386329	1	1	0	1	0	29
chr8	85548963	85553186	2	2	1	1	0	38
chr8	91688606	91932332	1	1	0	5	0	13
chr8	95100453	95100646	2	2	1	837	1	31
chr8	95100453	95101408	2	2	0	125	0	46
chr8	95100674	95101408	2	2	1	837	1	44
chr8	95101447	95139983	2	2	0	0	1	15
chr8	110738096	110738289	1	1	1	1	0	9
chr8	123268550	123268744	2	2	1	209	0	49
chr9	43027296	43040539	2	2	1	150	0	39
chr9	43027296	43042590	2	2	1	126	0	45
chr9	43040593	43042590	2	2	0	2	0	46
chr9	43040597	43042590	2	2	1	149	0	45
chr9	80093642	80098885	1	1	1	8285	9	44
chr9	80093642	80098892	1	1	0	162	0	14
chr9	80093642	80103693	1	1	1	273	0	44
chr9	80098907	80103693	1	1	1	8453	9	29
chr9	80098907	80103698	1	1	0	3	0	21
chr9	80099049	80103693	1	1	0	1	0	37
chr9	80101891	80103693	1	1	0	1	0	37
chr9	114597607	114597794	2	2	1	591	1	38
chr9	114597607	114598704	2	2	0	21	0	42
chr9	114597825	114598704	2	2	0	1	0	30
chr9	114597831	114598704	2	2	1	586	1	38
chr11	78233684	78245547	2	2	1	1	0	28
chr11	79458907	79463232	1	1	1	19	0	42
chr11	79458907	79468716	1	1	1	181	0	43
chr11	79463296	79468716	1	1	1	18	0	39
chr11	83497297	83497893	1	1	1	1	0	33
chr11	83497927	83499072	1	1	1	1	0	33
chr11	94112147	94113262	1	1	1	122	0	21
chr11	94112147	94114172	1	1	1	378	0	32
chr11	94113302	94114172	1	1	1	128	0	39
chr11	102310577	102310925	2	2	1	83	0	43
chr11	102310577	102311379	2	2	1	916	1	46
chr11	102311037	102311379	2	2	1	83	0	46
chr12	71952560	71958746	1	1	1	60	0	27
chr12	71952560	71959805	1	1	1	63	0	43
chr12	71958774	71959805	1	1	1	60	0	27
chr12	73109350	73112342	2	2	1	1	0	15
chr12	83811361	83825258	2	2	1	48	0	33
chr12	83811361	83831921	2	2	1	362	1	41
chr12	83825292	83831921	2	2	1	48	0	34
chr12	113133338	113133495	1	1	0	113	19	43
chr12	113133338	113133540	1	1	1	1655	55	43
chr12	113133338	113135796	1	1	1	6	0	29
chr12	113133577	113134186	1	1	0	1	0	28
chr12	113133577	113134761	1	1	0	2	0	21
chr12	113133577	113134800	1	1	0	4	0	12
chr12	113133577	113135796	1	1	1	1713	74	29
chr12	113134231	113135796	1	1	0	1	0	29
chr12	113134813	113135796	1	1	0	6	0	29
chr13	46778994	46780545	2	2	0	2	0	40
chr13	46778994	46780625	2	2	1	843	1	43
chr13	46778994	46785245	2	2	1	2669	8	46
chr13	46780663	46785245	2	2	0	1	0	37
chr13	46780665	46785245	2	2	1	850	1	40
chr13	56084286	56089757	2	2	1	86	0	41
chr13	56084286	56096123	2	2	0	2	0	40
chr13	56089858	56096123	2	2	1	84	0	41
chr14	57643224	57643334	2	2	1	4	0	39
chr14	57643224	57648418	2	2	1	165	1	40
chr14	57643490	57648418	2	2	1	4	0	38
chr14	120389164	120395711	1	1	1	222	1	39
chr14	120389164	120396450	1	1	1	478	0	48
chr14	120395766	120396450	1	1	1	227	1	48
chr15	77102940	77105576	2	2	1	305	0	41
chr15	77102940	77113604	2	2	1	17	0	48
chr15	77105670	77113604	2	2	1	306	0	48
chr15	102484241	102485947	1	1	1	1	0	43
chr15	103242719	103242921	1	1	1	0	2	27
chr15	103242719	103243624	1	1	1	2	2	36
chr16	57178021	57181491	2	2	1	335	0	45
chr16	57178021	57182850	2	2	1	60	0	43
chr16	57181507	57182850	2	2	0	3	0	15
chr16	57181537	57182850	2	2	1	329	0	33
chr16	84831508	84834808	2	2	1	1	0	44
chr17	12979205	13846588	1	1	0	33	0	12
chr17	13846640	13848306	1	1	0	2	0	38
chr17	13846640	13848354	1	1	1	4706	10	22
chr17	13846640	13849107	1	1	1	4567	9	45
chr17	13846640	13849113	1	1	0	29	0	47
chr17	13848376	13849107	1	1	1	4698	11	41
chr17	13848376	13849113	1	1	0	4	0	21
chr17	45570567	45570665	2	2	1	445	0	35
chr17	45570800	45571017	2	2	1	487	0	23
chr18	10726534	10740982	1	1	1	1	0	15
chr18	53948155	53948644	1	1	1	14252	13	33
chr18	53948155	53953244	1	1	1	2122	7	45
chr18	53948666	53953244	1	1	0	15	0	21
chr18	53948669	53953244	1	1	1	14227	10	37
chr18	53948673	53953244	1	1	0	2	0	28
chr18	64515409	64516415	2	2	1	3	0	39
chr19	7281251	7282725	2	2	0	3	0	26
chr19	7281256	7281797	2	4	1	171	1	38
chr19	7281256	7282725	2	2	1	1244	0	36
chr19	7281960	7282725	2	2	1	180	0	35
KV575235.1	147143	147384	1	1	0	0	1	24
KV575235.1	147440	147515	1	1	0	0	1	13
