chr1	34295537	34296741	1	1	1	55	0	18
chr1	34295537	34299720	1	1	1	243	1	42
chr1	34296760	34299720	1	1	1	55	0	18
chr1	40010678	40011649	1	1	1	22	0	21
chr1	40010678	40014105	1	1	1	72	2	32
chr1	40011842	40014105	1	1	1	23	0	38
chr1	82735508	82741817	1	1	1	1	0	40
chr1	82735508	82747082	1	1	1	4	0	40
chr1	82735508	82750519	1	1	1	78	0	40
chr1	82741977	82750519	1	1	1	1	0	38
chr1	82747143	82750519	1	1	1	4	0	38
chr2	32292216	32296625	1	1	1	91	0	44
chr2	59926161	59932104	2	2	1	9	0	33
chr2	59932171	59933405	2	2	0	11	0	33
chr2	59932171	59933411	2	2	1	86	0	31
chr2	59932171	59933670	2	2	1	24	0	39
chr2	59933439	59933670	2	2	1	95	0	30
chr2	71849507	71853533	1	1	1	27	0	39
chr2	71849507	71855853	1	1	1	2305	3	44
chr2	71853664	71855853	1	1	1	29	0	41
chr2	75662926	75663570	1	1	1	13	0	41
chr2	91001089	91001461	1	1	1	818	0	34
chr2	91001089	91003299	1	1	0	4	0	33
chr2	91001511	91003210	1	1	1	800	0	25
chr2	91003238	91003810	1	1	0	3	0	27
chr2	91003346	91003810	1	1	1	20	0	36
chr2	91159300	91162027	2	2	0	1	0	41
chr2	91159306	91160316	2	2	1	5	1	47
chr2	91159306	91162027	2	2	1	265	0	47
chr2	91160371	91162027	2	2	1	5	1	38
chr2	91681696	91682025	2	2	1	5	0	50
chr2	91681696	91684668	2	2	1	959	1	50
chr2	91682110	91684668	2	2	0	1	0	38
chr2	91682137	91684668	2	2	1	4	0	38
chr2	153670448	153670848	1	1	1	101	0	43
chr2	153670909	153672215	1	1	1	97	0	50
chr2	165787248	165791904	2	2	1	1	0	42
chr2	168752741	168754433	2	2	1	16288	23	46
chr2	168754480	168788998	2	2	0	1	0	12
chr3	60613521	60614682	1	1	1	181	0	44
chr3	60613521	60615619	1	1	1	35	0	44
chr3	60614737	60615619	1	1	1	181	0	37
chr3	87712689	87733458	1	1	0	1	0	15
chr3	87733505	87734423	1	1	1	1	0	39
chr3	87733505	87735344	1	1	0	206	1	42
chr3	87734553	87735344	1	1	1	1	0	37
chr3	88483947	88484046	2	2	1	83	0	37
chr3	88484155	88484614	2	2	1	82	0	39
chr3	119724187	119724611	2	2	1	2288	1	34
chr3	119724187	119726065	2	2	1	14	0	29
chr3	119724646	119726065	2	2	1	2330	1	38
chr3	129825617	129826823	2	2	1	1	0	36
chr4	31992517	31993403	1	1	0	3	0	21
chr4	31992517	31994873	1	1	1	2088	3	41
chr4	31992517	32002088	1	1	1	819	0	49
chr4	31993425	31994873	1	1	0	3	0	17
chr4	31994955	32002088	1	1	1	2088	3	49
chr4	46468788	46469882	1	1	1	2	0	11
chr4	57371184	57413809	2	2	0	1	0	14
chr4	107009769	107027216	1	1	1	41	0	40
chr4	107009769	107028192	1	1	1	271	0	45
chr4	107027298	107028192	1	1	1	43	0	41
chr5	23565266	23616326	2	2	1	338	1	45
chr5	72958287	72965803	1	1	1	7	0	37
chr5	72958287	72974530	1	1	1	64	0	41
chr5	72965882	72974530	1	1	1	7	0	41
chr5	116482537	116591333	2	2	1	4	0	39
chr5	149184807	149187707	1	1	1	44	0	44
chr5	149184807	149188344	1	1	1	251	0	44
chr5	149187835	149188344	1	1	1	9	0	39
chr5	149187864	149188344	1	1	0	1	0	39
chr5	149187877	149188344	1	1	1	35	0	39
chr6	47577668	47594893	2	2	1	2	0	24
chr6	72634233	72648800	2	2	1	4756	3	42
chr6	72634233	72649119	2	2	1	9584	4	50
chr6	72648843	72649119	2	2	1	4733	2	42
chr6	98939789	98940994	2	2	1	2	0	45
chr6	98939789	98941535	2	2	1	131	0	46
chr6	98941165	98944618	2	2	0	2	0	36
chr6	98941658	98944618	2	2	1	131	0	36
chr6	125121682	125121931	1	1	1	4	0	42
chr6	125162102	125162211	2	2	1	684	19	37
chr6	128371086	128371967	1	1	1	2342	1	43
chr6	128371086	128371980	1	1	0	2	0	32
chr6	128371086	128372504	1	1	0	1	0	35
chr6	128371086	128372530	1	1	1	111	0	49
chr6	128371086	128372533	1	1	1	1116	0	46
chr6	128371086	128372536	1	1	0	1	0	21
chr6	128372013	128372504	1	1	0	4	0	26
chr6	128372013	128372509	1	1	0	1	0	31
chr6	128372013	128372530	1	1	1	317	0	49
chr6	128372013	128372533	1	1	1	1973	1	46
chr6	128372013	128372536	1	1	0	2	0	43
chr6	128372018	128372530	1	1	0	5	0	49
chr6	128372018	128372533	1	1	0	40	0	46
chr6	128372208	128372533	1	1	0	1	0	46
chr7	45377279	45377355	2	2	1	2	0	13
chr7	67240441	67244520	2	2	1	14	0	24
chr7	67240441	67251656	2	2	1	767	1	44
chr7	67240443	67251659	1	1	0	2	0	43
chr7	67244545	67251656	2	2	1	14	0	24
chr7	101405603	102001614	1	1	0	5	0	13
chr7	101983174	102001612	1	1	0	1	0	12
chr7	102001660	102002294	1	1	1	278	0	42
chr7	102001660	102007485	1	1	1	4763	0	46
chr7	102002310	102007485	1	1	0	2	0	15
chr7	102002337	102007485	1	1	1	278	0	41
chr7	112839481	112841887	1	1	1	12	0	41
chr7	112839481	112842039	1	1	1	207	0	41
chr7	112839481	112856052	1	1	1	2	0	12
chr7	112839481	112856797	1	1	1	22	0	41
chr7	112841951	112856052	1	1	1	4	0	12
chr7	112841951	112856797	1	1	0	3	0	37
chr7	112842103	112856052	1	1	1	14	0	12
chr7	112842103	112856776	1	1	0	1	0	16
chr7	112842103	112856797	1	1	1	199	0	45
chr7	112856065	112856797	1	1	1	20	0	12
chr7	127980247	127981190	1	1	1	18	0	5
chr7	127981292	127981410	1	1	1	22	0	6
chr7	144861833	144862231	1	1	1	1525	0	39
chr7	144861837	144862231	1	1	0	3	0	32
chr7	144862267	144862764	1	1	0	3	0	35
chr7	144862336	144862764	1	1	1	1514	0	44
chr8	25532429	25555507	1	1	1	2	0	44
chr8	25532429	25557730	1	1	1	6	0	44
chr8	25555775	25557730	1	1	1	3	0	38
chr8	95100453	95100646	2	2	1	458	1	31
chr8	95100453	95101408	2	2	0	901	0	46
chr8	95100674	95101408	2	2	1	458	1	41
chr8	95101447	95139983	2	2	0	0	1	15
chr8	123268550	123268744	2	2	1	147	0	46
chr9	43027296	43040539	2	2	1	40	0	38
chr9	43027296	43042590	2	2	1	402	0	45
chr9	43040597	43042590	2	2	1	41	0	45
chr9	55500165	55512030	2	2	1	0	1	2
chr9	80093642	80098885	1	1	1	1852	1	26
chr9	80093642	80098892	1	1	0	42	0	14
chr9	80093642	80103693	1	1	1	10038	3	47
chr9	80093642	80103698	1	1	0	1	0	44
chr9	80098907	80103693	1	1	1	1894	1	24
chr9	114597607	114597794	2	2	1	408	1	39
chr9	114597607	114598704	2	2	0	403	0	42
chr9	114597825	114598704	2	2	0	4	0	30
chr9	114597831	114598704	2	2	1	401	1	36
chr11	26778879	26787397	2	2	0	0	2	13
chr11	79458907	79463232	1	1	1	38	0	42
chr11	79458907	79468716	1	1	1	61	0	42
chr11	79463296	79468716	1	1	1	38	0	39
chr11	94112147	94113262	1	1	1	24	0	21
chr11	94112147	94114172	1	1	1	302	0	32
chr11	94113302	94114172	1	1	1	24	0	39
chr11	102310577	102310925	2	2	1	111	0	42
chr11	102310577	102311379	2	2	1	332	0	45
chr11	102311037	102311379	2	2	1	110	0	45
chr12	71952560	71959805	1	1	1	267	0	45
chr12	80205082	80209358	2	2	1	1	0	25
chr12	80209474	80259986	2	2	1	1	0	17
chr12	83811361	83825258	2	2	1	249	0	37
chr12	83811361	83831921	2	2	1	256	0	41
chr12	83825292	83831921	2	2	1	247	0	33
chr12	83825319	83831921	2	2	0	1	0	38
chr12	83825334	83831921	2	2	0	2	0	38
chr12	113133331	113135796	1	1	0	1	0	28
chr12	113133338	113133495	1	1	0	10	0	42
chr12	113133338	113133540	1	1	1	336	1	43
chr12	113133338	113135796	1	1	1	1228	0	30
chr12	113133577	113134186	1	1	0	1	0	22
chr12	113133577	113135796	1	1	1	326	1	29
chr12	113134231	113135796	1	1	0	1	0	29
chr13	46777214	46778893	2	2	1	1	0	8
chr13	46778990	46785245	2	2	0	2	0	44
chr13	46778994	46780625	2	2	1	996	1	42
chr13	46778994	46785245	2	2	1	3685	6	47
chr13	46780665	46785245	2	2	1	989	1	40
chr13	56084286	56089757	2	2	1	18	0	40
chr13	56084286	56096123	2	2	0	1	0	40
chr13	56089858	56096123	2	2	1	18	0	41
chr14	57643217	57648418	2	2	0	1	0	38
chr14	57643224	57643334	2	2	1	3	0	40
chr14	57643224	57648418	2	2	1	244	0	47
chr14	57643490	57648418	2	2	1	3	0	38
chr14	120389164	120395711	1	1	1	352	0	39
chr14	120389164	120395717	1	1	0	1	0	39
chr14	120389164	120396450	1	1	1	117	0	48
chr14	120395766	120396450	1	1	1	367	0	48
chr15	77102940	77105576	2	2	1	206	2	41
chr15	77102940	77113604	2	2	1	30	0	47
chr15	77105670	77113604	2	2	1	206	2	48
chr15	103242719	103242921	1	1	1	1	0	33
chr16	57178021	57181491	2	2	1	31	0	43
chr16	57178021	57182850	2	2	1	1890	1	44
chr16	57181537	57182850	2	2	1	31	0	33
chr16	84831508	84834808	2	2	1	1	0	35
chr16	94686604	94691580	1	1	1	2	0	45
chr17	12979205	13846588	1	1	0	46	0	12
chr17	13846640	13848354	1	1	1	508	0	22
chr17	13846640	13849107	1	1	1	15135	13	46
chr17	13846640	13849113	1	1	0	120	0	49
chr17	13848376	13849107	1	1	1	506	0	26
chr17	45570567	45570665	2	2	1	950	0	46
chr17	45570800	45571017	2	2	1	1025	1	23
chr18	10726534	10740982	1	1	1	3	0	15
chr18	36512397	36561017	1	3	0	3	0	14
chr18	36561056	36575018	1	1	1	3	0	38
chr18	53948155	53948381	1	1	0	1	0	39
chr18	53948155	53948644	1	1	1	1953	1	28
chr18	53948155	53949213	1	1	0	4	0	39
chr18	53948155	53953244	1	1	1	14044	21	47
chr18	53948447	53953244	1	1	0	1	0	37
chr18	53948669	53953244	1	1	1	1951	1	26
chr18	53949263	53953244	1	1	0	4	0	37
chr18	64515409	64516415	2	2	1	1	0	39
chr19	7281256	7281797	2	4	1	167	1	39
chr19	7281256	7282725	2	2	1	455	1	35
chr19	7281960	7282725	2	2	1	174	1	36
chrX	73952667	73952825	2	2	1	4	0	10
