chr1	34295537	34296741	1	1	1	106	0	18
chr1	34295537	34299720	1	1	1	48	0	39
chr1	34296760	34299720	1	1	1	105	0	19
chr1	40010678	40011649	1	1	1	93	0	21
chr1	40010678	40011811	1	1	0	2	0	21
chr1	40010678	40014105	1	1	1	26	1	32
chr1	40011842	40014105	1	1	1	93	0	38
chr1	82735508	82741817	1	1	1	1	0	40
chr1	82735508	82747082	1	1	1	2	0	40
chr1	82735508	82750519	1	1	1	68	0	40
chr1	82747143	82750519	1	1	1	3	0	38
chr2	32292216	32293314	1	1	1	9	0	43
chr2	32292216	32296625	1	1	1	109	0	47
chr2	32293396	32296625	1	1	1	9	0	38
chr2	59932171	59933405	2	2	0	56	0	33
chr2	59932171	59933411	2	2	1	316	0	31
chr2	59932171	59933670	2	2	1	5	0	32
chr2	59933439	59933670	2	2	1	365	0	33
chr2	71849507	71853533	1	1	1	435	0	39
chr2	71849507	71853820	1	1	0	3	0	37
chr2	71849507	71853890	1	1	0	5	0	40
chr2	71849507	71855853	1	1	1	4461	5	45
chr2	71853664	71855853	1	1	1	447	0	41
chr2	71853891	71855853	1	1	0	3	0	40
chr2	71853948	71855853	1	1	0	5	0	40
chr2	75662926	75663570	1	1	1	3	0	40
chr2	91001089	91001461	1	1	1	595	0	34
chr2	91001511	91003210	1	1	1	593	0	35
chr2	91001511	91003299	1	1	0	1	0	46
chr2	91003238	91003810	1	1	0	3	0	27
chr2	91003346	91003810	1	1	1	8	0	36
chr2	91159300	91162027	2	2	0	2	0	41
chr2	91159306	91160316	2	2	1	189	0	47
chr2	91159306	91162027	2	2	1	445	0	47
chr2	91160371	91162027	2	2	1	191	0	38
chr2	91681696	91684668	2	2	1	180	0	50
chr2	153670448	153672215	1	1	1	6	0	50
chr3	60613521	60614682	1	1	1	1387	1	45
chr3	60613521	60614688	1	1	0	1	0	44
chr3	60613521	60615619	1	1	1	871	1	46
chr3	60614737	60615619	1	1	1	1392	1	41
chr3	87733505	87734423	1	1	1	20	0	39
chr3	87733505	87734456	1	1	0	1	0	39
chr3	87733505	87735344	1	1	0	11	0	41
chr3	87734553	87735344	1	1	1	21	0	37
chr3	88483947	88484046	2	2	1	359	1	43
chr3	88484155	88484614	2	2	1	357	1	43
chr3	119724187	119724611	2	2	1	3031	2	34
chr3	119724187	119726065	2	2	1	15	0	29
chr3	119724646	119726065	2	2	1	3115	2	38
chr3	129825617	129826823	2	2	1	2	0	36
chr3	142948246	142963375	2	2	0	0	1	13
chr4	31992517	31994873	1	1	1	175	0	39
chr4	31992517	32002088	1	1	1	2876	5	49
chr4	31994955	32002088	1	1	1	174	0	49
chr4	107009769	107027216	1	1	1	17	0	38
chr4	107009769	107028192	1	1	1	119	0	43
chr4	107027298	107028192	1	1	1	19	0	41
chr5	23565266	23616326	2	2	1	1076	4	49
chr5	72958287	72974530	1	1	1	80	1	41
chr5	116482537	116483887	2	2	0	1	0	50
chr5	116482537	116591333	2	2	1	736	1	50
chr5	149184807	149187707	1	1	1	29	0	44
chr5	149184807	149188344	1	1	1	353	0	44
chr5	149187835	149188344	1	1	1	4	0	39
chr5	149187877	149188344	1	1	1	25	0	39
chr6	47577668	47594893	2	2	1	1	0	24
chr6	98939789	98941535	2	2	1	129	0	45
chr6	98939789	98944618	2	2	0	4	0	45
chr6	98941658	98944618	2	2	1	123	0	36
chr6	125162102	125162211	2	2	1	233	8	40
chr6	128371086	128371967	1	1	1	3881	3	44
chr6	128371086	128372530	1	1	1	2	0	49
chr6	128371086	128372533	1	1	1	18	0	46
chr6	128372013	128372278	1	1	0	1	0	25
chr6	128372013	128372504	1	1	0	29	0	26
chr6	128372013	128372509	1	1	0	8	0	31
chr6	128372013	128372530	1	1	1	505	1	47
chr6	128372013	128372533	1	1	1	3294	2	46
chr6	128372013	128372539	1	1	0	1	0	40
chr6	128372018	128372533	1	1	0	41	0	46
chr6	128372306	128372530	1	1	0	1	0	27
chr7	67240441	67243755	2	2	0	1	0	40
chr7	67240441	67244520	2	2	1	199	0	24
chr7	67240441	67251656	2	2	1	1901	0	46
chr7	67243817	67251656	2	2	0	1	0	38
chr7	67244545	67251656	2	2	1	199	0	24
chr7	101288340	102001612	1	3	0	4	0	12
chr7	102001660	102002294	1	1	1	1124	1	44
chr7	102001660	102007485	1	1	1	843	0	46
chr7	102001665	102002300	1	1	0	0	1	36
chr7	102002310	102007485	1	1	0	2	0	15
chr7	102002337	102007485	1	1	1	1120	1	42
chr7	112839481	112841887	1	1	1	6	0	41
chr7	112839481	112842039	1	1	1	48	0	41
chr7	112839481	112856052	1	1	1	1	0	12
chr7	112839481	112856797	1	1	1	4	0	41
chr7	112841951	112856052	1	1	1	1	0	12
chr7	112842103	112856052	1	1	1	51	0	12
chr7	112842103	112856797	1	1	1	2	0	37
chr7	112856065	112856797	1	1	1	53	0	12
chr7	127972771	127974399	1	1	1	1	0	7
chr7	127980247	127981190	1	1	1	10	0	22
chr7	127981292	127981410	1	1	1	11	0	6
chr8	25532429	25557730	1	1	1	7	0	44
chr8	33386064	33386329	1	1	0	2	0	46
chr8	47669337	47674505	2	2	1	1	0	17
chr8	95100453	95100646	2	2	1	650	0	31
chr8	95100453	95101408	2	2	0	201	0	46
chr8	95100674	95101408	2	2	1	650	0	42
chr8	123268550	123268744	2	2	1	137	0	46
chr9	43027296	43040539	2	2	1	59	0	39
chr9	43027296	43042590	2	2	1	78	0	45
chr9	43040597	43042590	2	2	1	58	0	45
chr9	80093642	80098885	1	1	1	6344	9	30
chr9	80093642	80098892	1	1	0	178	0	19
chr9	80093642	80103693	1	1	1	308	0	44
chr9	80098907	80099016	1	1	0	1	0	21
chr9	80098907	80101831	1	1	0	3	0	21
chr9	80098907	80103693	1	1	1	6517	9	24
chr9	80098907	80103698	1	1	0	6	0	21
chr9	80099049	80103693	1	1	0	1	0	37
chr9	80101891	80103693	1	1	0	3	0	37
chr9	114597607	114597794	2	2	1	355	0	39
chr9	114597607	114598704	2	2	0	8	0	42
chr9	114597825	114598704	2	2	0	3	0	30
chr9	114597831	114598704	2	2	1	351	0	38
chr11	79458907	79463232	1	1	1	7	0	42
chr11	79458907	79468716	1	1	1	128	0	42
chr11	79463296	79468716	1	1	1	8	0	39
chr11	94112147	94113262	1	1	1	112	0	23
chr11	94112147	94114172	1	1	1	391	0	32
chr11	94113302	94114172	1	1	1	118	0	39
chr11	102310577	102310925	2	2	1	41	0	42
chr11	102310577	102311379	2	2	1	612	1	46
chr11	102311037	102311379	2	2	1	41	1	45
chr12	71952560	71958746	1	1	1	49	0	27
chr12	71952560	71959805	1	1	1	87	0	44
chr12	71958774	71959805	1	1	1	49	0	29
chr12	83811361	83811669	2	2	0	2	0	37
chr12	83811361	83825258	2	2	1	53	0	34
chr12	83811361	83831921	2	2	1	373	1	41
chr12	83811744	83831921	2	2	0	2	0	38
chr12	83825292	83831921	2	2	1	53	0	33
chr12	113133338	113133495	1	1	0	102	7	44
chr12	113133338	113133540	1	1	1	1433	40	42
chr12	113133338	113135796	1	1	1	29	1	29
chr12	113133577	113134800	1	1	0	7	0	14
chr12	113133577	113135796	1	1	1	1463	47	29
chr12	113134813	113135796	1	1	0	6	0	12
chr13	46778994	46780625	2	2	1	437	0	43
chr13	46778994	46785245	2	2	1	2540	7	47
chr13	46780665	46785245	2	2	1	437	0	39
chr13	56084286	56089757	2	2	1	36	0	40
chr13	56089858	56096123	2	2	1	36	0	41
chr14	57643224	57648418	2	2	1	67	0	45
chr14	120389164	120395711	1	1	1	115	1	38
chr14	120389164	120396450	1	1	1	230	0	48
chr14	120395766	120396450	1	1	1	116	1	48
chr15	77102940	77105576	2	2	1	215	0	41
chr15	77102940	77113604	2	2	1	21	0	44
chr15	77105670	77113604	2	2	1	216	0	48
chr16	57178021	57181491	2	2	1	243	0	44
chr16	57178021	57182850	2	2	1	208	0	44
chr16	57181507	57182850	2	2	0	1	0	15
chr16	57181537	57182850	2	2	1	241	0	33
chr16	90960460	90960559	2	2	1	1	0	39
chr17	12979205	13846588	1	1	0	56	1	12
chr17	13695874	13846588	1	1	0	3	0	12
chr17	13846640	13848354	1	1	1	3144	7	22
chr17	13846640	13849107	1	1	1	4507	8	46
chr17	13846640	13849113	1	1	0	14	0	47
chr17	13848376	13849107	1	1	1	3123	7	33
chr17	13848376	13849113	1	1	0	14	0	21
chr17	45570567	45570665	2	2	1	600	1	44
chr17	45570800	45571017	2	2	1	673	0	24
chr17	56578845	56578920	2	2	1	1	0	18
chr17	56578986	56582983	2	2	1	1	0	42
chr17	64313119	64331795	2	2	1	1	0	14
chr18	10726534	10740982	1	1	1	2	0	15
chr18	53948155	53948644	1	1	1	12162	10	28
chr18	53948155	53953244	1	1	1	2322	1	45
chr18	53948155	53953268	1	1	0	1	0	40
chr18	53948666	53953244	1	1	0	9	0	21
chr18	53948669	53949681	1	1	0	1	0	15
chr18	53948669	53953244	1	1	1	12148	10	37
chr18	53949705	53953244	1	1	0	1	0	23
chr18	64511878	64511983	2	2	1	2	0	38
chr18	64515409	64516415	2	2	1	2	0	30
chr19	7281256	7281797	2	4	1	216	0	39
chr19	7281256	7282725	2	2	1	1104	0	36
chr19	7281960	7282725	2	2	1	230	0	35
