chr1	34295537	34296741	1	1	1	31	0	18
chr1	34295537	34299720	1	1	1	141	0	39
chr1	34296760	34299720	1	1	1	31	0	18
chr1	40010678	40011649	1	1	1	18	0	24
chr1	40010678	40014105	1	1	1	56	1	32
chr1	40011842	40014105	1	1	1	19	0	37
chr1	82735508	82741817	1	1	1	1	0	40
chr1	82735508	82747082	1	1	1	4	0	40
chr1	82735508	82750519	1	1	1	56	0	43
chr1	82747143	82750519	1	1	1	4	0	38
chr2	32292216	32296625	1	1	1	56	0	43
chr2	59932171	59933405	2	2	0	7	0	37
chr2	59932171	59933411	2	2	1	84	0	31
chr2	59932171	59933670	2	2	1	13	0	38
chr2	59933439	59933670	2	2	1	89	0	28
chr2	71849507	71853533	1	1	1	36	0	40
chr2	71849507	71855853	1	1	1	1600	3	47
chr2	71853664	71855853	1	1	1	37	0	41
chr2	75662926	75663570	1	1	1	2	0	39
chr2	91001089	91001461	1	1	1	398	0	34
chr2	91001089	91003299	1	1	0	7	1	33
chr2	91001511	91003210	1	1	1	397	0	25
chr2	91003238	91003810	1	1	0	1	0	27
chr2	91003346	91003810	1	1	1	12	0	36
chr2	91159306	91160316	2	2	1	3	0	47
chr2	91159306	91162027	2	2	1	146	0	47
chr2	91160371	91162027	2	2	1	3	0	38
chr2	91681696	91682025	2	2	1	1	0	50
chr2	91681696	91684668	2	2	1	655	0	50
chr2	91682110	91684668	2	2	0	1	0	38
chr2	153670448	153670848	1	1	1	49	0	42
chr2	153670448	153672215	1	1	1	1	0	50
chr2	153670909	153672215	1	1	1	48	0	50
chr2	168752731	168754433	2	2	0	1	0	47
chr2	168752741	168754433	2	2	1	12777	10	46
chr2	168754480	168788998	2	2	0	1	0	12
chr3	60613521	60614682	1	1	1	52	0	44
chr3	60613521	60615619	1	1	1	23	0	44
chr3	60614737	60615619	1	1	1	52	0	37
chr3	87733505	87734423	1	1	1	1	0	39
chr3	87733505	87735344	1	1	0	133	0	39
chr3	87734553	87735344	1	1	1	1	0	37
chr3	88483947	88484046	2	2	1	114	0	37
chr3	88484155	88484614	2	2	1	113	0	39
chr3	119724187	119724611	2	2	1	1204	0	34
chr3	119724187	119726065	2	2	1	2	0	29
chr3	119724646	119726065	2	2	1	1231	0	38
chr4	31992517	31994873	1	1	1	1136	3	39
chr4	31992517	32002088	1	1	1	686	2	49
chr4	31994955	32002088	1	1	1	1134	3	49
chr4	107009769	107027216	1	1	1	32	0	38
chr4	107009769	107028192	1	1	1	205	0	43
chr4	107027298	107028192	1	1	1	35	0	42
chr5	23565266	23616326	2	2	1	158	1	46
chr5	72958287	72965803	1	1	1	2	0	37
chr5	72958287	72974530	1	1	1	32	0	41
chr5	72965882	72974530	1	1	1	2	0	41
chr5	149184807	149187707	1	1	1	34	0	43
chr5	149184807	149188344	1	1	1	218	1	46
chr5	149187835	149188344	1	1	1	6	0	39
chr5	149187877	149188344	1	1	1	28	0	39
chr6	47577668	47594893	2	2	1	1	0	26
chr6	72634209	72649119	2	2	0	2	0	40
chr6	72634233	72648800	2	2	1	3263	2	42
chr6	72634233	72649119	2	2	1	7325	8	50
chr6	72648843	72649119	2	2	1	3253	1	42
chr6	98939789	98941535	2	2	1	41	0	45
chr6	98939789	98944618	2	2	0	1	0	45
chr6	98941658	98944618	2	2	1	40	0	36
chr6	125162102	125162211	2	2	1	388	17	36
chr6	128371086	128371967	1	1	1	1725	2	45
chr6	128371086	128372530	1	1	1	116	0	49
chr6	128371086	128372533	1	1	1	716	0	46
chr6	128372013	128372504	1	1	0	6	0	26
chr6	128372013	128372530	1	1	1	224	0	49
chr6	128372013	128372533	1	1	1	1477	2	46
chr6	128372013	128372536	1	1	0	1	0	43
chr6	128372018	128372533	1	1	0	21	0	46
chr7	67240441	67244520	2	2	1	8	0	24
chr7	67240441	67251656	2	2	1	501	0	44
chr7	67244545	67251656	2	2	1	8	0	24
chr7	101405603	102001614	1	1	0	6	0	13
chr7	101973352	102001612	1	1	0	1	0	12
chr7	102001660	102002294	1	1	1	201	0	42
chr7	102001660	102007485	1	1	1	2886	0	44
chr7	102002337	102007485	1	1	1	199	0	42
chr7	102002538	102007485	1	1	0	1	0	38
chr7	112839481	112841887	1	1	1	7	0	41
chr7	112839481	112842039	1	1	1	128	0	42
chr7	112839481	112856052	1	1	1	2	0	12
chr7	112839481	112856797	1	1	1	29	0	41
chr7	112841951	112856052	1	1	1	1	0	12
chr7	112841951	112856797	1	1	0	4	0	37
chr7	112842103	112856052	1	1	1	10	0	12
chr7	112842103	112856797	1	1	1	121	0	39
chr7	112856065	112856797	1	1	1	13	0	12
chr7	127980247	127981190	1	1	1	5	0	2
chr7	127981292	127981410	1	1	1	5	0	6
chr7	144861833	144862231	1	1	1	764	0	34
chr7	144861837	144862231	1	1	0	1	0	32
chr7	144862267	144862764	1	1	0	4	0	35
chr7	144862336	144862764	1	1	1	759	0	44
chr8	25532429	25557730	1	1	1	1	0	35
chr8	95100453	95100646	2	2	1	334	0	31
chr8	95100453	95101408	2	2	0	774	0	46
chr8	95100674	95101408	2	2	1	334	0	42
chr8	123268550	123268744	2	2	1	100	0	46
chr9	43027296	43040539	2	2	1	17	0	38
chr9	43027296	43042590	2	2	1	213	0	45
chr9	43040597	43042590	2	2	1	17	0	45
chr9	80093642	80098885	1	1	1	1438	0	26
chr9	80093642	80098892	1	1	0	35	0	14
chr9	80093642	80103693	1	1	1	5810	5	47
chr9	80093642	80103698	1	1	0	2	0	44
chr9	80098907	80103693	1	1	1	1472	0	23
chr9	80098907	80103698	1	1	0	2	0	21
chr9	114597607	114597794	2	2	1	149	0	39
chr9	114597607	114598704	2	2	0	204	0	42
chr9	114597825	114598704	2	2	0	1	0	30
chr9	114597831	114598704	2	2	1	148	0	36
chr11	20335249	20831974	1	1	0	0	6	13
chr11	79458907	79463232	1	1	1	23	0	42
chr11	79458907	79468716	1	1	1	43	0	42
chr11	79463296	79468716	1	1	1	22	0	39
chr11	79468155	79468716	1	1	1	1	0	39
chr11	94112147	94113262	1	1	1	17	0	21
chr11	94112147	94114172	1	1	1	287	0	32
chr11	94112147	94114187	1	1	0	1	0	32
chr11	94113302	94114172	1	1	1	17	0	39
chr11	100479298	100481376	2	2	1	1	0	30
chr11	100481848	100482144	2	2	1	2	0	39
chr11	102310577	102310925	2	2	1	59	0	42
chr11	102310577	102311379	2	2	1	327	1	46
chr11	102311037	102311379	2	2	1	58	0	45
chr11	102311037	102311403	2	2	0	1	0	21
chr11	115853148	115853267	1	1	1	1	0	16
chr12	71952560	71958746	1	1	1	1	0	27
chr12	71952560	71959805	1	1	1	264	0	43
chr12	71958774	71959805	1	1	1	1	0	27
chr12	83811361	83825258	2	2	1	126	0	34
chr12	83811361	83831921	2	2	1	163	0	41
chr12	83825292	83831921	2	2	1	126	0	33
chr12	113133338	113133495	1	1	0	8	0	42
chr12	113133338	113133540	1	1	1	280	0	38
chr12	113133338	113135796	1	1	1	863	0	30
chr12	113133577	113135796	1	1	1	274	0	29
chr13	46778994	46780625	2	2	1	596	1	42
chr13	46778994	46785245	2	2	1	2327	2	46
chr13	46780665	46785245	2	2	1	602	1	39
chr13	56084286	56089757	2	2	1	17	0	40
chr13	56089858	56096123	2	2	1	17	0	39
chr14	57643224	57648418	2	2	1	84	0	39
chr14	120389164	120395711	1	1	1	217	1	38
chr14	120389164	120396450	1	1	1	55	0	48
chr14	120395766	120396450	1	1	1	225	1	48
chr15	77102940	77105576	2	2	1	75	0	41
chr15	77102940	77113604	2	2	1	17	0	48
chr15	77105670	77113604	2	2	1	75	0	48
chr15	89082792	89084697	1	1	1	2	0	18
chr15	89084809	89084902	1	1	1	2	0	38
chr15	103242719	103243624	1	1	1	0	1	33
chr16	57178009	57182850	2	2	0	1	0	44
chr16	57178021	57181491	2	2	1	18	0	43
chr16	57178021	57182850	2	2	1	924	0	44
chr16	57181537	57182850	2	2	1	18	0	33
chr16	94686604	94691580	1	1	1	1	0	45
chr17	12979205	13846588	1	1	0	39	0	12
chr17	13846640	13848354	1	1	1	550	0	22
chr17	13846640	13849107	1	1	1	13803	16	46
chr17	13846640	13849113	1	1	0	82	0	47
chr17	13848376	13849107	1	1	1	549	0	33
chr17	13848376	13849113	1	1	0	2	0	21
chr17	45570567	45570665	2	2	1	286	1	37
chr17	45570800	45571017	2	2	1	294	0	21
chr17	46590452	46590758	2	2	1	1	0	11
chr18	53948155	53948381	1	1	0	1	0	39
chr18	53948155	53948644	1	1	1	1670	0	28
chr18	53948155	53953244	1	1	1	11183	14	45
chr18	53948447	53953244	1	1	0	1	0	37
chr18	53948669	53953244	1	1	1	1665	0	27
chr18	64515409	64516415	2	2	1	1	0	39
chr19	7281256	7281797	2	4	1	79	0	39
chr19	7281256	7282725	2	2	1	301	0	35
chr19	7281960	7282725	2	2	1	84	0	33
chrX	73952667	73952825	2	2	1	1	0	10
KV575235.1	147143	149353	1	1	0	0	1	33
