chr1	34295537	34296741	1	1	1	217	1	18
chr1	34295537	34299720	1	1	1	43	0	39
chr1	34296760	34299720	1	1	1	217	1	19
chr1	40010678	40011649	1	1	1	132	0	21
chr1	40010678	40011783	1	1	0	2	0	21
chr1	40010678	40011811	1	1	0	3	0	21
chr1	40010678	40014105	1	1	1	47	1	32
chr1	40011842	40014105	1	1	1	137	0	39
chr1	82735508	82741817	1	1	1	1	0	20
chr1	82735508	82747082	1	1	1	1	0	40
chr1	82735508	82750519	1	1	1	86	0	41
chr1	82747143	82750519	1	1	1	1	0	38
chr2	32292216	32293314	1	1	1	38	0	43
chr2	32292216	32296625	1	1	1	153	0	43
chr2	32293396	32296625	1	1	1	36	0	38
chr2	59932171	59933405	2	2	0	101	0	37
chr2	59932171	59933411	2	2	1	623	1	32
chr2	59932171	59933670	2	2	1	3	0	38
chr2	59933439	59933670	2	2	1	710	1	28
chr2	71849507	71853533	1	1	1	1215	1	42
chr2	71849507	71853820	1	1	0	1	0	37
chr2	71849507	71855853	1	1	1	2855	3	43
chr2	71849507	71855868	1	1	0	4	0	46
chr2	71853664	71855853	1	1	1	1231	1	42
chr2	71853891	71855853	1	1	0	1	0	40
chr2	75662926	75663570	1	1	1	12	0	39
chr2	91001089	91001461	1	1	1	1143	1	34
chr2	91001511	91003210	1	1	1	1142	1	25
chr2	91001511	91003299	1	1	0	1	0	46
chr2	91003238	91003810	1	1	0	7	0	27
chr2	91003346	91003810	1	1	1	38	0	36
chr2	91159300	91162027	2	2	0	6	0	41
chr2	91159306	91160316	2	2	1	322	0	47
chr2	91159306	91162027	2	2	1	673	1	47
chr2	91160371	91162027	2	2	1	319	0	39
chr2	91681696	91684668	2	2	1	244	0	50
chr3	60422418	60613472	1	1	0	0	10	15
chr3	60613521	60614682	1	1	1	2022	7	45
chr3	60613521	60615619	1	1	1	2020	7	48
chr3	60614737	60615619	1	1	1	2026	7	39
chr3	87733505	87734423	1	1	1	24	0	40
chr3	87733505	87734456	1	1	0	1	0	39
chr3	87733505	87735344	1	1	0	13	0	43
chr3	87734553	87735344	1	1	1	25	0	37
chr3	88483947	88484046	2	2	1	440	1	38
chr3	88484155	88484614	2	2	1	434	1	41
chr3	119724187	119724611	2	2	1	6377	1	34
chr3	119724187	119726065	2	2	1	19	0	29
chr3	119724646	119726065	2	2	1	6513	1	38
chr3	129825617	129826823	2	2	1	2	0	28
chr4	31992517	31994873	1	1	1	279	0	40
chr4	31992517	32002088	1	1	1	4536	7	50
chr4	31994955	32002088	1	1	1	278	0	49
chr4	107009769	107027216	1	1	1	14	0	38
chr4	107009769	107028192	1	1	1	200	1	41
chr4	107027298	107028192	1	1	1	17	0	41
chr5	23565266	23568183	2	2	0	1	0	37
chr5	23565266	23616326	2	2	1	1022	2	46
chr5	23568264	23616326	2	2	0	1	0	45
chr5	72958287	72965803	1	1	1	8	0	40
chr5	72958287	72974530	1	1	1	102	0	42
chr5	72965882	72974530	1	1	1	8	0	41
chr5	116477146	116482389	2	2	1	1	0	33
chr5	116482532	116591333	2	2	0	3	0	27
chr5	116482537	116591333	2	2	1	1441	7	50
chr5	149184807	149187707	1	1	1	38	0	45
chr5	149184807	149188344	1	1	1	699	1	45
chr5	149187835	149188344	1	1	1	3	0	40
chr5	149187864	149188344	1	1	0	1	0	39
chr5	149187877	149188344	1	1	1	34	0	39
chr6	72634233	72649119	2	2	1	2	0	40
chr6	98939789	98941535	2	2	1	271	1	46
chr6	98939789	98944618	2	2	0	3	0	45
chr6	98941658	98944618	2	2	1	270	1	36
chr6	125121682	125121931	1	1	1	1	0	42
chr6	125162102	125162211	2	2	1	645	19	43
chr6	128371086	128371967	1	1	1	5116	4	45
chr6	128371086	128371980	1	1	0	1	0	32
chr6	128371086	128372530	1	1	1	1	0	49
chr6	128371086	128372533	1	1	1	22	0	46
chr6	128372013	128372504	1	1	0	25	0	27
chr6	128372013	128372509	1	1	0	11	0	31
chr6	128372013	128372530	1	1	1	627	0	49
chr6	128372013	128372533	1	1	1	4402	4	46
chr6	128372013	128372536	1	1	0	4	0	43
chr6	128372013	128372539	1	1	0	1	0	40
chr6	128372018	128372530	1	1	0	8	0	49
chr6	128372018	128372533	1	1	0	52	0	46
chr7	25724845	25725923	2	2	1	1	0	38
chr7	67240441	67244520	2	2	1	246	0	24
chr7	67240441	67251656	2	2	1	1828	0	47
chr7	67244545	67251656	2	2	1	246	0	24
chr7	99849060	99858763	2	2	1	1	0	44
chr7	101288340	102001612	1	3	0	4	0	12
chr7	102001660	102002294	1	1	1	2726	0	43
chr7	102001660	102007485	1	1	1	576	0	44
chr7	102002337	102007485	1	1	1	2732	0	42
chr7	102003812	102007485	1	1	0	1	0	38
chr7	112839481	112841887	1	1	1	11	0	41
chr7	112839481	112842039	1	1	1	236	0	49
chr7	112839481	112856052	1	1	1	12	0	12
chr7	112839481	112856797	1	1	1	13	0	41
chr7	112841951	112856052	1	1	1	3	0	12
chr7	112842103	112856052	1	1	1	238	0	12
chr7	112842103	112856797	1	1	1	9	0	38
chr7	112856065	112856797	1	1	1	253	0	12
chr7	127972305	127972553	1	1	1	2	0	22
chr7	127980247	127981190	1	1	1	20	0	8
chr7	127981292	127981410	1	1	1	22	0	28
chr8	25532429	25555507	1	1	1	1	0	37
chr8	25532429	25557730	1	1	1	6	0	44
chr8	25555775	25557730	1	1	1	1	0	37
chr8	33386064	33386329	1	1	0	2	0	46
chr8	91688606	91932332	1	1	0	7	1	13
chr8	95100453	95100646	2	2	1	1253	3	32
chr8	95100453	95101408	2	2	0	171	0	46
chr8	95100674	95101408	2	2	1	1253	3	42
chr8	123268550	123268744	2	2	1	409	0	47
chr9	43027296	43040539	2	2	1	188	0	39
chr9	43027296	43042590	2	2	1	201	0	46
chr9	43040593	43042590	2	2	0	1	0	43
chr9	43040597	43042590	2	2	1	185	0	46
chr9	47813946	47818733	1	1	1	1	0	37
chr9	80093642	80098885	1	1	1	8896	10	44
chr9	80093642	80098892	1	1	0	199	0	19
chr9	80093642	80103693	1	1	1	309	0	45
chr9	80098907	80101831	1	1	0	1	0	14
chr9	80098907	80103693	1	1	1	9094	10	24
chr9	80098907	80103698	1	1	0	2	0	21
chr9	80099049	80103693	1	1	0	1	0	38
chr9	80101891	80103693	1	1	0	1	0	37
chr9	114597607	114597794	2	2	1	697	0	39
chr9	114597607	114598704	2	2	0	22	0	42
chr9	114597825	114598704	2	2	0	7	0	30
chr9	114597831	114598704	2	2	1	689	0	38
chr10	79863056	79863144	1	1	1	2	0	32
chr11	26778879	26787397	2	2	0	1	1	13
chr11	79458907	79463232	1	1	1	25	0	42
chr11	79458907	79468716	1	1	1	333	1	43
chr11	79463296	79468716	1	1	1	24	0	39
chr11	94112147	94113262	1	1	1	129	1	23
chr11	94112147	94114172	1	1	1	464	0	32
chr11	94113302	94114172	1	1	1	130	1	39
chr11	100481848	100482144	2	2	1	1	0	36
chr11	102310574	102311379	2	2	0	2	0	45
chr11	102310577	102310925	2	2	1	79	0	43
chr11	102310577	102311379	2	2	1	1116	0	46
chr11	102311037	102311379	2	2	1	77	0	45
chr12	71952560	71958746	1	1	1	93	0	27
chr12	71952560	71959805	1	1	1	86	0	44
chr12	71958774	71959805	1	1	1	93	0	29
chr12	83811361	83825258	2	2	1	86	0	33
chr12	83811361	83831872	2	2	0	1	0	37
chr12	83811361	83831921	2	2	1	509	0	41
chr12	83825292	83831921	2	2	1	85	0	33
chr12	112928622	113133308	1	1	0	0	5	13
chr12	113133338	113133495	1	1	0	165	17	44
chr12	113133338	113133540	1	1	1	2763	92	43
chr12	113133338	113135796	1	1	1	21	0	29
chr12	113133577	113134186	1	1	0	2	0	28
chr12	113133577	113134761	1	1	0	2	0	21
chr12	113133577	113134800	1	1	0	19	0	14
chr12	113133577	113135796	1	1	1	2814	109	29
chr12	113134231	113135796	1	1	0	2	0	29
chr12	113134813	113135796	1	1	0	18	0	29
chr13	46778994	46780545	2	2	0	1	0	40
chr13	46778994	46780625	2	2	1	1036	0	43
chr13	46778994	46785245	2	2	1	3207	7	46
chr13	46780665	46785245	2	2	1	1039	0	39
chr13	56084286	56089757	2	2	1	88	0	40
chr13	56084286	56096123	2	2	0	1	0	40
chr13	56089858	56096123	2	2	1	89	0	41
chr14	57643224	57643334	2	2	1	5	0	39
chr14	57643224	57648418	2	2	1	229	0	47
chr14	57643490	57648418	2	2	1	5	0	38
chr14	120389164	120395711	1	1	1	312	0	43
chr14	120389164	120396450	1	1	1	837	1	48
chr14	120395766	120396450	1	1	1	326	0	48
chr15	77102940	77105576	2	2	1	367	1	43
chr15	77102940	77112712	2	2	0	1	0	40
chr15	77102940	77113604	2	2	1	26	0	48
chr15	77105670	77113604	2	2	1	368	1	48
chr15	77112788	77113604	2	2	0	1	0	48
chr15	77113640	77125174	2	2	0	0	1	18
chr15	103242719	103243624	1	1	1	0	1	33
chr16	57178009	57181491	2	2	0	1	0	45
chr16	57178021	57181491	2	2	1	562	0	45
chr16	57178021	57182850	2	2	1	152	0	44
chr16	57181511	57182850	2	2	0	2	0	19
chr16	57181537	57182850	2	2	1	560	0	37
chr17	12979205	13846588	1	1	0	40	4	12
chr17	13846613	13848354	1	1	0	5	0	21
chr17	13846640	13848020	1	1	0	4	0	37
chr17	13846640	13848354	1	1	1	5506	19	22
chr17	13846640	13849107	1	1	1	4785	10	46
chr17	13846640	13849113	1	1	0	15	0	47
chr17	13848057	13848354	1	1	0	4	0	20
chr17	13848376	13849107	1	1	1	5509	20	29
chr17	13848376	13849113	1	1	0	10	0	21
chr17	45570567	45570665	2	2	1	923	4	40
chr17	45570800	45571017	2	2	1	1014	1	21
chr17	51783067	51785528	2	2	1	5	0	40
chr17	51785641	51803430	2	2	1	5	0	14
chr18	10726534	10740982	1	1	1	4	0	15
chr18	53948155	53948644	1	1	1	13088	9	28
chr18	53948155	53948651	1	1	0	3	0	17
chr18	53948155	53953244	1	1	1	1877	1	42
chr18	53948666	53953244	1	1	0	15	0	21
chr18	53948669	53953244	1	1	1	13054	9	37
chr19	7281251	7282725	2	2	0	1	0	26
chr19	7281256	7281797	2	4	1	229	1	40
chr19	7281256	7282331	2	2	0	1	0	37
chr19	7281256	7282725	2	2	1	1722	0	36
chr19	7281960	7282725	2	2	1	237	1	35
chr19	7282449	7282725	2	2	0	1	0	26
chr19	23687546	23694320	1	1	1	1	0	37
