chr1	34295537	34296741	1	1	1	76	1	18
chr1	34295537	34299720	1	1	1	260	0	42
chr1	34296760	34299720	1	1	1	76	1	18
chr1	40010678	40011649	1	1	1	28	0	21
chr1	40010678	40014105	1	1	1	84	2	32
chr1	40011842	40014105	1	1	1	27	0	37
chr1	58558058	58565856	2	2	1	1	0	18
chr1	58565955	58586211	2	2	1	1	0	30
chr1	82735508	82741934	1	1	0	1	0	40
chr1	82735508	82747082	1	1	1	3	0	40
chr1	82735508	82750519	1	1	1	89	0	40
chr1	82741977	82750519	1	1	1	1	0	38
chr1	82747143	82750519	1	1	1	3	0	38
chr1	178329408	178329867	2	2	1	1	0	14
chr2	32292216	32293314	1	1	1	3	0	43
chr2	32292216	32296625	1	1	1	112	0	44
chr2	32293396	32296625	1	1	1	3	0	38
chr2	59932171	59933405	2	2	0	8	0	33
chr2	59932171	59933411	2	2	1	76	0	27
chr2	59932171	59933670	2	2	1	22	0	39
chr2	59933439	59933670	2	2	1	84	0	28
chr2	71849507	71853533	1	1	1	30	0	39
chr2	71849507	71855853	1	1	1	2257	4	43
chr2	71853664	71855853	1	1	1	30	0	40
chr2	75662926	75663570	1	1	1	8	2	39
chr2	91001089	91001461	1	1	1	877	1	34
chr2	91001089	91003299	1	1	0	1	0	33
chr2	91001511	91003210	1	1	1	863	1	25
chr2	91003238	91003810	1	1	0	3	0	27
chr2	91003346	91003810	1	1	1	27	0	36
chr2	91159300	91162027	2	2	0	1	0	41
chr2	91159306	91160316	2	2	1	9	0	47
chr2	91159306	91162027	2	2	1	241	0	47
chr2	91160371	91162027	2	2	1	9	0	39
chr2	91681696	91682025	2	2	1	1	0	50
chr2	91681696	91684668	2	2	1	701	2	50
chr2	91682110	91684668	2	2	0	1	0	38
chr2	153670448	153670848	1	1	1	114	0	42
chr2	153670448	153672215	1	1	1	3	0	50
chr2	153670909	153672215	1	1	1	115	0	50
chr2	154864050	154865907	1	1	1	1	0	40
chr2	168752731	168754433	2	2	0	1	0	47
chr2	168752741	168754433	2	2	1	14711	23	46
chr2	168754471	168860933	2	2	0	0	3	20
chr3	60613521	60614682	1	1	1	173	0	44
chr3	60613521	60615619	1	1	1	43	0	44
chr3	60614737	60615619	1	1	1	174	0	39
chr3	87733505	87734423	1	1	1	1	0	39
chr3	87733505	87735344	1	1	0	266	0	42
chr3	87734553	87735344	1	1	1	1	0	37
chr3	88483947	88484046	2	2	1	131	0	37
chr3	88484155	88484614	2	2	1	129	0	39
chr3	108257306	108261685	1	1	1	1	0	24
chr3	119724187	119724611	2	2	1	2710	0	34
chr3	119724187	119726065	2	2	1	2	0	29
chr3	119724646	119726065	2	2	1	2762	0	38
chr3	129825617	129826823	2	2	1	1	0	38
chr3	142948246	142963375	2	2	0	0	4	13
chr4	31992517	31994873	1	1	1	1928	2	41
chr4	31992517	32002088	1	1	1	825	2	49
chr4	31994955	32002088	1	1	1	1921	2	49
chr4	107009769	107027216	1	1	1	49	0	39
chr4	107009769	107028192	1	1	1	266	1	42
chr4	107027298	107028192	1	1	1	54	0	41
chr4	107031092	107036935	1	1	1	1	0	29
chr4	139473637	139476130	1	1	1	1	0	8
chr5	23565266	23616326	2	2	1	223	0	46
chr5	28493655	28539334	2	2	0	1	0	12
chr5	72958287	72965803	1	1	1	1	0	37
chr5	72958287	72974530	1	1	1	40	0	41
chr5	72965882	72974530	1	1	1	1	0	41
chr5	116482537	116591333	2	2	1	4	0	50
chr5	149184807	149187707	1	1	1	51	0	44
chr5	149184807	149188344	1	1	1	365	0	44
chr5	149187835	149188344	1	1	1	4	0	39
chr5	149187864	149188344	1	1	0	1	0	39
chr5	149187877	149188344	1	1	1	47	0	39
chr6	47577668	47594893	2	2	1	2	0	20
chr6	51466706	51466905	2	2	1	1	0	10
chr6	72634233	72634303	2	2	0	1	0	37
chr6	72634233	72648800	2	2	1	3993	3	42
chr6	72634233	72649119	2	2	1	7746	9	44
chr6	72648843	72649119	2	2	1	3970	3	42
chr6	83326268	83329866	1	1	1	1	0	18
chr6	83330034	83332453	1	1	1	1	0	7
chr6	98939789	98940994	2	2	1	9	0	45
chr6	98939789	98941535	2	2	1	113	0	48
chr6	98939789	98944618	2	2	0	27	0	45
chr6	98941165	98944618	2	2	0	9	0	36
chr6	98941658	98944618	2	2	1	113	0	36
chr6	125162102	125162211	2	2	1	872	39	43
chr6	128371086	128371967	1	1	1	1956	2	43
chr6	128371086	128372530	1	1	1	72	0	49
chr6	128371086	128372533	1	1	1	785	0	46
chr6	128371086	128372536	1	1	0	6	0	43
chr6	128372013	128372504	1	1	0	4	0	26
chr6	128372013	128372509	1	1	0	2	0	31
chr6	128372013	128372530	1	1	1	254	1	47
chr6	128372013	128372533	1	1	1	1677	2	46
chr6	128372013	128372536	1	1	0	1	0	43
chr6	128372018	128372530	1	1	0	2	0	49
chr6	128372018	128372533	1	1	0	26	0	46
chr7	25724845	25725923	2	2	1	2	0	41
chr7	67240441	67244520	2	2	1	17	1	24
chr7	67240441	67251656	2	2	1	635	0	44
chr7	67244545	67251656	2	2	1	17	1	24
chr7	101405603	102001614	1	1	0	4	0	13
chr7	101448787	102001614	1	1	0	5	0	14
chr7	101970616	102001612	1	1	0	1	0	12
chr7	102001660	102002294	1	1	1	293	0	42
chr7	102001660	102007485	1	1	1	4931	6	45
chr7	102002310	102007485	1	1	0	2	0	15
chr7	102002337	102007485	1	1	1	294	0	42
chr7	112839481	112841887	1	1	1	12	1	41
chr7	112839481	112842039	1	1	1	209	1	42
chr7	112839481	112856052	1	1	1	1	0	12
chr7	112839481	112856797	1	1	1	34	0	41
chr7	112841906	112842057	1	1	0	0	1	18
chr7	112841951	112856052	1	1	1	3	0	12
chr7	112841951	112856797	1	1	0	3	0	37
chr7	112842103	112856052	1	1	1	15	0	12
chr7	112842103	112856797	1	1	1	202	1	43
chr7	112856065	112856797	1	1	1	19	0	12
chr7	112856065	112856803	1	1	0	1	0	12
chr7	127972771	127974399	1	1	1	1	0	23
chr7	127974435	127975887	1	1	1	1	0	20
chr7	127980247	127981190	1	1	1	16	0	5
chr7	127981292	127981410	1	1	1	19	0	7
chr7	144861833	144862231	1	1	1	1713	2	30
chr7	144861837	144862231	1	1	0	2	0	32
chr7	144862267	144862764	1	1	0	1	0	35
chr7	144862336	144862764	1	1	1	1705	2	45
chr8	25532429	25557730	1	1	1	2	0	44
chr8	25555775	25557730	1	1	1	1	0	37
chr8	72219861	72219940	1	1	1	2	0	30
chr8	95100453	95100646	2	2	1	459	0	27
chr8	95100453	95101408	2	2	0	667	0	46
chr8	95100674	95101408	2	2	1	459	0	42
chr8	121628690	121651724	2	2	1	1	0	38
chr8	123268550	123268744	2	2	1	139	0	46
chr9	43027296	43040539	2	2	1	31	0	38
chr9	43027296	43042590	2	2	1	420	0	46
chr9	43040593	43042590	2	2	0	1	0	43
chr9	43040597	43042590	2	2	1	29	0	45
chr9	80093642	80098885	1	1	1	1705	3	26
chr9	80093642	80098892	1	1	0	29	0	19
chr9	80093642	80103693	1	1	1	8635	10	45
chr9	80098907	80101831	1	1	0	2	0	21
chr9	80098907	80103693	1	1	1	1730	3	24
chr9	80098907	80103698	1	1	0	1	0	21
chr9	80101891	80103693	1	1	0	2	0	37
chr9	114597607	114597794	2	2	1	359	0	38
chr9	114597607	114598704	2	2	0	373	0	42
chr9	114597825	114598704	2	2	0	1	0	30
chr9	114597831	114598704	2	2	1	359	0	36
chr11	20335249	20831974	1	1	0	0	4	13
chr11	79458907	79463232	1	1	1	46	0	42
chr11	79458907	79468716	1	1	1	67	0	44
chr11	79463296	79468716	1	1	1	46	0	39
chr11	94112147	94113262	1	1	1	15	0	21
chr11	94112147	94114172	1	1	1	289	0	32
chr11	94113302	94114172	1	1	1	15	0	39
chr11	102310577	102310925	2	2	1	150	0	42
chr11	102310577	102311379	2	2	1	406	1	46
chr11	102311037	102311379	2	2	1	151	0	46
chr12	71952560	71958746	1	1	1	1	0	27
chr12	71952560	71959805	1	1	1	267	1	46
chr12	71958774	71959805	1	1	1	1	0	27
chr12	80205082	80209358	2	2	1	1	0	25
chr12	80209474	80259986	2	2	1	1	0	17
chr12	83811361	83825258	2	2	1	226	1	37
chr12	83811361	83831921	2	2	1	212	1	41
chr12	83825292	83831921	2	2	1	223	1	33
chr12	83825319	83831921	2	2	0	1	0	38
chr12	113133338	113133495	1	1	0	2	0	40
chr12	113133338	113133540	1	1	1	280	0	42
chr12	113133338	113135796	1	1	1	1017	0	29
chr12	113133577	113135796	1	1	1	269	0	29
chr13	46778994	46780625	2	2	1	759	0	42
chr13	46778994	46785245	2	2	1	3344	8	47
chr13	46780665	46785245	2	2	1	760	0	39
chr13	56084286	56089757	2	2	1	17	0	41
chr13	56089858	56096123	2	2	1	17	0	38
chr14	57643224	57643334	2	2	1	2	0	39
chr14	57643224	57648418	2	2	1	254	0	47
chr14	57643490	57648418	2	2	1	2	0	38
chr14	120389164	120395711	1	1	1	393	1	40
chr14	120389164	120396450	1	1	1	76	0	48
chr14	120395766	120396450	1	1	1	406	1	48
chr15	77102940	77105576	2	2	1	221	1	40
chr15	77102940	77113604	2	2	1	32	0	44
chr15	77105670	77113604	2	2	1	220	1	48
chr15	103242719	103242921	1	1	1	2	0	42
chr15	103242719	103243624	1	1	1	0	1	33
chr16	5048787	5049805	2	2	1	1	0	40
chr16	57178021	57181491	2	2	1	38	0	43
chr16	57178021	57182850	2	2	1	1581	3	44
chr16	57181537	57182850	2	2	1	38	0	34
chr16	94686604	94691580	1	1	1	5	0	45
chr17	12979205	13846588	1	1	0	13	0	12
chr17	13846640	13848354	1	1	1	495	2	22
chr17	13846640	13849107	1	1	1	13246	16	46
chr17	13846640	13849113	1	1	0	110	0	47
chr17	13848376	13849107	1	1	1	492	2	26
chr17	45570567	45570665	2	2	1	1034	1	42
chr17	45570800	45571017	2	2	1	1140	1	24
chr18	53948155	53948381	1	1	0	1	0	39
chr18	53948155	53948644	1	1	1	1679	0	33
chr18	53948155	53953244	1	1	1	12858	3	45
chr18	53948155	53953268	1	1	0	4	0	40
chr18	53948453	53953244	1	1	0	1	0	37
chr18	53948666	53953244	1	1	0	1	0	21
chr18	53948669	53953244	1	1	1	1676	0	37
chr18	53948673	53953244	1	1	0	1	0	28
chr19	7281256	7281797	2	4	1	140	1	40
chr19	7281256	7282725	2	2	1	477	0	35
chr19	7281960	7282725	2	2	1	146	1	35
