chr1	34295537	34296741	1	1	1	53	0	18
chr1	34295537	34299720	1	1	1	10	0	38
chr1	34296760	34299720	1	1	1	53	0	19
chr1	40010678	40011649	1	1	1	68	0	21
chr1	40010678	40011811	1	1	0	1	0	21
chr1	40010678	40014105	1	1	1	27	3	32
chr1	40011842	40014105	1	1	1	68	0	43
chr1	82735508	82741817	1	1	1	2	0	40
chr1	82735508	82750519	1	1	1	36	0	41
chr1	82747143	82750519	1	1	1	1	0	38
chr2	32292216	32293314	1	1	1	9	0	43
chr2	32292216	32296625	1	1	1	78	0	43
chr2	32293396	32296625	1	1	1	9	0	38
chr2	59926161	59932104	2	2	1	2	0	23
chr2	59932171	59933405	2	2	0	53	0	37
chr2	59932171	59933411	2	2	1	319	0	31
chr2	59932171	59933670	2	2	1	1	0	32
chr2	59933439	59933670	2	2	1	368	0	28
chr2	71849507	71853533	1	1	1	432	0	44
chr2	71849507	71853890	1	1	0	5	0	39
chr2	71849507	71855853	1	1	1	1342	2	42
chr2	71853664	71855853	1	1	1	458	0	41
chr2	71853948	71855853	1	1	0	4	0	40
chr2	75662926	75663570	1	1	1	1	0	27
chr2	91001089	91001461	1	1	1	367	0	27
chr2	91001089	91003299	1	1	0	3	1	33
chr2	91001511	91003210	1	1	1	358	0	22
chr2	91003346	91003810	1	1	1	11	0	36
chr2	91159306	91160316	2	2	1	190	0	47
chr2	91159306	91162027	2	2	1	337	1	47
chr2	91160371	91162027	2	2	1	187	0	41
chr2	91681696	91684668	2	2	1	133	0	50
chr2	153670448	153672215	1	1	1	2	0	50
chr3	60201323	60613472	1	1	0	0	4	14
chr3	60607681	60613472	1	1	0	0	1	14
chr3	60613521	60614682	1	1	1	738	3	45
chr3	60613521	60615619	1	1	1	623	4	48
chr3	60614737	60615619	1	1	1	740	3	38
chr3	87733505	87734423	1	1	1	8	0	41
chr3	87733505	87735344	1	1	0	10	0	39
chr3	87734553	87735344	1	1	1	8	0	37
chr3	88483947	88484046	2	2	1	347	0	38
chr3	88484077	88484614	2	2	0	1	0	30
chr3	88484155	88484614	2	2	1	346	0	40
chr3	119724187	119724611	2	2	1	3644	1	34
chr3	119724187	119726065	2	2	1	10	0	29
chr3	119724646	119726065	2	2	1	3716	1	38
chr3	142948246	142963375	2	2	0	0	1	13
chr4	31992517	31994873	1	1	1	207	0	39
chr4	31992517	32002088	1	1	1	2078	3	49
chr4	31994955	32002088	1	1	1	205	0	49
chr4	107009769	107027216	1	1	1	7	0	38
chr4	107009769	107028192	1	1	1	51	0	41
chr4	107027298	107028192	1	1	1	12	0	41
chr4	149222365	149223229	2	2	1	1	0	30
chr5	23565266	23610849	2	2	0	1	0	42
chr5	23565266	23616326	2	2	1	300	0	45
chr5	23610909	23616326	2	2	0	1	0	45
chr5	72958287	72965803	1	1	1	3	0	40
chr5	72958287	72974530	1	1	1	46	0	42
chr5	72965882	72974530	1	1	1	3	0	41
chr5	116477146	116482389	2	2	1	1	0	40
chr5	116482537	116591333	2	2	1	675	1	50
chr5	116566843	116591333	2	2	0	1	0	43
chr5	122284910	122308130	1	1	1	1	0	37
chr5	149184807	149187707	1	1	1	17	0	43
chr5	149184807	149188344	1	1	1	497	3	45
chr5	149187835	149188344	1	1	1	1	0	39
chr5	149187877	149188344	1	1	1	15	0	39
chr6	98939789	98941535	2	2	1	114	0	47
chr6	98939789	98944618	2	2	0	6	0	45
chr6	98941658	98944618	2	2	1	113	0	36
chr6	125162102	125162211	2	2	1	299	14	37
chr6	128371086	128371967	1	1	1	2276	3	44
chr6	128371086	128372533	1	1	1	10	0	46
chr6	128372013	128372504	1	1	0	8	0	26
chr6	128372013	128372509	1	1	0	3	0	31
chr6	128372013	128372530	1	1	1	263	0	49
chr6	128372013	128372533	1	1	1	1978	3	46
chr6	128372013	128372536	1	1	0	3	0	43
chr6	128372018	128372530	1	1	0	4	0	49
chr6	128372018	128372533	1	1	0	17	0	46
chr7	67235229	67236523	2	2	1	1	0	29
chr7	67240441	67244520	2	2	1	54	0	28
chr7	67240441	67251656	2	2	1	613	1	47
chr7	67244545	67251656	2	2	1	54	0	24
chr7	101956449	102001614	1	1	0	1	0	14
chr7	102001660	102002294	1	1	1	1015	1	43
chr7	102001660	102007485	1	1	1	377	0	45
chr7	102001665	102002300	1	1	0	1	1	36
chr7	102002337	102007485	1	1	1	1016	1	42
chr7	112839481	112841887	1	1	1	2	0	41
chr7	112839481	112842039	1	1	1	111	0	41
chr7	112839481	112856052	1	1	1	5	0	12
chr7	112839481	112856797	1	1	1	6	0	41
chr7	112842103	112856052	1	1	1	112	0	12
chr7	112842103	112856797	1	1	1	2	0	37
chr7	112856065	112856797	1	1	1	118	0	12
chr7	127980247	127981190	1	1	1	1	0	2
chr7	127981292	127981410	1	1	1	1	0	6
chr8	25532429	25555507	1	1	1	1	0	44
chr8	25532429	25557730	1	1	1	3	0	44
chr8	25555775	25557730	1	1	1	1	0	37
chr8	46207621	46208397	2	2	1	1	0	31
chr8	71469326	71472036	1	1	1	1	0	44
chr8	71472118	71472194	1	1	1	1	0	22
chr8	71472247	71473774	1	1	1	1	0	11
chr8	95100453	95100646	2	2	1	506	0	31
chr8	95100453	95101408	2	2	0	95	0	46
chr8	95100674	95101408	2	2	1	506	0	42
chr8	123268550	123268744	2	2	1	153	0	46
chr9	43027296	43040539	2	2	1	83	0	38
chr9	43027296	43042590	2	2	1	70	0	45
chr9	43040597	43042590	2	2	1	85	0	45
chr9	80093642	80098885	1	1	1	4742	5	27
chr9	80093642	80098892	1	1	0	128	0	19
chr9	80093642	80103693	1	1	1	251	0	45
chr9	80098907	80101831	1	1	0	0	1	21
chr9	80098907	80103693	1	1	1	4867	4	29
chr9	80098907	80103698	1	1	0	2	0	21
chr9	80101891	80103693	1	1	0	0	1	36
chr9	114597607	114597794	2	2	1	286	1	38
chr9	114597607	114598704	2	2	0	19	0	42
chr9	114597825	114598704	2	2	0	3	0	30
chr9	114597831	114598704	2	2	1	282	1	38
chr10	13890883	13906518	1	1	0	1	0	13
chr11	78233684	78245547	2	2	1	1	0	28
chr11	79458907	79463232	1	1	1	13	0	42
chr11	79458907	79468716	1	1	1	141	0	45
chr11	79463296	79468716	1	1	1	12	0	38
chr11	80428756	80431704	1	1	1	2	0	19
chr11	94112147	94113262	1	1	1	66	0	21
chr11	94112147	94114172	1	1	1	198	0	32
chr11	94113302	94114172	1	1	1	67	0	39
chr11	102310577	102310925	2	2	1	45	0	42
chr11	102310577	102311379	2	2	1	612	0	47
chr11	102311037	102311379	2	2	1	44	0	45
chr12	71952560	71958746	1	1	1	46	0	27
chr12	71952560	71959805	1	1	1	34	0	43
chr12	71958774	71959805	1	1	1	46	0	27
chr12	83811361	83825258	2	2	1	45	0	33
chr12	83811361	83831921	2	2	1	242	1	41
chr12	83825292	83831921	2	2	1	45	0	33
chr12	113133338	113133495	1	1	0	50	7	45
chr12	113133338	113133540	1	1	1	969	35	40
chr12	113133338	113135796	1	1	1	4	0	29
chr12	113133577	113134186	1	1	0	1	0	28
chr12	113133577	113134800	1	1	0	3	0	12
chr12	113133577	113135796	1	1	1	990	42	29
chr12	113134231	113135796	1	1	0	1	0	29
chr12	113134813	113135796	1	1	0	3	0	12
chr13	46778994	46780625	2	2	1	483	1	41
chr13	46778994	46785245	2	2	1	1763	8	46
chr13	46780665	46785245	2	2	1	477	1	39
chr13	56084286	56089757	2	2	1	42	0	40
chr13	56089858	56096123	2	2	1	42	0	41
chr14	57643224	57648418	2	2	1	74	0	39
chr14	120389164	120395711	1	1	1	143	0	39
chr14	120389164	120396450	1	1	1	286	0	48
chr14	120395766	120396450	1	1	1	147	0	48
chr15	77102940	77105576	2	2	1	176	1	41
chr15	77102940	77113604	2	2	1	5	0	48
chr15	77105670	77113604	2	2	1	176	1	48
chr15	103242719	103243624	1	1	1	0	1	34
chr16	57178021	57181491	2	2	1	169	1	43
chr16	57178021	57182850	2	2	1	56	0	43
chr16	57181537	57182850	2	2	1	166	1	37
chr17	12979205	13846588	1	1	0	25	1	12
chr17	13846640	13848354	1	1	1	3076	4	25
chr17	13846640	13849107	1	1	1	2662	9	45
chr17	13846640	13849113	1	1	0	2	0	47
chr17	13848376	13849107	1	1	1	3071	4	29
chr17	45570567	45570665	2	2	1	266	0	37
chr17	45570800	45571017	2	2	1	298	0	23
chr18	10726534	10740982	1	1	1	1	0	15
chr18	53948155	53948381	1	1	0	3	0	39
chr18	53948155	53948644	1	1	1	7644	9	29
chr18	53948155	53953244	1	1	1	1216	2	44
chr18	53948447	53953244	1	1	0	3	0	37
chr18	53948666	53953244	1	1	0	9	0	21
chr18	53948669	53953244	1	1	1	7622	9	37
chr18	64511878	64511983	2	2	1	1	0	6
chr18	64512050	64515325	2	2	1	1	0	15
chr18	64515406	64516415	2	2	1	1	0	30
chr19	7281256	7281797	2	4	1	130	0	38
chr19	7281256	7282725	2	2	1	841	0	36
chr19	7281960	7282725	2	2	1	136	0	35
chrX	159414893	159443922	1	1	1	1	0	27
KV575235.1	147143	149353	1	1	0	0	1	32
