chr1	34295537	34296741	1	1	1	44	1	18
chr1	34295537	34299720	1	1	1	244	2	40
chr1	34296760	34299720	1	1	1	44	1	19
chr1	40010678	40011649	1	1	1	28	0	21
chr1	40010678	40014105	1	1	1	79	2	32
chr1	40011842	40014105	1	1	1	28	0	37
chr1	82735508	82741934	1	1	0	1	0	40
chr1	82735508	82747082	1	1	1	3	0	40
chr1	82735508	82750519	1	1	1	82	0	41
chr1	82741977	82750519	1	1	1	1	0	38
chr1	82747143	82750519	1	1	1	3	0	38
chr2	32292216	32296625	1	1	1	96	0	44
chr2	59932171	59933405	2	2	0	8	0	33
chr2	59932171	59933411	2	2	1	83	0	31
chr2	59932171	59933670	2	2	1	9	0	39
chr2	59933439	59933670	2	2	1	90	0	28
chr2	71849507	71853533	1	1	1	52	0	39
chr2	71849507	71855853	1	1	1	2264	5	43
chr2	71853664	71855853	1	1	1	54	0	41
chr2	75662926	75663570	1	1	1	4	0	28
chr2	91001089	91001461	1	1	1	607	1	34
chr2	91001089	91003299	1	1	0	2	0	33
chr2	91001511	91003210	1	1	1	595	1	25
chr2	91003238	91003810	1	1	0	2	0	27
chr2	91003346	91003810	1	1	1	15	0	36
chr2	91159306	91160316	2	2	1	7	0	47
chr2	91159306	91162027	2	2	1	217	0	47
chr2	91160371	91162027	2	2	1	10	0	38
chr2	91681696	91682025	2	2	1	1	0	50
chr2	91681696	91684668	2	2	1	960	1	50
chr2	91682137	91684668	2	2	1	1	0	38
chr2	153670448	153670848	1	1	1	62	1	42
chr2	153670909	153672215	1	1	1	63	1	50
chr2	157294229	157295253	1	1	1	1	0	39
chr2	157295389	157297381	1	1	1	1	0	39
chr2	168752741	168754433	2	2	1	15575	18	46
chr3	60613521	60614682	1	1	1	127	0	44
chr3	60613521	60615619	1	1	1	35	0	44
chr3	60614737	60615619	1	1	1	127	0	38
chr3	87733505	87734423	1	1	1	1	0	38
chr3	87733505	87735344	1	1	0	214	0	45
chr3	87734553	87735344	1	1	1	1	0	37
chr3	88483947	88484046	2	2	1	140	0	37
chr3	88484155	88484614	2	2	1	136	0	39
chr3	119724187	119724611	2	2	1	2186	1	34
chr3	119724187	119726065	2	2	1	4	0	29
chr3	119724646	119726065	2	2	1	2241	1	38
chr3	119726116	119820407	2	2	0	4	0	13
chr3	129825617	129826823	2	2	1	2	0	36
chr4	31992517	31994873	1	1	1	1840	1	42
chr4	31992517	32002088	1	1	1	877	2	49
chr4	31994955	32002088	1	1	1	1832	1	49
chr4	46468788	46469882	1	1	1	1	0	11
chr4	107009769	107027216	1	1	1	73	0	39
chr4	107009769	107028192	1	1	1	326	0	42
chr4	107027298	107028192	1	1	1	78	0	46
chr5	23565266	23616326	2	2	1	221	0	49
chr5	72958287	72974530	1	1	1	35	0	42
chr5	74540990	74542008	1	1	1	1	0	15
chr5	114370229	114374895	2	2	1	1	0	21
chr5	116482537	116591333	2	2	1	6	0	40
chr5	122284910	122308130	1	1	1	1	0	39
chr5	149184807	149185484	1	1	1	2	0	44
chr5	149184807	149187707	1	1	1	49	0	44
chr5	149184807	149188344	1	1	1	305	0	45
chr5	149187835	149188344	1	1	1	7	0	39
chr5	149187864	149188344	1	1	0	1	0	39
chr5	149187877	149188344	1	1	1	41	0	40
chr6	47577668	47594893	2	2	1	2	0	24
chr6	72633011	72633215	2	2	1	1	0	6
chr6	72634233	72634303	2	2	0	4	0	37
chr6	72634233	72648800	2	2	1	4234	1	42
chr6	72634233	72649119	2	2	1	8106	4	50
chr6	72634351	72649119	2	2	0	4	0	40
chr6	72648843	72649119	2	2	1	4205	1	42
chr6	98939789	98940994	2	2	1	5	0	45
chr6	98939789	98941535	2	2	1	74	0	46
chr6	98939789	98944618	2	2	0	6	0	45
chr6	98941165	98944618	2	2	0	5	0	36
chr6	98941658	98944618	2	2	1	75	0	36
chr6	125162102	125162211	2	2	1	666	28	39
chr6	128371086	128371967	1	1	1	1964	3	44
chr6	128371086	128372278	1	1	0	1	0	27
chr6	128371086	128372530	1	1	1	88	0	49
chr6	128371086	128372533	1	1	1	943	1	46
chr6	128371086	128372536	1	1	0	1	0	43
chr6	128372013	128372504	1	1	0	3	0	26
chr6	128372013	128372509	1	1	0	1	0	31
chr6	128372013	128372530	1	1	1	261	0	49
chr6	128372013	128372533	1	1	1	1677	3	46
chr6	128372018	128372530	1	1	0	2	0	49
chr6	128372018	128372533	1	1	0	26	0	46
chr6	128372306	128372530	1	1	0	1	0	27
chr7	67240441	67244520	2	2	1	16	0	24
chr7	67240441	67251656	2	2	1	640	2	44
chr7	67244545	67251656	2	2	1	16	0	24
chr7	99849060	99858763	2	2	1	1	0	42
chr7	101405603	102001614	1	1	0	5	1	13
chr7	101448787	102001614	1	1	0	4	0	14
chr7	102001660	102002294	1	1	1	302	0	42
chr7	102001660	102007485	1	1	1	4231	2	47
chr7	102002337	102007485	1	1	1	307	0	39
chr7	112839481	112841887	1	1	1	11	0	41
chr7	112839481	112842039	1	1	1	226	0	41
chr7	112839481	112856052	1	1	1	3	0	12
chr7	112839481	112856797	1	1	1	23	0	41
chr7	112841951	112856052	1	1	1	1	0	12
chr7	112841951	112856797	1	1	0	1	0	37
chr7	112842103	112856052	1	1	1	9	0	12
chr7	112842103	112856776	1	1	0	1	0	16
chr7	112842103	112856797	1	1	1	228	0	44
chr7	112856065	112856797	1	1	1	14	0	14
chr7	127980247	127981190	1	1	1	17	0	22
chr7	127981292	127981410	1	1	1	18	0	6
chr7	144861833	144862231	1	1	1	1719	2	39
chr7	144862267	144862764	1	1	0	9	0	35
chr7	144862336	144862764	1	1	1	1693	2	44
chr7	144862377	144862764	1	1	0	3	0	37
chr8	25532429	25555507	1	1	1	1	0	41
chr8	25532429	25557730	1	1	1	6	0	44
chr8	25555775	25557730	1	1	1	4	0	37
chr8	57305349	57551066	2	2	0	1	3	13
chr8	72219861	72219940	1	1	1	1	0	30
chr8	95100453	95100646	2	2	1	337	0	31
chr8	95100453	95101408	2	2	0	808	1	46
chr8	95100674	95101408	2	2	1	337	0	42
chr8	123268550	123268744	2	2	1	100	0	50
chr9	43027296	43029555	2	2	0	2	0	38
chr9	43027296	43040539	2	2	1	15	0	38
chr9	43027296	43042590	2	2	1	356	0	46
chr9	43029615	43042590	2	2	0	2	0	43
chr9	43040597	43042590	2	2	1	15	0	45
chr9	80093642	80093859	1	1	0	1	0	30
chr9	80093642	80098885	1	1	1	1670	1	26
chr9	80093642	80098892	1	1	0	48	0	14
chr9	80093642	80103693	1	1	1	9018	8	46
chr9	80093642	80103698	1	1	0	3	0	44
chr9	80093890	80098885	1	1	0	1	0	16
chr9	80098907	80103693	1	1	1	1720	1	23
chr9	114597607	114597790	2	2	0	2	0	40
chr9	114597607	114597794	2	2	1	321	0	38
chr9	114597607	114598704	2	2	0	402	1	42
chr9	114597825	114598704	2	2	0	2	0	30
chr9	114597831	114598704	2	2	1	320	0	38
chr11	26778879	26787397	2	2	0	0	1	13
chr11	79458907	79463232	1	1	1	33	0	42
chr11	79458907	79468716	1	1	1	52	0	42
chr11	79463296	79468716	1	1	1	34	0	39
chr11	94112147	94113262	1	1	1	24	0	21
chr11	94112147	94114172	1	1	1	406	0	32
chr11	94113302	94114172	1	1	1	25	0	39
chr11	102310577	102310925	2	2	1	108	0	42
chr11	102310577	102311379	2	2	1	343	0	46
chr11	102311037	102311379	2	2	1	106	0	45
chr12	71952560	71959805	1	1	1	265	0	43
chr12	83811361	83825258	2	2	1	186	0	33
chr12	83811361	83831921	2	2	1	182	0	41
chr12	83825292	83831921	2	2	1	187	0	33
chr12	113133338	113133495	1	1	0	11	0	42
chr12	113133338	113133540	1	1	1	325	1	43
chr12	113133338	113134186	1	1	0	2	0	42
chr12	113133338	113135796	1	1	1	1160	0	29
chr12	113133577	113135796	1	1	1	321	0	29
chr12	113134231	113135796	1	1	0	2	0	29
chr13	46778990	46785245	2	2	0	1	0	44
chr13	46778994	46780625	2	2	1	725	0	44
chr13	46778994	46785245	2	2	1	3304	1	47
chr13	46780665	46785245	2	2	1	728	0	39
chr13	56084286	56089757	2	2	1	24	0	40
chr13	56089858	56096123	2	2	1	25	0	38
chr14	57643224	57643334	2	2	1	6	0	39
chr14	57643224	57648418	2	2	1	256	0	47
chr14	57643490	57648418	2	2	1	6	0	38
chr14	120389164	120395711	1	1	1	408	0	39
chr14	120389164	120395717	1	1	0	1	0	38
chr14	120389164	120396450	1	1	1	72	0	48
chr14	120395766	120396450	1	1	1	429	0	48
chr15	77102940	77105576	2	2	1	193	0	41
chr15	77102940	77113604	2	2	1	23	0	44
chr15	77105670	77113604	2	2	1	196	0	48
chr15	103242719	103242921	1	1	1	2	0	33
chr15	103242719	103243624	1	1	1	1	1	33
chr15	103243781	103243958	1	1	1	1	0	40
chr16	57178021	57181491	2	2	1	25	0	43
chr16	57178021	57182850	2	2	1	1281	0	44
chr16	57181537	57182850	2	2	1	25	0	34
chr16	94686604	94691580	1	1	1	2	0	45
chr17	12979205	13846588	1	1	0	12	0	12
chr17	13846640	13848354	1	1	1	530	1	22
chr17	13846640	13849107	1	1	1	13919	19	46
chr17	13846640	13849113	1	1	0	104	0	47
chr17	13848376	13849107	1	1	1	531	1	26
chr17	45570567	45570665	2	2	1	527	0	50
chr17	45570800	45571017	2	2	1	553	1	21
chr18	53948155	53948644	1	1	1	1832	2	28
chr18	53948155	53953244	1	1	1	13569	9	45
chr18	53948155	53953268	1	1	0	3	0	40
chr18	53948666	53953244	1	1	0	2	0	21
chr18	53948669	53953244	1	1	1	1827	2	27
chr19	7281251	7282725	2	2	0	1	0	26
chr19	7281256	7281797	2	4	1	175	0	39
chr19	7281256	7282725	2	2	1	585	0	36
chr19	7281960	7282725	2	2	1	182	0	26
