chr1	34295537	34296741	1	1	1	112	0	18
chr1	34295537	34299720	1	1	1	19	0	38
chr1	34296760	34299720	1	1	1	112	0	19
chr1	40010678	40011649	1	1	1	149	0	29
chr1	40010678	40011733	1	1	0	2	0	21
chr1	40010678	40011787	1	1	0	1	0	21
chr1	40010678	40014105	1	1	1	68	1	32
chr1	40011842	40014105	1	1	1	146	0	40
chr1	82735508	82741817	1	1	1	3	0	20
chr1	82735508	82747082	1	1	1	1	0	40
chr1	82735508	82750519	1	1	1	86	0	41
chr1	136018608	136019657	1	1	1	1	0	48
chr2	30066894	30068268	1	1	1	2	0	20
chr2	32292216	32293314	1	1	1	41	0	43
chr2	32292216	32296625	1	1	1	112	0	44
chr2	32293396	32296625	1	1	1	42	0	38
chr2	59926161	59932104	2	2	1	2	0	20
chr2	59932171	59933405	2	2	0	98	0	33
chr2	59932171	59933411	2	2	1	625	1	31
chr2	59933439	59933670	2	2	1	710	1	28
chr2	71849507	71853533	1	1	1	1408	5	44
chr2	71849507	71855853	1	1	1	1911	0	41
chr2	71849507	71855868	1	1	0	8	0	46
chr2	71853664	71855853	1	1	1	1514	5	42
chr2	75662926	75663570	1	1	1	7	0	40
chr2	85039980	85040264	1	1	1	1	0	31
chr2	91001089	91001461	1	1	1	1049	0	34
chr2	91001089	91003299	1	1	0	3	1	33
chr2	91001511	91003210	1	1	1	1029	0	25
chr2	91001511	91003299	1	1	0	2	0	46
chr2	91003238	91003810	1	1	0	4	0	27
chr2	91003346	91003810	1	1	1	20	0	36
chr2	91003349	91003810	1	1	0	1	0	36
chr2	91159306	91160316	2	2	1	315	0	47
chr2	91159306	91162027	2	2	1	572	3	47
chr2	91160371	91162027	2	2	1	313	0	40
chr2	91681696	91682025	2	2	1	4	0	50
chr2	91681696	91684668	2	2	1	330	0	50
chr2	91682110	91684668	2	2	0	2	0	38
chr2	91682137	91684668	2	2	1	2	0	38
chr2	153670448	153672215	1	1	1	1	0	50
chr3	60201323	60613472	1	1	0	0	5	14
chr3	60422418	60613472	1	1	0	0	4	15
chr3	60613521	60614682	1	1	1	1601	7	45
chr3	60613521	60614688	1	1	0	4	0	38
chr3	60613521	60615619	1	1	1	1931	7	45
chr3	60614737	60615619	1	1	1	1614	7	39
chr3	87733505	87734423	1	1	1	24	0	39
chr3	87733505	87735344	1	1	0	14	0	39
chr3	87734553	87735344	1	1	1	24	0	38
chr3	88483947	88484046	2	2	1	478	1	39
chr3	88483947	88484055	2	2	0	1	0	37
chr3	88483947	88484614	2	2	0	2	0	38
chr3	88484155	88484614	2	2	1	470	1	42
chr3	119724187	119724611	2	2	1	10364	9	34
chr3	119724187	119726065	2	2	1	6	0	29
chr3	119724646	119726065	2	2	1	10576	10	39
chr3	129825617	129826823	2	2	1	2	0	36
chr4	31992517	31994873	1	1	1	400	0	38
chr4	31992517	32002088	1	1	1	4816	11	49
chr4	31994955	32002088	1	1	1	401	0	49
chr4	32002154	32010315	1	1	1	1	0	16
chr4	107009769	107027216	1	1	1	11	0	38
chr4	107009769	107028192	1	1	1	132	0	46
chr4	107027298	107028192	1	1	1	17	0	41
chr4	139473637	139476130	1	1	1	1	0	8
chr5	23565266	23616326	2	2	1	914	0	46
chr5	72958287	72965803	1	1	1	1	0	40
chr5	72958287	72974530	1	1	1	98	0	42
chr5	72965882	72974530	1	1	1	1	0	41
chr5	116482537	116591333	2	2	1	1087	2	50
chr5	149184807	149185484	1	1	1	2	0	43
chr5	149184807	149187707	1	1	1	16	0	44
chr5	149184807	149188344	1	1	1	1005	3	46
chr5	149185662	149188344	1	1	0	1	0	39
chr5	149187877	149188344	1	1	1	18	0	39
chr6	47577668	47594893	2	2	1	2	0	26
chr6	51465242	51466141	2	2	1	1	0	42
chr6	72634233	72648800	2	2	1	1	0	37
chr6	72648843	72649119	2	2	1	1	0	40
chr6	98939789	98941535	2	2	1	245	0	46
chr6	98939789	98944618	2	2	0	13	0	45
chr6	98941658	98944618	2	2	1	245	0	36
chr6	116401123	116403419	1	1	1	2	0	25
chr6	125162102	125162211	2	2	1	525	18	36
chr6	128371086	128371967	1	1	1	4609	6	44
chr6	128371086	128372530	1	1	1	8	0	49
chr6	128371086	128372533	1	1	1	24	0	46
chr6	128372013	128372278	1	1	0	3	0	27
chr6	128372013	128372504	1	1	0	27	0	29
chr6	128372013	128372509	1	1	0	7	0	32
chr6	128372013	128372530	1	1	1	589	2	49
chr6	128372013	128372533	1	1	1	3921	5	46
chr6	128372013	128372536	1	1	0	1	0	43
chr6	128372018	128372530	1	1	0	11	0	49
chr6	128372018	128372533	1	1	0	53	0	46
chr6	128372018	128372539	1	1	0	1	0	40
chr6	128372306	128372533	1	1	0	3	0	27
chr7	25724845	25725923	2	2	1	2	0	41
chr7	59229272	59247172	1	1	1	1	0	26
chr7	67240441	67244520	2	2	1	171	0	27
chr7	67240441	67251656	2	2	1	1712	2	45
chr7	67244545	67251656	2	2	1	171	0	24
chr7	102001660	102002294	1	1	1	2368	2	43
chr7	102001660	102007485	1	1	1	569	0	49
chr7	102002310	102007485	1	1	0	1	0	15
chr7	102002337	102007485	1	1	1	2379	2	42
chr7	112839481	112841887	1	1	1	6	0	41
chr7	112839481	112842039	1	1	1	177	0	41
chr7	112839481	112856052	1	1	1	3	0	12
chr7	112839481	112856797	1	1	1	7	0	41
chr7	112841951	112856052	1	1	1	1	0	12
chr7	112842103	112856052	1	1	1	179	0	12
chr7	112842103	112856797	1	1	1	4	0	37
chr7	112856065	112856797	1	1	1	182	0	15
chr7	112856065	112856803	1	1	0	2	0	12
chr7	127980247	127981190	1	1	1	19	0	5
chr7	127981292	127981410	1	1	1	16	0	6
chr8	11423625	11423716	1	1	1	1	0	37
chr8	25532429	25557730	1	1	1	2	0	44
chr8	25555775	25557730	1	1	1	2	0	38
chr8	47669337	47674505	2	2	1	1	0	19
chr8	91688606	91932332	1	1	0	8	1	13
chr8	95100453	95100646	2	2	1	1211	0	46
chr8	95100453	95101408	2	2	0	132	0	46
chr8	95100674	95101408	2	2	1	1209	0	42
chr8	95100700	95101408	2	2	0	2	0	44
chr8	121628690	121651724	2	2	1	1	0	44
chr8	123268550	123268744	2	2	1	255	0	47
chr9	43027296	43040539	2	2	1	170	1	38
chr9	43027296	43042590	2	2	1	153	0	46
chr9	43040597	43042590	2	2	1	170	1	45
chr9	59436916	59454401	2	2	1	1	0	13
chr9	59454470	59485978	2	2	1	1	0	8
chr9	80093642	80098885	1	1	1	8817	8	26
chr9	80093642	80098892	1	1	0	191	1	14
chr9	80093642	80103693	1	1	1	616	0	45
chr9	80098907	80099016	1	1	0	4	0	21
chr9	80098907	80101831	1	1	0	3	0	21
chr9	80098907	80103693	1	1	1	9022	9	24
chr9	80099049	80103693	1	1	0	3	0	37
chr9	80101891	80103693	1	1	0	3	0	37
chr9	106891199	106891813	2	2	1	1	0	17
chr9	114597607	114597794	2	2	1	721	1	39
chr9	114597607	114598704	2	2	0	15	0	40
chr9	114597825	114598704	2	2	0	13	0	30
chr9	114597831	114598704	2	2	1	703	1	36
chr11	79458907	79463232	1	1	1	14	0	42
chr11	79458907	79468716	1	1	1	289	1	42
chr11	79463296	79468716	1	1	1	14	0	39
chr11	94112147	94113262	1	1	1	152	0	24
chr11	94112147	94114172	1	1	1	468	0	32
chr11	94113302	94114172	1	1	1	158	0	39
chr11	102310577	102310925	2	2	1	79	0	42
chr11	102310577	102311021	2	2	0	1	0	15
chr11	102310577	102311360	2	2	0	1	0	42
chr11	102310577	102311379	2	2	1	1256	0	46
chr11	102311037	102311379	2	2	1	79	0	45
chr12	71952560	71958746	1	1	1	87	0	27
chr12	71952560	71959805	1	1	1	52	0	46
chr12	71958774	71959805	1	1	1	87	0	35
chr12	83811361	83811669	2	2	0	1	0	37
chr12	83811361	83825258	2	2	1	60	0	33
chr12	83811361	83831921	2	2	1	611	0	42
chr12	83811744	83831921	2	2	0	1	0	38
chr12	83825292	83831921	2	2	1	60	0	33
chr12	112928622	113133308	1	1	0	0	6	13
chr12	113133338	113133495	1	1	0	145	22	44
chr12	113133338	113133540	1	1	1	2293	90	43
chr12	113133338	113135796	1	1	1	6	0	29
chr12	113133577	113134761	1	1	0	2	0	21
chr12	113133577	113134800	1	1	0	10	0	12
chr12	113133577	113135796	1	1	1	2361	112	30
chr12	113134813	113135796	1	1	0	12	0	29
chr13	46778990	46780625	2	2	0	1	0	39
chr13	46778994	46780625	2	2	1	1112	1	41
chr13	46778994	46785245	2	2	1	2972	6	47
chr13	46780663	46785245	2	2	0	2	0	38
chr13	46780665	46785245	2	2	1	1114	1	40
chr13	56084286	56089757	2	2	1	88	0	40
chr13	56084286	56096123	2	2	0	2	0	40
chr13	56089858	56096123	2	2	1	86	0	41
chr14	31257768	31257880	1	1	1	1	0	46
chr14	57643224	57643334	2	2	1	3	0	39
chr14	57643224	57648418	2	2	1	148	0	47
chr14	57643490	57648418	2	2	1	3	0	38
chr14	120389164	120395711	1	1	1	304	0	42
chr14	120389164	120396450	1	1	1	773	0	48
chr14	120395766	120396450	1	1	1	309	0	48
chr15	77102940	77105576	2	2	1	283	0	41
chr15	77102940	77113604	2	2	1	11	0	44
chr15	77105646	77113604	2	2	0	1	0	44
chr15	77105670	77113604	2	2	1	278	0	48
chr15	77112788	77113604	2	2	0	1	0	44
chr15	103242473	103242643	1	1	1	1	0	35
chr16	57178021	57181491	2	2	1	525	0	44
chr16	57178021	57182850	2	2	1	111	0	43
chr16	57181507	57182850	2	2	0	1	0	15
chr16	57181537	57182850	2	2	1	524	0	37
chr16	84831508	84834808	2	2	1	2	0	44
chr17	12979205	13846588	1	1	0	56	1	12
chr17	13846613	13848354	1	1	0	2	0	21
chr17	13846640	13848354	1	1	1	6530	14	24
chr17	13846640	13849107	1	1	1	4985	10	47
chr17	13846640	13849113	1	1	0	28	0	47
chr17	13848376	13849107	1	1	1	6510	14	29
chr17	13848376	13849113	1	1	0	23	0	21
chr17	45568563	45568857	2	2	1	1	0	24
chr17	45570558	45570665	2	2	0	1	0	36
chr17	45570567	45570665	2	2	1	641	3	42
chr17	45570800	45571017	2	2	1	737	2	21
chr17	56578845	56578920	2	2	1	1	0	18
chr17	56578986	56582983	2	2	1	1	0	42
chr18	53948155	53948644	1	1	1	14875	21	30
chr18	53948155	53948651	1	1	0	2	0	17
chr18	53948155	53953244	1	1	1	2565	5	45
chr18	53948666	53953244	1	1	0	8	0	21
chr18	53948669	53953244	1	1	1	14874	18	37
chr18	53948669	53953268	1	1	0	3	0	24
chr19	7281251	7282725	2	2	0	1	0	26
chr19	7281256	7281797	2	4	1	223	0	39
chr19	7281256	7282725	2	2	1	1721	2	36
chr19	7281960	7282725	2	2	1	232	0	27
chrX	159414893	159443922	1	1	1	1	0	27
KV575235.1	147143	149353	1	1	0	0	1	32
