chr1	34295537	34296741	1	1	1	173	0	18
chr1	34295537	34299720	1	1	1	112	1	43
chr1	34296760	34299720	1	1	1	173	0	19
chr1	40010678	40011649	1	1	1	85	0	22
chr1	40010678	40011783	1	1	0	2	0	21
chr1	40010678	40014105	1	1	1	27	2	32
chr1	40011842	40014105	1	1	1	80	0	38
chr1	55088413	55089050	1	1	1	1	0	30
chr1	82735508	82741817	1	1	1	1	0	40
chr1	82735508	82747082	1	1	1	3	0	40
chr1	82735508	82750519	1	1	1	68	0	43
chr1	82741977	82750519	1	1	1	1	0	38
chr1	82747143	82750519	1	1	1	3	0	38
chr2	32292216	32293314	1	1	1	13	0	46
chr2	32292216	32296625	1	1	1	135	0	43
chr2	32293396	32296625	1	1	1	13	0	38
chr2	59926161	59932104	2	2	1	2	0	23
chr2	59932171	59933405	2	2	0	62	0	37
chr2	59932171	59933411	2	2	1	449	0	32
chr2	59932171	59933670	2	2	1	5	0	37
chr2	59933439	59933670	2	2	1	505	0	30
chr2	71849507	71853533	1	1	1	504	0	40
chr2	71849507	71853820	1	1	0	1	0	37
chr2	71849507	71853890	1	1	0	4	0	39
chr2	71849507	71855853	1	1	1	6641	15	45
chr2	71853664	71855853	1	1	1	519	0	42
chr2	71853891	71855853	1	1	0	1	0	40
chr2	71853948	71855853	1	1	0	4	0	41
chr2	75662926	75663570	1	1	1	4	0	39
chr2	91001089	91001461	1	1	1	888	0	34
chr2	91001511	91003210	1	1	1	887	1	27
chr2	91003346	91003810	1	1	1	12	0	36
chr2	91159300	91162027	2	2	0	5	0	41
chr2	91159306	91160316	2	2	1	293	1	47
chr2	91159306	91162027	2	2	1	453	0	47
chr2	91160371	91162027	2	2	1	290	1	41
chr2	91681696	91684668	2	2	1	210	0	50
chr2	153670448	153672215	1	1	1	4	1	50
chr2	153713625	153714954	1	1	1	0	1	50
chr3	60422418	60613472	1	1	0	0	3	15
chr3	60613521	60614682	1	1	1	2477	4	45
chr3	60613521	60614688	1	1	0	3	0	38
chr3	60613521	60615619	1	1	1	1133	1	45
chr3	60614737	60615619	1	1	1	2492	4	39
chr3	87733505	87734423	1	1	1	17	0	39
chr3	87733505	87734456	1	1	0	1	0	39
chr3	87733505	87735344	1	1	0	10	0	41
chr3	87734553	87735344	1	1	1	18	0	38
chr3	88483947	88484046	2	2	1	221	0	38
chr3	88484077	88484614	2	2	0	1	0	30
chr3	88484155	88484614	2	2	1	220	0	40
chr3	90017290	90018413	2	2	1	1	0	24
chr3	119724187	119724611	2	2	1	10311	3	34
chr3	119724187	119726065	2	2	1	22	0	29
chr3	119724646	119726065	2	2	1	10603	3	38
chr3	119726116	120643502	2	2	0	4	0	13
chr3	129825617	129826823	2	2	1	1	0	36
chr4	31992517	31994873	1	1	1	292	1	39
chr4	31992517	32002088	1	1	1	2782	5	49
chr4	31994955	32002088	1	1	1	292	1	49
chr4	46468788	46469882	1	1	1	1	0	11
chr4	107009769	107027216	1	1	1	32	0	38
chr4	107009769	107028192	1	1	1	217	0	42
chr4	107027298	107028192	1	1	1	37	0	41
chr5	23565266	23616326	2	2	1	2749	6	49
chr5	72958287	72965803	1	1	1	1	0	40
chr5	72958287	72974530	1	1	1	136	1	41
chr5	72965882	72974530	1	1	1	1	0	41
chr5	116482537	116591333	2	2	1	1169	3	50
chr5	149184807	149187707	1	1	1	22	0	43
chr5	149184807	149188344	1	1	1	703	1	44
chr5	149187835	149188344	1	1	1	2	0	39
chr5	149187877	149188344	1	1	1	20	0	39
chr6	47577668	47594893	2	2	1	1	0	34
chr6	98939789	98941535	2	2	1	132	0	46
chr6	98941658	98944618	2	2	1	130	0	37
chr6	125162102	125162211	2	2	1	230	7	40
chr6	128371086	128371967	1	1	1	4895	4	45
chr6	128371086	128372530	1	1	1	1	0	49
chr6	128371086	128372533	1	1	1	46	0	46
chr6	128372013	128372278	1	1	0	1	0	27
chr6	128372013	128372504	1	1	0	21	0	26
chr6	128372013	128372509	1	1	0	6	0	31
chr6	128372013	128372530	1	1	1	665	0	47
chr6	128372013	128372533	1	1	1	4141	4	46
chr6	128372013	128372536	1	1	0	1	0	43
chr6	128372013	128372539	1	1	0	1	0	40
chr6	128372018	128372504	1	1	0	1	0	26
chr6	128372018	128372530	1	1	0	6	0	49
chr6	128372018	128372533	1	1	0	52	0	46
chr6	128372306	128372533	1	1	0	1	0	27
chr7	67240441	67244520	2	2	1	424	0	40
chr7	67240441	67251656	2	2	1	3060	4	48
chr7	67244545	67251656	2	2	1	422	0	24
chr7	67244580	67251656	2	2	0	2	0	38
chr7	101405603	102001614	1	1	0	4	0	13
chr7	102001660	102002294	1	1	1	1001	0	42
chr7	102001660	102007485	1	1	1	1089	0	44
chr7	102002337	102007485	1	1	1	1002	0	42
chr7	102003812	102007485	1	1	0	1	0	38
chr7	112839481	112841887	1	1	1	1	0	41
chr7	112839481	112842039	1	1	1	94	1	42
chr7	112839481	112856052	1	1	1	4	0	12
chr7	112839481	112856797	1	1	1	5	0	41
chr7	112842103	112856052	1	1	1	91	1	12
chr7	112842103	112856797	1	1	1	4	0	37
chr7	112856065	112856797	1	1	1	95	1	12
chr7	127980247	127981190	1	1	1	21	0	8
chr7	127981292	127981410	1	1	1	23	0	6
chr8	95100443	95100636	2	2	0	1	0	36
chr8	95100453	95100646	2	2	1	858	3	32
chr8	95100453	95101408	2	2	0	389	0	46
chr8	95100674	95101408	2	2	1	859	3	42
chr8	95101447	95139983	2	2	0	0	2	15
chr8	123268550	123268744	2	2	1	168	0	47
chr9	43027296	43040539	2	2	1	117	0	40
chr9	43027296	43042590	2	2	1	218	0	46
chr9	43040597	43042590	2	2	1	113	0	46
chr9	80093642	80098885	1	1	1	9967	3	26
chr9	80093642	80098892	1	1	0	181	0	18
chr9	80093642	80103693	1	1	1	385	1	45
chr9	80093642	80103698	1	1	0	4	0	44
chr9	80098907	80103693	1	1	1	10157	3	24
chr9	80101891	80103693	1	1	0	1	0	37
chr9	114597607	114597794	2	2	1	583	0	38
chr9	114597607	114598704	2	2	0	16	0	41
chr9	114597825	114598704	2	2	0	3	0	30
chr9	114597831	114598704	2	2	1	579	0	39
chr11	79458907	79463232	1	1	1	11	0	42
chr11	79458907	79468716	1	1	1	171	0	42
chr11	79463296	79468716	1	1	1	9	0	38
chr11	79468155	79468716	1	1	1	1	0	34
chr11	83497297	83497893	1	1	1	2	0	33
chr11	83497927	83499072	1	1	1	2	0	33
chr11	94112147	94113262	1	1	1	79	0	21
chr11	94112147	94114172	1	1	1	669	0	32
chr11	94113302	94114172	1	1	1	83	0	39
chr11	100479298	100481376	2	2	1	1	0	30
chr11	100481848	100482144	2	2	1	1	0	35
chr11	102310577	102310925	2	2	1	44	0	42
chr11	102310577	102311379	2	2	1	702	0	46
chr11	102311037	102311379	2	2	1	43	0	45
chr12	71952560	71958746	1	1	1	87	0	27
chr12	71952560	71959805	1	1	1	41	0	44
chr12	71952560	71959809	1	1	0	3	0	45
chr12	71958774	71959805	1	1	1	87	0	29
chr12	83811361	83825258	2	2	1	82	0	34
chr12	83811361	83831921	2	2	1	390	0	41
chr12	83825292	83831921	2	2	1	82	0	33
chr12	112928622	113133308	1	1	0	0	6	13
chr12	113133338	113133495	1	1	0	140	8	43
chr12	113133338	113133540	1	1	1	2519	77	43
chr12	113133338	113135796	1	1	1	44	0	29
chr12	113133577	113134186	1	1	0	3	0	28
chr12	113133577	113134800	1	1	0	9	0	12
chr12	113133577	113135796	1	1	1	2572	85	29
chr12	113134231	113135796	1	1	0	3	0	29
chr12	113134813	113135796	1	1	0	9	0	12
chr13	46778994	46780545	2	2	0	1	0	40
chr13	46778994	46780625	2	2	1	386	0	41
chr13	46778994	46785245	2	2	1	3567	8	47
chr13	46780665	46785245	2	2	1	387	1	39
chr13	56084286	56089757	2	2	1	39	0	41
chr13	56089858	56096123	2	2	1	39	0	39
chr14	57643224	57648418	2	2	1	81	0	40
chr14	120389164	120395711	1	1	1	299	0	40
chr14	120389164	120396450	1	1	1	300	0	48
chr14	120395766	120396450	1	1	1	314	0	48
chr15	77102940	77104709	2	2	0	1	0	40
chr15	77102940	77105576	2	2	1	210	0	41
chr15	77102940	77113604	2	2	1	12	0	48
chr15	77104781	77113604	2	2	0	1	0	44
chr15	77105670	77113604	2	2	1	209	0	48
chr16	57178021	57181491	2	2	1	343	1	44
chr16	57178021	57182850	2	2	1	265	0	43
chr16	57181507	57182850	2	2	0	4	0	15
chr16	57181537	57182850	2	2	1	339	1	37
chr16	84831508	84834808	2	2	1	1	0	26
chr17	12979205	13846588	1	1	0	93	0	12
chr17	13846640	13848354	1	1	1	3803	5	22
chr17	13846640	13849107	1	1	1	7808	5	46
chr17	13846640	13849113	1	1	0	37	0	47
chr17	13848376	13849107	1	1	1	3801	5	27
chr17	45570567	45570665	2	2	1	552	0	42
chr17	45570800	45571017	2	2	1	591	0	21
chr18	53948155	53948644	1	1	1	16602	9	33
chr18	53948155	53948651	1	1	0	2	0	17
chr18	53948155	53953244	1	1	1	3939	2	44
chr18	53948155	53953268	1	1	0	1	0	40
chr18	53948666	53953244	1	1	0	6	0	21
chr18	53948669	53953244	1	1	1	16579	9	37
chr18	53948673	53953244	1	1	0	2	0	28
chr19	7281251	7281793	2	2	0	1	0	43
chr19	7281256	7281797	2	4	1	354	1	39
chr19	7281256	7282725	2	2	1	1500	0	36
chr19	7281960	7282725	2	2	1	372	1	35
