chr1	34295537	34296741	1	1	1	89	0	18
chr1	34295537	34299720	1	1	1	23	0	39
chr1	34296760	34299720	1	1	1	89	0	18
chr1	40010678	40011649	1	1	1	128	0	22
chr1	40010678	40011783	1	1	0	1	0	21
chr1	40010678	40011787	1	1	0	1	0	21
chr1	40010678	40011811	1	1	0	4	0	21
chr1	40010678	40014105	1	1	1	43	3	32
chr1	40011842	40014105	1	1	1	133	0	38
chr1	55088413	55089050	1	1	1	1	0	30
chr1	82735508	82747082	1	1	1	3	0	40
chr1	82735508	82750519	1	1	1	74	0	44
chr1	82735512	82750554	1	1	0	1	0	28
chr1	82747143	82750519	1	1	1	3	0	38
chr2	32292216	32293314	1	1	1	12	0	43
chr2	32292216	32296625	1	1	1	97	0	43
chr2	32293396	32296625	1	1	1	12	0	38
chr2	59926161	59932104	2	2	1	1	0	33
chr2	59932171	59933405	2	2	0	96	0	37
chr2	59932171	59933411	2	2	1	598	0	32
chr2	59932171	59933670	2	2	1	9	0	38
chr2	59933439	59933670	2	2	1	686	0	28
chr2	71849507	71853533	1	1	1	419	0	40
chr2	71849507	71853820	1	1	0	1	0	31
chr2	71849507	71855853	1	1	1	3500	5	43
chr2	71849507	71855868	1	1	0	3	0	46
chr2	71853664	71855853	1	1	1	440	0	41
chr2	71853891	71855853	1	1	0	1	0	40
chr2	75662926	75663570	1	1	1	6	1	39
chr2	91001089	91001461	1	1	1	800	0	34
chr2	91001089	91003299	1	1	0	3	0	33
chr2	91001511	91003210	1	1	1	801	0	25
chr2	91003238	91003810	1	1	0	4	0	27
chr2	91003346	91003810	1	1	1	16	0	36
chr2	91159306	91160316	2	2	1	220	0	47
chr2	91159306	91162027	2	2	1	575	0	47
chr2	91160371	91162027	2	2	1	222	0	39
chr2	91681696	91682025	2	2	1	1	0	50
chr2	91681696	91684668	2	2	1	157	1	50
chr2	91682110	91684668	2	2	0	1	0	38
chr2	125848285	125849739	2	2	1	1	0	23
chr2	153670448	153670848	1	1	1	1	0	42
chr2	153670448	153672215	1	1	1	6	0	50
chr2	153670909	153672215	1	1	1	1	0	50
chr3	60613521	60614682	1	1	1	1397	5	45
chr3	60613521	60614688	1	1	0	1	0	38
chr3	60613521	60615619	1	1	1	965	1	45
chr3	60614737	60615619	1	1	1	1405	5	41
chr3	87733505	87734423	1	1	1	14	0	39
chr3	87733505	87735344	1	1	0	15	0	39
chr3	87734553	87735344	1	1	1	14	0	42
chr3	88483947	88484046	2	2	1	207	0	37
chr3	88484155	88484614	2	2	1	204	0	40
chr3	119724187	119724611	2	2	1	5132	0	34
chr3	119724187	119726065	2	2	1	26	0	29
chr3	119724646	119726065	2	2	1	5298	0	38
chr3	129825617	129826823	2	2	1	1	0	36
chr4	31992517	31994873	1	1	1	307	0	39
chr4	31992517	32002088	1	1	1	4220	3	49
chr4	31994955	32002088	1	1	1	308	0	49
chr4	107009769	107027216	1	1	1	18	0	38
chr4	107009769	107028192	1	1	1	142	0	43
chr4	107027298	107028192	1	1	1	26	0	41
chr4	128787221	128789863	2	2	1	1	0	2
chr5	13042670	13661475	1	1	0	5	0	13
chr5	23565266	23616326	2	2	1	1084	0	46
chr5	28493655	28539334	2	2	0	0	1	13
chr5	72958287	72965803	1	1	1	1	0	40
chr5	72958287	72974530	1	1	1	117	0	42
chr5	72965882	72974530	1	1	1	1	0	41
chr5	116482537	116591333	2	2	1	888	1	50
chr5	145131517	145132858	2	2	1	1	0	16
chr5	149184807	149185484	1	1	1	1	0	43
chr5	149184807	149187707	1	1	1	19	0	43
chr5	149184807	149188344	1	1	1	643	0	45
chr5	149185662	149188344	1	1	0	1	0	39
chr5	149187877	149188344	1	1	1	19	0	39
chr6	98939789	98941535	2	2	1	196	0	46
chr6	98939789	98944618	2	2	0	20	0	45
chr6	98941658	98944618	2	2	1	197	0	37
chr6	125162102	125162211	2	2	1	284	12	36
chr6	128371086	128371967	1	1	1	3988	1	45
chr6	128371086	128371980	1	1	0	4	0	32
chr6	128371086	128372533	1	1	1	29	0	46
chr6	128372013	128372278	1	1	0	1	0	25
chr6	128372013	128372504	1	1	0	20	0	26
chr6	128372013	128372509	1	1	0	3	0	31
chr6	128372013	128372530	1	1	1	513	0	49
chr6	128372013	128372533	1	1	1	3401	1	46
chr6	128372013	128372536	1	1	0	1	0	43
chr6	128372013	128372539	1	1	0	2	0	40
chr6	128372018	128372530	1	1	0	4	0	49
chr6	128372018	128372533	1	1	0	52	0	46
chr6	128372306	128372530	1	1	0	1	0	27
chr7	25724845	25725923	2	2	1	1	0	30
chr7	67240441	67244520	2	2	1	227	0	25
chr7	67240441	67251656	2	2	1	1486	1	47
chr7	67244545	67251656	2	2	1	226	0	24
chr7	102001660	102002294	1	1	1	1260	0	42
chr7	102001660	102007485	1	1	1	792	0	43
chr7	102002310	102007485	1	1	0	2	0	15
chr7	102002337	102007485	1	1	1	1263	0	42
chr7	112839481	112841887	1	1	1	4	0	41
chr7	112839481	112842039	1	1	1	138	0	41
chr7	112839481	112856052	1	1	1	2	0	12
chr7	112839481	112856797	1	1	1	6	0	41
chr7	112842103	112856052	1	1	1	139	0	12
chr7	112842103	112856797	1	1	1	3	0	37
chr7	112856065	112856797	1	1	1	143	0	14
chr7	127980247	127981190	1	1	1	8	0	5
chr7	127981292	127981410	1	1	1	10	0	6
chr8	25532429	25555507	1	1	1	1	0	44
chr8	25532429	25557730	1	1	1	2	0	44
chr8	25555775	25557730	1	1	1	1	0	37
chr8	95100453	95100646	2	2	1	895	1	31
chr8	95100453	95101408	2	2	0	171	0	46
chr8	95100674	95101408	2	2	1	895	1	42
chr8	95101447	95139983	2	2	0	0	1	15
chr8	123268550	123268744	2	2	1	190	1	47
chr9	43027296	43040539	2	2	1	131	0	39
chr9	43027296	43042590	2	2	1	218	0	45
chr9	43040593	43042590	2	2	0	3	0	45
chr9	43040597	43042590	2	2	1	129	0	45
chr9	80093642	80098885	1	1	1	7464	1	26
chr9	80093642	80098892	1	1	0	199	0	18
chr9	80093642	80103693	1	1	1	300	0	45
chr9	80098907	80099016	1	1	0	1	0	21
chr9	80098907	80103693	1	1	1	7665	1	29
chr9	80098907	80103698	1	1	0	1	0	21
chr9	80099049	80103693	1	1	0	1	0	37
chr9	80111454	80113726	1	1	1	1	0	11
chr9	114597607	114597794	2	2	1	448	0	38
chr9	114597607	114598704	2	2	0	16	0	42
chr9	114597825	114598704	2	2	0	3	0	30
chr9	114597831	114598704	2	2	1	444	0	36
chr11	79458907	79463232	1	1	1	12	0	42
chr11	79458907	79468716	1	1	1	215	0	46
chr11	79463296	79468716	1	1	1	12	0	39
chr11	94112147	94113262	1	1	1	121	0	21
chr11	94112147	94114172	1	1	1	371	0	32
chr11	94113302	94114172	1	1	1	124	0	39
chr11	102310577	102310925	2	2	1	45	0	42
chr11	102310577	102311379	2	2	1	680	1	46
chr11	102311037	102311379	2	2	1	46	0	45
chr12	71952560	71958746	1	1	1	54	0	27
chr12	71952560	71959805	1	1	1	84	0	43
chr12	71958774	71959805	1	1	1	54	0	27
chr12	83811361	83811669	2	2	0	2	0	37
chr12	83811361	83825258	2	2	1	71	0	37
chr12	83811361	83831921	2	2	1	379	0	44
chr12	83811744	83831921	2	2	0	1	0	38
chr12	83825292	83831921	2	2	1	72	0	35
chr12	83825319	83831921	2	2	0	1	0	38
chr12	113133338	113133495	1	1	0	114	14	43
chr12	113133338	113133540	1	1	1	2170	63	42
chr12	113133338	113135796	1	1	1	42	0	29
chr12	113133577	113134800	1	1	0	9	0	12
chr12	113133577	113135796	1	1	1	2217	77	29
chr12	113134813	113135796	1	1	0	9	0	12
chr13	46778987	46780625	2	2	0	1	0	39
chr13	46778994	46780625	2	2	1	736	0	40
chr13	46778994	46785245	2	2	1	3154	8	46
chr13	46780665	46785245	2	2	1	739	0	39
chr13	56084286	56089757	2	2	1	50	0	41
chr13	56084286	56096123	2	2	0	3	0	40
chr13	56089858	56096123	2	2	1	50	0	41
chr14	57643224	57643334	2	2	1	3	0	39
chr14	57643224	57648418	2	2	1	119	0	47
chr14	57643490	57648418	2	2	1	3	0	38
chr14	120389164	120395711	1	1	1	264	0	39
chr14	120389164	120396450	1	1	1	494	1	48
chr14	120395766	120396450	1	1	1	278	0	48
chr15	77102940	77105576	2	2	1	243	0	41
chr15	77102940	77113604	2	2	1	24	0	48
chr15	77105670	77113604	2	2	1	241	0	48
chr15	103242719	103243624	1	1	1	1	0	34
chr16	57178021	57181491	2	2	1	364	0	44
chr16	57178021	57182850	2	2	1	242	0	44
chr16	57181507	57182850	2	2	0	1	0	15
chr16	57181537	57182850	2	2	1	359	0	37
chr16	84831508	84834808	2	2	1	1	0	44
chr17	12979205	13846588	1	1	0	87	2	12
chr17	13846613	13848354	1	1	0	2	0	21
chr17	13846640	13848354	1	1	1	3458	5	22
chr17	13846640	13849107	1	1	1	4539	9	46
chr17	13846640	13849113	1	1	0	36	1	47
chr17	13848376	13849107	1	1	1	3457	6	26
chr17	13848376	13849113	1	1	0	3	0	21
chr17	13848376	13849116	1	1	0	2	0	21
chr17	45570567	45570665	2	2	1	444	2	37
chr17	45570800	45571017	2	2	1	485	2	21
chr18	10726534	10740982	1	1	1	2	0	15
chr18	53948155	53948381	1	1	0	1	0	39
chr18	53948155	53948644	1	1	1	10028	6	28
chr18	53948155	53953244	1	1	1	2282	1	43
chr18	53948162	53948644	1	1	0	1	0	24
chr18	53948447	53948644	1	1	0	1	0	13
chr18	53948666	53953244	1	1	0	7	0	21
chr18	53948669	53949681	1	1	0	1	0	15
chr18	53948669	53953244	1	1	1	10001	6	37
chr18	53948669	53953268	1	1	0	2	0	24
chr18	53949705	53953244	1	1	0	1	0	23
chr19	7281251	7282725	2	2	0	1	0	26
chr19	7281256	7281797	2	4	1	195	0	39
chr19	7281256	7282725	2	2	1	1262	0	36
chr19	7281960	7282725	2	2	1	196	0	35
