chr1	34295537	34296741	1	1	1	90	0	18
chr1	34295537	34299720	1	1	1	15	0	38
chr1	34296760	34299720	1	1	1	90	0	18
chr1	40010678	40011649	1	1	1	55	0	21
chr1	40010678	40011811	1	1	0	1	0	21
chr1	40010678	40014105	1	1	1	39	2	32
chr1	40011842	40014105	1	1	1	55	0	38
chr1	82735508	82741817	1	1	1	1	0	20
chr1	82735508	82747082	1	1	1	3	0	40
chr1	82735508	82750519	1	1	1	39	0	43
chr1	82747143	82750519	1	1	1	3	0	38
chr2	32292216	32293314	1	1	1	11	0	43
chr2	32292216	32296625	1	1	1	44	0	43
chr2	32293396	32296625	1	1	1	11	0	38
chr2	59932171	59933405	2	2	0	41	0	33
chr2	59932171	59933411	2	2	1	308	0	32
chr2	59933436	59933670	2	2	0	2	0	24
chr2	59933439	59933670	2	2	1	340	0	28
chr2	71849507	71853533	1	1	1	632	1	41
chr2	71849507	71853890	1	1	0	3	0	39
chr2	71849507	71855853	1	1	1	2166	4	42
chr2	71853664	71855853	1	1	1	643	1	41
chr2	71853948	71855853	1	1	0	3	0	40
chr2	75662926	75663570	1	1	1	3	0	27
chr2	91001089	91001461	1	1	1	486	0	27
chr2	91001511	91003210	1	1	1	480	0	25
chr2	91003238	91003810	1	1	0	4	0	27
chr2	91003346	91003810	1	1	1	16	0	36
chr2	91159306	91160316	2	2	1	157	0	47
chr2	91159306	91162027	2	2	1	308	0	47
chr2	91160371	91162027	2	2	1	158	0	41
chr2	91681696	91684668	2	2	1	171	0	50
chr3	60602846	60613472	1	1	0	1	0	15
chr3	60613521	60614682	1	1	1	1198	0	45
chr3	60613521	60614688	1	1	0	1	0	30
chr3	60613521	60615619	1	1	1	1100	3	45
chr3	60614737	60615619	1	1	1	1200	0	39
chr3	87733505	87734423	1	1	1	10	0	39
chr3	87733505	87734456	1	1	0	1	0	37
chr3	87733505	87735344	1	1	0	7	0	39
chr3	87734553	87735344	1	1	1	11	0	37
chr3	88483947	88484046	2	2	1	133	1	38
chr3	88484155	88484614	2	2	1	130	1	39
chr3	119724187	119724611	2	2	1	1850	0	34
chr3	119724187	119726065	2	2	1	17	0	29
chr3	119724646	119726065	2	2	1	1894	0	38
chr4	31992517	31994873	1	1	1	126	0	40
chr4	31992517	32002088	1	1	1	2233	3	49
chr4	31992526	32002097	2	4	0	1	0	44
chr4	31994955	32002088	1	1	1	126	0	49
chr4	107009769	107027216	1	1	1	8	0	38
chr4	107009769	107028192	1	1	1	105	0	41
chr4	107009769	107028217	1	1	0	2	0	35
chr4	107027298	107028192	1	1	1	9	0	41
chr5	23565266	23610849	2	2	0	1	0	37
chr5	23565266	23616326	2	2	1	870	2	46
chr5	23610909	23616326	2	2	0	1	0	45
chr5	72958287	72965803	1	1	1	1	0	37
chr5	72958287	72974530	1	1	1	60	0	41
chr5	72965882	72974530	1	1	1	1	0	41
chr5	116482537	116591333	2	2	1	612	2	50
chr5	149184807	149185484	1	1	1	2	0	42
chr5	149184807	149187707	1	1	1	11	0	43
chr5	149184807	149188344	1	1	1	211	2	45
chr5	149185662	149188344	1	1	0	1	0	39
chr5	149187806	149188344	1	1	0	1	0	39
chr5	149187877	149188344	1	1	1	11	0	39
chr6	98939789	98941535	2	2	1	140	1	46
chr6	98939789	98944618	2	2	0	2	0	45
chr6	98941658	98944618	2	2	1	138	1	36
chr6	125162102	125162211	2	2	1	149	3	37
chr6	128371086	128371967	1	1	1	2357	2	43
chr6	128371086	128372530	1	1	1	3	0	49
chr6	128371086	128372533	1	1	1	5	0	46
chr6	128372013	128372504	1	1	0	16	0	26
chr6	128372013	128372509	1	1	0	5	0	31
chr6	128372013	128372530	1	1	1	293	0	47
chr6	128372013	128372533	1	1	1	2020	2	46
chr6	128372013	128372536	1	1	0	1	0	43
chr6	128372018	128372533	1	1	0	22	0	46
chr7	28174687	28174784	1	1	1	1	0	25
chr7	67240441	67244520	2	2	1	206	0	38
chr7	67240441	67251656	2	2	1	1750	2	47
chr7	67240443	67251659	1	1	0	1	0	41
chr7	67244545	67251656	2	2	1	206	0	24
chr7	102001660	102002294	1	1	1	1045	0	42
chr7	102001660	102007485	1	1	1	293	0	43
chr7	102002337	102007485	1	1	1	1045	0	43
chr7	102002349	102007492	1	1	0	1	0	45
chr7	112839481	112841887	1	1	1	4	0	41
chr7	112839481	112842039	1	1	1	79	0	41
chr7	112839481	112856052	1	1	1	2	0	12
chr7	112839481	112856797	1	1	1	7	0	41
chr7	112841951	112856052	1	1	1	1	0	12
chr7	112841951	112856797	1	1	0	1	0	37
chr7	112842103	112856052	1	1	1	77	0	12
chr7	112842103	112856797	1	1	1	1	0	37
chr7	112856065	112856797	1	1	1	83	0	15
chr7	112856065	112856803	1	1	0	1	0	12
chr7	127980247	127981190	1	1	1	13	0	30
chr7	127981292	127981410	1	1	1	11	0	6
chr8	25532429	25557730	1	1	1	4	0	44
chr8	91688606	91932332	1	1	0	3	1	13
chr8	95100453	95100646	2	2	1	461	0	31
chr8	95100453	95101408	2	2	0	51	0	46
chr8	95100674	95101408	2	2	1	461	0	42
chr8	121628690	121651724	2	2	1	1	0	43
chr8	123268550	123268744	2	2	1	95	0	48
chr9	43027296	43040539	2	2	1	84	0	40
chr9	43027296	43042590	2	2	1	78	0	45
chr9	43040597	43042590	2	2	1	85	0	46
chr9	80093642	80098885	1	1	1	4974	3	26
chr9	80093642	80098892	1	1	0	117	0	14
chr9	80093642	80103693	1	1	1	191	0	45
chr9	80098907	80101831	1	1	0	2	0	21
chr9	80098907	80103693	1	1	1	5090	3	28
chr9	80101891	80103693	1	1	0	2	0	37
chr9	114597607	114597794	2	2	1	249	0	38
chr9	114597607	114598704	2	2	0	5	0	40
chr9	114597825	114598704	2	2	0	2	0	30
chr9	114597831	114598704	2	2	1	246	0	36
chr11	79458907	79463232	1	1	1	9	0	43
chr11	79458907	79468716	1	1	1	117	1	43
chr11	79463296	79468716	1	1	1	9	0	38
chr11	94112147	94113262	1	1	1	85	0	21
chr11	94112147	94114172	1	1	1	162	0	32
chr11	94113302	94114172	1	1	1	89	0	39
chr11	102310333	102310442	2	2	1	1	0	36
chr11	102310577	102310925	2	2	1	25	0	42
chr11	102310577	102311379	2	2	1	461	0	46
chr11	102311037	102311379	2	2	1	25	0	45
chr12	71952560	71958746	1	1	1	46	0	27
chr12	71952560	71959805	1	1	1	47	0	43
chr12	71958774	71959805	1	1	1	47	0	42
chr12	76283025	76283931	1	1	1	1	0	38
chr12	83811361	83825258	2	2	1	45	0	33
chr12	83811361	83831921	2	2	1	249	0	41
chr12	83825292	83831921	2	2	1	45	0	33
chr12	113133338	113133495	1	1	0	81	10	45
chr12	113133338	113133540	1	1	1	1112	24	43
chr12	113133338	113135796	1	1	1	11	0	29
chr12	113133577	113134800	1	1	0	5	0	12
chr12	113133577	113135796	1	1	1	1140	33	29
chr12	113134813	113135796	1	1	0	5	0	12
chr13	46778990	46780625	2	2	0	1	0	39
chr13	46778994	46780625	2	2	1	596	0	40
chr13	46778994	46785245	2	2	1	1519	1	45
chr13	46780665	46785245	2	2	1	601	0	39
chr13	56084286	56089757	2	2	1	22	0	40
chr13	56084286	56096123	2	2	0	1	0	40
chr13	56089858	56096123	2	2	1	23	0	39
chr14	57643224	57648418	2	2	1	86	0	41
chr14	120389164	120395711	1	1	1	95	0	39
chr14	120389164	120396450	1	1	1	278	1	48
chr14	120395766	120396450	1	1	1	98	0	48
chr15	77102940	77105576	2	2	1	132	0	41
chr15	77102940	77113604	2	2	1	10	0	47
chr15	77105670	77113604	2	2	1	133	0	48
chr15	103242719	103243624	1	1	1	1	1	33
chr16	57178021	57181491	2	2	1	197	0	45
chr16	57178021	57182850	2	2	1	82	0	44
chr16	57181537	57182850	2	2	1	197	0	33
chr16	84831508	84834808	2	2	1	1	0	44
chr17	12979205	13846588	1	1	0	40	0	12
chr17	13846640	13848354	1	1	1	3486	4	22
chr17	13846640	13848358	1	1	0	2	0	17
chr17	13846640	13849107	1	1	1	2609	1	49
chr17	13846640	13849113	1	1	0	22	0	47
chr17	13848376	13849107	1	1	1	3479	4	29
chr17	13848376	13849113	1	1	0	3	0	21
chr17	45570567	45570665	2	2	1	392	1	39
chr17	45570800	45571017	2	2	1	433	0	21
chr18	53948155	53948644	1	1	1	10282	12	28
chr18	53948155	53948651	1	1	0	1	0	17
chr18	53948155	53953244	1	1	1	1388	1	42
chr18	53948666	53953244	1	1	0	3	0	21
chr18	53948669	53949213	1	1	0	1	0	15
chr18	53948669	53953244	1	1	1	10269	12	37
chr18	53949263	53953244	1	1	0	1	0	37
chr19	7281256	7281797	2	4	1	115	0	39
chr19	7281256	7282725	2	2	1	798	1	36
chr19	7281960	7282725	2	2	1	123	0	35
chrX	159414893	159443922	1	1	1	1	0	10
