chr1	34295537	34296741	1	1	1	125	1	18
chr1	34295537	34299720	1	1	1	32	0	40
chr1	34296760	34299720	1	1	1	125	1	19
chr1	37885317	37890159	2	2	1	1	0	37
chr1	40010678	40011649	1	1	1	105	0	26
chr1	40010678	40011783	1	1	0	2	0	21
chr1	40010678	40011811	1	1	0	2	0	21
chr1	40010678	40014105	1	1	1	56	1	32
chr1	40011842	40014105	1	1	1	104	0	38
chr1	82735508	82741817	1	1	1	1	0	40
chr1	82735508	82747082	1	1	1	2	0	40
chr1	82735508	82750519	1	1	1	100	0	41
chr1	82741977	82750519	1	1	1	1	0	38
chr1	82747143	82750519	1	1	1	2	0	38
chr1	128367033	128368364	2	2	1	1	0	42
chr2	32199092	32200825	1	1	1	1	0	12
chr2	32292216	32293314	1	1	1	15	0	43
chr2	32292216	32296625	1	1	1	99	0	43
chr2	32293396	32296625	1	1	1	16	0	39
chr2	59932171	59933405	2	2	0	99	0	37
chr2	59932171	59933411	2	2	1	483	0	31
chr2	59932171	59933670	2	2	1	4	0	38
chr2	59933439	59933670	2	2	1	575	0	28
chr2	71849507	71853533	1	1	1	900	0	44
chr2	71849507	71853820	1	1	0	1	0	37
chr2	71849507	71855853	1	1	1	5048	5	44
chr2	71853664	71855853	1	1	1	933	0	41
chr2	71853891	71855853	1	1	0	1	0	40
chr2	75662926	75663570	1	1	1	5	0	39
chr2	91001089	91001461	1	1	1	987	0	24
chr2	91001089	91003210	1	1	0	0	3	24
chr2	91001511	91003210	1	1	1	987	0	35
chr2	91001511	91003299	1	1	0	1	0	46
chr2	91003238	91003810	1	1	0	3	0	27
chr2	91003346	91003810	1	1	1	31	0	36
chr2	91159306	91160316	2	2	1	239	0	47
chr2	91159306	91162027	2	2	1	585	1	47
chr2	91160371	91162027	2	2	1	238	0	39
chr2	91681696	91684668	2	2	1	242	0	50
chr2	153670448	153670848	1	1	1	2	0	42
chr2	153670448	153672215	1	1	1	3	1	50
chr2	153670909	153672215	1	1	1	2	0	50
chr2	153713625	153714954	1	1	1	0	1	50
chr3	60422418	60613472	1	1	0	0	4	15
chr3	60613521	60614682	1	1	1	1508	4	45
chr3	60613521	60614688	1	1	0	6	0	44
chr3	60613521	60615619	1	1	1	1916	4	45
chr3	60614737	60615619	1	1	1	1516	4	39
chr3	87733505	87734423	1	1	1	18	0	39
chr3	87733505	87735344	1	1	0	13	0	39
chr3	87734553	87735344	1	1	1	18	0	37
chr3	88483947	88484046	2	2	1	297	0	38
chr3	88483947	88484614	2	2	0	1	0	38
chr3	88484155	88484614	2	2	1	297	0	41
chr3	119721006	119724093	2	2	1	1	0	21
chr3	119724187	119724611	2	2	1	5687	2	34
chr3	119724187	119725581	2	2	0	1	0	29
chr3	119724187	119726065	2	2	1	39	0	29
chr3	119724646	119726065	2	2	1	5794	2	38
chr3	119725626	119726065	2	2	0	1	0	38
chr3	129825617	129826823	2	2	1	1	0	36
chr4	31992517	31994873	1	1	1	240	0	39
chr4	31992517	32002088	1	1	1	5197	4	50
chr4	31994955	32002088	1	1	1	241	0	49
chr4	107009769	107027216	1	1	1	10	0	39
chr4	107009769	107028192	1	1	1	169	0	43
chr4	107027298	107028192	1	1	1	14	0	41
chr4	139473637	139476130	1	1	1	1	0	8
chr5	23565266	23568151	2	2	0	1	0	37
chr5	23565266	23616326	2	2	1	847	1	49
chr5	23568264	23616326	2	2	0	1	0	45
chr5	72958287	72974530	1	1	1	98	0	42
chr5	116477146	116482389	2	2	1	2	0	33
chr5	116482537	116591333	2	2	1	1122	1	50
chr5	149184807	149187707	1	1	1	17	0	43
chr5	149184807	149188344	1	1	1	766	1	46
chr5	149187835	149188344	1	1	1	1	0	39
chr5	149187877	149188344	1	1	1	16	0	39
chr6	98939789	98940994	2	2	1	2	0	45
chr6	98939789	98941535	2	2	1	132	0	46
chr6	98939789	98944618	2	2	0	50	0	45
chr6	98941165	98944618	2	2	0	2	0	36
chr6	98941658	98944618	2	2	1	131	0	36
chr6	125162102	125162211	2	2	1	388	12	37
chr6	128371086	128371967	1	1	1	4078	1	45
chr6	128371086	128371980	1	1	0	1	0	32
chr6	128371086	128372530	1	1	1	5	0	49
chr6	128371086	128372533	1	1	1	48	0	46
chr6	128372013	128372278	1	1	0	1	0	27
chr6	128372013	128372504	1	1	0	21	0	26
chr6	128372013	128372509	1	1	0	9	0	31
chr6	128372013	128372530	1	1	1	475	1	49
chr6	128372013	128372533	1	1	1	3533	0	46
chr6	128372013	128372536	1	1	0	2	0	43
chr6	128372018	128372530	1	1	0	1	0	49
chr6	128372018	128372533	1	1	0	43	0	46
chr6	128372306	128372533	1	1	0	1	0	27
chr7	28331530	28338351	2	2	1	1	0	42
chr7	67240441	67244520	2	2	1	245	0	40
chr7	67240441	67251656	2	2	1	2039	1	46
chr7	67244545	67251656	2	2	1	244	0	24
chr7	67244580	67251656	2	2	0	1	0	38
chr7	99849060	99858763	2	2	1	1	0	44
chr7	102001660	102002294	1	1	1	1821	1	43
chr7	102001660	102007485	1	1	1	569	0	44
chr7	102002337	102007485	1	1	1	1820	0	42
chr7	102005972	102007485	1	1	0	1	0	38
chr7	112839481	112841887	1	1	1	4	0	41
chr7	112839481	112842039	1	1	1	124	0	42
chr7	112839481	112856052	1	1	1	11	0	12
chr7	112839481	112856797	1	1	1	18	0	41
chr7	112839481	112856803	1	1	0	1	0	43
chr7	112841951	112856052	1	1	1	1	0	12
chr7	112841951	112856797	1	1	0	1	0	37
chr7	112842103	112856052	1	1	1	111	0	12
chr7	112842103	112856797	1	1	1	12	0	37
chr7	112856065	112856776	1	1	0	1	0	12
chr7	112856065	112856797	1	1	1	122	0	14
chr7	112856065	112856803	1	1	0	2	0	12
chr7	127980247	127981190	1	1	1	8	0	33
chr7	127981292	127981410	1	1	1	9	1	6
chr8	25532429	25557730	1	1	1	14	0	44
chr8	25555775	25557730	1	1	1	1	0	37
chr8	46207621	46208397	2	2	1	1	0	31
chr8	47528031	47529328	2	2	1	2	0	4
chr8	95100453	95100646	2	2	1	1096	2	31
chr8	95100453	95101408	2	2	0	214	0	46
chr8	95100674	95101408	2	2	1	1096	2	42
chr8	95101447	95139983	2	2	0	0	1	15
chr8	123268550	123268744	2	2	1	137	0	46
chr9	43027296	43040539	2	2	1	147	1	38
chr9	43027296	43042590	2	2	1	151	0	46
chr9	43040597	43042590	2	2	1	149	1	45
chr9	80093642	80098885	1	1	1	8229	2	31
chr9	80093642	80098892	1	1	0	198	0	19
chr9	80093642	80101831	1	1	0	1	0	44
chr9	80093642	80103693	1	1	1	1136	1	45
chr9	80098907	80099016	1	1	0	2	0	21
chr9	80098907	80103693	1	1	1	8423	2	24
chr9	80098907	80103698	1	1	0	4	0	21
chr9	80099049	80103693	1	1	0	2	0	37
chr9	80101891	80103693	1	1	0	3	0	37
chr9	80103765	80111310	1	1	1	1	0	14
chr9	80103765	80116531	1	1	1	1	0	40
chr9	114597607	114597794	2	2	1	501	0	38
chr9	114597607	114598704	2	2	0	59	0	42
chr9	114597825	114598704	2	2	0	6	0	30
chr9	114597831	114598704	2	2	1	492	0	36
chr11	20335249	20831974	1	1	0	1	4	13
chr11	63312547	63329245	1	1	0	1	0	12
chr11	78233684	78245547	2	2	1	1	0	13
chr11	79458907	79463232	1	1	1	12	0	42
chr11	79458907	79468716	1	1	1	197	0	43
chr11	79458907	79468724	1	1	0	2	0	46
chr11	79463296	79468716	1	1	1	11	0	38
chr11	94112147	94113262	1	1	1	98	0	21
chr11	94112147	94114172	1	1	1	406	0	32
chr11	94113302	94114172	1	1	1	105	0	39
chr11	102310574	102311379	2	2	0	1	0	45
chr11	102310577	102310925	2	2	1	68	0	42
chr11	102310577	102311379	2	2	1	975	1	46
chr11	102311037	102311379	2	2	1	67	0	45
chr12	71952560	71958746	1	1	1	60	0	27
chr12	71952560	71959805	1	1	1	78	0	44
chr12	71958774	71959805	1	1	1	60	0	27
chr12	83811361	83811669	2	2	0	1	0	37
chr12	83811361	83825258	2	2	1	46	0	33
chr12	83811361	83831921	2	2	1	526	0	41
chr12	83811744	83831921	2	2	0	1	0	38
chr12	83825292	83831921	2	2	1	46	0	33
chr12	113133338	113133447	1	1	0	1	0	42
chr12	113133338	113133495	1	1	0	123	17	46
chr12	113133338	113133540	1	1	1	1921	53	42
chr12	113133338	113135796	1	1	1	103	0	29
chr12	113133577	113134761	1	1	0	1	0	21
chr12	113133577	113134800	1	1	0	9	0	12
chr12	113133577	113135796	1	1	1	1980	69	29
chr12	113134813	113135796	1	1	0	10	0	29
chr13	46778994	46780545	2	2	0	2	0	46
chr13	46778994	46780625	2	2	1	636	0	42
chr13	46778994	46785245	2	2	1	3035	4	48
chr13	46780665	46785245	2	2	1	640	0	40
chr13	56084286	56089757	2	2	1	55	0	45
chr13	56084286	56096123	2	2	0	8	0	40
chr13	56089858	56096123	2	2	1	55	0	41
chr14	57643224	57643334	2	2	1	2	0	39
chr14	57643224	57648418	2	2	1	105	0	40
chr14	57643490	57648418	2	2	1	2	0	38
chr14	120389164	120395711	1	1	1	203	0	38
chr14	120389164	120395717	1	1	0	2	0	38
chr14	120389164	120396450	1	1	1	630	1	48
chr14	120395766	120396450	1	1	1	215	0	48
chr15	77102940	77105576	2	2	1	283	1	42
chr15	77102940	77108249	2	2	0	1	0	40
chr15	77102940	77113604	2	2	1	142	0	48
chr15	77105670	77113604	2	2	1	280	1	48
chr15	77108331	77113604	2	2	0	1	0	44
chr15	103242719	103243624	1	1	1	1	3	33
chr16	57178021	57181491	2	2	1	292	0	44
chr16	57178021	57182850	2	2	1	134	0	44
chr16	57181507	57182850	2	2	0	1	0	15
chr16	57181537	57182850	2	2	1	292	0	37
chr17	12979205	13846588	1	1	0	57	0	12
chr17	13846613	13848354	1	1	0	9	0	21
chr17	13846640	13848306	1	1	0	1	0	40
chr17	13846640	13848354	1	1	1	4197	5	24
chr17	13846640	13849107	1	1	1	6103	2	49
chr17	13846640	13849113	1	1	0	40	0	47
chr17	13848376	13849107	1	1	1	4183	5	41
chr17	13848376	13849113	1	1	0	9	0	21
chr17	45570567	45570665	2	2	1	745	1	42
chr17	45570800	45571017	2	2	1	813	1	24
chr18	53948155	53948381	1	1	0	1	0	39
chr18	53948155	53948644	1	1	1	14285	18	28
chr18	53948155	53953244	1	1	1	4404	12	44
chr18	53948155	53953268	1	1	0	4	0	40
chr18	53948447	53953244	1	1	0	1	0	37
chr18	53948666	53953244	1	1	0	8	0	21
chr18	53948669	53953244	1	1	1	14266	16	37
chr18	53948669	53953268	1	1	0	1	0	24
chr18	64515409	64516415	2	2	1	2	0	38
chr19	7281256	7281797	2	4	1	149	0	39
chr19	7281256	7282725	2	2	1	1498	2	36
chr19	7281960	7282725	2	2	1	150	0	35
chrX	73952667	73952825	2	2	1	1	0	10
chrX	159414893	159443922	1	1	1	1	0	35
KV575235.1	147143	149264	1	1	0	0	3	24
