chr1	34295537	34296741	1	1	1	142	1	18
chr1	34295537	34299720	1	1	1	12	0	44
chr1	34296760	34299720	1	1	1	141	1	18
chr1	40010678	40011649	1	1	1	53	0	22
chr1	40010678	40011811	1	1	0	1	0	21
chr1	40010678	40014105	1	1	1	20	1	32
chr1	40011842	40014105	1	1	1	49	0	39
chr1	82735508	82747082	1	1	1	3	0	40
chr1	82735508	82750519	1	1	1	44	0	43
chr1	82747143	82750519	1	1	1	3	0	38
chr1	178329408	178329867	2	2	1	1	0	14
chr2	32292216	32293314	1	1	1	8	0	43
chr2	32292216	32296625	1	1	1	56	0	43
chr2	32293396	32296625	1	1	1	8	0	38
chr2	59932171	59933405	2	2	0	56	0	37
chr2	59932171	59933411	2	2	1	339	0	32
chr2	59932171	59933670	2	2	1	1	0	29
chr2	59933439	59933670	2	2	1	390	0	30
chr2	71849507	71853533	1	1	1	820	1	41
chr2	71849507	71853820	1	1	0	3	0	37
chr2	71849507	71855853	1	1	1	2202	3	42
chr2	71849507	71855868	1	1	0	1	0	46
chr2	71853664	71855853	1	1	1	834	2	41
chr2	71853891	71855853	1	1	0	3	0	40
chr2	75662926	75663570	1	1	1	1	0	5
chr2	91001089	91001461	1	1	1	706	0	32
chr2	91001089	91003210	1	1	0	0	1	23
chr2	91001511	91003210	1	1	1	706	0	20
chr2	91003346	91003810	1	1	1	8	0	36
chr2	91159300	91162027	2	2	0	1	0	41
chr2	91159306	91160316	2	2	1	240	0	47
chr2	91159306	91162027	2	2	1	393	0	47
chr2	91159320	91162027	2	2	0	1	0	40
chr2	91160371	91162027	2	2	1	239	0	41
chr2	91681696	91682025	2	2	1	2	0	50
chr2	91681696	91684668	2	2	1	185	1	50
chr2	91682110	91684668	2	2	0	2	0	38
chr2	153670448	153670848	1	1	1	1	0	42
chr2	153670909	153672215	1	1	1	1	0	50
chr3	60357579	60613472	1	1	0	6	0	15
chr3	60422418	60613472	1	1	0	0	6	15
chr3	60613521	60614682	1	1	1	2555	8	44
chr3	60613521	60614688	1	1	0	1	0	38
chr3	60613521	60615619	1	1	1	2745	4	45
chr3	60614737	60615619	1	1	1	2562	8	48
chr3	87733505	87734423	1	1	1	25	0	39
chr3	87733505	87735344	1	1	0	3	0	39
chr3	87734553	87735344	1	1	1	25	0	37
chr3	88483947	88484046	2	2	1	125	0	38
chr3	88483947	88484614	2	2	0	1	0	38
chr3	88484155	88484614	2	2	1	122	0	39
chr3	119724187	119724611	2	2	1	9596	0	34
chr3	119724187	119726065	2	2	1	30	1	29
chr3	119724247	119726065	2	2	0	1	0	38
chr3	119724646	119726065	2	2	1	9879	0	38
chr3	119726116	119820407	2	2	0	2	0	13
chr3	129825617	129826823	2	2	1	1	0	24
chr4	31992517	31994873	1	1	1	185	0	39
chr4	31992517	32002088	1	1	1	2440	5	49
chr4	31994955	32002088	1	1	1	185	0	49
chr4	107009769	107027216	1	1	1	15	0	38
chr4	107009769	107028192	1	1	1	254	0	43
chr4	107027298	107028192	1	1	1	18	0	41
chr5	23565266	23610849	2	2	0	1	0	37
chr5	23565266	23616326	2	2	1	2225	2	46
chr5	23575717	23616326	2	2	0	1	0	45
chr5	23610909	23616326	2	2	0	1	0	45
chr5	72958287	72965803	1	1	1	4	0	40
chr5	72958287	72974530	1	1	1	82	0	42
chr5	72965882	72974530	1	1	1	4	0	41
chr5	116482537	116591333	2	2	1	877	7	50
chr5	149184807	149185484	1	1	1	1	0	43
chr5	149184807	149187707	1	1	1	11	0	43
chr5	149184807	149188344	1	1	1	376	0	44
chr5	149187877	149188344	1	1	1	11	0	39
chr6	47577668	47594893	2	2	1	2	0	32
chr6	98939789	98941535	2	2	1	109	0	46
chr6	98939789	98944618	2	2	0	2	0	45
chr6	98941658	98944618	2	2	1	108	0	37
chr6	125162102	125162211	2	2	1	135	5	36
chr6	128371086	128371885	1	1	0	2	0	39
chr6	128371086	128371967	1	1	1	4296	2	45
chr6	128371086	128371980	1	1	0	2	0	32
chr6	128371086	128372533	1	1	1	10	0	46
chr6	128372013	128372278	1	1	0	1	0	27
chr6	128372013	128372504	1	1	0	23	0	26
chr6	128372013	128372509	1	1	0	8	0	31
chr6	128372013	128372530	1	1	1	573	1	49
chr6	128372013	128372533	1	1	1	3654	1	47
chr6	128372013	128372539	1	1	0	1	0	40
chr6	128372018	128372530	1	1	0	7	0	49
chr6	128372018	128372533	1	1	0	41	0	46
chr6	128372306	128372533	1	1	0	1	0	27
chr7	67240441	67244520	2	2	1	424	2	40
chr7	67240441	67251656	2	2	1	2994	2	45
chr7	67240443	67251659	1	1	0	1	0	41
chr7	67244545	67251656	2	2	1	424	2	25
chr7	67244595	67251656	2	2	0	1	0	38
chr7	102001660	102002294	1	1	1	1447	2	43
chr7	102001660	102007485	1	1	1	277	1	43
chr7	102002337	102007485	1	1	1	1453	2	40
chr7	112839481	112841887	1	1	1	2	0	41
chr7	112839481	112842039	1	1	1	60	0	42
chr7	112839481	112856052	1	1	1	4	0	12
chr7	112839481	112856797	1	1	1	3	0	41
chr7	112842103	112856052	1	1	1	61	0	12
chr7	112856065	112856797	1	1	1	64	0	12
chr7	112856065	112856803	1	1	0	1	0	12
chr7	127980247	127981190	1	1	1	19	0	19
chr7	127981292	127981410	1	1	1	19	0	45
chr8	25532429	25557730	1	1	1	9	0	44
chr8	33386064	33386329	1	1	0	1	0	50
chr8	95100453	95100646	2	2	1	679	1	27
chr8	95100453	95101408	2	2	0	82	0	46
chr8	95100674	95101408	2	2	1	679	1	42
chr8	95101447	95139983	2	2	0	0	1	15
chr8	123268550	123268744	2	2	1	93	0	46
chr9	43027296	43040539	2	2	1	102	2	38
chr9	43027296	43042590	2	2	1	86	0	46
chr9	43040593	43042590	2	2	0	1	0	43
chr9	43040597	43042590	2	2	1	100	2	46
chr9	80093642	80098885	1	1	1	7384	4	26
chr9	80093642	80098892	1	1	0	173	0	14
chr9	80093642	80103693	1	1	1	211	0	45
chr9	80098907	80101831	1	1	0	3	0	21
chr9	80098907	80103693	1	1	1	7561	4	24
chr9	80098907	80103698	1	1	0	2	0	21
chr9	80101891	80103693	1	1	0	3	0	37
chr9	114597607	114597794	2	2	1	498	0	39
chr9	114597607	114598704	2	2	0	12	0	40
chr9	114597825	114598704	2	2	0	2	0	30
chr9	114597831	114598704	2	2	1	496	0	36
chr11	20201653	20215629	1	1	1	1	0	44
chr11	20215703	20218812	1	1	1	1	0	31
chr11	79458907	79463232	1	1	1	12	0	42
chr11	79458907	79468113	1	1	1	1	0	41
chr11	79458907	79468716	1	1	1	117	0	42
chr11	79463296	79468716	1	1	1	12	0	41
chr11	79468155	79468716	1	1	1	1	0	38
chr11	83497297	83497893	1	1	1	1	0	33
chr11	83497927	83499072	1	1	1	1	0	33
chr11	94112147	94113262	1	1	1	116	0	21
chr11	94112147	94114172	1	1	1	386	0	32
chr11	94113302	94114172	1	1	1	117	0	39
chr11	102310577	102310925	2	2	1	27	0	42
chr11	102310577	102311379	2	2	1	502	1	46
chr11	102311037	102311379	2	2	1	27	0	45
chr12	71952560	71958746	1	1	1	70	0	27
chr12	71952560	71959805	1	1	1	44	0	43
chr12	71958774	71959805	1	1	1	70	0	29
chr12	83811361	83825258	2	2	1	49	0	33
chr12	83811361	83831921	2	2	1	340	1	44
chr12	83825292	83831921	2	2	1	48	0	33
chr12	112928622	113133308	1	1	0	0	4	13
chr12	113133338	113133447	1	1	0	1	0	42
chr12	113133338	113133495	1	1	0	100	9	45
chr12	113133338	113133540	1	1	1	1730	51	43
chr12	113133338	113135796	1	1	1	6	0	29
chr12	113133577	113134761	1	1	0	1	0	22
chr12	113133577	113134800	1	1	0	8	0	14
chr12	113133577	113135796	1	1	1	1757	59	29
chr12	113134813	113135796	1	1	0	8	0	29
chr13	46778994	46780625	2	2	1	834	2	43
chr13	46778994	46785245	2	2	1	1701	3	44
chr13	46780665	46785245	2	2	1	835	2	39
chr13	56084286	56089757	2	2	1	30	0	40
chr13	56084286	56096123	2	2	0	1	0	40
chr13	56089858	56096123	2	2	1	30	0	41
chr14	57643224	57643334	2	2	1	3	0	39
chr14	57643224	57648418	2	2	1	52	0	39
chr14	57643490	57648418	2	2	1	3	0	38
chr14	101654106	101654207	1	1	1	1	0	4
chr14	120389164	120395711	1	1	1	134	1	39
chr14	120389164	120396450	1	1	1	359	1	48
chr14	120395766	120396450	1	1	1	140	1	48
chr15	77102940	77105576	2	2	1	198	0	47
chr15	77102940	77112712	2	2	0	1	0	39
chr15	77102940	77113604	2	2	1	8	0	48
chr15	77105670	77113604	2	2	1	197	0	48
chr15	77112788	77113604	2	2	0	1	0	48
chr15	103242719	103243624	1	1	1	0	1	33
chr16	57178021	57181491	2	2	1	303	1	44
chr16	57178021	57182850	2	2	1	61	0	43
chr16	57181507	57182850	2	2	0	2	0	15
chr16	57181537	57182850	2	2	1	298	1	37
chr16	84831508	84834808	2	2	1	2	0	44
chr17	12979205	13846588	1	1	0	84	0	12
chr17	13695874	13846588	1	1	0	3	0	12
chr17	13846640	13848354	1	1	1	5430	5	22
chr17	13846640	13849107	1	1	1	4397	4	46
chr17	13846640	13849113	1	1	0	17	0	47
chr17	13846644	13848358	1	1	0	1	0	17
chr17	13848376	13849107	1	1	1	5429	5	30
chr17	13848376	13849113	1	1	0	3	0	21
chr17	45570567	45570665	2	2	1	333	1	39
chr17	45570800	45571017	2	2	1	359	1	21
chr18	53948155	53948644	1	1	1	19660	12	28
chr18	53948155	53948651	1	1	0	1	0	17
chr18	53948155	53953244	1	1	1	2467	7	43
chr18	53948162	53948644	1	1	0	3	0	24
chr18	53948666	53953244	1	1	0	12	0	21
chr18	53948669	53953244	1	1	1	19633	9	37
chr18	53948669	53953268	1	1	0	1	0	24
chr19	7281256	7281797	2	4	1	198	0	38
chr19	7281256	7282725	2	2	1	1546	0	36
chr19	7281960	7282725	2	2	1	204	0	36
KV575235.1	147143	149264	1	1	0	0	1	23
