chr1	34295537	34296741	1	1	1	124	0	18
chr1	34295537	34299720	1	1	1	26	0	39
chr1	34296760	34299720	1	1	1	124	0	19
chr1	40010678	40011649	1	1	1	130	0	26
chr1	40010678	40011783	1	1	0	1	0	21
chr1	40010678	40011811	1	1	0	2	0	21
chr1	40010678	40014105	1	1	1	46	2	32
chr1	40011842	40014105	1	1	1	133	0	38
chr1	82735508	82741934	1	1	0	3	0	38
chr1	82735508	82747082	1	1	1	4	0	40
chr1	82735508	82750519	1	1	1	48	0	40
chr1	82747143	82750519	1	1	1	4	0	38
chr1	91500911	91501004	1	1	1	1	0	28
chr2	32292216	32293314	1	1	1	21	0	43
chr2	32292216	32296625	1	1	1	98	0	43
chr2	32293396	32296625	1	1	1	21	0	38
chr2	59932171	59933405	2	2	0	109	0	37
chr2	59932171	59933411	2	2	1	495	0	31
chr2	59933439	59933670	2	2	1	594	0	28
chr2	71849507	71853533	1	1	1	1030	0	42
chr2	71849507	71855853	1	1	1	2160	2	44
chr2	71849507	71855868	1	1	0	6	0	46
chr2	71849507	71855876	1	1	0	1	0	38
chr2	71853664	71855853	1	1	1	1065	0	43
chr2	71853891	71855853	1	1	0	1	0	40
chr2	75662926	75663570	1	1	1	6	0	33
chr2	91001089	91001461	1	1	1	939	0	34
chr2	91001089	91003299	1	1	0	1	0	33
chr2	91001511	91003210	1	1	1	924	0	25
chr2	91001511	91003299	1	1	0	2	0	46
chr2	91003238	91003810	1	1	0	3	0	27
chr2	91003346	91003810	1	1	1	25	0	36
chr2	91159300	91162027	2	2	0	4	0	41
chr2	91159306	91160316	2	2	1	285	0	47
chr2	91159306	91162027	2	2	1	484	0	48
chr2	91160371	91162027	2	2	1	282	0	40
chr2	91681696	91684668	2	2	1	226	1	50
chr2	153670448	153672215	1	1	1	6	0	50
chr3	55983846	55985609	2	2	1	1	0	45
chr3	60201323	60613472	1	1	0	0	4	14
chr3	60422418	60613472	1	1	0	0	7	15
chr3	60613521	60614682	1	1	1	1625	8	45
chr3	60613521	60614688	1	1	0	3	0	42
chr3	60613521	60615619	1	1	1	1750	5	45
chr3	60614737	60615619	1	1	1	1627	7	41
chr3	87733505	87734423	1	1	1	10	0	39
chr3	87733505	87735344	1	1	0	12	0	39
chr3	87734553	87735344	1	1	1	10	0	37
chr3	88483947	88484046	2	2	1	307	0	40
chr3	88484155	88484614	2	2	1	304	0	39
chr3	119724187	119724611	2	2	1	8080	10	34
chr3	119724187	119726065	2	2	1	12	0	29
chr3	119724629	119726065	2	2	0	1	0	17
chr3	119724646	119726065	2	2	1	8232	10	38
chr3	139632407	139650143	2	2	0	0	1	13
chr4	31992517	31994873	1	1	1	281	0	42
chr4	31992517	32002088	1	1	1	4223	6	49
chr4	31994955	32002088	1	1	1	282	0	49
chr4	107009769	107027216	1	1	1	20	0	39
chr4	107009769	107028192	1	1	1	210	1	48
chr4	107009769	107028217	1	1	0	1	0	27
chr4	107027298	107028192	1	1	1	22	0	41
chr5	23565266	23616326	2	2	1	985	3	46
chr5	72958287	72965803	1	1	1	1	0	19
chr5	72958287	72974530	1	1	1	81	0	43
chr5	72965882	72974530	1	1	1	1	0	41
chr5	116477146	116482389	2	2	1	1	0	20
chr5	116482532	116591333	2	2	0	11	0	45
chr5	116482537	116591333	2	2	1	1089	1	50
chr5	149184807	149187707	1	1	1	18	0	44
chr5	149184807	149188344	1	1	1	595	0	44
chr5	149187835	149188344	1	1	1	1	0	39
chr5	149187864	149188344	1	1	0	1	0	39
chr5	149187877	149188344	1	1	1	16	0	39
chr6	47577668	47594893	2	2	1	1	0	29
chr6	98939789	98941535	2	2	1	181	0	45
chr6	98939789	98944618	2	2	0	13	0	45
chr6	98941658	98944618	2	2	1	181	0	47
chr6	125162102	125162211	2	2	1	446	12	37
chr6	128371086	128371967	1	1	1	4473	1	45
chr6	128371086	128372530	1	1	1	3	0	49
chr6	128371086	128372533	1	1	1	8	0	46
chr6	128372013	128372504	1	1	0	15	0	26
chr6	128372013	128372509	1	1	0	6	0	31
chr6	128372013	128372530	1	1	1	555	1	47
chr6	128372013	128372533	1	1	1	3846	1	46
chr6	128372013	128372536	1	1	0	1	0	43
chr6	128372018	128372530	1	1	0	2	0	49
chr6	128372018	128372533	1	1	0	43	0	46
chr7	30192593	30192866	2	2	1	1	1	32
chr7	30192901	30193877	2	2	1	1	1	26
chr7	67240441	67244520	2	2	1	348	0	24
chr7	67240441	67251656	2	2	1	1998	1	45
chr7	67244545	67251656	2	2	1	348	0	25
chr7	101405603	102001614	1	1	0	4	0	13
chr7	102001660	102002294	1	1	1	2028	3	43
chr7	102001660	102007485	1	1	1	474	0	43
chr7	102001665	102002300	1	1	0	0	1	36
chr7	102002337	102007485	1	1	1	2042	3	43
chr7	112839481	112841887	1	1	1	9	0	41
chr7	112839481	112842039	1	1	1	124	0	41
chr7	112839481	112856052	1	1	1	2	0	12
chr7	112839481	112856776	1	1	0	1	0	41
chr7	112839481	112856797	1	1	1	13	0	41
chr7	112841951	112856052	1	1	1	6	0	12
chr7	112842103	112856052	1	1	1	120	0	12
chr7	112842103	112856797	1	1	1	7	0	37
chr7	112856065	112856776	1	1	0	1	0	12
chr7	112856065	112856797	1	1	1	128	0	14
chr7	127484841	127485039	1	1	1	1	0	36
chr7	127980247	127981190	1	1	1	15	0	30
chr7	127981292	127981410	1	1	1	14	0	6
chr8	25532429	25557730	1	1	1	2	0	44
chr8	91688606	91932332	1	1	0	5	0	13
chr8	95100453	95100646	2	2	1	1315	0	31
chr8	95100453	95101408	2	2	0	166	0	46
chr8	95100666	95101408	2	2	0	2	0	19
chr8	95100674	95101408	2	2	1	1313	0	44
chr8	121628690	121651724	2	2	1	1	0	20
chr8	123268550	123268744	2	2	1	278	0	49
chr9	43027296	43040539	2	2	1	142	0	43
chr9	43027296	43042590	2	2	1	140	0	46
chr9	43040593	43042590	2	2	0	1	0	43
chr9	43040597	43042590	2	2	1	138	0	45
chr9	80093642	80098885	1	1	1	8076	8	26
chr9	80093642	80098892	1	1	0	211	1	14
chr9	80093642	80103693	1	1	1	198	0	44
chr9	80098907	80099016	1	1	0	1	0	21
chr9	80098907	80103693	1	1	1	8285	9	24
chr9	80098907	80103698	1	1	0	4	0	21
chr9	80099049	80103693	1	1	0	1	0	37
chr9	114597607	114597794	2	2	1	548	0	38
chr9	114597607	114598704	2	2	0	13	0	42
chr9	114597825	114598704	2	2	0	2	0	30
chr9	114597831	114598704	2	2	1	545	0	38
chr11	35833307	35834436	2	2	1	1	0	34
chr11	79458907	79463232	1	1	1	14	0	42
chr11	79458907	79468716	1	1	1	229	0	43
chr11	79463296	79468716	1	1	1	14	0	39
chr11	94112147	94113262	1	1	1	122	0	21
chr11	94112147	94113279	1	1	0	1	0	21
chr11	94112147	94114172	1	1	1	464	0	32
chr11	94113302	94114172	1	1	1	128	0	39
chr11	102310577	102310925	2	2	1	48	1	42
chr11	102310577	102311379	2	2	1	851	1	46
chr11	102311037	102311379	2	2	1	48	1	45
chr12	71952560	71958746	1	1	1	81	0	27
chr12	71952560	71959805	1	1	1	36	0	43
chr12	71958774	71959805	1	1	1	81	0	29
chr12	83811361	83825258	2	2	1	62	0	33
chr12	83811361	83831921	2	2	1	546	2	42
chr12	83825292	83831921	2	2	1	62	0	33
chr12	113133338	113133495	1	1	0	109	21	45
chr12	113133338	113133540	1	1	1	1975	68	43
chr12	113133338	113135796	1	1	1	12	0	29
chr12	113133577	113134761	1	1	0	3	0	21
chr12	113133577	113134800	1	1	0	16	0	14
chr12	113133577	113135796	1	1	1	2021	89	29
chr12	113134813	113135796	1	1	0	18	0	29
chr13	46778990	46780625	2	2	0	1	0	39
chr13	46778990	46785245	2	2	0	1	0	44
chr13	46778994	46780545	2	2	0	1	0	40
chr13	46778994	46780625	2	2	1	1037	1	43
chr13	46778994	46785245	2	2	1	2484	6	45
chr13	46780665	46785245	2	2	1	1040	1	39
chr13	56084286	56089757	2	2	1	56	0	40
chr13	56089858	56096123	2	2	1	55	0	41
chr14	57643224	57643334	2	2	1	1	0	39
chr14	57643224	57648418	2	2	1	158	0	47
chr14	57643490	57648418	2	2	1	1	0	38
chr14	120389164	120395711	1	1	1	250	0	39
chr14	120389164	120396450	1	1	1	681	1	48
chr14	120395766	120396450	1	1	1	251	0	48
chr15	77102940	77105576	2	2	1	250	1	41
chr15	77102940	77113604	2	2	1	8	0	48
chr15	77105670	77113604	2	2	1	249	1	48
chr16	57178021	57181491	2	2	1	466	0	43
chr16	57178021	57182850	2	2	1	103	1	44
chr16	57181507	57182850	2	2	0	1	0	15
chr16	57181537	57182850	2	2	1	462	0	37
chr16	84831508	84834808	2	2	1	1	0	11
chr17	12979205	13846588	1	1	0	53	3	12
chr17	13846640	13848354	1	1	1	5512	4	22
chr17	13846640	13849107	1	1	1	4549	7	45
chr17	13846640	13849113	1	1	0	20	0	47
chr17	13848367	13849107	1	1	0	3	0	12
chr17	13848376	13849107	1	1	1	5504	4	29
chr17	13848376	13849113	1	1	0	5	0	21
chr17	45570567	45570665	2	2	1	677	1	42
chr17	45570800	45571017	2	2	1	748	0	21
chr18	53948155	53948644	1	1	1	12633	10	33
chr18	53948155	53953244	1	1	1	1566	4	42
chr18	53948162	53953244	1	1	0	1	0	37
chr18	53948666	53953244	1	1	0	11	0	21
chr18	53948669	53949681	1	1	0	1	0	15
chr18	53948669	53953244	1	1	1	12600	6	37
chr18	53948669	53953268	1	1	0	1	0	24
chr18	53948673	53953244	1	1	0	4	0	28
chr18	53949705	53953244	1	1	0	1	0	23
chr18	64511701	64511784	2	2	1	1	0	31
chr18	64511878	64511983	2	2	1	1	0	39
chr18	64515406	64516415	2	2	1	2	0	30
chr19	7281251	7282725	2	2	0	3	0	26
chr19	7281256	7281797	2	4	1	177	0	39
chr19	7281256	7282725	2	2	1	1457	0	36
chr19	7281960	7282725	2	2	1	183	0	36
chr19	23687546	23694320	1	1	1	1	0	37
