chr1	34295537	34296741	1	1	1	152	0	18
chr1	34295537	34299720	1	1	1	67	0	44
chr1	34296760	34299720	1	1	1	151	0	19
chr1	40010678	40011649	1	1	1	140	0	21
chr1	40010678	40011783	1	1	0	1	0	21
chr1	40010678	40011787	1	1	0	1	0	21
chr1	40010678	40011811	1	1	0	4	0	21
chr1	40010678	40014105	1	1	1	73	0	32
chr1	40011842	40014105	1	1	1	147	0	37
chr1	55088413	55089050	1	1	1	1	0	16
chr1	82735508	82741817	1	1	1	1	0	20
chr1	82735508	82741934	1	1	0	1	0	40
chr1	82735508	82747082	1	1	1	1	0	40
chr1	82735508	82750519	1	1	1	81	0	40
chr1	82741977	82750519	1	1	1	1	0	38
chr1	82747143	82750519	1	1	1	1	0	38
chr2	32292216	32293314	1	1	1	14	0	43
chr2	32292216	32296625	1	1	1	198	0	47
chr2	32293396	32296625	1	1	1	13	0	38
chr2	59932171	59933405	2	2	0	118	0	37
chr2	59932171	59933411	2	2	1	677	0	31
chr2	59932171	59933670	2	2	1	6	0	37
chr2	59933439	59933670	2	2	1	780	0	32
chr2	71849507	71853533	1	1	1	969	0	43
chr2	71849507	71853820	1	1	0	4	0	37
chr2	71849507	71853890	1	1	0	1	0	39
chr2	71849507	71855853	1	1	1	4814	3	43
chr2	71849507	71855868	1	1	0	1	0	46
chr2	71853664	71855853	1	1	1	990	0	41
chr2	71853891	71855853	1	1	0	6	0	40
chr2	71853948	71855853	1	1	0	1	0	40
chr2	75662926	75663570	1	1	1	11	0	40
chr2	91001089	91001461	1	1	1	1282	2	34
chr2	91001089	91003299	1	1	0	1	0	33
chr2	91001511	91003210	1	1	1	1270	2	25
chr2	91001511	91003299	1	1	0	2	0	46
chr2	91003238	91003810	1	1	0	5	0	27
chr2	91003346	91003810	1	1	1	42	0	36
chr2	91159300	91162027	2	2	0	2	0	40
chr2	91159306	91160316	2	2	1	244	0	47
chr2	91159306	91162027	2	2	1	815	1	47
chr2	91160371	91162027	2	2	1	241	0	39
chr2	91681696	91684668	2	2	1	367	0	50
chr2	168752741	168754433	2	2	1	11	0	44
chr3	60422418	60613472	1	1	0	0	6	15
chr3	60613521	60614682	1	1	1	1552	5	45
chr3	60613521	60614688	1	1	0	3	0	44
chr3	60613521	60615619	1	1	1	987	3	45
chr3	60614737	60615619	1	1	1	1554	5	39
chr3	87733505	87734423	1	1	1	18	0	39
chr3	87733505	87735344	1	1	0	13	0	39
chr3	87734553	87735344	1	1	1	18	0	37
chr3	88483947	88484046	2	2	1	526	0	39
chr3	88483947	88484614	2	2	0	3	0	38
chr3	88484155	88484614	2	2	1	519	0	43
chr3	119724187	119724611	2	2	1	8512	5	34
chr3	119724187	119726065	2	2	1	29	0	29
chr3	119724646	119726065	2	2	1	8674	5	38
chr3	129825617	129826823	2	2	1	1	0	36
chr4	31992517	31994873	1	1	1	341	0	40
chr4	31992517	32002088	1	1	1	4668	11	50
chr4	31994955	32002088	1	1	1	340	0	49
chr4	107009769	107027216	1	1	1	20	0	42
chr4	107009769	107028192	1	1	1	183	0	48
chr4	107009769	107028217	1	1	0	1	0	35
chr4	107027298	107028192	1	1	1	27	0	41
chr5	23565266	23616326	2	2	1	1270	2	45
chr5	23615795	23616326	2	2	0	1	0	45
chr5	72958287	72965803	1	1	1	5	0	37
chr5	72958287	72974530	1	1	1	126	0	42
chr5	72965882	72974530	1	1	1	5	0	42
chr5	116482537	116591333	2	2	1	1526	5	50
chr5	149184807	149185484	1	1	1	1	0	43
chr5	149184807	149187707	1	1	1	23	0	43
chr5	149184807	149188344	1	1	1	788	3	45
chr5	149184807	149188357	1	1	0	1	0	49
chr5	149185662	149188344	1	1	0	1	0	39
chr5	149187806	149188344	1	1	0	1	0	40
chr5	149187835	149188344	1	1	1	3	0	39
chr5	149187877	149188344	1	1	1	19	0	39
chr6	72634233	72649119	2	2	1	5	0	40
chr6	98939789	98940994	2	2	1	1	0	45
chr6	98939789	98941535	2	2	1	213	0	46
chr6	98939789	98944618	2	2	0	20	0	45
chr6	98941165	98944618	2	2	0	1	0	36
chr6	98941658	98944618	2	2	1	212	0	37
chr6	125162102	125162211	2	2	1	622	24	43
chr6	128371086	128371967	1	1	1	5248	2	45
chr6	128371086	128372530	1	1	1	7	0	49
chr6	128371086	128372533	1	1	1	61	0	46
chr6	128372013	128372504	1	1	0	26	0	26
chr6	128372013	128372509	1	1	0	7	0	31
chr6	128372013	128372530	1	1	1	649	1	49
chr6	128372013	128372533	1	1	1	4521	2	46
chr6	128372013	128372539	1	1	0	1	0	40
chr6	128372018	128372530	1	1	0	3	0	49
chr6	128372018	128372533	1	1	0	52	0	46
chr7	67240441	67243755	2	2	0	1	0	44
chr7	67240441	67244520	2	2	1	541	2	24
chr7	67240441	67251656	2	2	1	1940	3	45
chr7	67243817	67244520	2	2	0	1	0	14
chr7	67244545	67251656	2	2	1	542	2	24
chr7	99849060	99858763	2	2	1	1	0	44
chr7	102001660	102002294	1	1	1	1785	3	43
chr7	102001660	102007485	1	1	1	1393	1	47
chr7	102002337	102007485	1	1	1	1775	2	41
chr7	112839481	112841887	1	1	1	4	0	41
chr7	112839481	112842039	1	1	1	171	0	49
chr7	112839481	112856052	1	1	1	10	0	12
chr7	112839481	112856797	1	1	1	20	0	41
chr7	112841951	112856052	1	1	1	4	0	12
chr7	112842103	112856052	1	1	1	159	0	12
chr7	112842103	112856797	1	1	1	14	0	37
chr7	112842103	112856803	1	1	0	1	0	43
chr7	112856065	112856797	1	1	1	173	0	14
chr7	127980247	127981190	1	1	1	20	0	5
chr7	127981292	127981410	1	1	1	23	0	6
chr8	25532429	25557730	1	1	1	7	0	44
chr8	25555775	25557730	1	1	1	1	0	35
chr8	47528031	47529328	2	2	1	2	0	4
chr8	91688606	91932332	1	1	0	7	0	13
chr8	95100443	95100636	2	2	0	1	0	23
chr8	95100453	95100646	2	2	1	1525	2	31
chr8	95100453	95101408	2	2	0	174	0	46
chr8	95100674	95101408	2	2	1	1526	2	44
chr8	95101447	95139983	2	2	0	0	1	15
chr8	121628690	121651724	2	2	1	1	0	41
chr8	123268550	123268744	2	2	1	165	0	47
chr9	43027296	43040539	2	2	1	137	0	39
chr9	43027296	43042590	2	2	1	265	0	45
chr9	43040597	43042590	2	2	1	136	0	45
chr9	80093642	80093859	1	1	0	1	0	30
chr9	80093642	80098885	1	1	1	9872	8	26
chr9	80093642	80098892	1	1	0	236	0	19
chr9	80093642	80103693	1	1	1	149	0	44
chr9	80093890	80098885	1	1	0	2	0	16
chr9	80098907	80099016	1	1	0	2	0	21
chr9	80098907	80103693	1	1	1	10108	8	24
chr9	80098907	80103698	1	1	0	3	0	21
chr9	80099049	80103693	1	1	0	2	0	37
chr9	114597607	114597794	2	2	1	400	0	38
chr9	114597607	114598704	2	2	0	38	0	42
chr9	114597825	114598704	2	2	0	4	0	30
chr9	114597831	114598704	2	2	1	395	0	36
chr11	26778879	26787397	2	2	0	0	1	13
chr11	79248660	79250980	2	2	1	1	0	17
chr11	79458907	79463232	1	1	1	22	0	42
chr11	79458907	79468716	1	1	1	319	0	43
chr11	79463296	79468716	1	1	1	22	0	39
chr11	94112147	94113262	1	1	1	105	0	21
chr11	94112147	94114172	1	1	1	465	0	32
chr11	94113302	94114172	1	1	1	110	0	39
chr11	100481848	100482144	2	2	1	1	0	39
chr11	102310577	102310925	2	2	1	50	0	42
chr11	102310577	102311360	2	2	0	2	0	42
chr11	102310577	102311379	2	2	1	1357	1	46
chr11	102311037	102311379	2	2	1	51	0	45
chr12	71952560	71956123	1	1	0	1	0	36
chr12	71952560	71958746	1	1	1	75	0	27
chr12	71952560	71959805	1	1	1	40	0	44
chr12	71956179	71958746	1	1	0	1	0	16
chr12	71958774	71959805	1	1	1	76	0	27
chr12	83811361	83825258	2	2	1	77	0	33
chr12	83811361	83831921	2	2	1	495	0	41
chr12	83825292	83831921	2	2	1	77	0	33
chr12	109549553	109549652	1	1	1	1	0	30
chr12	112928622	113133308	1	1	0	0	5	13
chr12	113133338	113133495	1	1	0	109	9	44
chr12	113133338	113133540	1	1	1	1859	84	43
chr12	113133338	113135796	1	1	1	20	0	29
chr12	113133577	113134761	1	1	0	4	0	21
chr12	113133577	113134800	1	1	0	8	0	12
chr12	113133577	113135796	1	1	1	1928	93	29
chr12	113134813	113135796	1	1	0	12	0	29
chr13	46778990	46785245	2	2	0	1	0	44
chr13	46778994	46780625	2	2	1	797	0	43
chr13	46778994	46785245	2	2	1	3704	3	46
chr13	46780665	46785245	2	2	1	799	0	39
chr13	56084286	56089757	2	2	1	58	0	41
chr13	56084286	56096123	2	2	0	3	0	40
chr13	56089858	56096123	2	2	1	58	0	41
chr14	57643224	57643334	2	2	1	1	0	39
chr14	57643224	57648418	2	2	1	144	0	47
chr14	57643490	57648418	2	2	1	1	0	38
chr14	120389164	120395711	1	1	1	363	0	44
chr14	120389164	120395717	1	1	0	1	0	38
chr14	120389164	120396450	1	1	1	750	0	48
chr14	120395766	120396450	1	1	1	372	0	48
chr15	77102940	77105576	2	2	1	367	1	41
chr15	77102940	77113604	2	2	1	31	0	44
chr15	77105670	77113604	2	2	1	365	1	48
chr16	57178021	57181491	2	2	1	508	1	44
chr16	57178021	57182850	2	2	1	534	0	44
chr16	57181537	57182850	2	2	1	503	1	42
chr16	84831508	84834808	2	2	1	2	0	44
chr17	12979205	13846588	1	1	0	56	2	12
chr17	13846640	13848354	1	1	1	3782	8	22
chr17	13846640	13849107	1	1	1	7425	10	46
chr17	13846640	13849113	1	1	0	33	0	47
chr17	13848376	13849107	1	1	1	3775	8	41
chr17	13848376	13849113	1	1	0	11	0	21
chr17	45570567	45570665	2	2	1	854	2	39
chr17	45570800	45571017	2	2	1	965	3	21
chr18	10726534	10740982	1	1	1	1	0	15
chr18	53948155	53948644	1	1	1	12764	8	33
chr18	53948155	53948651	1	1	0	2	0	17
chr18	53948155	53953244	1	1	1	3943	3	45
chr18	53948666	53953244	1	1	0	5	0	21
chr18	53948669	53949681	1	1	0	1	0	15
chr18	53948669	53953244	1	1	1	12745	8	37
chr18	53948669	53953268	1	1	0	2	0	24
chr18	53948673	53953244	1	1	0	5	0	28
chr18	53949263	53953244	1	1	0	1	0	37
chr18	53949705	53953244	1	1	0	1	0	23
chr18	64515406	64516415	2	2	1	1	0	30
chr19	7281256	7281797	2	4	1	222	0	41
chr19	7281256	7282725	2	2	1	1461	0	36
chr19	7281960	7282725	2	2	1	238	0	29
