chr1	34295537	34296741	1	1	1	83	0	18
chr1	34295537	34299720	1	1	1	13	0	38
chr1	34296760	34299720	1	1	1	83	0	19
chr1	40010678	40011649	1	1	1	78	0	21
chr1	40010678	40011811	1	1	0	2	0	21
chr1	40010678	40014105	1	1	1	43	1	32
chr1	40011842	40014105	1	1	1	80	0	38
chr1	82735508	82741817	1	1	1	1	0	40
chr1	82735508	82747082	1	1	1	2	0	40
chr1	82735508	82750519	1	1	1	54	0	41
chr1	82747143	82750519	1	1	1	2	0	38
chr2	32292216	32293314	1	1	1	15	0	43
chr2	32292216	32296625	1	1	1	60	1	43
chr2	32293396	32296625	1	1	1	15	0	38
chr2	59932171	59933405	2	2	0	73	0	37
chr2	59932171	59933411	2	2	1	451	0	31
chr2	59932171	59933670	2	2	1	4	0	38
chr2	59933439	59933670	2	2	1	519	0	28
chr2	71849507	71853533	1	1	1	835	0	42
chr2	71849507	71853890	1	1	0	3	0	39
chr2	71849507	71855853	1	1	1	2785	3	46
chr2	71849507	71855868	1	1	0	6	0	46
chr2	71853664	71855853	1	1	1	851	0	41
chr2	71853948	71855853	1	1	0	3	0	40
chr2	75662926	75663570	1	1	1	4	1	41
chr2	91001089	91001461	1	1	1	541	0	24
chr2	91001511	91003210	1	1	1	532	0	21
chr2	91003238	91003810	1	1	0	1	0	27
chr2	91003346	91003810	1	1	1	7	0	36
chr2	91159306	91160316	2	2	1	205	0	47
chr2	91159306	91162027	2	2	1	345	0	47
chr2	91159320	91162027	2	2	0	1	0	40
chr2	91160371	91162027	2	2	1	203	0	39
chr2	91681696	91682025	2	2	1	1	0	50
chr2	91681696	91684668	2	2	1	194	2	50
chr2	91682110	91684668	2	2	0	1	0	38
chr2	153670448	153670848	1	1	1	1	0	42
chr2	153670448	153672215	1	1	1	7	0	50
chr2	153670909	153672215	1	1	1	1	0	50
chr3	55983846	55985609	2	2	1	2	0	45
chr3	60613521	60614682	1	1	1	1411	3	45
chr3	60613521	60615619	1	1	1	1227	2	45
chr3	60614737	60615619	1	1	1	1424	2	40
chr3	87733505	87734423	1	1	1	13	0	44
chr3	87733505	87735344	1	1	0	5	0	39
chr3	87734553	87735344	1	1	1	14	0	37
chr3	88483947	88484046	2	2	1	224	0	39
chr3	88484155	88484614	2	2	1	221	0	40
chr3	119724187	119724611	2	2	1	7570	5	34
chr3	119724187	119726065	2	2	1	16	0	29
chr3	119724646	119726065	2	2	1	7786	5	41
chr3	119726116	119820407	2	2	0	5	0	13
chr4	31992517	31994873	1	1	1	225	0	39
chr4	31992517	32002088	1	1	1	3452	4	49
chr4	31994955	32002088	1	1	1	225	0	50
chr4	107009769	107027216	1	1	1	10	0	39
chr4	107009769	107028192	1	1	1	148	0	42
chr4	107027298	107028192	1	1	1	10	0	41
chr5	23565266	23616326	2	2	1	854	1	46
chr5	72958287	72974530	1	1	1	109	0	42
chr5	72965882	72974530	1	1	1	1	0	41
chr5	116477146	116482389	2	2	1	1	0	33
chr5	116482537	116591333	2	2	1	650	2	50
chr5	149184807	149187707	1	1	1	13	0	43
chr5	149184807	149188344	1	1	1	537	1	44
chr5	149187835	149188344	1	1	1	4	0	40
chr5	149187877	149188344	1	1	1	9	0	39
chr5	149188474	149193839	1	1	1	1	0	25
chr6	72634233	72649119	2	2	1	1	0	40
chr6	98939789	98941535	2	2	1	98	2	45
chr6	98939789	98944618	2	2	0	12	0	45
chr6	98941658	98944618	2	2	1	100	2	37
chr6	125162102	125162211	2	2	1	180	4	36
chr6	128371086	128371967	1	1	1	4200	1	43
chr6	128371086	128371980	1	1	0	1	0	32
chr6	128371086	128372533	1	1	1	11	0	46
chr6	128372013	128372504	1	1	0	18	0	26
chr6	128372013	128372509	1	1	0	6	0	31
chr6	128372013	128372530	1	1	1	530	0	49
chr6	128372013	128372533	1	1	1	3587	1	46
chr6	128372013	128372536	1	1	0	1	0	43
chr6	128372013	128372539	1	1	0	1	0	40
chr6	128372018	128372530	1	1	0	7	0	49
chr6	128372018	128372533	1	1	0	47	0	46
chr7	25724845	25725923	2	2	1	2	0	41
chr7	67240441	67244520	2	2	1	240	0	24
chr7	67240441	67251656	2	2	1	1743	1	46
chr7	67244545	67251656	2	2	1	239	0	24
chr7	102001660	102002294	1	1	1	1200	2	42
chr7	102001660	102007485	1	1	1	446	0	43
chr7	102001665	102002300	1	1	0	0	1	36
chr7	102002310	102007485	1	1	0	2	0	15
chr7	102002337	102007485	1	1	1	1207	2	41
chr7	102003812	102007485	1	1	0	1	0	38
chr7	112839481	112841887	1	1	1	4	0	41
chr7	112839481	112842039	1	1	1	76	0	41
chr7	112839481	112856052	1	1	1	5	0	12
chr7	112839481	112856797	1	1	1	5	0	41
chr7	112841951	112856052	1	1	1	1	0	12
chr7	112842103	112856052	1	1	1	79	0	12
chr7	112842103	112856797	1	1	1	1	0	37
chr7	112856065	112856797	1	1	1	85	0	12
chr7	127972771	127974399	1	1	1	2	0	38
chr7	127980247	127981190	1	1	1	7	0	2
chr7	127981292	127981410	1	1	1	8	0	6
chr8	25532429	25557730	1	1	1	1	0	42
chr8	33386064	33386329	1	1	0	1	0	37
chr8	95100453	95100646	2	2	1	632	0	31
chr8	95100453	95101408	2	2	0	90	0	46
chr8	95100674	95101408	2	2	1	632	0	42
chr8	123268550	123268744	2	2	1	152	0	46
chr9	43027296	43040539	2	2	1	104	0	39
chr9	43027296	43042590	2	2	1	94	0	45
chr9	43040593	43042590	2	2	0	1	0	43
chr9	43040597	43042590	2	2	1	104	0	45
chr9	80093642	80098885	1	1	1	7556	10	30
chr9	80093642	80098892	1	1	0	156	0	14
chr9	80093642	80103693	1	1	1	246	0	45
chr9	80098907	80099016	1	1	0	2	0	21
chr9	80098907	80101831	1	1	0	1	0	21
chr9	80098907	80103693	1	1	1	7710	10	29
chr9	80098907	80103698	1	1	0	3	0	21
chr9	80099049	80103693	1	1	0	1	0	37
chr9	80101891	80103693	1	1	0	1	0	37
chr9	114597607	114597794	2	2	1	399	1	38
chr9	114597607	114598704	2	2	0	10	0	41
chr9	114597825	114598704	2	2	0	4	0	30
chr9	114597831	114598704	2	2	1	393	1	36
chr11	20201653	20215629	1	1	1	1	0	41
chr11	20215703	20218812	1	1	1	1	0	31
chr11	26778879	26787397	2	2	0	0	1	13
chr11	79458907	79463232	1	1	1	9	0	43
chr11	79458907	79468716	1	1	1	94	0	43
chr11	79463296	79468716	1	1	1	9	0	38
chr11	94112147	94113262	1	1	1	78	0	21
chr11	94112147	94114172	1	1	1	389	1	32
chr11	94113302	94114172	1	1	1	82	0	39
chr11	102310577	102310925	2	2	1	37	0	42
chr11	102310577	102311379	2	2	1	503	1	46
chr11	102311037	102311379	2	2	1	36	0	45
chr12	71952560	71958746	1	1	1	49	0	27
chr12	71952560	71959805	1	1	1	27	0	43
chr12	71958774	71959805	1	1	1	49	0	27
chr12	83811361	83825258	2	2	1	32	0	33
chr12	83811361	83831921	2	2	1	347	1	41
chr12	83825292	83831921	2	2	1	33	0	33
chr12	113133338	113133495	1	1	0	85	11	43
chr12	113133338	113133540	1	1	1	1637	54	42
chr12	113133338	113134800	1	1	0	1	0	14
chr12	113133338	113135796	1	1	1	16	0	29
chr12	113133577	113134186	1	1	0	3	0	28
chr12	113133577	113134761	1	1	0	2	0	21
chr12	113133577	113134800	1	1	0	16	0	12
chr12	113133577	113135796	1	1	1	1643	65	29
chr12	113134231	113135796	1	1	0	3	0	29
chr12	113134813	113135796	1	1	0	19	0	29
chr13	46778990	46785245	2	2	0	1	0	44
chr13	46778994	46780625	2	2	1	649	3	40
chr13	46778994	46785245	2	2	1	2440	4	50
chr13	46780665	46785245	2	2	1	645	3	39
chr13	56084286	56089757	2	2	1	46	0	40
chr13	56084286	56096123	2	2	0	1	0	40
chr13	56089858	56096123	2	2	1	45	0	41
chr14	57643224	57643334	2	2	1	1	0	39
chr14	57643224	57648418	2	2	1	92	0	42
chr14	57643490	57648418	2	2	1	1	0	38
chr14	120389164	120395711	1	1	1	174	0	39
chr14	120389164	120396450	1	1	1	352	0	48
chr14	120395766	120396450	1	1	1	179	0	48
chr15	77102940	77105576	2	2	1	189	0	44
chr15	77102940	77113604	2	2	1	5	0	44
chr15	77105670	77113604	2	2	1	187	0	48
chr15	103242719	103242921	1	1	1	1	0	13
chr16	57178021	57181491	2	2	1	185	0	45
chr16	57178021	57182850	2	2	1	71	0	44
chr16	57181537	57182850	2	2	1	186	0	33
chr16	84831508	84834808	2	2	1	1	0	44
chr17	12979205	13846588	1	1	0	51	2	12
chr17	13846640	13848354	1	1	1	3572	8	22
chr17	13846640	13849107	1	1	1	4424	6	46
chr17	13846640	13849113	1	1	0	27	0	48
chr17	13848376	13849107	1	1	1	3563	8	29
chr17	13848376	13849113	1	1	0	2	0	21
chr17	45570567	45570665	2	2	1	378	1	42
chr17	45570800	45571017	2	2	1	421	0	23
chr18	53948155	53948644	1	1	1	14606	15	33
chr18	53948155	53953244	1	1	1	2340	0	45
chr18	53948666	53953244	1	1	0	8	0	21
chr18	53948669	53953244	1	1	1	14585	15	37
chr18	53948669	53953268	1	1	0	4	0	24
chr18	53948673	53953244	1	1	0	4	0	28
chr18	64515409	64516415	2	2	1	1	0	39
chr19	7281256	7281797	2	4	1	152	0	38
chr19	7281256	7282331	2	2	0	1	0	38
chr19	7281256	7282725	2	2	1	1307	0	36
chr19	7281960	7282725	2	2	1	162	0	35
chr19	7282449	7282725	2	2	0	1	0	26
