chr1	34295537	34296741	1	1	1	57	0	20
chr1	34295537	34299720	1	1	1	5	0	38
chr1	34296760	34299720	1	1	1	57	0	19
chr1	40010678	40011649	1	1	1	58	0	21
chr1	40010678	40011811	1	1	0	2	0	21
chr1	40010678	40014105	1	1	1	14	0	32
chr1	40011842	40014105	1	1	1	59	0	37
chr1	82735508	82741817	1	1	1	2	0	40
chr1	82735508	82747082	1	1	1	3	0	40
chr1	82735508	82750519	1	1	1	38	0	40
chr1	82747143	82750519	1	1	1	4	0	38
chr1	191821742	191822146	1	1	1	1	0	7
chr2	32292216	32293314	1	1	1	8	0	43
chr2	32292216	32296625	1	1	1	48	0	43
chr2	32293396	32296625	1	1	1	8	0	38
chr2	59932171	59933405	2	2	0	35	0	33
chr2	59932171	59933411	2	2	1	254	0	31
chr2	59932171	59933670	2	2	1	1	0	30
chr2	59933439	59933670	2	2	1	283	0	28
chr2	71849507	71853533	1	1	1	367	0	39
chr2	71849507	71853875	1	1	0	1	0	15
chr2	71849507	71855853	1	1	1	756	1	43
chr2	71849507	71855868	1	1	0	1	0	46
chr2	71853664	71855853	1	1	1	377	0	42
chr2	71853891	71855853	1	1	0	1	0	15
chr2	75662926	75663570	1	1	1	5	0	31
chr2	91001089	91001461	1	1	1	378	0	34
chr2	91001089	91003299	1	1	0	1	0	33
chr2	91001511	91003210	1	1	1	376	0	35
chr2	91003238	91003810	1	1	0	2	0	27
chr2	91003346	91003810	1	1	1	12	0	36
chr2	91159306	91160316	2	2	1	141	0	47
chr2	91159306	91162027	2	2	1	210	0	47
chr2	91160371	91162027	2	2	1	142	0	39
chr2	91681696	91682025	2	2	1	1	0	50
chr2	91681696	91684668	2	2	1	136	0	50
chr2	91682137	91684668	2	2	1	1	0	38
chr3	60613521	60614682	1	1	1	440	0	46
chr3	60613521	60615619	1	1	1	567	0	45
chr3	60614737	60615619	1	1	1	439	0	39
chr3	87733505	87734423	1	1	1	7	0	39
chr3	87733505	87735344	1	1	0	7	0	39
chr3	87734553	87735344	1	1	1	6	0	37
chr3	88483947	88484046	2	2	1	193	0	38
chr3	88484155	88484614	2	2	1	187	0	39
chr3	119724187	119724611	2	2	1	2031	1	34
chr3	119724187	119726065	2	2	1	11	0	29
chr3	119724646	119726065	2	2	1	2081	2	38
chr3	119726221	119740314	2	2	1	2	0	40
chr4	31992517	31994873	1	1	1	163	0	39
chr4	31992517	32002088	1	1	1	1865	1	49
chr4	31994955	32002088	1	1	1	161	0	49
chr4	107009769	107027216	1	1	1	6	0	38
chr4	107009769	107028192	1	1	1	54	0	43
chr4	107027298	107028192	1	1	1	6	0	41
chr4	139473637	139476130	1	1	1	1	0	8
chr5	23565266	23616326	2	2	1	208	0	46
chr5	72958287	72965803	1	1	1	2	0	40
chr5	72958287	72974530	1	1	1	33	0	43
chr5	72965882	72974530	1	1	1	2	0	42
chr5	116482537	116591333	2	2	1	393	0	50
chr5	149184807	149187707	1	1	1	8	0	43
chr5	149184807	149188344	1	1	1	412	0	48
chr5	149187864	149188344	1	1	0	1	0	39
chr5	149187877	149188344	1	1	1	7	0	39
chr5	149188474	149193839	1	1	1	1	0	25
chr6	98939789	98941535	2	2	1	106	0	45
chr6	98939789	98944618	2	2	0	15	0	45
chr6	98941658	98944618	2	2	1	102	0	36
chr6	125162102	125162211	2	2	1	249	5	37
chr6	128371086	128371967	1	1	1	1584	2	43
chr6	128371086	128372530	1	1	1	1	0	49
chr6	128371086	128372533	1	1	1	1	0	43
chr6	128372013	128372504	1	1	0	11	0	26
chr6	128372013	128372509	1	1	0	3	0	31
chr6	128372013	128372530	1	1	1	204	1	47
chr6	128372013	128372533	1	1	1	1350	1	46
chr6	128372013	128372536	1	1	0	1	0	43
chr6	128372013	128372539	1	1	0	1	0	40
chr6	128372018	128372530	1	1	0	2	0	49
chr6	128372018	128372533	1	1	0	18	0	46
chr7	28174687	28174784	1	1	1	1	0	46
chr7	67240441	67244520	2	2	1	53	0	24
chr7	67240441	67251656	2	2	1	479	0	45
chr7	67244545	67251656	2	2	1	53	0	24
chr7	101958298	102001614	1	1	0	0	1	14
chr7	102001660	102002294	1	1	1	1060	2	43
chr7	102001660	102007485	1	1	1	188	0	43
chr7	102001665	102002300	1	1	0	0	1	36
chr7	102002310	102007485	1	1	0	1	0	15
chr7	102002337	102007485	1	1	1	1067	2	42
chr7	112839481	112841887	1	1	1	3	0	41
chr7	112839481	112842039	1	1	1	96	0	41
chr7	112839481	112856052	1	1	1	6	0	12
chr7	112839481	112856797	1	1	1	5	0	41
chr7	112842103	112856052	1	1	1	96	0	12
chr7	112842103	112856797	1	1	1	2	0	37
chr7	112856065	112856797	1	1	1	103	0	12
chr7	127980247	127981190	1	1	1	3	0	2
chr7	127981292	127981410	1	1	1	5	0	6
chr8	47528031	47529328	2	2	1	1	0	4
chr8	95100453	95100646	2	2	1	328	0	31
chr8	95100453	95101408	2	2	0	30	0	44
chr8	95100674	95101408	2	2	1	328	0	44
chr8	123268550	123268744	2	2	1	148	0	46
chr9	43027296	43040539	2	2	1	66	0	38
chr9	43027296	43042590	2	2	1	67	0	45
chr9	43040597	43042590	2	2	1	65	0	45
chr9	80093642	80094508	1	1	0	2	0	44
chr9	80093642	80098885	1	1	1	3010	3	31
chr9	80093642	80098892	1	1	0	74	0	14
chr9	80093642	80103693	1	1	1	85	0	44
chr9	80094574	80098885	1	1	0	2	0	16
chr9	80098907	80101831	1	1	0	1	0	21
chr9	80098907	80103693	1	1	1	3087	3	24
chr9	80101891	80103693	1	1	0	1	0	37
chr9	114597607	114597794	2	2	1	182	0	38
chr9	114597607	114598704	2	2	0	7	0	40
chr9	114597825	114598704	2	2	0	4	0	30
chr9	114597831	114598704	2	2	1	178	0	36
chr11	69914434	69914751	1	1	1	1	0	35
chr11	79458907	79463232	1	1	1	15	0	42
chr11	79458907	79468716	1	1	1	143	1	42
chr11	79463296	79468716	1	1	1	15	0	38
chr11	79468155	79468716	1	1	1	1	0	38
chr11	94112147	94113262	1	1	1	50	1	23
chr11	94112147	94114172	1	1	1	116	0	32
chr11	94113302	94114172	1	1	1	54	1	39
chr11	102310577	102310925	2	2	1	28	0	42
chr11	102310577	102311379	2	2	1	485	1	48
chr11	102311037	102311379	2	2	1	27	0	45
chr12	71952560	71958746	1	1	1	32	0	27
chr12	71952560	71959805	1	1	1	29	0	43
chr12	71958774	71959805	1	1	1	32	0	27
chr12	83811361	83825258	2	2	1	35	0	34
chr12	83811361	83831921	2	2	1	279	0	41
chr12	83825292	83831921	2	2	1	34	0	33
chr12	113133338	113133495	1	1	0	48	11	45
chr12	113133338	113133540	1	1	1	848	32	43
chr12	113133338	113135796	1	1	1	4	0	29
chr12	113133577	113134800	1	1	0	2	0	14
chr12	113133577	113135796	1	1	1	872	43	29
chr12	113134813	113135796	1	1	0	1	0	12
chr13	46778994	46780545	2	2	0	1	0	40
chr13	46778994	46780625	2	2	1	337	0	43
chr13	46778994	46785245	2	2	1	1338	3	45
chr13	46780665	46785245	2	2	1	337	0	39
chr13	56084286	56089757	2	2	1	23	0	40
chr13	56089858	56096123	2	2	1	23	0	41
chr14	57643224	57643334	2	2	1	3	0	39
chr14	57643224	57648418	2	2	1	84	0	39
chr14	57643490	57648418	2	2	1	2	0	38
chr14	120389164	120395711	1	1	1	133	0	39
chr14	120389164	120396450	1	1	1	350	0	48
chr14	120395766	120396450	1	1	1	135	0	48
chr15	77102940	77105576	2	2	1	138	0	41
chr15	77102940	77113604	2	2	1	4	0	44
chr15	77105670	77113604	2	2	1	139	0	48
chr16	57178021	57181491	2	2	1	177	0	43
chr16	57178021	57182850	2	2	1	69	0	43
chr16	57181537	57182850	2	2	1	177	0	34
chr17	12979205	13846588	1	1	0	17	1	12
chr17	13846640	13848354	1	1	1	2237	2	22
chr17	13846640	13849107	1	1	1	1611	4	45
chr17	13846640	13849113	1	1	0	11	0	47
chr17	13848376	13849107	1	1	1	2235	2	26
chr17	45570567	45570665	2	2	1	235	0	43
chr17	45570800	45571017	2	2	1	275	1	21
chr18	53948155	53948644	1	1	1	5046	2	28
chr18	53948155	53953244	1	1	1	544	1	45
chr18	53948666	53953244	1	1	0	3	0	21
chr18	53948669	53953244	1	1	1	5040	2	37
chr19	7281256	7281797	2	4	1	91	0	39
chr19	7281256	7282725	2	2	1	494	0	36
chr19	7281960	7282725	2	2	1	93	0	31
