chr1	34295537	34296741	1	1	1	49	0	18
chr1	34295537	34299720	1	1	1	214	1	41
chr1	34296760	34299720	1	1	1	49	0	18
chr1	40010678	40011649	1	1	1	23	0	21
chr1	40010678	40014105	1	1	1	64	3	32
chr1	40011842	40014105	1	1	1	22	0	37
chr1	72628202	72629374	1	1	1	1	0	6
chr1	82735508	82745523	1	1	1	1	0	33
chr1	82735508	82747082	1	1	1	3	0	40
chr1	82735508	82750519	1	1	1	58	0	41
chr1	82745557	82747082	1	1	1	1	0	7
chr1	82747143	82750519	1	1	1	4	0	38
chr2	32292216	32293314	1	1	1	1	0	43
chr2	32292216	32296625	1	1	1	76	0	43
chr2	32293396	32296625	1	1	1	1	0	38
chr2	59932171	59933405	2	2	0	4	0	33
chr2	59932171	59933411	2	2	1	54	0	31
chr2	59932171	59933670	2	2	1	14	0	39
chr2	59933439	59933670	2	2	1	56	0	28
chr2	71849507	71853533	1	1	1	15	0	44
chr2	71849507	71855853	1	1	1	1449	0	43
chr2	71853664	71855853	1	1	1	16	0	41
chr2	75662926	75663570	1	1	1	7	0	32
chr2	91001089	91001461	1	1	1	473	1	24
chr2	91001511	91003210	1	1	1	465	1	25
chr2	91001511	91003299	1	1	0	2	0	46
chr2	91003238	91003810	1	1	0	2	0	27
chr2	91003346	91003810	1	1	1	5	0	36
chr2	91159306	91160316	2	2	1	1	0	47
chr2	91159306	91162027	2	2	1	138	0	47
chr2	91160371	91162027	2	2	1	1	0	38
chr2	91681696	91684668	2	2	1	555	0	50
chr2	153670448	153670848	1	1	1	78	0	44
chr2	153670448	153672215	1	1	1	1	0	50
chr2	153670909	153672215	1	1	1	77	0	50
chr2	153670909	153714954	1	1	0	1	0	41
chr2	168752731	168754433	2	2	0	2	0	47
chr2	168752741	168754433	2	2	1	13301	16	46
chr2	168754471	168860933	2	2	0	0	3	20
chr3	60613521	60614682	1	1	1	94	0	44
chr3	60613521	60615619	1	1	1	20	0	44
chr3	60614737	60615619	1	1	1	93	0	38
chr3	87733505	87735344	1	1	0	138	0	40
chr3	88483947	88484046	2	2	1	67	0	38
chr3	88484155	88484614	2	2	1	68	0	40
chr3	119724187	119724611	2	2	1	1790	0	34
chr3	119724187	119726065	2	2	1	2	0	29
chr3	119724646	119726065	2	2	1	1830	0	38
chr3	119726116	119820407	2	2	0	2	0	13
chr4	31992517	31994873	1	1	1	1184	2	42
chr4	31992517	32002088	1	1	1	535	0	49
chr4	31994955	32002088	1	1	1	1185	2	49
chr4	107009769	107027216	1	1	1	42	0	39
chr4	107009769	107028192	1	1	1	186	1	43
chr4	107027298	107028192	1	1	1	46	0	42
chr4	107031092	107036935	1	1	1	1	0	29
chr5	23565266	23579979	2	2	0	1	0	37
chr5	23565266	23616326	2	2	1	150	0	45
chr5	23580113	23616326	2	2	0	1	0	45
chr5	72958287	72965803	1	1	1	2	0	37
chr5	72958287	72974530	1	1	1	31	0	41
chr5	72965882	72974530	1	1	1	2	0	41
chr5	149184807	149187707	1	1	1	41	0	43
chr5	149184807	149188344	1	1	1	185	0	44
chr5	149187835	149188344	1	1	1	7	0	39
chr5	149187864	149188344	1	1	0	1	0	39
chr5	149187877	149188344	1	1	1	34	0	39
chr6	47577668	47594893	2	2	1	2	0	27
chr6	72633011	72633215	2	2	1	1	0	6
chr6	72634233	72634303	2	2	0	3	0	37
chr6	72634233	72648800	2	2	1	3178	3	42
chr6	72634233	72649119	2	2	1	6413	8	50
chr6	72634351	72649119	2	2	0	2	0	40
chr6	72648843	72649119	2	2	1	3170	3	42
chr6	98939789	98940994	2	2	1	11	0	45
chr6	98939789	98941535	2	2	1	83	0	45
chr6	98939789	98944618	2	2	0	21	0	45
chr6	98941165	98944618	2	2	0	11	0	36
chr6	98941658	98944618	2	2	1	83	0	36
chr6	125162102	125162211	2	2	1	431	9	36
chr6	128371086	128371967	1	1	1	1400	0	41
chr6	128371086	128372504	1	1	0	2	0	39
chr6	128371086	128372530	1	1	1	78	0	49
chr6	128371086	128372533	1	1	1	675	2	46
chr6	128371086	128372536	1	1	0	2	0	43
chr6	128372013	128372504	1	1	0	1	0	26
chr6	128372013	128372509	1	1	0	1	0	31
chr6	128372013	128372530	1	1	1	212	0	49
chr6	128372013	128372533	1	1	1	1176	0	46
chr6	128372018	128372530	1	1	0	1	0	49
chr6	128372018	128372533	1	1	0	13	0	46
chr7	67240441	67251656	2	2	1	417	0	44
chr7	101288340	102001612	1	3	0	10	0	12
chr7	102001660	102002294	1	1	1	217	0	42
chr7	102001660	102007485	1	1	1	3183	1	44
chr7	102002337	102007485	1	1	1	215	0	40
chr7	112839481	112841887	1	1	1	8	1	41
chr7	112839481	112842039	1	1	1	135	2	41
chr7	112839481	112856797	1	1	1	17	0	41
chr7	112841906	112842057	1	1	0	0	1	18
chr7	112841951	112856052	1	1	1	4	0	12
chr7	112841951	112856797	1	1	0	2	0	37
chr7	112842103	112856052	1	1	1	7	0	12
chr7	112842103	112856797	1	1	1	126	2	43
chr7	112856065	112856797	1	1	1	12	0	14
chr7	127972771	127974399	1	1	1	1	0	7
chr7	127980247	127981190	1	1	1	13	0	5
chr7	127981292	127981410	1	1	1	14	0	6
chr7	144847532	144862231	1	1	1	1	0	3
chr7	144861833	144862231	1	1	1	1231	3	39
chr7	144861837	144862231	1	1	0	2	0	32
chr7	144862267	144862764	1	1	0	1	0	35
chr7	144862336	144862764	1	1	1	1225	3	47
chr8	25532429	25555507	1	1	1	1	0	44
chr8	25532429	25557730	1	1	1	1	0	44
chr8	25555775	25557730	1	1	1	3	0	37
chr8	72219861	72219940	1	1	1	1	0	30
chr8	95100453	95100646	2	2	1	254	0	31
chr8	95100453	95101408	2	2	0	596	0	46
chr8	95100674	95101408	2	2	1	254	0	38
chr8	123268550	123268744	2	2	1	80	0	46
chr9	43027296	43040539	2	2	1	16	0	38
chr9	43027296	43042590	2	2	1	194	0	45
chr9	43040597	43042590	2	2	1	16	0	45
chr9	80093642	80098885	1	1	1	1221	2	26
chr9	80093642	80098892	1	1	0	28	0	14
chr9	80093642	80103693	1	1	1	7081	4	45
chr9	80093642	80103698	1	1	0	2	0	44
chr9	80098907	80099016	1	1	0	1	0	21
chr9	80098907	80101831	1	1	0	1	0	21
chr9	80098907	80103693	1	1	1	1245	2	23
chr9	80099049	80103693	1	1	0	1	0	37
chr9	80101891	80103693	1	1	0	1	0	37
chr9	114597607	114597794	2	2	1	242	0	38
chr9	114597607	114598704	2	2	0	281	1	42
chr9	114597825	114598704	2	2	0	6	0	30
chr9	114597831	114598704	2	2	1	236	0	38
chr10	24596599	24596731	1	1	1	2	0	5
chr11	79458907	79463232	1	1	1	33	0	42
chr11	79458907	79468716	1	1	1	40	0	42
chr11	79463296	79468716	1	1	1	33	0	39
chr11	94112147	94113262	1	1	1	13	0	21
chr11	94112147	94114172	1	1	1	224	0	32
chr11	94113302	94114172	1	1	1	15	0	40
chr11	102310577	102310925	2	2	1	72	0	43
chr11	102310577	102311379	2	2	1	278	0	46
chr11	102311037	102311379	2	2	1	72	0	45
chr12	71952560	71959805	1	1	1	206	0	44
chr12	71952560	71959809	1	1	0	1	0	45
chr12	83811361	83825258	2	2	1	159	0	33
chr12	83811361	83831921	2	2	1	165	0	41
chr12	83825292	83831921	2	2	1	159	0	34
chr12	104697145	104700364	2	2	1	1	0	39
chr12	113133338	113133495	1	1	0	7	0	42
chr12	113133338	113133540	1	1	1	216	0	43
chr12	113133338	113134186	1	1	0	1	0	42
chr12	113133338	113135796	1	1	1	763	1	29
chr12	113133577	113135796	1	1	1	212	0	29
chr13	46777214	46778893	2	2	1	1	0	35
chr13	46778990	46785245	2	2	0	1	0	44
chr13	46778994	46780625	2	2	1	602	0	42
chr13	46778994	46785245	2	2	1	2478	3	45
chr13	46780665	46785245	2	2	1	603	0	39
chr13	56084286	56089757	2	2	1	12	0	40
chr13	56089858	56096123	2	2	1	12	0	41
chr14	57643224	57648418	2	2	1	150	0	47
chr14	120389164	120395711	1	1	1	224	0	39
chr14	120389164	120395717	1	1	0	1	0	38
chr14	120389164	120396450	1	1	1	64	0	48
chr14	120395766	120396450	1	1	1	240	0	48
chr15	77102940	77105576	2	2	1	130	0	41
chr15	77102940	77113604	2	2	1	19	0	44
chr15	77105670	77113604	2	2	1	129	0	48
chr15	103242719	103243624	1	1	1	0	3	33
chr16	57178021	57181491	2	2	1	26	0	43
chr16	57178021	57182850	2	2	1	958	0	44
chr16	57181537	57182850	2	2	1	26	0	33
chr16	94686604	94691580	1	1	1	2	0	45
chr17	12979205	13846588	1	1	0	11	0	12
chr17	13846640	13848354	1	1	1	410	0	21
chr17	13846640	13849107	1	1	1	10910	11	46
chr17	13846640	13849113	1	1	0	66	0	47
chr17	13848376	13849107	1	1	1	411	0	26
chr17	45570567	45570665	2	2	1	470	2	37
chr17	45570800	45571017	2	2	1	536	1	24
chr17	45570800	45610434	2	2	0	0	1	25
chr17	46590452	46590758	2	2	1	4	0	11
chr18	10726534	10740982	1	1	1	1	0	15
chr18	53948155	53948644	1	1	1	1390	1	27
chr18	53948155	53953244	1	1	1	10991	11	45
chr18	53948666	53953244	1	1	0	2	0	21
chr18	53948669	53953244	1	1	1	1383	1	26
chr18	64515406	64516415	2	2	1	1	0	42
chr19	7281256	7281797	2	4	1	103	0	38
chr19	7281256	7282725	2	2	1	359	0	36
chr19	7281960	7282725	2	2	1	107	0	26
