chr1	34295537	34296741	1	1	1	68	0	18
chr1	34295537	34299720	1	1	1	15	0	39
chr1	34296760	34299720	1	1	1	68	0	18
chr1	40010678	40011649	1	1	1	70	0	21
chr1	40010678	40011783	1	1	0	1	0	21
chr1	40010678	40011811	1	1	0	1	0	21
chr1	40010678	40014105	1	1	1	27	1	32
chr1	40011842	40014105	1	1	1	71	0	39
chr1	72626646	72628100	1	1	1	2	0	17
chr1	72628202	72629374	1	1	1	1	0	6
chr1	82735508	82741817	1	1	1	1	0	40
chr1	82735508	82750519	1	1	1	54	0	40
chr2	32292216	32293314	1	1	1	6	0	43
chr2	32292216	32296625	1	1	1	52	0	43
chr2	32293396	32296625	1	1	1	5	0	39
chr2	59932171	59933405	2	2	0	86	0	37
chr2	59932171	59933411	2	2	1	439	0	31
chr2	59932171	59933670	2	2	1	5	0	32
chr2	59933439	59933670	2	2	1	515	0	33
chr2	71849498	71855844	2	2	0	0	1	43
chr2	71849507	71853533	1	1	1	542	0	40
chr2	71849507	71853875	1	1	0	1	0	15
chr2	71849507	71855853	1	1	1	1755	2	42
chr2	71853664	71855853	1	1	1	549	0	41
chr2	71853891	71855853	1	1	0	1	0	15
chr2	75662926	75663570	1	1	1	7	0	39
chr2	91001089	91001461	1	1	1	431	0	34
chr2	91001511	91003210	1	1	1	425	0	25
chr2	91003238	91003810	1	1	0	4	0	27
chr2	91003346	91003810	1	1	1	12	0	36
chr2	91159306	91160316	2	2	1	197	0	47
chr2	91159306	91162027	2	2	1	392	1	47
chr2	91160371	91162027	2	2	1	197	0	41
chr2	91681696	91682025	2	2	1	1	0	50
chr2	91681696	91684668	2	2	1	224	0	50
chr2	91682137	91684668	2	2	1	1	0	38
chr2	153670448	153672215	1	1	1	1	0	50
chr3	60422418	60613472	1	1	0	0	5	15
chr3	60613521	60614682	1	1	1	1057	3	45
chr3	60613521	60614688	1	1	0	1	0	38
chr3	60613521	60615619	1	1	1	1223	4	45
chr3	60614737	60615619	1	1	1	1065	4	40
chr3	87733505	87734423	1	1	1	10	0	39
chr3	87733505	87735344	1	1	0	12	0	39
chr3	87734553	87735344	1	1	1	10	0	37
chr3	88483947	88484046	2	2	1	169	0	40
chr3	88484155	88484614	2	2	1	169	0	41
chr3	119724187	119724611	2	2	1	7855	2	34
chr3	119724187	119726065	2	2	1	17	0	29
chr3	119724266	119726065	2	2	0	1	0	38
chr3	119724646	119726065	2	2	1	8016	2	38
chr4	31992517	31994873	1	1	1	208	1	39
chr4	31992517	32002088	1	1	1	3713	5	49
chr4	31994955	32002088	1	1	1	204	1	49
chr4	107009769	107027216	1	1	1	13	0	38
chr4	107009769	107028192	1	1	1	116	0	44
chr4	107027298	107028192	1	1	1	14	0	41
chr5	23565266	23616326	2	2	1	580	1	46
chr5	72958287	72965803	1	1	1	4	0	37
chr5	72958287	72974530	1	1	1	102	0	42
chr5	72965882	72974530	1	1	1	4	0	41
chr5	116477146	116482389	2	2	1	1	0	33
chr5	116482537	116591333	2	2	1	685	2	50
chr5	149184807	149187707	1	1	1	9	0	43
chr5	149184807	149188344	1	1	1	526	0	44
chr5	149187835	149188344	1	1	1	1	0	39
chr5	149187877	149188344	1	1	1	8	0	39
chr6	47577668	47594893	2	2	1	1	0	17
chr6	98939789	98941535	2	2	1	92	0	45
chr6	98939789	98944618	2	2	0	11	0	45
chr6	98941658	98944618	2	2	1	92	0	36
chr6	125162102	125162211	2	2	1	232	6	36
chr6	125162102	125162309	2	2	0	1	0	35
chr6	128371086	128371967	1	1	1	3602	3	44
chr6	128371086	128372533	1	1	1	11	0	46
chr6	128372013	128372504	1	1	0	11	0	26
chr6	128372013	128372509	1	1	0	7	0	31
chr6	128372013	128372530	1	1	1	440	1	49
chr6	128372013	128372533	1	1	1	3116	3	46
chr6	128372013	128372536	1	1	0	3	0	43
chr6	128372013	128372539	1	1	0	1	0	40
chr6	128372018	128372533	1	1	0	35	0	46
chr7	25724845	25725923	2	2	1	1	0	28
chr7	66080467	66083399	1	1	1	1	0	28
chr7	67240441	67244520	2	2	1	147	0	24
chr7	67240441	67251656	2	2	1	1177	3	49
chr7	67240443	67251659	1	1	0	1	0	41
chr7	67244545	67251656	2	2	1	147	0	24
chr7	102001660	102002294	1	1	1	1302	0	42
chr7	102001660	102007485	1	1	1	453	0	43
chr7	102001665	102002300	1	1	0	1	0	22
chr7	102002337	102007485	1	1	1	1308	0	40
chr7	112839481	112841887	1	1	1	2	0	41
chr7	112839481	112842039	1	1	1	85	0	41
chr7	112839481	112856052	1	1	1	1	0	12
chr7	112839481	112856797	1	1	1	8	0	41
chr7	112841951	112856052	1	1	1	1	0	12
chr7	112842103	112856052	1	1	1	80	0	12
chr7	112842103	112856797	1	1	1	2	0	37
chr7	112856065	112856797	1	1	1	84	0	14
chr7	127972771	127974399	1	1	1	1	0	35
chr7	127980247	127981190	1	1	1	7	0	2
chr7	127981292	127981410	1	1	1	7	0	45
chr7	140117357	140126325	1	1	1	0	1	1
chr7	140125883	140126325	1	1	1	0	1	1
chr8	25532429	25555507	1	1	1	1	0	44
chr8	25532429	25557730	1	1	1	5	0	44
chr8	25555775	25557730	1	1	1	1	0	37
chr8	33386064	33386329	1	1	0	1	0	46
chr8	95100453	95100646	2	2	1	810	1	46
chr8	95100453	95101408	2	2	0	122	0	46
chr8	95100674	95101408	2	2	1	809	1	42
chr8	95100700	95101408	2	2	0	1	0	44
chr8	95101447	95139983	2	2	0	0	1	15
chr8	123268550	123268744	2	2	1	219	0	46
chr9	43027296	43040539	2	2	1	117	0	39
chr9	43027296	43042590	2	2	1	107	0	45
chr9	43040597	43042590	2	2	1	116	0	45
chr9	80093642	80098885	1	1	1	7058	4	32
chr9	80093642	80098892	1	1	0	207	0	19
chr9	80093642	80103693	1	1	1	339	0	45
chr9	80093642	80103698	1	1	0	2	0	44
chr9	80098907	80099016	1	1	0	1	0	21
chr9	80098907	80103693	1	1	1	7267	4	27
chr9	80098907	80103698	1	1	0	3	0	21
chr9	80099049	80103693	1	1	0	1	0	37
chr9	80101891	80103693	1	1	0	1	0	37
chr9	114597607	114597794	2	2	1	364	1	38
chr9	114597607	114598704	2	2	0	6	0	40
chr9	114597825	114598704	2	2	0	3	0	30
chr9	114597831	114598704	2	2	1	360	1	36
chr9	123011638	123013939	1	1	1	2	0	29
chr11	79458907	79463232	1	1	1	4	0	42
chr11	79458907	79468716	1	1	1	152	0	43
chr11	79463296	79468716	1	1	1	4	0	38
chr11	94112147	94113262	1	1	1	90	0	23
chr11	94112147	94114172	1	1	1	397	0	32
chr11	94113302	94114172	1	1	1	91	0	39
chr11	102310577	102310925	2	2	1	29	0	42
chr11	102310577	102311379	2	2	1	755	0	45
chr11	102311037	102311379	2	2	1	27	0	45
chr12	65036469	65042460	1	1	1	1	0	15
chr12	71952560	71958746	1	1	1	52	0	27
chr12	71952560	71959805	1	1	1	50	0	44
chr12	71958774	71959805	1	1	1	52	0	29
chr12	83811361	83825258	2	2	1	40	0	33
chr12	83811361	83831921	2	2	1	390	0	41
chr12	83825292	83831921	2	2	1	40	0	33
chr12	113133331	113133540	1	1	0	1	0	36
chr12	113133338	113133495	1	1	0	69	6	46
chr12	113133338	113133540	1	1	1	1478	38	39
chr12	113133338	113135796	1	1	1	12	0	29
chr12	113133577	113134761	1	1	0	1	0	21
chr12	113133577	113134800	1	1	0	6	0	12
chr12	113133577	113135796	1	1	1	1499	44	29
chr12	113134813	113135796	1	1	0	7	0	29
chr13	46778994	46780625	2	2	1	638	2	40
chr13	46778994	46785245	2	2	1	2580	2	44
chr13	46780665	46785245	2	2	1	637	2	39
chr13	56084286	56089757	2	2	1	42	0	41
chr13	56084286	56096123	2	2	0	1	0	40
chr13	56089858	56096123	2	2	1	42	0	38
chr14	57643224	57648418	2	2	1	93	0	40
chr14	120389164	120395711	1	1	1	177	1	40
chr14	120389164	120395717	1	1	0	2	0	38
chr14	120389164	120396450	1	1	1	484	1	48
chr14	120395766	120396450	1	1	1	182	1	48
chr15	77102940	77105576	2	2	1	148	1	40
chr15	77102940	77113604	2	2	1	10	0	48
chr15	77105670	77113604	2	2	1	146	1	48
chr16	57178021	57181491	2	2	1	216	1	43
chr16	57178021	57182850	2	2	1	95	0	43
chr16	57178054	57181491	2	2	0	1	0	13
chr16	57181537	57182850	2	2	1	218	1	42
chr17	12979205	13846588	1	1	0	44	2	12
chr17	13846613	13848354	1	1	0	5	0	21
chr17	13846640	13848306	1	1	0	1	0	38
chr17	13846640	13848354	1	1	1	4474	7	24
chr17	13846640	13849107	1	1	1	4569	5	46
chr17	13846640	13849113	1	1	0	38	0	47
chr17	13848376	13849107	1	1	1	4479	7	41
chr17	13848376	13849113	1	1	0	4	0	21
chr17	45570567	45570665	2	2	1	336	1	37
chr17	45570800	45571017	2	2	1	365	1	21
chr18	5768026	5770383	1	1	1	1	0	26
chr18	53948155	53948644	1	1	1	14315	12	33
chr18	53948155	53953244	1	1	1	2372	6	44
chr18	53948666	53953244	1	1	0	1	0	21
chr18	53948669	53949213	1	1	0	1	0	15
chr18	53948669	53949681	1	1	0	1	0	15
chr18	53948669	53953244	1	1	1	14304	7	37
chr18	53948673	53953244	1	1	0	3	0	28
chr18	53949263	53953244	1	1	0	1	0	37
chr18	53949705	53953244	1	1	0	1	0	23
chr18	64511878	64511983	2	2	1	1	0	6
chr18	64512050	64515325	2	2	1	1	0	15
chr18	64515409	64516415	2	2	1	1	0	30
chr19	7281256	7281797	2	4	1	137	0	40
chr19	7281256	7281811	2	2	0	1	0	38
chr19	7281256	7282725	2	2	1	1511	4	35
chr19	7281960	7282725	2	2	1	146	0	35
chrX	73952667	73952825	2	2	1	1	0	10
