chr1	34295537	34296741	1	1	1	78	0	18
chr1	34295537	34299720	1	1	1	16	0	38
chr1	34296760	34299720	1	1	1	78	0	18
chr1	40010678	40011649	1	1	1	72	0	21
chr1	40010678	40011787	1	1	0	3	0	21
chr1	40010678	40011811	1	1	0	3	0	28
chr1	40010678	40014105	1	1	1	40	2	32
chr1	40010678	40014111	1	1	0	1	0	32
chr1	40011842	40014105	1	1	1	75	0	37
chr1	82735508	82741817	1	1	1	1	0	40
chr1	82735508	82750519	1	1	1	68	0	43
chr1	82741977	82750519	1	1	1	1	0	38
chr2	32292216	32293314	1	1	1	14	0	43
chr2	32292216	32296625	1	1	1	72	1	43
chr2	32293396	32296625	1	1	1	14	0	38
chr2	59926161	59932104	2	2	1	1	0	31
chr2	59932171	59933405	2	2	0	74	0	33
chr2	59932171	59933411	2	2	1	382	0	31
chr2	59932171	59933670	2	2	1	2	0	38
chr2	59933439	59933670	2	2	1	448	0	28
chr2	71849507	71853533	1	1	1	400	0	39
chr2	71849507	71853820	1	1	0	5	0	37
chr2	71849507	71855853	1	1	1	3183	3	44
chr2	71853664	71855853	1	1	1	422	0	41
chr2	71853891	71855853	1	1	0	6	0	40
chr2	71853948	71855853	1	1	0	1	0	40
chr2	75662926	75663570	1	1	1	8	0	40
chr2	91001089	91001461	1	1	1	292	0	27
chr2	91001511	91003210	1	1	1	292	0	25
chr2	91003238	91003810	1	1	0	1	0	27
chr2	91003346	91003810	1	1	1	6	0	36
chr2	91159306	91160316	2	2	1	130	0	47
chr2	91159306	91162027	2	2	1	527	1	47
chr2	91160371	91162027	2	2	1	130	0	39
chr2	91681696	91684668	2	2	1	164	0	50
chr2	153670448	153672215	1	1	1	1	0	50
chr3	60422418	60613472	1	1	0	0	4	15
chr3	60613521	60614682	1	1	1	1068	1	46
chr3	60613521	60614688	1	1	0	2	0	44
chr3	60613521	60615619	1	1	1	1852	5	45
chr3	60614737	60615619	1	1	1	1070	1	39
chr3	87733505	87734423	1	1	1	10	0	39
chr3	87733505	87735344	1	1	0	28	0	40
chr3	87734553	87735344	1	1	1	10	0	37
chr3	88483947	88484046	2	2	1	286	0	38
chr3	88484155	88484614	2	2	1	287	0	41
chr3	119724187	119724611	2	2	1	1772	0	34
chr3	119724187	119726065	2	2	1	15	0	29
chr3	119724646	119726065	2	2	1	1827	0	38
chr3	129825617	129826823	2	2	1	1	0	36
chr4	31992517	31994873	1	1	1	138	1	39
chr4	31992517	32002088	1	1	1	2627	4	49
chr4	31994955	32002088	1	1	1	137	1	48
chr4	107009769	107027216	1	1	1	12	0	38
chr4	107009769	107028192	1	1	1	116	0	42
chr4	107027298	107028192	1	1	1	15	0	41
chr5	23565266	23616326	2	2	1	691	2	46
chr5	72958287	72965803	1	1	1	2	0	37
chr5	72958287	72974530	1	1	1	67	0	42
chr5	72965882	72974530	1	1	1	2	0	41
chr5	116482537	116591333	2	2	1	711	4	50
chr5	149184807	149185484	1	1	1	1	0	43
chr5	149184807	149187707	1	1	1	13	0	43
chr5	149184807	149188344	1	1	1	624	2	45
chr5	149185662	149188344	1	1	0	1	0	39
chr5	149187877	149188344	1	1	1	13	0	39
chr6	47577668	47594893	2	2	1	2	0	26
chr6	98939789	98941535	2	2	1	101	0	46
chr6	98939789	98944618	2	2	0	5	0	45
chr6	98941658	98944618	2	2	1	102	0	36
chr6	125162102	125162211	2	2	1	228	9	39
chr6	128371086	128371967	1	1	1	3257	2	45
chr6	128371086	128372530	1	1	1	1	0	49
chr6	128371086	128372533	1	1	1	9	0	46
chr6	128372013	128372504	1	1	0	21	0	26
chr6	128372013	128372509	1	1	0	8	0	35
chr6	128372013	128372530	1	1	1	376	0	47
chr6	128372013	128372533	1	1	1	2800	2	46
chr6	128372013	128372536	1	1	0	1	0	43
chr6	128372013	128372539	1	1	0	1	0	40
chr6	128372018	128372530	1	1	0	2	0	49
chr6	128372018	128372533	1	1	0	50	0	46
chr7	67240441	67244520	2	2	1	137	1	24
chr7	67240441	67251656	2	2	1	1643	0	47
chr7	67244545	67251656	2	2	1	137	1	24
chr7	102001660	102002294	1	1	1	1205	1	42
chr7	102001660	102007485	1	1	1	273	0	43
chr7	102002337	102007485	1	1	1	1208	1	42
chr7	112839481	112841887	1	1	1	3	1	41
chr7	112839481	112842039	1	1	1	67	1	41
chr7	112839481	112856052	1	1	1	6	0	12
chr7	112839481	112856797	1	1	1	12	0	41
chr7	112841906	112842057	1	1	0	0	1	18
chr7	112841951	112856052	1	1	1	1	0	12
chr7	112842103	112856052	1	1	1	71	1	12
chr7	112856065	112856797	1	1	1	78	1	12
chr7	127980247	127981190	1	1	1	14	0	2
chr7	127981292	127981410	1	1	1	14	0	6
chr8	25532429	25555507	1	1	1	1	0	44
chr8	25532429	25557730	1	1	1	4	0	44
chr8	25555775	25557730	1	1	1	1	0	37
chr8	91688606	91932332	1	1	0	4	0	13
chr8	95100453	95100646	2	2	1	958	1	31
chr8	95100453	95101408	2	2	0	64	0	46
chr8	95100674	95101408	2	2	1	958	1	44
chr8	121628690	121651724	2	2	1	1	0	20
chr8	123268550	123268744	2	2	1	118	0	46
chr9	43027296	43040539	2	2	1	71	0	38
chr9	43027296	43042590	2	2	1	83	0	45
chr9	43040597	43042590	2	2	1	69	0	45
chr9	80093642	80098885	1	1	1	6303	2	44
chr9	80093642	80098892	1	1	0	136	0	14
chr9	80093642	80103693	1	1	1	548	1	45
chr9	80098907	80101831	1	1	0	1	0	21
chr9	80098907	80103693	1	1	1	6439	2	24
chr9	80098907	80103698	1	1	0	3	0	21
chr9	80099049	80103693	1	1	0	1	0	37
chr9	80101891	80103693	1	1	0	1	0	37
chr9	114597607	114597794	2	2	1	283	0	38
chr9	114597607	114598704	2	2	0	27	0	42
chr9	114597825	114598704	2	2	0	4	0	30
chr9	114597831	114598704	2	2	1	279	0	38
chr11	26778879	26787397	2	2	0	0	1	13
chr11	79458907	79463232	1	1	1	9	0	42
chr11	79458907	79468113	1	1	1	1	0	41
chr11	79458907	79468716	1	1	1	135	0	43
chr11	79463296	79468716	1	1	1	9	0	38
chr11	79468155	79468716	1	1	1	1	0	38
chr11	94112147	94113262	1	1	1	79	0	21
chr11	94112147	94114172	1	1	1	306	0	32
chr11	94113302	94114172	1	1	1	79	0	39
chr11	102310577	102310925	2	2	1	36	0	42
chr11	102310577	102311379	2	2	1	706	0	46
chr11	102311037	102311379	2	2	1	36	0	45
chr12	71952560	71958746	1	1	1	30	0	27
chr12	71952560	71959805	1	1	1	111	0	44
chr12	71958774	71959805	1	1	1	30	0	27
chr12	83811361	83825258	2	2	1	38	0	37
chr12	83811361	83831921	2	2	1	370	1	41
chr12	83825292	83831921	2	2	1	38	0	34
chr12	83825319	83831921	2	2	0	1	0	38
chr12	113133338	113133495	1	1	0	63	5	43
chr12	113133338	113133540	1	1	1	1370	25	43
chr12	113133338	113135796	1	1	1	21	0	29
chr12	113133577	113134800	1	1	0	4	0	12
chr12	113133577	113135796	1	1	1	1359	30	29
chr12	113134813	113135796	1	1	0	4	0	12
chr13	46778990	46785245	2	2	0	1	0	44
chr13	46778994	46780625	2	2	1	452	0	40
chr13	46778994	46785245	2	2	1	2134	5	45
chr13	46780665	46785245	2	2	1	448	0	39
chr13	56084286	56089757	2	2	1	34	0	40
chr13	56089858	56096123	2	2	1	35	0	41
chr14	57643224	57648418	2	2	1	88	0	39
chr14	120389164	120395711	1	1	1	84	0	45
chr14	120389164	120396450	1	1	1	368	0	48
chr14	120395766	120396450	1	1	1	85	0	48
chr15	44428243	44429559	1	1	1	2	0	10
chr15	77099493	77102878	2	2	1	1	0	1
chr15	77102940	77105576	2	2	1	124	0	41
chr15	77102940	77113604	2	2	1	12	0	48
chr15	77105670	77113604	2	2	1	123	0	48
chr16	57178021	57181491	2	2	1	263	0	45
chr16	57178021	57182850	2	2	1	107	0	43
chr16	57178054	57182850	2	2	0	1	0	33
chr16	57181537	57182850	2	2	1	262	0	36
chr17	12979205	13846588	1	1	0	46	1	12
chr17	13846640	13848354	1	1	1	3158	3	22
chr17	13846640	13849107	1	1	1	4437	4	44
chr17	13846640	13849113	1	1	0	20	0	48
chr17	13848376	13849107	1	1	1	3129	3	29
chr17	13848376	13849113	1	1	0	13	0	21
chr17	45570567	45570665	2	2	1	476	1	42
chr17	45570800	45571017	2	2	1	513	0	21
chr18	53948155	53948644	1	1	1	14028	10	28
chr18	53948155	53948651	1	1	0	2	0	17
chr18	53948155	53953244	1	1	1	2734	2	44
chr18	53948666	53953244	1	1	0	9	0	21
chr18	53948669	53953244	1	1	1	14008	10	37
chr18	53948669	53953268	1	1	0	3	0	24
chr19	7281251	7282725	2	2	0	1	0	26
chr19	7281256	7281797	2	4	1	107	0	38
chr19	7281256	7282725	2	2	1	1991	0	36
chr19	7281960	7282725	2	2	1	111	0	35
chr19	23687546	23694320	1	1	1	2	0	37
chrX	73952667	73952825	2	2	1	1	0	10
