chr1	34295537	34296741	1	1	1	142	0	18
chr1	34295537	34299720	1	1	1	21	0	39
chr1	34296760	34299720	1	1	1	142	0	19
chr1	40010678	40011649	1	1	1	41	0	21
chr1	40010678	40014105	1	1	1	20	0	32
chr1	40011842	40014105	1	1	1	38	0	37
chr1	58562788	58565856	2	2	1	1	0	2
chr1	58565955	58586211	2	2	1	1	0	46
chr1	82735508	82741817	1	1	1	3	0	40
chr1	82735508	82750519	1	1	1	53	0	41
chr1	82747143	82750519	1	1	1	2	0	38
chr2	32292216	32293314	1	1	1	7	0	43
chr2	32292216	32296625	1	1	1	53	0	44
chr2	32293396	32296625	1	1	1	7	0	38
chr2	33003943	33005048	2	2	1	1	0	42
chr2	33005228	33006797	2	2	1	1	0	2
chr2	59932171	59933405	2	2	0	56	0	37
chr2	59932171	59933411	2	2	1	261	1	31
chr2	59933439	59933670	2	2	1	312	1	28
chr2	71849507	71853533	1	1	1	657	3	45
chr2	71849507	71853820	1	1	0	3	0	37
chr2	71849507	71853875	1	1	0	2	0	15
chr2	71849507	71853890	1	1	0	1	0	39
chr2	71849507	71855853	1	1	1	3387	5	46
chr2	71849507	71855868	1	1	0	2	0	46
chr2	71853664	71855853	1	1	1	669	3	43
chr2	71853891	71855853	1	1	0	5	0	40
chr2	71853948	71855853	1	1	0	1	0	40
chr2	75662926	75663570	1	1	1	7	1	39
chr2	91001089	91001461	1	1	1	676	3	34
chr2	91001511	91003210	1	1	1	677	3	35
chr2	91001511	91003219	1	1	0	1	0	19
chr2	91003238	91003810	1	1	0	1	0	27
chr2	91003346	91003810	1	1	1	10	0	36
chr2	91159306	91160316	2	2	1	189	0	47
chr2	91159306	91162027	2	2	1	293	0	47
chr2	91160371	91162027	2	2	1	192	0	41
chr2	91681696	91684668	2	2	1	128	0	50
chr3	60422418	60613472	1	1	0	0	3	15
chr3	60613521	60614682	1	1	1	2228	0	46
chr3	60613521	60614688	1	1	0	2	0	38
chr3	60613521	60615619	1	1	1	2080	6	45
chr3	60614737	60615619	1	1	1	2238	0	46
chr3	78904652	78918022	2	2	0	1	0	12
chr3	87733505	87734423	1	1	1	9	0	39
chr3	87733505	87735344	1	1	0	9	0	39
chr3	87734553	87735344	1	1	1	9	0	38
chr3	88483947	88484046	2	2	1	81	0	38
chr3	88484155	88484614	2	2	1	80	0	38
chr3	119724187	119724611	2	2	1	8210	1	34
chr3	119724187	119726065	2	2	1	26	0	29
chr3	119724646	119726065	2	2	1	8455	2	38
chr4	31992517	31994873	1	1	1	148	0	41
chr4	31992517	32002088	1	1	1	2377	0	49
chr4	31994955	32002088	1	1	1	148	0	49
chr4	107009769	107027216	1	1	1	12	0	38
chr4	107009769	107028192	1	1	1	266	0	44
chr4	107027298	107028192	1	1	1	13	0	41
chr4	139473637	139476130	1	1	1	3	0	8
chr5	23565266	23610849	2	2	0	1	0	37
chr5	23565266	23616326	2	2	1	1999	1	48
chr5	23610909	23616326	2	2	0	1	0	45
chr5	72958287	72965803	1	1	1	3	0	40
chr5	72958287	72974530	1	1	1	76	0	41
chr5	72965882	72974530	1	1	1	3	0	41
chr5	116477146	116482389	2	2	1	2	0	33
chr5	116482532	116591333	2	2	0	15	0	45
chr5	116482537	116591333	2	2	1	943	3	50
chr5	149184807	149187707	1	1	1	19	0	43
chr5	149184807	149188344	1	1	1	410	1	44
chr5	149187864	149188344	1	1	0	2	0	39
chr5	149187877	149188344	1	1	1	17	0	39
chr6	98939789	98941535	2	2	1	86	0	46
chr6	98939789	98944618	2	2	0	7	0	45
chr6	98941658	98944618	2	2	1	87	0	36
chr6	125162102	125162211	2	2	1	106	3	36
chr6	128371086	128371967	1	1	1	3406	3	45
chr6	128371086	128372530	1	1	1	3	0	49
chr6	128371086	128372533	1	1	1	15	0	46
chr6	128372013	128372504	1	1	0	19	0	27
chr6	128372013	128372509	1	1	0	2	0	31
chr6	128372013	128372530	1	1	1	433	1	49
chr6	128372013	128372533	1	1	1	2918	3	46
chr6	128372018	128372504	1	1	0	1	0	27
chr6	128372018	128372530	1	1	0	3	0	49
chr6	128372018	128372533	1	1	0	28	0	46
chr7	67240441	67244520	2	2	1	387	0	24
chr7	67240441	67251656	2	2	1	2528	1	45
chr7	67240443	67251659	1	1	0	1	0	41
chr7	67244545	67250013	2	2	0	1	0	16
chr7	67244545	67251656	2	2	1	386	0	24
chr7	67250193	67251656	2	2	0	1	0	38
chr7	102001660	102002294	1	1	1	909	4	42
chr7	102001660	102007485	1	1	1	384	2	43
chr7	102001665	102002300	1	1	0	0	1	36
chr7	102002337	102007485	1	1	1	913	4	42
chr7	112839481	112841887	1	1	1	2	0	41
chr7	112839481	112842039	1	1	1	55	0	42
chr7	112839481	112856052	1	1	1	1	0	12
chr7	112839481	112856797	1	1	1	1	0	41
chr7	112842103	112856052	1	1	1	56	0	12
chr7	112842103	112856797	1	1	1	3	0	37
chr7	112856065	112856797	1	1	1	57	0	12
chr7	127980247	127981190	1	1	1	27	0	22
chr7	127981292	127981410	1	1	1	29	0	6
chr8	72219861	72219940	1	1	1	1	0	30
chr8	95100453	95100646	2	2	1	493	0	31
chr8	95100453	95101408	2	2	0	46	0	46
chr8	95100674	95101408	2	2	1	493	0	42
chr8	123268550	123268744	2	2	1	65	0	48
chr9	43027296	43029555	2	2	0	1	0	18
chr9	43027296	43040539	2	2	1	70	0	38
chr9	43027296	43042590	2	2	1	67	0	45
chr9	43029574	43040539	2	2	0	1	0	18
chr9	43040593	43042590	2	2	0	1	0	43
chr9	43040597	43042590	2	2	1	69	0	45
chr9	80093642	80098885	1	1	1	6634	6	27
chr9	80093642	80098892	1	1	0	100	0	14
chr9	80093642	80103693	1	1	1	163	0	44
chr9	80098907	80099016	1	1	0	1	0	21
chr9	80098907	80101831	1	1	0	1	0	21
chr9	80098907	80103693	1	1	1	6737	6	24
chr9	80098907	80103698	1	1	0	1	0	21
chr9	80099049	80103693	1	1	0	1	0	37
chr9	80101891	80103693	1	1	0	2	0	37
chr9	114597607	114597794	2	2	1	388	0	39
chr9	114597607	114598704	2	2	0	4	0	40
chr9	114597825	114598704	2	2	0	5	0	30
chr9	114597831	114598704	2	2	1	381	0	36
chr11	79458907	79463232	1	1	1	13	0	42
chr11	79458907	79468716	1	1	1	114	0	43
chr11	79463296	79468716	1	1	1	13	0	38
chr11	94112147	94113262	1	1	1	120	0	23
chr11	94112147	94114172	1	1	1	338	1	32
chr11	94113302	94114172	1	1	1	121	0	39
chr11	102310577	102310925	2	2	1	27	0	42
chr11	102310577	102311360	2	2	0	1	0	42
chr11	102310577	102311379	2	2	1	469	0	46
chr11	102311037	102311379	2	2	1	25	0	45
chr11	102311037	102311403	2	2	0	1	0	21
chr12	71952560	71958746	1	1	1	62	0	27
chr12	71952560	71959805	1	1	1	28	0	43
chr12	71958774	71959805	1	1	1	62	0	27
chr12	83811361	83825258	2	2	1	52	0	33
chr12	83811361	83831921	2	2	1	249	0	41
chr12	83825292	83831921	2	2	1	51	0	33
chr12	83825319	83831921	2	2	0	1	0	38
chr12	113133338	113133495	1	1	0	94	11	43
chr12	113133338	113133540	1	1	1	1626	48	43
chr12	113133338	113135796	1	1	1	24	0	29
chr12	113133577	113134761	1	1	0	4	0	21
chr12	113133577	113134800	1	1	0	6	0	12
chr12	113133577	113135796	1	1	1	1665	59	29
chr12	113134813	113135796	1	1	0	10	0	29
chr13	46778994	46780625	2	2	1	472	0	43
chr13	46778994	46785245	2	2	1	1812	3	49
chr13	46780665	46785245	2	2	1	475	0	40
chr13	56084286	56089757	2	2	1	25	0	40
chr13	56089858	56096123	2	2	1	25	0	38
chr14	57643224	57648418	2	2	1	50	0	40
chr14	120389164	120395711	1	1	1	120	0	39
chr14	120389164	120395717	1	1	0	1	0	38
chr14	120389164	120396450	1	1	1	260	1	48
chr14	120395766	120396450	1	1	1	126	0	48
chr15	77102940	77105576	2	2	1	159	0	41
chr15	77102940	77113604	2	2	1	15	0	48
chr15	77105670	77113604	2	2	1	158	0	48
chr16	57178021	57181491	2	2	1	218	1	44
chr16	57178021	57182850	2	2	1	69	0	44
chr16	57181507	57182850	2	2	0	1	0	15
chr16	57181537	57182850	2	2	1	215	1	37
chr16	84831508	84834808	2	2	1	1	0	44
chr17	12979205	13846588	1	1	0	63	1	12
chr17	13846613	13849107	1	1	0	1	0	37
chr17	13846640	13848354	1	1	1	4157	2	22
chr17	13846640	13848358	1	1	0	1	0	17
chr17	13846640	13849107	1	1	1	4632	8	45
chr17	13846640	13849113	1	1	0	31	0	47
chr17	13848376	13849107	1	1	1	4146	2	29
chr17	13848376	13849113	1	1	0	15	0	21
chr17	45570567	45570665	2	2	1	385	0	37
chr17	45570800	45571017	2	2	1	423	0	21
chr18	53948155	53948381	1	1	0	2	0	39
chr18	53948155	53948644	1	1	1	19760	14	28
chr18	53948155	53953244	1	1	1	2993	7	44
chr18	53948447	53953244	1	1	0	1	0	37
chr18	53948453	53953244	1	1	0	1	0	37
chr18	53948666	53953244	1	1	0	25	0	21
chr18	53948669	53953244	1	1	1	19724	13	37
chr18	53948669	53953268	1	1	0	2	0	24
chr19	7281256	7281797	2	4	1	150	0	39
chr19	7281256	7282725	2	2	1	1290	0	36
chr19	7281960	7282725	2	2	1	151	0	35
