chr1	34295537	34296741	1	1	1	48	0	18
chr1	34295537	34299720	1	1	1	215	1	39
chr1	34296760	34299720	1	1	1	48	0	19
chr1	40010678	40011649	1	1	1	38	0	21
chr1	40010678	40011783	1	1	0	2	0	21
chr1	40010678	40014105	1	1	1	61	2	32
chr1	40011842	40014105	1	1	1	41	0	37
chr1	82735508	82741817	1	1	1	2	0	20
chr1	82735508	82747082	1	1	1	9	0	40
chr1	82735508	82750519	1	1	1	54	0	41
chr1	82747143	82750519	1	1	1	9	0	38
chr2	32292216	32293314	1	1	1	2	0	43
chr2	32292216	32296625	1	1	1	70	0	43
chr2	32293396	32296625	1	1	1	2	0	38
chr2	59926161	59932104	2	2	1	3	0	15
chr2	59932171	59933405	2	2	0	7	0	33
chr2	59932171	59933411	2	2	1	95	0	31
chr2	59932171	59933670	2	2	1	20	0	39
chr2	59933439	59933670	2	2	1	98	0	28
chr2	71849507	71853533	1	1	1	38	0	39
chr2	71849507	71855853	1	1	1	1647	1	44
chr2	71853664	71855853	1	1	1	38	0	40
chr2	75662926	75663570	1	1	1	2	0	39
chr2	91001089	91001461	1	1	1	532	0	34
chr2	91001089	91003299	1	1	0	5	1	33
chr2	91001511	91003210	1	1	1	527	0	23
chr2	91003346	91003810	1	1	1	21	0	37
chr2	91159306	91160316	2	2	1	8	0	47
chr2	91159306	91162027	2	2	1	190	0	47
chr2	91160371	91162027	2	2	1	8	0	38
chr2	91681696	91682025	2	2	1	1	0	50
chr2	91681696	91684668	2	2	1	714	1	50
chr2	91681831	91684668	2	2	0	1	0	37
chr2	91682110	91684668	2	2	0	1	0	38
chr2	119692227	119701117	1	1	1	1	0	17
chr2	153670448	153670848	1	1	1	36	0	45
chr2	153670448	153672215	1	1	1	1	0	50
chr2	153670909	153672215	1	1	1	36	0	50
chr2	168752741	168754433	2	2	1	12963	6	46
chr3	60613521	60614682	1	1	1	143	1	44
chr3	60613521	60615619	1	1	1	36	0	44
chr3	60614737	60615619	1	1	1	139	1	46
chr3	87733505	87734423	1	1	1	3	0	39
chr3	87733505	87735344	1	1	0	87	0	43
chr3	87734553	87735344	1	1	1	3	0	37
chr3	88483947	88484046	2	2	1	112	0	39
chr3	88484155	88484614	2	2	1	113	0	39
chr3	119724187	119724611	2	2	1	1414	1	34
chr3	119724187	119726065	2	2	1	7	0	29
chr3	119724646	119726065	2	2	1	1438	2	38
chr3	129825617	129826823	2	2	1	1	0	36
chr4	31992517	31993403	1	1	0	5	0	21
chr4	31992517	31994873	1	1	1	1651	3	44
chr4	31992517	32002088	1	1	1	784	2	49
chr4	31993425	31994873	1	1	0	4	0	17
chr4	31994955	32002088	1	1	1	1652	3	49
chr4	31995011	32002088	1	1	1	1	0	48
chr4	107009769	107027216	1	1	1	43	0	38
chr4	107009769	107028192	1	1	1	280	1	43
chr4	107027298	107028192	1	1	1	47	0	46
chr5	23565266	23596890	2	2	0	1	0	37
chr5	23565266	23616326	2	2	1	181	1	45
chr5	23597043	23616326	2	2	0	1	0	45
chr5	72958287	72965803	1	1	1	2	0	37
chr5	72958287	72974530	1	1	1	33	0	42
chr5	72965882	72974530	1	1	1	2	0	41
chr5	116482537	116591333	2	2	1	4	0	50
chr5	121206811	121207146	1	1	1	2	0	8
chr5	121207196	121208390	1	1	1	2	0	35
chr5	149184807	149187707	1	1	1	40	0	43
chr5	149184807	149188344	1	1	1	256	3	44
chr5	149187835	149188344	1	1	1	5	0	39
chr5	149187877	149188344	1	1	1	34	0	39
chr5	150466947	150469676	1	1	1	1	0	37
chr6	47577668	47594893	2	2	1	2	0	39
chr6	72633011	72633215	2	2	1	1	0	6
chr6	72634233	72648800	2	2	1	3554	1	42
chr6	72634233	72649119	2	2	1	6334	4	50
chr6	72634351	72649119	2	2	0	1	0	40
chr6	72648843	72649119	2	2	1	3535	1	42
chr6	98939789	98940994	2	2	1	5	0	45
chr6	98939789	98941535	2	2	1	102	0	46
chr6	98939789	98944618	2	2	0	2	0	45
chr6	98941165	98944618	2	2	0	4	0	36
chr6	98941658	98944618	2	2	1	103	0	36
chr6	125162102	125162211	2	2	1	572	17	42
chr6	128371086	128371967	1	1	1	1615	1	43
chr6	128371086	128372278	1	1	0	1	0	27
chr6	128371086	128372509	1	1	0	3	0	39
chr6	128371086	128372530	1	1	1	67	0	49
chr6	128371086	128372533	1	1	1	522	0	46
chr6	128371086	128372536	1	1	0	2	0	43
chr6	128372013	128372504	1	1	0	3	0	26
chr6	128372013	128372509	1	1	0	1	0	31
chr6	128372013	128372530	1	1	1	210	0	47
chr6	128372013	128372533	1	1	1	1374	1	46
chr6	128372018	128372533	1	1	0	26	0	46
chr6	128372208	128372533	1	1	0	1	0	46
chr6	128372306	128372533	1	1	0	1	0	27
chr7	66079790	66080331	1	1	1	1	0	4
chr7	67240441	67244520	2	2	1	16	0	24
chr7	67240441	67251656	2	2	1	506	0	44
chr7	67244545	67251656	2	2	1	16	0	24
chr7	101405603	102001614	1	1	0	6	0	13
chr7	102001660	102002294	1	1	1	241	0	42
chr7	102001660	102007485	1	1	1	3292	1	44
chr7	102002337	102007485	1	1	1	242	0	42
chr7	112839481	112841887	1	1	1	6	0	41
chr7	112839481	112842039	1	1	1	146	0	41
chr7	112839481	112856052	1	1	1	1	0	12
chr7	112839481	112856797	1	1	1	28	0	41
chr7	112841951	112856052	1	1	1	2	0	12
chr7	112841951	112856797	1	1	0	2	0	37
chr7	112842103	112856052	1	1	1	15	0	12
chr7	112842103	112856797	1	1	1	135	0	43
chr7	112856065	112856797	1	1	1	18	0	12
chr7	127980247	127981190	1	1	1	19	0	5
chr7	127981292	127981410	1	1	1	20	0	6
chr7	144861833	144862231	1	1	1	1350	2	39
chr7	144862267	144862764	1	1	0	1	0	35
chr7	144862336	144862764	1	1	1	1342	2	45
chr7	144862377	144862764	1	1	0	1	0	37
chr8	25532429	25557730	1	1	1	4	0	44
chr8	25555775	25557730	1	1	1	1	0	38
chr8	72219861	72219940	1	1	1	4	0	30
chr8	91688606	91932332	1	1	0	4	1	13
chr8	95100453	95100646	2	2	1	340	1	31
chr8	95100453	95101408	2	2	0	722	0	46
chr8	95100674	95101408	2	2	1	340	1	42
chr8	123268550	123268744	2	2	1	86	0	47
chr9	43027296	43040539	2	2	1	21	0	38
chr9	43027296	43042590	2	2	1	267	1	48
chr9	43040593	43042590	2	2	0	1	0	43
chr9	43040597	43042590	2	2	1	18	0	45
chr9	80093642	80098885	1	1	1	1376	0	26
chr9	80093642	80098892	1	1	0	39	0	14
chr9	80093642	80103693	1	1	1	7598	4	45
chr9	80093642	80103698	1	1	0	1	0	44
chr9	80098907	80103693	1	1	1	1415	0	23
chr9	95482255	95484169	2	2	1	1	0	7
chr9	114597607	114597794	2	2	1	294	0	38
chr9	114597607	114598704	2	2	0	310	0	43
chr9	114597825	114598704	2	2	0	3	0	30
chr9	114597831	114598704	2	2	1	291	0	39
chr9	123011638	123013939	1	1	1	1	0	14
chr9	123014013	123014468	1	1	1	1	0	14
chr9	123014507	123017244	1	1	1	1	0	38
chr11	78233684	78245547	2	2	1	2	0	41
chr11	79458907	79463232	1	1	1	22	0	42
chr11	79458907	79468716	1	1	1	53	0	42
chr11	79463296	79468716	1	1	1	24	0	38
chr11	94112147	94113262	1	1	1	19	0	21
chr11	94112147	94114172	1	1	1	232	0	32
chr11	94113302	94114172	1	1	1	19	0	39
chr11	102310577	102310925	2	2	1	80	0	42
chr11	102310577	102311379	2	2	1	259	0	46
chr11	102311037	102311379	2	2	1	79	0	45
chr12	71952560	71959805	1	1	1	220	0	43
chr12	83811361	83825258	2	2	1	156	0	33
chr12	83811361	83831921	2	2	1	159	0	41
chr12	83825292	83831921	2	2	1	156	0	34
chr12	113133338	113133495	1	1	0	6	0	42
chr12	113133338	113133540	1	1	1	291	0	43
chr12	113133338	113135796	1	1	1	726	0	29
chr12	113133577	113135796	1	1	1	277	0	29
chr13	46778990	46785245	2	2	0	3	0	44
chr13	46778994	46780625	2	2	1	832	1	44
chr13	46778994	46785245	2	2	1	2552	5	45
chr13	46780665	46785245	2	2	1	835	1	40
chr13	56084286	56088251	2	2	1	1	0	40
chr13	56084286	56089757	2	2	1	14	0	40
chr13	56084286	56096123	2	2	0	1	0	40
chr13	56088343	56096123	2	2	1	1	0	38
chr13	56089858	56096123	2	2	1	14	0	38
chr14	57643224	57643334	2	2	1	1	0	39
chr14	57643224	57648418	2	2	1	187	0	47
chr14	57643490	57648418	2	2	1	1	0	38
chr14	120389164	120395711	1	1	1	415	1	39
chr14	120389164	120395717	1	1	0	1	0	38
chr14	120389164	120396450	1	1	1	69	0	48
chr14	120395766	120396450	1	1	1	432	1	48
chr15	76187763	76187978	2	2	1	1	0	1
chr15	76188075	76188172	2	2	1	1	0	10
chr15	77102940	77105576	2	2	1	143	1	40
chr15	77102940	77113604	2	2	1	5	0	44
chr15	77105670	77113604	2	2	1	144	1	48
chr15	103242719	103242921	1	1	1	1	0	33
chr15	103242719	103243624	1	1	1	0	2	35
chr16	57177984	57182679	1	1	0	1	0	21
chr16	57178021	57181491	2	2	1	13	1	43
chr16	57178021	57182850	2	2	1	1156	1	44
chr16	57181537	57182850	2	2	1	13	1	33
chr16	94686604	94691580	1	1	1	4	0	45
chr17	12979205	13846588	1	1	0	35	1	12
chr17	13846640	13848354	1	1	1	384	0	21
chr17	13846640	13849107	1	1	1	11194	8	46
chr17	13846640	13849113	1	1	0	99	0	47
chr17	13848376	13849107	1	1	1	386	0	26
chr17	45570567	45570665	2	2	1	540	1	39
chr17	45570800	45571017	2	2	1	602	1	21
chr17	46590452	46590758	2	2	1	1	0	11
chr18	53948155	53948644	1	1	1	2026	0	28
chr18	53948155	53949550	1	1	0	1	0	39
chr18	53948155	53953244	1	1	1	10685	5	45
chr18	53948669	53953244	1	1	1	2015	0	26
chr18	53949588	53953244	1	1	0	1	0	37
chr18	64515409	64516415	2	2	1	1	0	37
chr19	7281256	7281797	2	4	1	160	0	39
chr19	7281256	7282725	2	2	1	357	0	35
chr19	7281960	7282725	2	2	1	169	0	33
KV575235.1	147143	149353	1	1	0	0	1	33
