chr1	34295537	34296741	1	1	1	128	0	18
chr1	34295537	34299720	1	1	1	18	0	40
chr1	34296760	34299720	1	1	1	128	0	18
chr1	40010678	40011649	1	1	1	28	0	21
chr1	40010678	40014105	1	1	1	4	0	32
chr1	40011842	40014105	1	1	1	26	0	39
chr1	82735508	82747082	1	1	1	3	0	40
chr1	82735508	82750519	1	1	1	50	0	40
chr1	82747143	82750519	1	1	1	2	0	39
chr2	3489769	3490936	2	2	1	0	1	1
chr2	32292216	32293314	1	1	1	7	0	43
chr2	32292216	32296625	1	1	1	30	0	43
chr2	32293396	32296625	1	1	1	7	0	38
chr2	59932171	59933405	2	2	0	52	0	37
chr2	59932171	59933411	2	2	1	233	1	32
chr2	59932171	59933670	2	2	1	3	0	38
chr2	59933439	59933670	2	2	1	283	1	28
chr2	71849507	71853533	1	1	1	733	2	40
chr2	71849507	71853820	1	1	0	2	0	37
chr2	71849507	71853890	1	1	0	1	0	39
chr2	71849507	71855853	1	1	1	2441	2	42
chr2	71849507	71855868	1	1	0	7	0	46
chr2	71853664	71855853	1	1	1	732	2	42
chr2	71853891	71855853	1	1	0	3	0	40
chr2	71853948	71855853	1	1	0	1	0	40
chr2	75662926	75663570	1	1	1	1	0	40
chr2	91001089	91001461	1	1	1	581	0	34
chr2	91001089	91003299	1	1	0	2	0	33
chr2	91001511	91003210	1	1	1	583	0	25
chr2	91003238	91003810	1	1	0	1	0	27
chr2	91003346	91003810	1	1	1	7	0	36
chr2	91159300	91160316	2	2	0	1	0	41
chr2	91159300	91162027	2	2	0	1	0	41
chr2	91159306	91160316	2	2	1	202	2	47
chr2	91159306	91162027	2	2	1	328	0	47
chr2	91160371	91162027	2	2	1	208	2	40
chr2	91681696	91684668	2	2	1	114	0	50
chr2	153670448	153672215	1	1	1	2	0	50
chr3	60422418	60613472	1	1	0	0	3	15
chr3	60613521	60614682	1	1	1	1931	2	45
chr3	60613521	60615619	1	1	1	1946	4	45
chr3	60614737	60615619	1	1	1	1904	3	44
chr3	87733505	87734423	1	1	1	6	0	39
chr3	87733505	87735344	1	1	0	15	0	42
chr3	87734553	87735344	1	1	1	6	0	37
chr3	88483947	88484046	2	2	1	73	0	38
chr3	88484155	88484614	2	2	1	74	0	39
chr3	119724187	119724611	2	2	1	5297	2	34
chr3	119724187	119726065	2	2	1	33	0	29
chr3	119724646	119726065	2	2	1	5482	2	38
chr3	119726116	119820407	2	2	0	2	0	13
chr4	31992517	31994873	1	1	1	188	0	41
chr4	31992517	32002088	1	1	1	1906	1	49
chr4	31994955	32002088	1	1	1	180	0	49
chr4	107009769	107027216	1	1	1	17	0	38
chr4	107009769	107028192	1	1	1	171	0	45
chr4	107027298	107028192	1	1	1	20	0	42
chr5	23565266	23568151	2	2	0	1	0	37
chr5	23565266	23616326	2	2	1	1346	3	49
chr5	23568264	23616326	2	2	0	1	0	45
chr5	72958287	72965803	1	1	1	3	0	42
chr5	72958287	72974530	1	1	1	45	0	41
chr5	72965882	72974530	1	1	1	3	0	41
chr5	116482537	116591333	2	2	1	664	3	50
chr5	149184807	149185349	1	1	0	1	0	31
chr5	149184807	149185484	1	1	1	1	0	43
chr5	149184807	149187707	1	1	1	16	0	45
chr5	149184807	149188344	1	1	1	307	0	45
chr5	149185381	149188344	1	1	0	1	0	32
chr5	149185662	149188344	1	1	0	1	0	37
chr5	149187806	149188344	1	1	0	1	0	39
chr5	149187864	149188344	1	1	0	1	0	39
chr5	149187877	149188344	1	1	1	14	0	39
chr6	98939789	98940994	2	2	1	1	0	45
chr6	98939789	98941535	2	2	1	110	0	46
chr6	98939789	98944618	2	2	0	2	0	45
chr6	98941165	98944618	2	2	0	1	0	36
chr6	98941658	98944618	2	2	1	113	0	37
chr6	125162102	125162211	2	2	1	80	1	35
chr6	128371086	128371906	1	1	0	1	0	39
chr6	128371086	128371967	1	1	1	2581	2	43
chr6	128371086	128372530	1	1	1	5	0	49
chr6	128371086	128372533	1	1	1	5	0	46
chr6	128372013	128372504	1	1	0	18	0	26
chr6	128372013	128372509	1	1	0	3	0	31
chr6	128372013	128372530	1	1	1	368	0	49
chr6	128372013	128372533	1	1	1	2125	2	46
chr6	128372013	128372536	1	1	0	1	0	43
chr6	128372013	128372539	1	1	0	2	0	40
chr6	128372018	128372504	1	1	0	1	0	26
chr6	128372018	128372530	1	1	0	1	0	49
chr6	128372018	128372533	1	1	0	38	0	46
chr7	30956268	30956381	2	2	1	1	0	11
chr7	67240441	67244520	2	2	1	178	0	24
chr7	67240441	67251656	2	2	1	1850	0	44
chr7	67244545	67251656	2	2	1	178	0	24
chr7	102001660	102002294	1	1	1	989	1	42
chr7	102001660	102007485	1	1	1	316	0	43
chr7	102002310	102007485	1	1	0	2	0	15
chr7	102002337	102007485	1	1	1	981	1	41
chr7	112839481	112841887	1	1	1	1	0	41
chr7	112839481	112842039	1	1	1	59	0	41
chr7	112839481	112856797	1	1	1	5	0	41
chr7	112842103	112856052	1	1	1	55	0	12
chr7	112842103	112856797	1	1	1	2	0	37
chr7	112856065	112856797	1	1	1	55	0	12
chr7	127980247	127981190	1	1	1	7	0	2
chr7	127981292	127981410	1	1	1	10	0	38
chr8	25532429	25557730	1	1	1	1	0	44
chr8	25555775	25557730	1	1	1	1	0	37
chr8	95100453	95100646	2	2	1	464	0	31
chr8	95100453	95101408	2	2	0	78	0	46
chr8	95100674	95101408	2	2	1	464	0	33
chr8	123268550	123268744	2	2	1	70	0	46
chr9	43027296	43040539	2	2	1	82	0	38
chr9	43027296	43042590	2	2	1	79	0	46
chr9	43040597	43042590	2	2	1	82	0	45
chr9	47813946	47818733	1	1	1	1	0	38
chr9	80093642	80098885	1	1	1	6521	4	26
chr9	80093642	80098892	1	1	0	144	0	14
chr9	80093642	80103693	1	1	1	205	0	44
chr9	80098907	80103693	1	1	1	6662	4	24
chr9	80098907	80103698	1	1	0	7	0	21
chr9	114597607	114597794	2	2	1	419	0	38
chr9	114597607	114598704	2	2	0	10	0	40
chr9	114597825	114598704	2	2	0	3	0	30
chr9	114597831	114598704	2	2	1	415	0	36
chr11	79458907	79463232	1	1	1	6	0	42
chr11	79458907	79468716	1	1	1	98	0	43
chr11	79463296	79468716	1	1	1	6	0	39
chr11	94112147	94113262	1	1	1	111	0	32
chr11	94112147	94114172	1	1	1	302	0	32
chr11	94113302	94114172	1	1	1	112	0	39
chr11	102310577	102310925	2	2	1	30	0	42
chr11	102310577	102311379	2	2	1	435	0	46
chr11	102311037	102311379	2	2	1	29	0	45
chr12	71952560	71958746	1	1	1	24	0	27
chr12	71952560	71959805	1	1	1	33	0	43
chr12	71958774	71959805	1	1	1	24	0	27
chr12	83811361	83825258	2	2	1	62	0	33
chr12	83811361	83831921	2	2	1	229	0	41
chr12	83825292	83831921	2	2	1	62	0	33
chr12	113133338	113133495	1	1	0	111	19	45
chr12	113133338	113133540	1	1	1	1490	35	43
chr12	113133338	113135796	1	1	1	17	0	29
chr12	113133577	113134800	1	1	0	2	0	12
chr12	113133577	113135796	1	1	1	1492	54	29
chr12	113134813	113135796	1	1	0	2	0	12
chr13	46778994	46780625	2	2	1	650	0	42
chr13	46778994	46785245	2	2	1	1708	2	45
chr13	46780665	46785245	2	2	1	653	0	39
chr13	56084286	56089757	2	2	1	36	0	41
chr13	56089858	56096123	2	2	1	37	0	41
chr14	57643224	57643334	2	2	1	1	0	39
chr14	57643224	57648418	2	2	1	51	0	47
chr14	57643490	57648418	2	2	1	1	0	38
chr14	120389164	120395711	1	1	1	112	0	39
chr14	120389164	120396450	1	1	1	244	1	48
chr14	120395766	120396450	1	1	1	113	0	48
chr15	77102940	77105576	2	2	1	138	0	45
chr15	77102940	77113604	2	2	1	5	0	48
chr15	77105670	77113604	2	2	1	137	0	48
chr15	103242719	103243624	1	1	1	0	1	33
chr16	57178021	57181491	2	2	1	159	0	44
chr16	57178021	57182850	2	2	1	47	0	43
chr16	57181537	57182850	2	2	1	158	0	44
chr17	12979205	13846588	1	1	0	60	0	12
chr17	13846613	13848354	1	1	0	14	0	21
chr17	13846640	13848354	1	1	1	3435	2	22
chr17	13846640	13849107	1	1	1	4284	2	45
chr17	13846640	13849113	1	1	0	24	0	47
chr17	13848376	13849107	1	1	1	3442	2	29
chr17	13848376	13849113	1	1	0	4	0	21
chr17	45570567	45570665	2	2	1	203	0	37
chr17	45570800	45571017	2	2	1	195	0	21
chr18	53948155	53948644	1	1	1	14247	8	33
chr18	53948155	53953244	1	1	1	2212	5	43
chr18	53948167	53948644	1	1	0	2	0	24
chr18	53948666	53953244	1	1	0	7	1	21
chr18	53948669	53953244	1	1	1	14219	4	37
chr18	53948669	53953268	1	1	0	1	0	24
chr18	53948673	53953244	1	1	0	2	0	28
chr19	7281251	7282725	2	2	0	1	0	26
chr19	7281256	7281797	2	4	1	91	0	39
chr19	7281256	7282725	2	2	1	1012	0	36
chr19	7281960	7282725	2	2	1	93	0	35
