chr1	34295537	34296741	1	1	1	45	1	18
chr1	34295537	34299720	1	1	1	199	0	39
chr1	34296760	34299720	1	1	1	45	1	19
chr1	40010678	40011649	1	1	1	16	0	21
chr1	40010678	40014105	1	1	1	70	0	32
chr1	40011842	40014105	1	1	1	13	0	37
chr1	82735508	82741817	1	1	1	1	0	40
chr1	82735508	82747082	1	1	1	4	0	40
chr1	82735508	82750519	1	1	1	67	0	41
chr1	82747143	82750519	1	1	1	5	0	40
chr2	32292216	32296625	1	1	1	69	0	43
chr2	59932171	59933405	2	2	0	6	0	33
chr2	59932171	59933411	2	2	1	78	0	31
chr2	59932171	59933670	2	2	1	15	0	39
chr2	59933439	59933670	2	2	1	82	0	28
chr2	71849507	71853533	1	1	1	29	0	39
chr2	71849507	71855853	1	1	1	2064	4	44
chr2	71853664	71855853	1	1	1	28	0	40
chr2	75662926	75663570	1	1	1	2	1	27
chr2	91001089	91001461	1	1	1	468	1	27
chr2	91001089	91003299	1	1	0	1	0	33
chr2	91001511	91003210	1	1	1	464	1	22
chr2	91001511	91003299	1	1	0	4	0	46
chr2	91003346	91003810	1	1	1	13	0	36
chr2	91159306	91160316	2	2	1	6	0	47
chr2	91159306	91162027	2	2	1	164	0	47
chr2	91160371	91162027	2	2	1	6	0	38
chr2	91681696	91684668	2	2	1	543	0	50
chr2	153670448	153670848	1	1	1	50	0	43
chr2	153670909	153672215	1	1	1	49	0	50
chr2	168752741	168754433	2	2	1	10146	8	46
chr3	60613521	60614682	1	1	1	46	0	44
chr3	60613521	60615619	1	1	1	9	0	44
chr3	60614737	60615619	1	1	1	46	0	37
chr3	87733505	87734423	1	1	1	4	0	39
chr3	87733505	87735344	1	1	0	99	0	40
chr3	87734553	87735344	1	1	1	4	0	37
chr3	88483947	88484046	2	2	1	137	1	37
chr3	88484155	88484614	2	2	1	137	1	42
chr3	119724187	119724611	2	2	1	1397	1	34
chr3	119724187	119726065	2	2	1	4	0	29
chr3	119724646	119726065	2	2	1	1430	1	38
chr3	129825617	129826823	2	2	1	1	0	28
chr4	31992517	31993403	1	1	0	1	0	21
chr4	31992517	31994873	1	1	1	1435	2	40
chr4	31992517	32002055	1	1	0	3	0	38
chr4	31992517	32002088	1	1	1	574	2	49
chr4	31993425	31994873	1	1	0	1	0	17
chr4	31994955	32002088	1	1	1	1434	2	49
chr4	107009769	107027216	1	1	1	26	0	39
chr4	107009769	107028192	1	1	1	103	0	42
chr4	107027298	107028192	1	1	1	29	0	41
chr4	107031092	107036935	1	1	1	1	0	29
chr5	23565266	23616326	2	2	1	144	0	45
chr5	72958287	72965803	1	1	1	1	0	40
chr5	72958287	72974530	1	1	1	15	0	41
chr5	72965882	72974530	1	1	1	1	0	41
chr5	116482537	116591333	2	2	1	3	0	42
chr5	149184807	149185484	1	1	1	1	0	43
chr5	149184807	149187707	1	1	1	17	0	43
chr5	149184807	149188344	1	1	1	222	0	45
chr5	149185662	149188344	1	1	0	1	0	39
chr5	149187835	149188344	1	1	1	2	0	39
chr5	149187877	149188344	1	1	1	15	0	39
chr6	72634233	72648800	2	2	1	2107	2	41
chr6	72634233	72649119	2	2	1	5138	8	50
chr6	72634351	72649119	2	2	0	1	0	40
chr6	72648843	72649119	2	2	1	2105	2	41
chr6	98939789	98940994	2	2	1	1	0	45
chr6	98939789	98941535	2	2	1	52	0	45
chr6	98939789	98944618	2	2	0	15	0	45
chr6	98941165	98944618	2	2	0	1	0	36
chr6	98941658	98944618	2	2	1	52	0	36
chr6	125162102	125162211	2	2	1	304	6	38
chr6	125184353	125184434	2	2	1	1	1	5
chr6	128371086	128371967	1	1	1	1477	3	45
chr6	128371086	128372530	1	1	1	76	1	49
chr6	128371086	128372533	1	1	1	732	2	46
chr6	128372013	128372504	1	1	0	3	0	26
chr6	128372013	128372509	1	1	0	0	1	31
chr6	128372013	128372530	1	1	1	177	0	47
chr6	128372013	128372533	1	1	1	1267	2	46
chr6	128372018	128372530	1	1	0	3	0	49
chr6	128372018	128372533	1	1	0	28	0	46
chr7	67240441	67244520	2	2	1	4	0	24
chr7	67240441	67251656	2	2	1	443	2	45
chr7	67244545	67251656	2	2	1	4	0	24
chr7	101474369	102001612	1	1	0	4	0	12
chr7	102001660	102002294	1	1	1	191	0	42
chr7	102001660	102007485	1	1	1	3567	3	48
chr7	102001667	102007492	1	1	0	1	0	45
chr7	102002337	102007485	1	1	1	191	0	38
chr7	112839481	112841887	1	1	1	6	0	41
chr7	112839481	112842039	1	1	1	199	0	49
chr7	112839481	112856052	1	1	1	2	0	12
chr7	112839481	112856797	1	1	1	17	0	41
chr7	112841951	112856052	1	1	1	5	0	12
chr7	112841951	112856797	1	1	0	1	0	37
chr7	112842103	112856052	1	1	1	22	0	12
chr7	112842103	112856797	1	1	1	178	0	44
chr7	112842103	112856803	1	1	0	1	0	43
chr7	112856065	112856797	1	1	1	28	0	12
chr7	112856065	112856803	1	1	0	1	0	12
chr7	127980247	127981190	1	1	1	3	0	2
chr7	127981292	127981410	1	1	1	4	0	6
chr7	144861833	144862231	1	1	1	769	1	28
chr7	144862267	144862764	1	1	0	5	0	35
chr7	144862336	144862764	1	1	1	760	1	44
chr8	25532429	25555507	1	1	1	2	0	44
chr8	25532429	25557730	1	1	1	1	0	41
chr8	25555775	25557730	1	1	1	4	0	37
chr8	95100453	95100646	2	2	1	205	0	31
chr8	95100453	95101408	2	2	0	367	0	46
chr8	95100666	95101408	2	2	0	2	0	19
chr8	95100674	95101408	2	2	1	203	0	38
chr8	123268550	123268744	2	2	1	90	0	46
chr9	43027296	43040539	2	2	1	14	0	38
chr9	43027296	43042590	2	2	1	237	0	45
chr9	43040597	43042590	2	2	1	14	0	45
chr9	80093642	80098885	1	1	1	1883	1	26
chr9	80093642	80098892	1	1	0	29	0	14
chr9	80093642	80103693	1	1	1	5941	5	45
chr9	80093642	80103698	1	1	0	4	0	44
chr9	80098907	80103693	1	1	1	1911	1	24
chr9	114597607	114597794	2	2	1	291	1	38
chr9	114597607	114598704	2	2	0	414	0	42
chr9	114597825	114598704	2	2	0	1	0	30
chr9	114597831	114598704	2	2	1	289	1	36
chr9	123011638	123013939	1	1	1	1	0	14
chr9	123014013	123014468	1	1	1	1	0	14
chr9	123014507	123017244	1	1	1	1	0	38
chr11	79458907	79463232	1	1	1	26	0	44
chr11	79458907	79468716	1	1	1	33	0	42
chr11	79463296	79468716	1	1	1	24	0	39
chr11	79468155	79468716	1	1	1	1	0	38
chr11	85005929	85006992	2	2	1	1	0	14
chr11	94112147	94113262	1	1	1	19	0	21
chr11	94112147	94114172	1	1	1	237	0	32
chr11	94112147	94114187	1	1	0	1	0	29
chr11	94113302	94114172	1	1	1	19	0	39
chr11	102310577	102310925	2	2	1	95	0	43
chr11	102310577	102311379	2	2	1	298	0	46
chr11	102311037	102311379	2	2	1	94	0	46
chr12	71952560	71959805	1	1	1	222	0	44
chr12	83811361	83825258	2	2	1	208	0	33
chr12	83811361	83831921	2	2	1	231	0	41
chr12	83825292	83831921	2	2	1	207	0	38
chr12	104697145	104700364	2	2	1	1	0	39
chr12	113133338	113133495	1	1	0	3	0	42
chr12	113133338	113133540	1	1	1	350	1	43
chr12	113133338	113134186	1	1	0	1	0	42
chr12	113133338	113135796	1	1	1	1051	0	29
chr12	113133577	113135796	1	1	1	329	1	29
chr13	46778990	46780625	2	2	0	1	0	39
chr13	46778994	46780625	2	2	1	617	0	41
chr13	46778994	46785245	2	2	1	2489	6	47
chr13	46780665	46785245	2	2	1	616	0	40
chr13	56084286	56089757	2	2	1	12	0	40
chr13	56084286	56096123	2	2	0	2	0	41
chr13	56089858	56096123	2	2	1	11	0	41
chr14	57643224	57648418	2	2	1	156	0	41
chr14	120389158	120395711	1	1	0	1	0	23
chr14	120389164	120395711	1	1	1	264	1	39
chr14	120389164	120395717	1	1	0	3	0	38
chr14	120389164	120396450	1	1	1	51	0	48
chr14	120395766	120396450	1	1	1	285	1	48
chr15	77102940	77105576	2	2	1	124	1	41
chr15	77102940	77113604	2	2	1	21	0	48
chr15	77105670	77113604	2	2	1	124	1	48
chr16	57178021	57181491	2	2	1	19	0	43
chr16	57178021	57182850	2	2	1	874	0	44
chr16	57181537	57182850	2	2	1	19	0	33
chr16	84831508	84834808	2	2	1	1	0	44
chr17	12979205	13846588	1	1	0	37	0	12
chr17	13846640	13848354	1	1	1	349	0	22
chr17	13846640	13848358	1	1	0	1	0	17
chr17	13846640	13849107	1	1	1	12494	18	50
chr17	13846640	13849113	1	1	0	54	0	47
chr17	13848376	13849107	1	1	1	350	0	26
chr17	13848376	13849113	1	1	0	2	0	21
chr17	45570567	45570665	2	2	1	609	1	42
chr17	45570800	45571017	2	2	1	630	1	23
chr18	10726534	10740982	1	1	1	1	0	15
chr18	53948155	53948644	1	1	1	1640	2	28
chr18	53948155	53949213	1	1	0	2	0	39
chr18	53948155	53949550	1	1	0	1	0	39
chr18	53948155	53953244	1	1	1	11181	14	44
chr18	53948669	53953244	1	1	1	1637	2	26
chr18	53949263	53953244	1	1	0	2	0	37
chr18	53949588	53953244	1	1	0	1	0	37
chr18	64515406	64516415	2	2	1	1	0	42
chr19	7281256	7281797	2	4	1	64	0	39
chr19	7281256	7282725	2	2	1	275	0	36
chr19	7281960	7282725	2	2	1	68	0	26
