chr1	34295537	34296741	1	1	1	60	0	18
chr1	34295537	34299720	1	1	1	227	2	44
chr1	34296760	34299720	1	1	1	60	0	19
chr1	40010678	40011649	1	1	1	34	0	21
chr1	40010678	40014105	1	1	1	72	1	32
chr1	40011842	40014105	1	1	1	33	0	39
chr1	58558058	58565856	2	2	1	1	0	21
chr1	58565955	58586211	2	2	1	1	0	46
chr1	82735508	82741817	1	1	1	2	0	40
chr1	82735508	82747082	1	1	1	2	0	41
chr1	82735508	82750519	1	1	1	88	0	44
chr1	82741977	82750519	1	1	1	2	0	38
chr1	82747143	82750519	1	1	1	2	0	38
chr2	32292216	32296625	1	1	1	110	0	48
chr2	59932171	59933405	2	2	0	3	0	33
chr2	59932171	59933411	2	2	1	71	0	31
chr2	59932171	59933670	2	2	1	20	0	39
chr2	59933439	59933670	2	2	1	72	0	28
chr2	59933695	60718197	2	2	0	5	0	13
chr2	71849507	71853533	1	1	1	18	0	39
chr2	71849507	71855853	1	1	1	2324	1	45
chr2	71853664	71855853	1	1	1	19	0	40
chr2	75662926	75663570	1	1	1	8	0	40
chr2	91001089	91001461	1	1	1	708	1	34
chr2	91001089	91003299	1	1	0	1	0	33
chr2	91001511	91003210	1	1	1	692	1	25
chr2	91003238	91003810	1	1	0	4	0	27
chr2	91003346	91003810	1	1	1	12	0	36
chr2	91159300	91162027	2	2	0	1	0	41
chr2	91159306	91160316	2	2	1	11	0	47
chr2	91159306	91162027	2	2	1	248	1	47
chr2	91160371	91162027	2	2	1	11	0	38
chr2	91681696	91684668	2	2	1	968	1	50
chr2	91682110	91684668	2	2	0	1	0	38
chr2	153670448	153670848	1	1	1	97	0	43
chr2	153670448	153672215	1	1	1	2	0	50
chr2	153670909	153672215	1	1	1	91	0	50
chr2	168752741	168754433	2	2	1	16377	11	46
chr3	60613521	60614682	1	1	1	160	0	44
chr3	60613521	60615619	1	1	1	27	0	44
chr3	60614737	60615619	1	1	1	160	0	38
chr3	87733505	87734423	1	1	1	5	0	39
chr3	87733505	87735344	1	1	0	207	1	40
chr3	87733510	87735349	2	2	0	0	1	34
chr3	87734553	87735344	1	1	1	5	0	37
chr3	88483947	88484046	2	2	1	139	1	38
chr3	88483947	88484614	2	2	0	2	0	38
chr3	88484155	88484614	2	2	1	137	1	41
chr3	119724187	119724611	2	2	1	2224	1	34
chr3	119724187	119726065	2	2	1	9	0	29
chr3	119724646	119726065	2	2	1	2282	1	38
chr3	129825617	129826823	2	2	1	2	0	36
chr3	139632407	139650143	2	2	0	0	1	13
chr4	31992517	31993403	1	1	0	1	0	21
chr4	31992517	31994873	1	1	1	1707	1	41
chr4	31992517	32002088	1	1	1	848	1	49
chr4	31993425	31994873	1	1	0	1	0	17
chr4	31994955	32002088	1	1	1	1705	1	49
chr4	31995011	32002088	1	1	1	1	0	48
chr4	107009769	107027216	1	1	1	73	0	39
chr4	107009769	107028192	1	1	1	304	0	42
chr4	107027298	107028192	1	1	1	81	0	41
chr4	107031092	107036935	1	1	1	1	0	29
chr5	23565266	23616326	2	2	1	262	0	45
chr5	72958287	72974530	1	1	1	49	1	41
chr5	116482537	116591333	2	2	1	6	0	50
chr5	149184807	149185484	1	1	1	3	0	44
chr5	149184807	149187707	1	1	1	55	0	44
chr5	149184807	149188344	1	1	1	299	0	44
chr5	149185662	149188344	1	1	0	1	0	15
chr5	149187806	149188344	1	1	0	2	0	39
chr5	149187835	149188344	1	1	1	8	0	39
chr5	149187877	149188344	1	1	1	47	0	40
chr6	39688346	39725106	2	2	1	1	0	8
chr6	72634233	72634303	2	2	0	2	0	37
chr6	72634233	72648800	2	2	1	4364	5	42
chr6	72634233	72649119	2	2	1	8800	6	50
chr6	72634256	72649119	2	2	0	1	0	40
chr6	72634351	72649119	2	2	0	2	0	40
chr6	72648843	72649119	2	2	1	4343	4	42
chr6	98939789	98940994	2	2	1	5	0	46
chr6	98939789	98941535	2	2	1	110	0	47
chr6	98939789	98944618	2	2	0	6	0	45
chr6	98941165	98944618	2	2	0	5	0	36
chr6	98941658	98944618	2	2	1	109	0	36
chr6	125162102	125162211	2	2	1	659	14	36
chr6	128371086	128371967	1	1	1	2059	1	43
chr6	128371086	128372278	1	1	0	1	0	27
chr6	128371086	128372509	1	1	0	1	0	39
chr6	128371086	128372530	1	1	1	105	0	49
chr6	128371086	128372533	1	1	1	932	2	46
chr6	128371086	128372536	1	1	0	2	0	43
chr6	128371086	128372539	1	1	0	2	0	40
chr6	128372013	128372504	1	1	0	2	0	26
chr6	128372013	128372509	1	1	0	2	0	31
chr6	128372013	128372530	1	1	1	292	0	49
chr6	128372013	128372533	1	1	1	1737	1	46
chr6	128372013	128372536	1	1	0	1	0	43
chr6	128372018	128372530	1	1	0	3	0	49
chr6	128372018	128372533	1	1	0	23	0	46
chr6	128372306	128372533	1	1	0	1	0	27
chr7	25724845	25725923	2	2	1	1	0	41
chr7	67240441	67244520	2	2	1	8	0	24
chr7	67240441	67251656	2	2	1	660	0	45
chr7	67244545	67251656	2	2	1	8	0	24
chr7	101405603	102001614	1	1	0	7	0	13
chr7	102001660	102002294	1	1	1	264	0	43
chr7	102001660	102007485	1	1	1	4986	1	45
chr7	102002337	102007485	1	1	1	265	0	42
chr7	112839481	112841887	1	1	1	14	0	41
chr7	112839481	112842039	1	1	1	217	0	49
chr7	112839481	112856052	1	1	1	2	0	12
chr7	112839481	112856797	1	1	1	30	0	41
chr7	112841951	112856052	1	1	1	2	0	12
chr7	112841951	112856797	1	1	0	8	0	37
chr7	112842103	112856052	1	1	1	16	0	12
chr7	112842103	112856797	1	1	1	209	0	45
chr7	112856065	112856797	1	1	1	20	0	12
chr7	127980247	127981190	1	1	1	14	0	5
chr7	127981292	127981410	1	1	1	14	0	28
chr7	144861833	144862231	1	1	1	1953	4	39
chr7	144862267	144862764	1	1	0	8	0	35
chr7	144862336	144862764	1	1	1	1923	4	45
chr7	144862377	144862764	1	1	0	1	0	43
chr8	25532429	25555507	1	1	1	2	0	44
chr8	25532429	25557730	1	1	1	3	0	44
chr8	25555775	25557730	1	1	1	5	0	38
chr8	95100453	95100646	2	2	1	461	1	31
chr8	95100453	95101408	2	2	0	955	0	46
chr8	95100674	95101408	2	2	1	461	1	42
chr8	123268550	123268744	2	2	1	126	0	47
chr9	43027296	43040539	2	2	1	27	0	38
chr9	43027296	43042590	2	2	1	312	0	48
chr9	43040597	43042590	2	2	1	27	0	45
chr9	80093642	80098885	1	1	1	2002	0	26
chr9	80093642	80098892	1	1	0	35	0	14
chr9	80093642	80103693	1	1	1	9337	4	46
chr9	80098907	80103693	1	1	1	2036	0	23
chr9	80098907	80103698	1	1	0	2	0	21
chr9	114597607	114597794	2	2	1	380	0	39
chr9	114597607	114598704	2	2	0	368	0	44
chr9	114597825	114598704	2	2	0	1	0	30
chr9	114597831	114598704	2	2	1	377	0	38
chr11	78233684	78245547	2	2	1	1	1	37
chr11	79458907	79463232	1	1	1	35	0	43
chr11	79458907	79468716	1	1	1	56	0	42
chr11	79463296	79468716	1	1	1	35	0	39
chr11	94112147	94113262	1	1	1	22	0	21
chr11	94112147	94114172	1	1	1	363	0	32
chr11	94113302	94114172	1	1	1	22	0	39
chr11	102310577	102310925	2	2	1	128	0	43
chr11	102310577	102311379	2	2	1	311	0	46
chr11	102311037	102311379	2	2	1	127	0	45
chr12	71952560	71959805	1	1	1	249	0	43
chr12	83811361	83825258	2	2	1	203	0	33
chr12	83811361	83829039	2	2	0	1	0	37
chr12	83811361	83831921	2	2	1	188	0	41
chr12	83825292	83831921	2	2	1	203	0	33
chr12	83829167	83831921	2	2	0	1	0	37
chr12	113133338	113133495	1	1	0	12	0	42
chr12	113133338	113133540	1	1	1	346	0	42
chr12	113133338	113135796	1	1	1	986	0	32
chr12	113133577	113135796	1	1	1	329	0	29
chr12	113135829	113136280	1	1	1	1	0	21
chr13	46778990	46785245	2	2	0	2	0	45
chr13	46778994	46780625	2	2	1	819	1	42
chr13	46778994	46785245	2	2	1	3488	13	46
chr13	46780663	46785245	2	2	0	1	0	37
chr13	46780665	46785245	2	2	1	817	1	39
chr13	56084286	56089757	2	2	1	24	0	40
chr13	56084286	56096123	2	2	0	1	0	40
chr13	56089858	56096123	2	2	1	24	0	39
chr14	57643224	57643334	2	2	1	3	0	39
chr14	57643224	57648418	2	2	1	205	0	47
chr14	57643490	57648418	2	2	1	3	0	38
chr14	120389164	120395711	1	1	1	332	0	39
chr14	120389164	120396450	1	1	1	71	0	48
chr14	120395766	120396450	1	1	1	352	0	48
chr15	77102940	77105576	2	2	1	159	1	43
chr15	77102940	77113604	2	2	1	31	0	48
chr15	77105670	77113604	2	2	1	158	1	48
chr15	103242719	103242921	1	1	1	1	0	11
chr16	57178021	57181491	2	2	1	20	0	44
chr16	57178021	57182850	2	2	1	1459	2	44
chr16	57181537	57182850	2	2	1	20	0	33
chr16	94686604	94691580	1	1	1	3	0	45
chr17	12979205	13846588	1	1	0	12	0	12
chr17	13846640	13848354	1	1	1	526	0	22
chr17	13846640	13849107	1	1	1	14710	20	47
chr17	13846640	13849113	1	1	0	61	0	48
chr17	13848376	13849107	1	1	1	524	0	26
chr17	13848376	13849113	1	1	0	2	0	21
chr17	45570567	45570665	2	2	1	683	0	42
chr17	45570800	45571017	2	2	1	765	0	21
chr18	10726534	10740982	1	1	1	2	0	15
chr18	53948155	53948644	1	1	1	1772	0	28
chr18	53948155	53949213	1	1	0	1	0	40
chr18	53948155	53953244	1	1	1	14084	12	45
chr18	53948155	53953268	1	1	0	2	0	40
chr18	53948669	53953244	1	1	1	1768	0	27
chr18	53949263	53953244	1	1	0	1	0	37
chr18	64512050	64515325	2	2	1	1	0	16
chr18	64515406	64516415	2	2	1	1	0	30
chr19	7281256	7281797	2	4	1	207	1	40
chr19	7281256	7282725	2	2	1	555	0	36
chr19	7281960	7282725	2	2	1	212	1	31
