chr1	34295537	34296741	1	1	1	77	0	18
chr1	34295537	34299720	1	1	1	32	0	40
chr1	34296760	34299720	1	1	1	77	0	19
chr1	40010678	40011649	1	1	1	64	0	21
chr1	40010678	40011783	1	1	0	2	0	21
chr1	40010678	40011811	1	1	0	1	0	21
chr1	40010678	40014105	1	1	1	50	1	32
chr1	40011842	40014105	1	1	1	67	0	37
chr1	82735508	82741934	1	1	0	1	0	40
chr1	82735508	82750519	1	1	1	51	0	41
chr1	82747143	82750519	1	1	1	1	0	38
chr2	32292216	32293314	1	1	1	15	0	43
chr2	32292216	32296625	1	1	1	69	0	43
chr2	32293396	32296625	1	1	1	15	0	38
chr2	59932171	59933405	2	2	0	61	0	37
chr2	59932171	59933411	2	2	1	409	0	31
chr2	59932171	59933670	2	2	1	3	0	38
chr2	59933439	59933670	2	2	1	468	0	31
chr2	71849507	71853533	1	1	1	447	0	40
chr2	71849507	71853875	1	1	0	1	0	15
chr2	71849507	71853890	1	1	0	1	0	39
chr2	71849507	71855853	1	1	1	3754	2	43
chr2	71853664	71855853	1	1	1	462	0	41
chr2	71853891	71855853	1	1	0	1	0	15
chr2	71853948	71855853	1	1	0	1	0	40
chr2	75662926	75663570	1	1	1	1	0	33
chr2	91001089	91001461	1	1	1	505	0	27
chr2	91001511	91003210	1	1	1	503	0	25
chr2	91001511	91003299	1	1	0	3	0	46
chr2	91003238	91003810	1	1	0	1	0	27
chr2	91003346	91003810	1	1	1	8	0	36
chr2	91159300	91162027	2	2	0	5	0	41
chr2	91159306	91160316	2	2	1	182	0	47
chr2	91159306	91162027	2	2	1	414	0	47
chr2	91160371	91162027	2	2	1	180	0	39
chr2	91681696	91682025	2	2	1	1	0	50
chr2	91681696	91684668	2	2	1	168	0	50
chr2	91682110	91684668	2	2	0	1	0	38
chr2	153670448	153672215	1	1	1	3	0	50
chr2	168752741	168754433	2	2	1	2	0	44
chr3	60422418	60613472	1	1	0	0	4	15
chr3	60613521	60614682	1	1	1	958	3	44
chr3	60613521	60614688	1	1	0	2	0	44
chr3	60613521	60615619	1	1	1	1066	4	45
chr3	60614737	60615619	1	1	1	966	3	39
chr3	87733505	87734423	1	1	1	8	0	39
chr3	87733505	87735344	1	1	0	1	0	39
chr3	87734553	87735344	1	1	1	8	0	37
chr3	88483947	88484046	2	2	1	138	0	39
chr3	88483947	88484614	2	2	0	1	0	38
chr3	88484155	88484614	2	2	1	137	0	39
chr3	119724187	119724611	2	2	1	4391	2	34
chr3	119724187	119726065	2	2	1	9	0	29
chr3	119724646	119726065	2	2	1	4525	3	38
chr3	129825617	129826823	2	2	1	1	0	11
chr4	31992517	31994873	1	1	1	193	0	39
chr4	31992517	32002088	1	1	1	3173	8	49
chr4	31994955	32002088	1	1	1	193	0	49
chr4	107009769	107027216	1	1	1	9	0	38
chr4	107009769	107028192	1	1	1	127	0	42
chr4	107027298	107028192	1	1	1	11	0	41
chr4	149222365	149223229	2	2	1	1	0	36
chr5	23565266	23616326	2	2	1	932	3	46
chr5	65388442	65388561	2	2	1	1	0	29
chr5	72958287	72974530	1	1	1	89	0	42
chr5	116477146	116482389	2	2	1	2	0	33
chr5	116482537	116591333	2	2	1	793	3	50
chr5	149184807	149187707	1	1	1	9	0	43
chr5	149184807	149188344	1	1	1	483	2	44
chr5	149187877	149188344	1	1	1	10	0	39
chr6	72634233	72649119	2	2	1	1	0	40
chr6	98939789	98941535	2	2	1	149	0	45
chr6	98939789	98944618	2	2	0	7	0	46
chr6	98941658	98944618	2	2	1	151	0	37
chr6	125162102	125162211	2	2	1	177	6	36
chr6	128371086	128371967	1	1	1	3571	5	43
chr6	128371086	128371980	1	1	0	1	0	32
chr6	128371086	128372530	1	1	1	6	0	49
chr6	128371086	128372533	1	1	1	21	0	46
chr6	128372013	128372504	1	1	0	15	1	26
chr6	128372013	128372509	1	1	0	6	0	31
chr6	128372013	128372530	1	1	1	453	0	49
chr6	128372013	128372533	1	1	1	3067	4	46
chr6	128372013	128372536	1	1	0	2	0	43
chr6	128372018	128372530	1	1	0	2	0	49
chr6	128372018	128372533	1	1	0	28	0	46
chr7	25724845	25725923	2	2	1	1	0	28
chr7	28174687	28174784	1	1	1	1	0	39
chr7	28331530	28338351	2	2	1	2	0	42
chr7	30192593	30192866	2	2	1	1	0	32
chr7	30192901	30193877	2	2	1	1	0	26
chr7	67240441	67244520	2	2	1	191	1	24
chr7	67240441	67251656	2	2	1	1315	2	47
chr7	67240443	67251659	1	1	0	1	0	41
chr7	67244545	67251656	2	2	1	191	1	24
chr7	99849060	99858763	2	2	1	1	0	44
chr7	102001660	102002294	1	1	1	989	0	43
chr7	102001660	102007485	1	1	1	716	5	45
chr7	102002337	102007485	1	1	1	995	0	42
chr7	112839481	112841887	1	1	1	8	0	41
chr7	112839481	112842039	1	1	1	78	0	41
chr7	112839481	112856052	1	1	1	1	0	12
chr7	112839481	112856797	1	1	1	4	0	41
chr7	112841951	112856052	1	1	1	2	0	12
chr7	112842103	112856052	1	1	1	82	0	12
chr7	112842103	112856797	1	1	1	4	0	37
chr7	112856065	112856797	1	1	1	85	0	12
chr7	127977322	127978140	1	1	1	1	0	27
chr7	127980247	127981190	1	1	1	13	0	28
chr7	127981292	127981410	1	1	1	12	0	6
chr8	25532429	25557730	1	1	1	1	0	44
chr8	95100453	95100646	2	2	1	616	3	31
chr8	95100453	95101408	2	2	0	73	0	46
chr8	95100666	95101408	2	2	0	2	0	19
chr8	95100674	95101408	2	2	1	614	3	43
chr8	95101447	95139983	2	2	0	0	1	15
chr8	123268550	123268744	2	2	1	122	0	46
chr9	43027296	43040539	2	2	1	77	0	38
chr9	43027296	43042590	2	2	1	162	0	45
chr9	43040593	43042590	2	2	0	4	0	43
chr9	43040597	43042590	2	2	1	75	0	45
chr9	80093642	80094508	1	1	0	1	0	44
chr9	80093642	80098885	1	1	1	6864	4	29
chr9	80093642	80098892	1	1	0	132	1	19
chr9	80093642	80103693	1	1	1	361	0	45
chr9	80093642	80103698	1	1	0	1	0	44
chr9	80094574	80098885	1	1	0	1	0	16
chr9	80098907	80099016	1	1	0	1	0	21
chr9	80098907	80103693	1	1	1	6999	5	24
chr9	80099049	80103693	1	1	0	1	0	37
chr9	80101891	80103693	1	1	0	1	0	37
chr9	114597607	114597794	2	2	1	268	0	38
chr9	114597607	114598704	2	2	0	13	0	41
chr9	114597825	114598704	2	2	0	1	0	30
chr9	114597831	114598704	2	2	1	266	0	36
chr11	79458907	79463232	1	1	1	8	0	42
chr11	79458907	79468113	1	1	1	1	0	41
chr11	79458907	79468716	1	1	1	133	1	42
chr11	79463296	79468716	1	1	1	8	0	38
chr11	79468155	79468716	1	1	1	1	0	38
chr11	85005929	85006992	2	2	1	2	0	14
chr11	94112147	94113262	1	1	1	66	0	21
chr11	94112147	94114172	1	1	1	334	1	32
chr11	94113302	94114172	1	1	1	69	0	39
chr11	102310577	102310925	2	2	1	32	0	42
chr11	102310577	102311379	2	2	1	586	0	46
chr11	102311037	102311379	2	2	1	32	0	45
chr12	71952560	71958746	1	1	1	42	0	27
chr12	71952560	71959805	1	1	1	64	0	43
chr12	71958774	71959805	1	1	1	42	0	27
chr12	83811361	83825258	2	2	1	38	0	33
chr12	83811361	83831921	2	2	1	351	0	41
chr12	83825292	83831921	2	2	1	38	0	33
chr12	113133338	113133495	1	1	0	81	4	45
chr12	113133338	113133540	1	1	1	1515	43	43
chr12	113133338	113135796	1	1	1	33	0	29
chr12	113133577	113134800	1	1	0	2	0	12
chr12	113133577	113135796	1	1	1	1519	47	29
chr12	113134813	113135796	1	1	0	2	0	12
chr13	46778994	46780625	2	2	1	561	0	42
chr13	46778994	46785245	2	2	1	2411	1	45
chr13	46780665	46785245	2	2	1	561	0	39
chr13	56084286	56089757	2	2	1	34	0	42
chr13	56089858	56096123	2	2	1	34	0	38
chr14	57643224	57648418	2	2	1	66	0	39
chr14	120389164	120395711	1	1	1	79	0	38
chr14	120389164	120396450	1	1	1	247	0	48
chr14	120395766	120396450	1	1	1	81	0	48
chr15	77102940	77105576	2	2	1	164	0	42
chr15	77102940	77113604	2	2	1	10	0	44
chr15	77105670	77113604	2	2	1	164	0	48
chr15	103242719	103243624	1	1	1	1	3	33
chr16	57178021	57181491	2	2	1	230	0	44
chr16	57178021	57182850	2	2	1	104	1	44
chr16	57181507	57182850	2	2	0	1	0	15
chr16	57181537	57182850	2	2	1	226	0	33
chr17	12979205	13846588	1	1	0	52	6	12
chr17	13846640	13848354	1	1	1	3877	3	24
chr17	13846640	13849107	1	1	1	4710	4	45
chr17	13846640	13849113	1	1	0	31	0	47
chr17	13848376	13849107	1	1	1	3870	3	41
chr17	13848376	13849113	1	1	0	8	0	21
chr17	45570567	45570665	2	2	1	547	0	42
chr17	45570800	45571017	2	2	1	566	0	21
chr17	51783067	51785528	2	2	1	1	0	40
chr17	51785641	51803430	2	2	1	1	0	14
chr18	10726534	10740982	1	1	1	1	0	15
chr18	53948155	53948644	1	1	1	13514	15	34
chr18	53948155	53948651	1	1	0	1	0	17
chr18	53948155	53953244	1	1	1	2553	4	45
chr18	53948666	53953244	1	1	0	9	0	21
chr18	53948669	53953244	1	1	1	13491	15	37
chr18	53948669	53953268	1	1	0	1	0	24
chr18	53948673	53953244	1	1	0	3	0	28
chr18	64515409	64516415	2	2	1	1	0	38
chr19	7281251	7281791	2	2	0	1	0	43
chr19	7281256	7281797	2	4	1	127	0	39
chr19	7281256	7282331	2	2	0	1	0	38
chr19	7281256	7282725	2	2	1	1486	0	36
chr19	7281960	7282725	2	2	1	136	0	31
chr19	7282449	7282725	2	2	0	1	0	26
