chr1	34295537	34296741	1	1	1	75	0	18
chr1	34295537	34299720	1	1	1	14	0	38
chr1	34296760	34299720	1	1	1	75	0	19
chr1	40010678	40011649	1	1	1	76	1	21
chr1	40010678	40011811	1	1	0	1	0	21
chr1	40010678	40014105	1	1	1	31	2	32
chr1	40011842	40014105	1	1	1	78	1	39
chr1	55088413	55089050	1	1	1	1	0	30
chr1	55089216	55090712	1	1	1	1	0	18
chr1	82735508	82741817	1	1	1	1	0	40
chr1	82735508	82747082	1	1	1	2	0	40
chr1	82735508	82750519	1	1	1	63	0	41
chr1	82747143	82750519	1	1	1	3	0	38
chr2	32292216	32293314	1	1	1	16	0	43
chr2	32292216	32296625	1	1	1	68	0	43
chr2	32293396	32296625	1	1	1	16	0	38
chr2	59932171	59933405	2	2	0	86	0	37
chr2	59932171	59933411	2	2	1	367	0	32
chr2	59933439	59933670	2	2	1	451	0	30
chr2	71849507	71853533	1	1	1	728	1	42
chr2	71849507	71853548	1	1	0	1	0	39
chr2	71849507	71855853	1	1	1	1741	3	45
chr2	71849507	71855868	1	1	0	1	0	46
chr2	71853664	71855853	1	1	1	767	1	42
chr2	75662926	75663570	1	1	1	4	0	39
chr2	91001089	91001461	1	1	1	666	0	34
chr2	91001089	91003299	1	1	0	1	0	33
chr2	91001511	91003210	1	1	1	655	0	27
chr2	91003238	91003810	1	1	0	1	0	27
chr2	91003346	91003810	1	1	1	12	0	36
chr2	91159300	91160316	2	2	0	1	0	41
chr2	91159306	91160316	2	2	1	210	1	47
chr2	91159306	91162027	2	2	1	394	0	47
chr2	91160371	91162027	2	2	1	210	0	39
chr2	91681696	91682025	2	2	1	1	0	50
chr2	91681696	91684668	2	2	1	219	0	50
chr2	91681831	91684668	2	2	0	2	0	38
chr2	91682110	91684668	2	2	0	1	0	38
chr2	153670448	153672215	1	1	1	1	0	50
chr3	10015144	10015471	1	1	1	1	0	39
chr3	60613521	60614682	1	1	1	858	3	45
chr3	60613521	60615619	1	1	1	975	1	48
chr3	60614737	60615619	1	1	1	864	3	39
chr3	87733505	87734423	1	1	1	11	0	39
chr3	87733505	87735344	1	1	0	14	0	39
chr3	87734553	87735344	1	1	1	10	0	37
chr3	88483947	88484046	2	2	1	376	0	38
chr3	88483947	88484614	2	2	0	2	0	39
chr3	88484155	88484614	2	2	1	370	0	40
chr3	119724187	119724611	2	2	1	5433	1	34
chr3	119724187	119726065	2	2	1	9	0	29
chr3	119724646	119726065	2	2	1	5563	1	38
chr3	119726116	120643502	2	2	0	5	0	13
chr4	31992517	31994873	1	1	1	216	1	40
chr4	31992517	32002088	1	1	1	3175	5	49
chr4	31994955	32002088	1	1	1	218	1	49
chr4	107009769	107027216	1	1	1	11	0	38
chr4	107009769	107028192	1	1	1	105	0	44
chr4	107027298	107028192	1	1	1	16	0	41
chr5	23565266	23610849	2	2	0	1	0	37
chr5	23565266	23616326	2	2	1	556	0	45
chr5	23610909	23616326	2	2	0	1	0	45
chr5	72958287	72965803	1	1	1	2	0	40
chr5	72958287	72974530	1	1	1	69	0	42
chr5	72965882	72974530	1	1	1	2	0	41
chr5	116482537	116591333	2	2	1	708	4	50
chr5	149184807	149185484	1	1	1	1	0	43
chr5	149184807	149187707	1	1	1	15	0	44
chr5	149184807	149188344	1	1	1	618	3	45
chr5	149187806	149188344	1	1	0	1	0	39
chr5	149187835	149188344	1	1	1	5	0	39
chr5	149187877	149188344	1	1	1	8	0	39
chr6	47577668	47594893	2	2	1	1	0	24
chr6	98939789	98940994	2	2	1	1	0	45
chr6	98939789	98941535	2	2	1	107	0	45
chr6	98939789	98944618	2	2	0	2	0	45
chr6	98941165	98944618	2	2	0	1	0	36
chr6	98941658	98944618	2	2	1	105	0	36
chr6	125162102	125162211	2	2	1	426	13	37
chr6	128371086	128371967	1	1	1	2729	2	44
chr6	128371086	128372533	1	1	1	12	0	46
chr6	128372013	128372504	1	1	0	13	0	27
chr6	128372013	128372509	1	1	0	1	0	29
chr6	128372013	128372530	1	1	1	358	0	49
chr6	128372013	128372533	1	1	1	2311	2	46
chr6	128372018	128372530	1	1	0	2	0	49
chr6	128372018	128372533	1	1	0	42	0	46
chr7	25724845	25725923	2	2	1	1	0	41
chr7	67240441	67244520	2	2	1	109	0	24
chr7	67240441	67251656	2	2	1	856	1	45
chr7	67244545	67251656	2	2	1	109	0	24
chr7	99849060	99858763	2	2	1	1	0	44
chr7	101474369	102001612	1	1	0	3	1	12
chr7	102001660	102002294	1	1	1	1240	1	43
chr7	102001660	102007485	1	1	1	311	0	43
chr7	102002337	102007485	1	1	1	1236	1	40
chr7	112839481	112841887	1	1	1	9	0	41
chr7	112839481	112842039	1	1	1	131	0	41
chr7	112839481	112856052	1	1	1	5	0	12
chr7	112839481	112856797	1	1	1	8	0	41
chr7	112841951	112856052	1	1	1	3	0	12
chr7	112842103	112856052	1	1	1	120	0	12
chr7	112842103	112856797	1	1	1	10	0	37
chr7	112856065	112856797	1	1	1	130	0	14
chr7	127980247	127981190	1	1	1	13	0	8
chr7	127981292	127981410	1	1	1	12	0	6
chr8	25532429	25555507	1	1	1	1	0	44
chr8	25555775	25557730	1	1	1	2	0	38
chr8	91688606	91932332	1	1	0	7	0	13
chr8	95100448	95100642	2	2	0	1	0	31
chr8	95100453	95100646	2	2	1	705	1	30
chr8	95100453	95101408	2	2	0	75	0	46
chr8	95100674	95101408	2	2	1	706	1	42
chr8	95101447	95139983	2	2	0	0	1	15
chr8	123268550	123268744	2	2	1	195	0	47
chr9	43027296	43040539	2	2	1	116	0	40
chr9	43027296	43042590	2	2	1	127	0	45
chr9	43040597	43042590	2	2	1	114	0	45
chr9	80093642	80098885	1	1	1	5954	3	26
chr9	80093642	80098892	1	1	0	141	0	14
chr9	80093642	80103693	1	1	1	150	0	44
chr9	80098907	80103693	1	1	1	6099	3	24
chr9	114597607	114597794	2	2	1	375	0	38
chr9	114597607	114598704	2	2	0	11	0	42
chr9	114597831	114598704	2	2	1	374	0	36
chr11	26725015	26787397	2	2	0	2	0	13
chr11	79458907	79463232	1	1	1	9	0	42
chr11	79458907	79468716	1	1	1	149	0	43
chr11	79463296	79468716	1	1	1	9	0	39
chr11	85005929	85006992	2	2	1	1	0	14
chr11	94112147	94113262	1	1	1	90	0	21
chr11	94112147	94114172	1	1	1	219	0	32
chr11	94113302	94114172	1	1	1	95	0	39
chr11	102310577	102310925	2	2	1	55	0	42
chr11	102310577	102311379	2	2	1	695	2	46
chr11	102311037	102311379	2	2	1	55	0	45
chr12	71952560	71958746	1	1	1	54	0	27
chr12	71952560	71959805	1	1	1	44	0	43
chr12	71958774	71959805	1	1	1	54	0	27
chr12	83811361	83811669	2	2	0	1	0	37
chr12	83811361	83825258	2	2	1	45	0	33
chr12	83811361	83831921	2	2	1	367	0	41
chr12	83825292	83831921	2	2	1	46	0	35
chr12	113133338	113133495	1	1	0	82	15	42
chr12	113133338	113133540	1	1	1	1512	51	42
chr12	113133338	113135796	1	1	1	10	0	29
chr12	113133577	113134761	1	1	0	3	0	21
chr12	113133577	113134800	1	1	0	5	0	12
chr12	113133577	113135796	1	1	1	1547	66	29
chr12	113134813	113135796	1	1	0	8	0	29
chr13	46778994	46780625	2	2	1	741	1	44
chr13	46778994	46785245	2	2	1	1647	0	46
chr13	46780665	46785245	2	2	1	737	1	39
chr13	54683763	54683960	2	2	1	1	0	45
chr13	56084286	56088251	2	2	1	1	0	40
chr13	56084286	56089757	2	2	1	51	0	40
chr13	56084286	56096123	2	2	0	1	0	40
chr13	56088343	56096123	2	2	1	1	0	38
chr13	56089858	56096123	2	2	1	52	0	41
chr14	57643224	57643334	2	2	1	1	0	31
chr14	57643224	57648418	2	2	1	117	0	47
chr14	57643365	57648418	2	2	0	1	0	30
chr14	120389164	120395711	1	1	1	134	0	39
chr14	120389164	120396450	1	1	1	381	2	48
chr14	120395766	120396450	1	1	1	137	0	48
chr15	77102940	77105576	2	2	1	228	0	43
chr15	77102940	77113604	2	2	1	10	0	44
chr15	77105670	77113604	2	2	1	228	0	48
chr16	57178021	57181491	2	2	1	290	0	45
chr16	57178021	57182850	2	2	1	86	0	44
chr16	57181537	57182850	2	2	1	288	0	37
chr16	96127462	96127589	2	2	1	1	0	16
chr17	12979205	13846588	1	1	0	30	1	12
chr17	13846640	13848354	1	1	1	4068	10	22
chr17	13846640	13849107	1	1	1	3001	10	45
chr17	13846640	13849113	1	1	0	8	0	47
chr17	13846644	13848358	1	1	0	1	0	17
chr17	13848376	13849107	1	1	1	4048	10	41
chr17	13848376	13849113	1	1	0	20	0	21
chr17	45570567	45570665	2	2	1	334	1	37
chr17	45570800	45571017	2	2	1	392	1	23
chr17	51783067	51785528	2	2	1	2	0	40
chr17	51785641	51803430	2	2	1	1	0	14
chr18	53948155	53948644	1	1	1	11507	14	30
chr18	53948155	53948651	1	1	0	2	0	17
chr18	53948155	53953244	1	1	1	1575	3	43
chr18	53948666	53953244	1	1	0	9	0	21
chr18	53948669	53953244	1	1	1	11502	12	37
chr19	7281256	7281797	2	4	1	142	0	41
chr19	7281256	7282725	2	2	1	992	2	36
chr19	7281960	7282725	2	2	1	146	0	26
chr19	23687546	23694320	1	1	1	1	0	31
