chr1	34295537	34296741	1	1	1	160	0	18
chr1	34295537	34299720	1	1	1	40	0	38
chr1	34296760	34299720	1	1	1	160	0	19
chr1	40010678	40011629	1	1	0	1	0	21
chr1	40010678	40011649	1	1	1	150	1	32
chr1	40010678	40011811	1	1	0	1	0	21
chr1	40010678	40014105	1	1	1	28	2	32
chr1	40010678	40014111	1	1	0	0	1	32
chr1	40011842	40014105	1	1	1	143	1	38
chr1	82735508	82741817	1	1	1	1	0	40
chr1	82735508	82741934	1	1	0	1	0	40
chr1	82735508	82747082	1	1	1	2	0	40
chr1	82735508	82750519	1	1	1	59	0	41
chr1	82741977	82750519	1	1	1	1	0	38
chr1	82747143	82750519	1	1	1	2	0	38
chr2	32292216	32293314	1	1	1	11	0	43
chr2	32292216	32296625	1	1	1	94	0	43
chr2	32293396	32296625	1	1	1	11	0	38
chr2	59926161	59932104	2	2	1	1	0	10
chr2	59932171	59933405	2	2	0	65	0	37
chr2	59932171	59933411	2	2	1	442	0	31
chr2	59932171	59933670	2	2	1	1	0	32
chr2	59933439	59933670	2	2	1	501	0	28
chr2	71849507	71853533	1	1	1	1081	0	40
chr2	71849507	71855853	1	1	1	2614	3	44
chr2	71853664	71855853	1	1	1	1091	0	41
chr2	75662926	75663570	1	1	1	8	1	43
chr2	91001089	91001461	1	1	1	817	2	24
chr2	91001089	91003299	1	1	0	4	0	33
chr2	91001511	91003210	1	1	1	801	2	25
chr2	91003238	91003810	1	1	0	1	0	27
chr2	91003346	91003810	1	1	1	25	0	36
chr2	91159300	91162027	2	2	0	2	0	41
chr2	91159306	91160316	2	2	1	234	0	47
chr2	91159306	91162027	2	2	1	499	0	47
chr2	91160371	91162027	2	2	1	239	0	40
chr2	91681696	91682025	2	2	1	1	0	50
chr2	91681696	91684668	2	2	1	195	0	50
chr2	91682110	91684668	2	2	0	1	0	38
chr2	91682137	91684668	2	2	1	1	0	38
chr2	153670448	153672215	1	1	1	5	0	50
chr3	60422418	60613472	1	1	0	0	6	15
chr3	60613521	60614682	1	1	1	1555	4	46
chr3	60613521	60614688	1	1	0	1	0	40
chr3	60613521	60615619	1	1	1	1592	5	45
chr3	60614737	60615619	1	1	1	1538	4	49
chr3	87733505	87734423	1	1	1	19	0	39
chr3	87733505	87735344	1	1	0	10	0	39
chr3	87734553	87735344	1	1	1	19	0	38
chr3	88483947	88484046	2	2	1	367	0	38
chr3	88483947	88484055	2	2	0	1	0	37
chr3	88484155	88484614	2	2	1	367	0	43
chr3	119724187	119724611	2	2	1	5725	4	34
chr3	119724187	119726065	2	2	1	19	1	29
chr3	119724646	119726065	2	2	1	5870	4	38
chr4	31992517	31994873	1	1	1	265	0	41
chr4	31992517	32002088	1	1	1	3804	3	49
chr4	31994955	32002088	1	1	1	257	0	49
chr4	46468788	46469882	1	1	1	1	0	11
chr4	107009769	107027216	1	1	1	28	0	38
chr4	107009769	107028192	1	1	1	208	0	42
chr4	107027298	107028192	1	1	1	32	0	42
chr5	23565266	23616326	2	2	1	867	0	46
chr5	72958287	72974530	1	1	1	72	0	41
chr5	116482537	116591333	2	2	1	1046	5	50
chr5	149184807	149187707	1	1	1	23	0	43
chr5	149184807	149188344	1	1	1	702	0	45
chr5	149187835	149188344	1	1	1	1	0	39
chr5	149187877	149188344	1	1	1	22	0	39
chr6	47577668	47594893	2	2	1	1	0	34
chr6	98939789	98941535	2	2	1	150	0	45
chr6	98939789	98944618	2	2	0	9	0	45
chr6	98941658	98944618	2	2	1	150	0	36
chr6	125162102	125162211	2	2	1	306	11	36
chr6	128371077	128371967	1	1	0	1	0	43
chr6	128371086	128371967	1	1	1	4254	1	45
chr6	128371086	128372278	1	1	0	1	0	27
chr6	128371086	128372530	1	1	1	3	0	49
chr6	128371086	128372533	1	1	1	11	0	46
chr6	128372013	128372504	1	1	0	19	0	26
chr6	128372013	128372509	1	1	0	8	0	31
chr6	128372013	128372530	1	1	1	531	0	49
chr6	128372013	128372533	1	1	1	3620	1	46
chr6	128372013	128372536	1	1	0	4	0	43
chr6	128372013	128372539	1	1	0	3	0	40
chr6	128372018	128372530	1	1	0	4	0	49
chr6	128372018	128372533	1	1	0	50	0	46
chr6	128372208	128372533	1	1	0	1	0	46
chr6	128372306	128372533	1	1	0	1	0	27
chr7	67240441	67244520	2	2	1	213	0	24
chr7	67240441	67251656	2	2	1	1245	0	45
chr7	67244545	67251656	2	2	1	212	0	25
chr7	99849060	99858763	2	2	1	1	0	44
chr7	101963861	102001614	1	1	0	1	0	14
chr7	102001660	102002294	1	1	1	1853	1	42
chr7	102001660	102007485	1	1	1	554	0	44
chr7	102001665	102002300	1	1	0	0	1	35
chr7	102002337	102007485	1	1	1	1836	1	42
chr7	112839481	112841887	1	1	1	4	0	41
chr7	112839481	112842039	1	1	1	172	0	41
chr7	112839481	112856052	1	1	1	2	0	12
chr7	112839481	112856797	1	1	1	13	0	41
chr7	112841951	112856052	1	1	1	1	0	12
chr7	112842103	112856052	1	1	1	165	0	12
chr7	112842103	112856797	1	1	1	4	0	37
chr7	112856065	112856797	1	1	1	170	0	14
chr7	127980247	127981190	1	1	1	9	0	5
chr7	127981292	127981410	1	1	1	9	0	6
chr8	25532429	25557730	1	1	1	5	0	44
chr8	25555775	25557730	1	1	1	1	0	37
chr8	95100443	95100636	2	2	0	1	0	36
chr8	95100453	95100646	2	2	1	1345	3	31
chr8	95100453	95101408	2	2	0	139	0	46
chr8	95100674	95101408	2	2	1	1346	3	42
chr8	95101447	95139983	2	2	0	0	1	15
chr8	123268550	123268744	2	2	1	214	0	47
chr9	43027296	43040539	2	2	1	137	0	41
chr9	43027296	43042590	2	2	1	147	0	45
chr9	43040593	43042590	2	2	0	1	0	43
chr9	43040597	43042590	2	2	1	137	0	45
chr9	80093642	80093859	1	1	0	1	0	30
chr9	80093642	80098885	1	1	1	8766	10	30
chr9	80093642	80098892	1	1	0	199	0	19
chr9	80093642	80103693	1	1	1	226	0	44
chr9	80093890	80098885	1	1	0	1	0	16
chr9	80098907	80099016	1	1	0	3	0	21
chr9	80098907	80103693	1	1	1	8962	10	24
chr9	80098907	80103698	1	1	0	7	0	21
chr9	80099049	80103693	1	1	0	3	0	37
chr9	80103765	80111310	1	1	1	1	0	22
chr9	114597607	114597794	2	2	1	495	0	39
chr9	114597607	114598704	2	2	0	17	0	40
chr9	114597825	114598704	2	2	0	4	0	30
chr9	114597831	114598704	2	2	1	490	0	36
chr11	79458907	79463232	1	1	1	16	0	42
chr11	79458907	79468716	1	1	1	183	0	42
chr11	79463296	79468716	1	1	1	15	0	39
chr11	85005929	85006992	2	2	1	1	0	14
chr11	94112147	94113262	1	1	1	115	0	23
chr11	94112147	94114172	1	1	1	357	1	32
chr11	94113302	94114172	1	1	1	115	0	39
chr11	102310577	102310925	2	2	1	68	0	43
chr11	102310577	102311379	2	2	1	842	2	46
chr11	102311037	102311379	2	2	1	70	0	45
chr12	71952560	71958746	1	1	1	66	0	27
chr12	71952560	71959805	1	1	1	70	0	43
chr12	71958774	71959805	1	1	1	66	0	27
chr12	83811361	83811669	2	2	0	2	0	37
chr12	83811361	83825258	2	2	1	50	0	33
chr12	83811361	83831921	2	2	1	407	0	41
chr12	83811744	83831921	2	2	0	2	0	38
chr12	83825292	83831921	2	2	1	50	0	33
chr12	113133331	113133540	1	1	0	0	1	36
chr12	113133338	113133495	1	1	0	146	16	42
chr12	113133338	113133540	1	1	1	2018	69	42
chr12	113133338	113135796	1	1	1	13	0	29
chr12	113133577	113134761	1	1	0	1	0	21
chr12	113133577	113134800	1	1	0	17	0	12
chr12	113133577	113135796	1	1	1	2045	85	29
chr12	113134813	113135796	1	1	0	18	0	29
chr13	3888523	3888870	2	2	1	1	0	19
chr13	46778994	46780545	2	2	0	1	0	40
chr13	46778994	46780625	2	2	1	836	0	44
chr13	46778994	46785245	2	2	1	2690	6	45
chr13	46780663	46785245	2	2	0	1	0	38
chr13	46780665	46785245	2	2	1	849	0	40
chr13	56084286	56089757	2	2	1	58	0	40
chr13	56089858	56096123	2	2	1	60	0	41
chr14	57643224	57643334	2	2	1	2	0	39
chr14	57643224	57648418	2	2	1	159	0	39
chr14	57643490	57648418	2	2	1	2	0	38
chr14	120389164	120395711	1	1	1	307	0	39
chr14	120389164	120395717	1	1	0	1	0	38
chr14	120389164	120396450	1	1	1	594	0	48
chr14	120395766	120396450	1	1	1	306	0	48
chr15	76347186	76347258	2	2	1	1	0	38
chr15	77102940	77105576	2	2	1	226	0	41
chr15	77102940	77113604	2	2	1	28	0	48
chr15	77105670	77113604	2	2	1	229	0	48
chr15	103242719	103242921	1	1	1	0	2	4
chr15	103242719	103243958	1	1	1	0	2	4
chr16	57178021	57181491	2	2	1	302	0	44
chr16	57178021	57182850	2	2	1	123	1	44
chr16	57181507	57182850	2	2	0	2	0	15
chr16	57181537	57182850	2	2	1	301	0	44
chr16	95361327	95368651	2	2	1	1	0	23
chr17	12979205	13846588	1	1	0	41	2	12
chr17	13846640	13848354	1	1	1	5967	11	22
chr17	13846640	13848358	1	1	0	2	0	17
chr17	13846640	13848361	1	1	0	4	0	14
chr17	13846640	13849107	1	1	1	4761	5	46
chr17	13846640	13849113	1	1	0	29	0	48
chr17	13846644	13848358	1	1	0	1	0	17
chr17	13848376	13849107	1	1	1	5953	10	29
chr17	13848376	13849113	1	1	0	17	1	21
chr17	45570567	45570665	2	2	1	658	2	39
chr17	45570800	45571017	2	2	1	685	1	23
chr17	51783067	51785528	2	2	1	2	0	40
chr17	51785641	51803430	2	2	1	2	0	14
chr18	53948155	53948644	1	1	1	14294	12	33
chr18	53948155	53953244	1	1	1	2080	5	45
chr18	53948666	53953244	1	1	0	23	0	21
chr18	53948669	53953244	1	1	1	14255	8	37
chr18	53948669	53953268	1	1	0	2	0	24
chr18	53948673	53953244	1	1	0	1	0	28
chr19	7281251	7282725	2	2	0	1	0	26
chr19	7281256	7281797	2	4	1	215	1	39
chr19	7281256	7282725	2	2	1	1428	1	36
chr19	7281960	7282725	2	2	1	235	1	26
