chr1	34295537	34296741	1	1	1	93	0	18
chr1	34295537	34299720	1	1	1	20	0	39
chr1	34296760	34299720	1	1	1	93	0	18
chr1	40010678	40011649	1	1	1	72	0	21
chr1	40010678	40011787	1	1	0	1	0	21
chr1	40010678	40014105	1	1	1	39	0	32
chr1	40011842	40014105	1	1	1	72	0	37
chr1	82735508	82741817	1	1	1	3	0	40
chr1	82735508	82745523	1	1	1	1	0	33
chr1	82735508	82750519	1	1	1	41	0	40
chr1	82741977	82750519	1	1	1	1	0	38
chr1	82745557	82747082	1	1	1	1	0	7
chr1	82747143	82750519	1	1	1	1	0	38
chr2	32292216	32293314	1	1	1	5	0	43
chr2	32292216	32296625	1	1	1	46	0	43
chr2	32293396	32296625	1	1	1	5	0	38
chr2	59932171	59933405	2	2	0	64	0	37
chr2	59932171	59933411	2	2	1	386	0	31
chr2	59932171	59933670	2	2	1	3	0	33
chr2	59933439	59933670	2	2	1	445	0	30
chr2	71849507	71853533	1	1	1	645	0	43
chr2	71849507	71853875	1	1	0	1	0	15
chr2	71849507	71855853	1	1	1	3037	1	43
chr2	71853664	71855853	1	1	1	661	0	42
chr2	71853677	71855868	1	1	0	1	0	46
chr2	71853891	71855853	1	1	0	1	0	15
chr2	75662926	75663570	1	1	1	13	0	32
chr2	91001089	91001461	1	1	1	563	1	34
chr2	91001089	91003210	1	1	0	0	1	24
chr2	91001089	91003299	1	1	0	3	0	33
chr2	91001511	91003210	1	1	1	556	1	25
chr2	91001511	91003299	1	1	0	1	0	46
chr2	91003238	91003810	1	1	0	3	0	27
chr2	91003346	91003810	1	1	1	18	0	36
chr2	91159306	91160316	2	2	1	150	0	47
chr2	91159306	91162027	2	2	1	269	0	47
chr2	91160371	91162027	2	2	1	150	0	38
chr2	91681696	91682025	2	2	1	1	0	50
chr2	91681696	91684668	2	2	1	165	1	50
chr2	91682110	91684668	2	2	0	1	0	38
chr2	153670448	153670848	1	1	1	1	0	42
chr2	153670448	153672215	1	1	1	2	0	50
chr2	153670909	153672215	1	1	1	1	0	50
chr2	155064077	155064153	2	2	1	1	0	25
chr3	60613521	60614682	1	1	1	1173	1	45
chr3	60613521	60614688	1	1	0	1	0	30
chr3	60613521	60615619	1	1	1	1031	0	45
chr3	60614737	60615619	1	1	1	1177	1	39
chr3	87733505	87734423	1	1	1	7	0	39
chr3	87733505	87735344	1	1	0	8	0	39
chr3	87734553	87735344	1	1	1	7	0	37
chr3	88483947	88484046	2	2	1	126	0	37
chr3	88484155	88484614	2	2	1	125	0	39
chr3	119724187	119724611	2	2	1	4418	1	34
chr3	119724187	119726065	2	2	1	19	0	29
chr3	119724646	119726065	2	2	1	4572	1	38
chr4	31992517	31994873	1	1	1	185	1	39
chr4	31992517	32002088	1	1	1	2648	5	49
chr4	31994955	32002088	1	1	1	182	1	49
chr4	107009769	107027216	1	1	1	15	0	40
chr4	107009769	107028192	1	1	1	103	1	42
chr4	107027298	107028192	1	1	1	14	0	41
chr4	107031092	107036935	1	1	1	1	0	29
chr5	23565266	23616326	2	2	1	764	1	45
chr5	23615795	23616326	2	2	0	1	0	45
chr5	72958287	72974530	1	1	1	74	0	42
chr5	116477146	116482389	2	2	1	1	0	33
chr5	116482537	116513708	2	2	0	1	0	50
chr5	116482537	116591333	2	2	1	703	1	50
chr5	116513877	116591333	2	2	0	2	0	41
chr5	149184807	149187707	1	1	1	13	0	43
chr5	149184807	149188311	1	1	0	1	0	43
chr5	149184807	149188344	1	1	1	422	0	45
chr5	149187835	149188344	1	1	1	1	0	39
chr5	149187877	149188344	1	1	1	12	0	40
chr6	47577668	47594893	2	2	1	1	0	12
chr6	98939789	98941535	2	2	1	111	0	46
chr6	98939789	98944618	2	2	0	13	0	46
chr6	98941658	98944618	2	2	1	110	0	37
chr6	125162102	125162211	2	2	1	135	3	36
chr6	128371086	128371967	1	1	1	3471	0	45
chr6	128371086	128371980	1	1	0	1	0	32
chr6	128371086	128372533	1	1	1	7	0	46
chr6	128372013	128372504	1	1	0	19	0	26
chr6	128372013	128372509	1	1	0	5	0	31
chr6	128372013	128372530	1	1	1	419	0	49
chr6	128372013	128372533	1	1	1	2998	0	46
chr6	128372018	128372530	1	1	0	1	0	49
chr6	128372018	128372533	1	1	0	41	0	46
chr7	67240441	67244520	2	2	1	151	0	24
chr7	67240441	67251656	2	2	1	1221	3	44
chr7	67244545	67251656	2	2	1	151	0	24
chr7	101973352	102001612	1	1	0	1	0	12
chr7	102001660	102002294	1	1	1	986	1	43
chr7	102001660	102007485	1	1	1	401	0	43
chr7	102001665	102002300	1	1	0	0	1	36
chr7	102002337	102007485	1	1	1	988	1	42
chr7	112839481	112841887	1	1	1	3	0	41
chr7	112839481	112842039	1	1	1	92	0	41
chr7	112839481	112856052	1	1	1	2	0	12
chr7	112839481	112856797	1	1	1	4	0	41
chr7	112841951	112856052	1	1	1	1	0	12
chr7	112842103	112856052	1	1	1	92	0	12
chr7	112842103	112856797	1	1	1	3	0	37
chr7	112856065	112856797	1	1	1	97	0	14
chr7	112856065	112856803	1	1	0	1	0	12
chr7	127980247	127981190	1	1	1	4	0	2
chr7	127981292	127981410	1	1	1	6	0	6
chr8	25532429	25555507	1	1	1	2	0	44
chr8	25555775	25557730	1	1	1	2	0	37
chr8	72219861	72219940	1	1	1	1	0	30
chr8	91688606	91932332	1	1	0	4	0	13
chr8	95100453	95100646	2	2	1	449	2	31
chr8	95100453	95101408	2	2	0	100	0	46
chr8	95100674	95101408	2	2	1	449	2	42
chr8	123268550	123268744	2	2	1	103	0	46
chr9	43027296	43040539	2	2	1	77	0	39
chr9	43027296	43042590	2	2	1	86	0	45
chr9	43040597	43042590	2	2	1	76	0	46
chr9	80093642	80098885	1	1	1	6186	7	26
chr9	80093642	80098892	1	1	0	140	2	14
chr9	80093642	80103693	1	1	1	183	0	45
chr9	80093656	80103693	1	1	0	0	1	36
chr9	80098907	80099016	1	1	0	1	0	14
chr9	80098907	80101831	1	1	0	1	0	21
chr9	80098907	80103693	1	1	1	6324	9	24
chr9	80099049	80103693	1	1	0	1	0	37
chr9	80101891	80103693	1	1	0	1	0	37
chr9	80103765	80111310	1	1	1	1	0	23
chr9	114597607	114597794	2	2	1	305	0	38
chr9	114597607	114598704	2	2	0	14	0	42
chr9	114597825	114598704	2	2	0	3	0	30
chr9	114597831	114598704	2	2	1	302	0	38
chr9	123011638	123013939	1	1	1	1	0	14
chr9	123014013	123014468	1	1	1	1	0	14
chr9	123014507	123017244	1	1	1	1	0	38
chr11	69361536	69361670	2	2	1	1	0	23
chr11	79458907	79463232	1	1	1	12	0	42
chr11	79458907	79468716	1	1	1	128	1	42
chr11	79463296	79468716	1	1	1	12	0	39
chr11	94112147	94113262	1	1	1	87	0	21
chr11	94112147	94114172	1	1	1	222	1	32
chr11	94113302	94114172	1	1	1	91	0	39
chr11	102310577	102310925	2	2	1	31	0	42
chr11	102310577	102311379	2	2	1	479	0	46
chr11	102311037	102311379	2	2	1	31	0	45
chr12	71952560	71958746	1	1	1	56	0	27
chr12	71952560	71959805	1	1	1	38	0	43
chr12	71952560	71959809	1	1	0	1	0	45
chr12	71958774	71959805	1	1	1	56	0	27
chr12	83811361	83825258	2	2	1	44	0	37
chr12	83811361	83831921	2	2	1	229	0	41
chr12	83825292	83831921	2	2	1	43	0	33
chr12	83825334	83831921	2	2	0	1	0	38
chr12	113133338	113133495	1	1	0	72	4	43
chr12	113133338	113133540	1	1	1	1172	27	42
chr12	113133338	113135796	1	1	1	21	0	29
chr12	113133577	113134761	1	1	0	1	0	21
chr12	113133577	113134800	1	1	0	10	0	12
chr12	113133577	113135796	1	1	1	1191	31	29
chr12	113134813	113135796	1	1	0	11	0	29
chr13	46778994	46780625	2	2	1	657	0	42
chr13	46778994	46785245	2	2	1	1560	1	47
chr13	46780665	46785245	2	2	1	664	0	39
chr13	56084286	56089757	2	2	1	24	0	40
chr13	56089858	56096123	2	2	1	24	0	41
chr14	57643224	57643334	2	2	1	2	0	39
chr14	57643224	57648418	2	2	1	66	0	40
chr14	57643490	57648418	2	2	1	2	0	38
chr14	120389164	120395711	1	1	1	124	0	39
chr14	120389164	120395717	1	1	0	1	0	38
chr14	120389164	120396450	1	1	1	351	1	48
chr14	120395766	120396450	1	1	1	128	0	48
chr15	77102940	77105576	2	2	1	143	0	41
chr15	77102940	77113604	2	2	1	13	0	48
chr15	77105670	77113604	2	2	1	142	0	48
chr15	103242719	103243624	1	1	1	0	1	36
chr16	57178021	57181491	2	2	1	174	0	44
chr16	57178021	57182850	2	2	1	95	1	43
chr16	57181537	57182850	2	2	1	173	0	33
chr17	12979205	13846588	1	1	0	49	2	12
chr17	13846613	13848354	1	1	0	1	0	21
chr17	13846640	13848354	1	1	1	3840	8	24
chr17	13846640	13849107	1	1	1	3756	7	46
chr17	13846640	13849113	1	1	0	10	0	47
chr17	13848376	13849107	1	1	1	3826	8	29
chr17	13848376	13849113	1	1	0	5	0	21
chr17	45570567	45570665	2	2	1	400	0	37
chr17	45570800	45571017	2	2	1	421	0	24
chr18	10726534	10740982	1	1	1	1	0	15
chr18	53948155	53948644	1	1	1	12789	14	33
chr18	53948155	53948651	1	1	0	3	0	17
chr18	53948155	53953244	1	1	1	1994	2	43
chr18	53948666	53953244	1	1	0	6	0	21
chr18	53948669	53953244	1	1	1	12767	12	37
chr18	53948673	53953244	1	1	0	5	0	28
chr18	64515409	64516415	2	2	1	1	0	39
chr19	7281256	7281797	2	4	1	106	0	39
chr19	7281256	7282725	2	2	1	849	1	35
chr19	7281960	7282725	2	2	1	114	0	26
chrX	73952667	73952825	2	2	1	1	0	10
chrX	159414893	159443922	1	1	1	1	0	10
KV575235.1	147143	149264	1	1	0	0	1	24
