chr1	34295537	34296741	1	1	1	52	0	18
chr1	34295537	34299720	1	1	1	223	0	45
chr1	34296760	34299720	1	1	1	53	0	18
chr1	40010678	40011649	1	1	1	17	0	24
chr1	40010678	40014105	1	1	1	38	1	32
chr1	40011842	40014105	1	1	1	17	0	37
chr1	58558058	58565856	2	2	1	1	0	23
chr1	58565955	58586211	2	2	1	1	0	49
chr1	82735508	82747082	1	1	1	2	0	40
chr1	82735508	82750519	1	1	1	67	0	40
chr1	82747143	82750519	1	1	1	2	0	38
chr1	178329408	178329867	2	2	1	1	0	14
chr1	181906445	181908297	2	2	1	2	0	18
chr2	32292216	32293314	1	1	1	1	0	43
chr2	32292216	32296625	1	1	1	62	0	43
chr2	32293396	32296625	1	1	1	1	0	38
chr2	59932171	59933405	2	2	0	8	0	33
chr2	59932171	59933411	2	2	1	77	0	31
chr2	59932171	59933670	2	2	1	12	0	38
chr2	59933439	59933670	2	2	1	83	0	28
chr2	71849507	71853533	1	1	1	47	0	39
chr2	71849507	71853820	1	1	0	2	0	26
chr2	71849507	71855853	1	1	1	1740	1	43
chr2	71853664	71855853	1	1	1	48	0	41
chr2	71853891	71855853	1	1	0	2	0	40
chr2	75662926	75663570	1	1	1	4	2	39
chr2	91001089	91001461	1	1	1	664	0	34
chr2	91001511	91003210	1	1	1	649	0	23
chr2	91001511	91003299	1	1	0	1	0	46
chr2	91003346	91003810	1	1	1	17	0	36
chr2	91159300	91162027	2	2	0	2	0	41
chr2	91159306	91160316	2	2	1	7	0	47
chr2	91159306	91162027	2	2	1	231	0	47
chr2	91160371	91162027	2	2	1	7	0	38
chr2	91681696	91682025	2	2	1	1	0	50
chr2	91681696	91684668	2	2	1	774	2	50
chr2	91682137	91684668	2	2	1	1	0	38
chr2	153670448	153670848	1	1	1	64	0	43
chr2	153670909	153672215	1	1	1	64	0	50
chr2	168752741	168754433	2	2	1	13768	11	47
chr3	60613521	60614682	1	1	1	116	0	44
chr3	60613521	60615619	1	1	1	41	0	44
chr3	60614737	60615619	1	1	1	116	0	38
chr3	78904652	78918022	2	2	0	1	0	12
chr3	87733505	87734423	1	1	1	1	0	37
chr3	87733505	87735344	1	1	0	153	0	42
chr3	87734553	87735344	1	1	1	1	0	37
chr3	88483947	88484046	2	2	1	131	0	38
chr3	88484155	88484614	2	2	1	130	0	41
chr3	119724187	119724611	2	2	1	1369	2	34
chr3	119724187	119726065	2	2	1	7	0	29
chr3	119724646	119726065	2	2	1	1401	2	38
chr3	129825617	129826823	2	2	1	2	0	36
chr4	31992517	31993403	1	1	0	5	0	21
chr4	31992517	31994873	1	1	1	1703	3	41
chr4	31992517	32002088	1	1	1	798	1	49
chr4	31993425	31994873	1	1	0	5	0	17
chr4	31994955	32002088	1	1	1	1701	3	49
chr4	107009769	107027216	1	1	1	43	0	41
chr4	107009769	107028192	1	1	1	279	0	45
chr4	107027298	107028192	1	1	1	43	0	41
chr4	107031092	107036935	1	1	1	1	0	29
chr5	23565266	23616326	2	2	1	271	0	46
chr5	72958287	72965803	1	1	1	3	0	40
chr5	72958287	72974530	1	1	1	29	0	42
chr5	72965882	72974530	1	1	1	3	0	41
chr5	149184807	149187707	1	1	1	67	0	44
chr5	149184807	149188344	1	1	1	191	0	44
chr5	149187835	149188344	1	1	1	6	0	39
chr5	149187877	149188344	1	1	1	61	0	39
chr6	72634233	72648800	2	2	1	1538	1	40
chr6	72634233	72649119	2	2	1	2883	2	50
chr6	72648843	72649119	2	2	1	1530	1	42
chr6	98939789	98940994	2	2	1	7	0	45
chr6	98939789	98941535	2	2	1	84	0	45
chr6	98939789	98944618	2	2	0	18	0	45
chr6	98941165	98944618	2	2	0	7	0	36
chr6	98941658	98944618	2	2	1	85	0	36
chr6	125162102	125162211	2	2	1	554	11	43
chr6	128371086	128371967	1	1	1	1782	2	45
chr6	128371086	128372530	1	1	1	79	1	49
chr6	128371086	128372533	1	1	1	590	1	46
chr6	128372013	128372504	1	1	0	1	0	27
chr6	128372013	128372509	1	1	0	3	0	31
chr6	128372013	128372530	1	1	1	231	1	47
chr6	128372013	128372533	1	1	1	1510	1	46
chr6	128372013	128372536	1	1	0	2	0	43
chr6	128372013	128372539	1	1	0	1	0	39
chr6	128372018	128372530	1	1	0	7	0	49
chr6	128372018	128372533	1	1	0	26	0	46
chr7	67240441	67244520	2	2	1	6	0	24
chr7	67240441	67251656	2	2	1	554	0	45
chr7	67244545	67251656	2	2	1	6	0	24
chr7	102001660	102002294	1	1	1	288	0	42
chr7	102001660	102007485	1	1	1	3418	4	45
chr7	102002337	102007485	1	1	1	289	0	40
chr7	112839481	112841887	1	1	1	13	0	41
chr7	112839481	112842039	1	1	1	152	0	41
chr7	112839481	112856052	1	1	1	4	0	12
chr7	112839481	112856797	1	1	1	19	0	41
chr7	112841951	112856052	1	1	1	2	0	12
chr7	112841951	112856797	1	1	0	5	0	37
chr7	112842103	112856052	1	1	1	19	0	12
chr7	112842103	112856797	1	1	1	138	0	38
chr7	112856065	112856797	1	1	1	25	0	12
chr7	127980247	127981190	1	1	1	10	0	22
chr7	127981292	127981410	1	1	1	8	0	6
chr7	144861833	144862231	1	1	1	1467	0	29
chr7	144862267	144862764	1	1	0	2	0	35
chr7	144862336	144862764	1	1	1	1456	0	44
chr8	25532429	25557730	1	1	1	4	0	44
chr8	25555775	25557730	1	1	1	1	0	37
chr8	72219861	72219940	1	1	1	1	0	30
chr8	95100453	95100646	2	2	1	314	1	31
chr8	95100453	95101408	2	2	0	630	0	46
chr8	95100674	95101408	2	2	1	314	1	42
chr8	95101447	95139983	2	2	0	0	1	15
chr8	123268550	123268744	2	2	1	89	0	46
chr9	43027296	43029555	2	2	0	1	0	38
chr9	43027296	43040539	2	2	1	19	0	38
chr9	43027296	43042590	2	2	1	261	0	46
chr9	43040597	43042590	2	2	1	20	0	45
chr9	80093642	80098885	1	1	1	1512	2	31
chr9	80093642	80098892	1	1	0	28	0	14
chr9	80093642	80103693	1	1	1	7223	5	46
chr9	80093642	80103698	1	1	0	4	0	44
chr9	80098907	80103693	1	1	1	1538	2	23
chr9	114597607	114597794	2	2	1	373	1	38
chr9	114597607	114598704	2	2	0	345	1	44
chr9	114597825	114598704	2	2	0	4	0	30
chr9	114597831	114598704	2	2	1	367	1	36
chr11	79458907	79463232	1	1	1	49	0	42
chr11	79458907	79468716	1	1	1	55	0	42
chr11	79463296	79468716	1	1	1	49	0	39
chr11	85005929	85006992	2	2	1	1	0	14
chr11	94112147	94113262	1	1	1	16	1	21
chr11	94112147	94114172	1	1	1	253	0	32
chr11	94113302	94114172	1	1	1	18	1	39
chr11	102310577	102310925	2	2	1	82	0	42
chr11	102310577	102311379	2	2	1	231	0	45
chr11	102311037	102311379	2	2	1	83	0	46
chr12	65036469	65042460	1	1	1	1	0	14
chr12	71952560	71958746	1	1	1	1	0	27
chr12	71952560	71959805	1	1	1	181	0	43
chr12	71952560	71959809	1	1	0	1	0	45
chr12	71958774	71959805	1	1	1	1	0	27
chr12	83811361	83811669	2	2	0	1	0	37
chr12	83811361	83825258	2	2	1	148	0	36
chr12	83811361	83831921	2	2	1	199	0	41
chr12	83825292	83831921	2	2	1	147	0	35
chr12	113133338	113133495	1	1	0	18	0	42
chr12	113133338	113133540	1	1	1	373	0	42
chr12	113133338	113134186	1	1	0	4	0	42
chr12	113133338	113135796	1	1	1	829	0	29
chr12	113133577	113135796	1	1	1	376	0	29
chr12	113134231	113135796	1	1	0	4	0	29
chr13	46778990	46780625	2	2	0	1	0	39
chr13	46778994	46780625	2	2	1	710	0	42
chr13	46778994	46785245	2	2	1	2574	6	45
chr13	46780665	46785245	2	2	1	709	0	39
chr13	56084286	56089757	2	2	1	24	0	41
chr13	56084286	56096123	2	2	0	6	0	41
chr13	56089858	56096123	2	2	1	23	0	38
chr14	57643224	57643334	2	2	1	3	0	39
chr14	57643224	57648418	2	2	1	183	0	40
chr14	57643490	57648418	2	2	1	3	0	38
chr14	120389164	120395711	1	1	1	385	0	39
chr14	120389164	120396450	1	1	1	80	0	48
chr14	120395766	120396450	1	1	1	412	0	48
chr15	77102940	77105576	2	2	1	160	0	41
chr15	77102940	77113604	2	2	1	25	0	48
chr15	77105670	77113604	2	2	1	159	0	48
chr15	77112788	77113604	2	2	0	1	0	44
chr15	103242719	103243624	1	1	1	0	1	33
chr15	103244029	103244255	1	1	1	2	0	26
chr16	57178021	57181491	2	2	1	25	0	43
chr16	57178021	57182850	2	2	1	1232	0	44
chr16	57181537	57182850	2	2	1	25	0	34
chr16	94686604	94691580	1	1	1	2	0	45
chr17	12979205	13846588	1	1	0	34	1	12
chr17	13846640	13848354	1	1	1	597	1	21
chr17	13846640	13849107	1	1	1	11224	19	46
chr17	13846640	13849113	1	1	0	39	1	47
chr17	13848376	13849107	1	1	1	597	1	27
chr17	45570567	45570665	2	2	1	553	0	37
chr17	45570800	45571017	2	2	1	630	1	23
chr17	46590452	46590758	2	2	1	3	0	11
chr18	10726534	10740982	1	1	1	1	0	15
chr18	53948155	53948644	1	1	1	2080	1	28
chr18	53948155	53949213	1	1	0	1	0	37
chr18	53948155	53952820	1	1	0	1	0	39
chr18	53948155	53953244	1	1	1	10990	5	45
chr18	53948666	53953244	1	1	0	2	0	21
chr18	53948669	53949213	1	1	0	1	0	15
chr18	53948669	53953244	1	1	1	2069	1	24
chr18	53949263	53953244	1	1	0	2	0	37
chr18	53952864	53953244	1	1	0	1	0	37
chr18	64511878	64511983	2	2	1	1	0	37
chr18	64515406	64516415	2	2	1	1	0	30
chr19	7281256	7281797	2	4	1	158	0	39
chr19	7281256	7282725	2	2	1	470	0	35
chr19	7281960	7282725	2	2	1	165	0	26
chrX	73952667	73952825	2	2	1	1	0	10
