chr1	34295537	34296741	1	1	1	62	0	18
chr1	34295537	34299720	1	1	1	26	0	39
chr1	34296760	34299720	1	1	1	62	0	19
chr1	40010678	40011649	1	1	1	73	1	22
chr1	40010678	40011722	1	1	0	1	0	21
chr1	40010678	40011787	1	1	0	1	0	21
chr1	40010678	40014105	1	1	1	47	1	32
chr1	40011842	40014105	1	1	1	71	1	37
chr1	82735508	82741817	1	1	1	3	0	40
chr1	82735508	82750519	1	1	1	71	0	40
chr1	82747143	82750519	1	1	1	1	0	38
chr1	133292529	133293705	1	1	1	1	0	32
chr2	32292216	32293314	1	1	1	17	0	43
chr2	32292216	32296625	1	1	1	126	0	43
chr2	32293396	32296625	1	1	1	17	0	38
chr2	59926161	59932104	2	2	1	2	0	20
chr2	59932171	59933405	2	2	0	70	0	37
chr2	59932171	59933411	2	2	1	423	0	32
chr2	59932171	59933670	2	2	1	1	0	38
chr2	59933436	59933670	2	2	0	1	0	24
chr2	59933439	59933670	2	2	1	480	0	28
chr2	71849507	71853533	1	1	1	417	0	44
chr2	71849507	71853820	1	1	0	1	0	37
chr2	71849507	71853875	1	1	0	2	0	18
chr2	71849507	71855853	1	1	1	3075	8	43
chr2	71853664	71855853	1	1	1	447	0	42
chr2	71853677	71855868	1	1	0	1	0	46
chr2	71853891	71855853	1	1	0	2	0	40
chr2	71853948	71855853	1	1	0	1	0	40
chr2	75662926	75663570	1	1	1	7	0	36
chr2	91001089	91001461	1	1	1	645	0	24
chr2	91001089	91003299	1	1	0	0	1	32
chr2	91001511	91003210	1	1	1	625	0	25
chr2	91003238	91003810	1	1	0	2	0	27
chr2	91003346	91003810	1	1	1	21	0	36
chr2	91159306	91160316	2	2	1	185	0	47
chr2	91159306	91162027	2	2	1	480	1	47
chr2	91160371	91162027	2	2	1	185	0	40
chr2	91681696	91684668	2	2	1	203	0	50
chr3	55983846	55985609	2	2	1	1	0	45
chr3	60613521	60614682	1	1	1	730	2	45
chr3	60613521	60614688	1	1	0	1	0	38
chr3	60613521	60615619	1	1	1	498	0	44
chr3	60614737	60615619	1	1	1	731	2	40
chr3	87733505	87734423	1	1	1	10	0	39
chr3	87733505	87735344	1	1	0	10	0	39
chr3	87734553	87735344	1	1	1	9	0	37
chr3	88483947	88484046	2	2	1	375	0	37
chr3	88483947	88484614	2	2	0	1	0	38
chr3	88484155	88484614	2	2	1	373	0	40
chr3	119724187	119724611	2	2	1	4063	1	34
chr3	119724187	119726065	2	2	1	14	0	29
chr3	119724646	119726065	2	2	1	4155	1	38
chr3	129825617	129826823	2	2	1	1	0	36
chr3	139632407	139650143	2	2	0	0	1	13
chr4	31992517	31994873	1	1	1	245	1	40
chr4	31992517	32002088	1	1	1	3255	7	49
chr4	31994955	32002088	1	1	1	246	1	49
chr4	107009769	107027216	1	1	1	9	0	40
chr4	107009769	107028192	1	1	1	56	0	43
chr4	107027298	107028192	1	1	1	14	0	41
chr4	149222365	149223229	2	2	1	1	0	35
chr5	23565266	23616326	2	2	1	486	1	46
chr5	72958287	72965803	1	1	1	1	0	40
chr5	72958287	72974530	1	1	1	76	0	41
chr5	72965882	72974530	1	1	1	1	0	41
chr5	116475248	116477058	2	2	1	1	0	16
chr5	116482532	116591333	2	2	0	3	0	27
chr5	116482537	116591333	2	2	1	718	2	50
chr5	149184807	149187707	1	1	1	16	0	43
chr5	149184807	149188344	1	1	1	730	3	45
chr5	149187835	149188344	1	1	1	3	0	39
chr5	149187877	149188344	1	1	1	13	0	39
chr6	98939789	98940994	2	2	1	2	0	45
chr6	98939789	98941535	2	2	1	125	0	45
chr6	98939789	98944618	2	2	0	12	0	45
chr6	98941165	98944618	2	2	0	2	0	36
chr6	98941658	98944618	2	2	1	126	0	36
chr6	125162102	125162211	2	2	1	462	14	43
chr6	128371086	128371967	1	1	1	2441	0	43
chr6	128371086	128372530	1	1	1	3	0	49
chr6	128371086	128372533	1	1	1	14	0	46
chr6	128372013	128372504	1	1	0	12	0	26
chr6	128372013	128372509	1	1	0	10	0	31
chr6	128372013	128372530	1	1	1	306	0	49
chr6	128372013	128372533	1	1	1	2090	0	46
chr6	128372013	128372536	1	1	0	2	0	43
chr6	128372018	128372533	1	1	0	23	0	46
chr7	67240441	67244520	2	2	1	88	0	24
chr7	67240441	67251656	2	2	1	934	1	47
chr7	67244545	67251656	2	2	1	88	0	25
chr7	101405603	102001614	1	1	0	5	0	13
chr7	102001660	102002294	1	1	1	1210	2	43
chr7	102001660	102007485	1	1	1	784	0	43
chr7	102001665	102002300	1	1	0	0	1	36
chr7	102002337	102007485	1	1	1	1216	2	43
chr7	112839481	112841887	1	1	1	4	0	41
chr7	112839481	112842039	1	1	1	139	0	41
chr7	112839481	112856797	1	1	1	4	0	41
chr7	112841951	112856052	1	1	1	2	0	12
chr7	112842103	112856052	1	1	1	125	0	12
chr7	112842103	112856797	1	1	1	15	0	37
chr7	112856065	112856797	1	1	1	128	0	14
chr7	112856065	112856803	1	1	0	1	0	12
chr7	127980247	127981190	1	1	1	6	0	28
chr7	127981292	127981410	1	1	1	5	0	6
chr8	25532429	25557730	1	1	1	3	0	44
chr8	72219861	72219940	1	1	1	1	0	30
chr8	91688606	91932332	1	1	0	5	1	13
chr8	95100453	95100646	2	2	1	870	0	31
chr8	95100453	95101408	2	2	0	182	0	46
chr8	95100674	95101408	2	2	1	870	0	44
chr8	123268550	123268744	2	2	1	228	0	47
chr9	43027296	43040539	2	2	1	134	0	38
chr9	43027296	43042590	2	2	1	197	0	45
chr9	43040593	43042590	2	2	0	1	0	43
chr9	43040597	43042590	2	2	1	134	0	46
chr9	80093642	80098885	1	1	1	6210	8	27
chr9	80093642	80098892	1	1	0	118	0	19
chr9	80093642	80103693	1	1	1	195	0	45
chr9	80098907	80101826	1	1	0	1	0	21
chr9	80098907	80103648	1	1	0	1	0	21
chr9	80098907	80103693	1	1	1	6322	8	29
chr9	80098907	80103698	1	1	0	1	0	21
chr9	80101891	80103693	1	1	0	1	0	37
chr9	114597607	114597794	2	2	1	320	0	38
chr9	114597607	114598704	2	2	0	24	0	42
chr9	114597825	114598704	2	2	0	8	0	30
chr9	114597831	114598704	2	2	1	310	0	38
chr11	79458907	79463232	1	1	1	23	0	42
chr11	79458907	79468113	1	1	1	1	0	38
chr11	79458907	79468716	1	1	1	187	0	42
chr11	79463296	79468716	1	1	1	23	0	38
chr11	79468155	79468716	1	1	1	1	0	38
chr11	82908236	82908338	2	2	1	1	0	17
chr11	94112147	94113262	1	1	1	69	0	23
chr11	94112147	94113279	1	1	0	1	0	21
chr11	94112147	94114172	1	1	1	244	0	32
chr11	94113302	94114172	1	1	1	71	0	39
chr11	102310577	102310925	2	2	1	62	0	42
chr11	102310577	102311360	2	2	0	1	0	42
chr11	102310577	102311379	2	2	1	795	0	46
chr11	102311037	102311379	2	2	1	60	0	45
chr12	71952560	71958746	1	1	1	37	0	27
chr12	71952560	71959805	1	1	1	54	0	44
chr12	71958774	71959805	1	1	1	37	0	27
chr12	83811361	83825258	2	2	1	50	0	33
chr12	83811361	83831921	2	2	1	412	0	41
chr12	83825292	83831921	2	2	1	50	0	34
chr12	113133338	113133447	1	1	0	1	0	42
chr12	113133338	113133495	1	1	0	111	17	44
chr12	113133338	113133540	1	1	1	1680	56	43
chr12	113133338	113135796	1	1	1	24	0	29
chr12	113133577	113134186	1	1	0	1	0	28
chr12	113133577	113134800	1	1	0	8	0	12
chr12	113133577	113135796	1	1	1	1738	72	29
chr12	113134231	113135796	1	1	0	1	0	29
chr12	113134813	113135796	1	1	0	8	0	12
chr13	46778994	46780545	2	2	0	1	0	40
chr13	46778994	46780625	2	2	1	372	0	43
chr13	46778994	46785245	2	2	1	2503	5	45
chr13	46780665	46785245	2	2	1	372	0	39
chr13	56084286	56089757	2	2	1	49	0	40
chr13	56089858	56096123	2	2	1	48	0	42
chr14	57643224	57643334	2	2	1	4	0	39
chr14	57643224	57648418	2	2	1	138	0	47
chr14	57643490	57648418	2	2	1	5	0	38
chr14	120389164	120395711	1	1	1	186	0	39
chr14	120389164	120396450	1	1	1	355	0	48
chr14	120395766	120396450	1	1	1	193	0	48
chr15	58126715	58128208	2	2	1	1	0	35
chr15	77102940	77105576	2	2	1	235	0	42
chr15	77102940	77113604	2	2	1	16	0	48
chr15	77105670	77113604	2	2	1	228	0	48
chr15	77108331	77113604	2	2	0	1	0	44
chr15	103242719	103243624	1	1	1	1	1	33
chr16	57178021	57181491	2	2	1	274	0	45
chr16	57178021	57182850	2	2	1	188	0	43
chr16	57181511	57182850	2	2	0	1	0	19
chr16	57181537	57182850	2	2	1	271	0	33
chr16	95361327	95368651	2	2	1	1	0	23
chr17	12979205	13846588	1	1	0	33	2	12
chr17	13846613	13848354	1	1	0	8	0	21
chr17	13846640	13848354	1	1	1	3182	5	22
chr17	13846640	13849107	1	1	1	3627	5	44
chr17	13846640	13849113	1	1	0	15	0	47
chr17	13848376	13849107	1	1	1	3170	5	29
chr17	13848376	13849113	1	1	0	16	0	21
chr17	45570567	45570665	2	2	1	459	1	37
chr17	45570800	45571017	2	2	1	529	0	21
chr18	53948155	53948644	1	1	1	8243	6	29
chr18	53948155	53948655	1	1	0	1	0	13
chr18	53948155	53953244	1	1	1	1723	2	44
chr18	53948666	53953244	1	1	0	6	0	21
chr18	53948669	53953244	1	1	1	8226	6	34
chr18	64515409	64516415	2	2	1	1	0	31
chr19	7281256	7281797	2	4	1	181	0	39
chr19	7281256	7282331	2	2	0	1	0	38
chr19	7281256	7282725	2	2	1	890	0	36
chr19	7281960	7282725	2	2	1	186	0	29
chr19	7282449	7282725	2	2	0	1	0	26
KV575235.1	147143	149353	1	1	0	0	1	32
