chr1	34295537	34296741	1	1	1	39	0	18
chr1	34295537	34299720	1	1	1	273	1	42
chr1	34296760	34299720	1	1	1	39	0	19
chr1	40010678	40011649	1	1	1	12	0	21
chr1	40010678	40011811	1	1	0	1	0	21
chr1	40010678	40014105	1	1	1	74	1	32
chr1	40011842	40014105	1	1	1	13	0	39
chr1	60343458	60352120	1	1	1	1	0	38
chr1	60352171	60352908	1	1	1	1	0	8
chr1	82735508	82747082	1	1	1	6	0	40
chr1	82735508	82750519	1	1	1	67	0	40
chr1	82747143	82750519	1	1	1	6	0	38
chr2	32292216	32296625	1	1	1	83	0	43
chr2	59932171	59933405	2	2	0	7	0	37
chr2	59932171	59933411	2	2	1	79	0	31
chr2	59932171	59933670	2	2	1	20	0	38
chr2	59933439	59933670	2	2	1	84	0	28
chr2	71849507	71853533	1	1	1	30	0	39
chr2	71849507	71855853	1	1	1	2121	2	42
chr2	71853664	71855853	1	1	1	31	0	41
chr2	75662926	75663570	1	1	1	4	0	38
chr2	91001089	91001461	1	1	1	575	0	24
chr2	91001089	91003299	1	1	0	1	0	33
chr2	91001511	91003210	1	1	1	566	0	35
chr2	91001511	91003299	1	1	0	1	0	46
chr2	91003346	91003810	1	1	1	10	0	36
chr2	91159306	91160316	2	2	1	10	0	47
chr2	91159306	91162027	2	2	1	161	0	47
chr2	91160371	91162027	2	2	1	10	0	38
chr2	91681696	91682025	2	2	1	3	0	50
chr2	91681696	91684668	2	2	1	582	1	50
chr2	91682110	91684668	2	2	0	2	0	38
chr2	91682137	91684668	2	2	1	1	0	38
chr2	153670448	153670848	1	1	1	42	0	43
chr2	153670909	153672215	1	1	1	41	0	50
chr2	168752731	168754433	2	2	0	1	0	47
chr2	168752741	168754433	2	2	1	10928	13	46
chr3	60613521	60614682	1	1	1	43	0	44
chr3	60613521	60615619	1	1	1	14	0	44
chr3	60614737	60615619	1	1	1	42	0	37
chr3	87733505	87735344	1	1	0	161	0	40
chr3	88483947	88484046	2	2	1	123	1	38
chr3	88484155	88484614	2	2	1	122	1	39
chr3	119724187	119724611	2	2	1	1750	1	34
chr3	119724187	119726065	2	2	1	8	0	29
chr3	119724646	119726065	2	2	1	1811	1	38
chr3	139632407	139650143	2	2	0	0	2	13
chr4	31992517	31994873	1	1	1	1652	3	41
chr4	31992517	32002088	1	1	1	565	1	49
chr4	31994955	32002088	1	1	1	1644	3	49
chr4	107009769	107027216	1	1	1	24	0	39
chr4	107009769	107028192	1	1	1	143	1	41
chr4	107027298	107028192	1	1	1	31	0	42
chr5	23565266	23616326	2	2	1	188	0	45
chr5	72958287	72965803	1	1	1	1	0	37
chr5	72958287	72974530	1	1	1	9	0	41
chr5	72965882	72974530	1	1	1	1	0	41
chr5	86804592	86809304	1	1	1	1	0	30
chr5	86809341	86815628	1	1	1	1	0	36
chr5	149184807	149187707	1	1	1	24	0	43
chr5	149184807	149188344	1	1	1	352	2	44
chr5	149187817	149188344	1	1	0	1	0	39
chr5	149187835	149188344	1	1	1	3	0	39
chr5	149187877	149188344	1	1	1	20	0	39
chr6	72634233	72648800	2	2	1	2137	0	41
chr6	72634233	72649119	2	2	1	5185	5	50
chr6	72648843	72649119	2	2	1	2131	0	42
chr6	98939789	98940994	2	2	1	5	0	45
chr6	98939789	98941535	2	2	1	59	0	46
chr6	98939789	98944618	2	2	0	2	0	45
chr6	98941165	98944618	2	2	0	5	0	36
chr6	98941658	98944618	2	2	1	62	0	36
chr6	125162102	125162211	2	2	1	440	12	36
chr6	128371086	128371967	1	1	1	1320	0	45
chr6	128371086	128372530	1	1	1	71	0	49
chr6	128371086	128372533	1	1	1	747	1	46
chr6	128371086	128372536	1	1	0	3	0	43
chr6	128371086	128372539	1	1	0	1	0	40
chr6	128372013	128372504	1	1	0	5	0	26
chr6	128372013	128372530	1	1	1	166	0	47
chr6	128372013	128372533	1	1	1	1128	0	47
chr6	128372013	128372536	1	1	0	1	0	43
chr6	128372013	128372539	1	1	0	1	0	40
chr6	128372018	128372530	1	1	0	2	0	49
chr6	128372018	128372533	1	1	0	18	0	46
chr7	25724845	25725923	2	2	1	1	0	41
chr7	67240441	67244520	2	2	1	8	0	24
chr7	67240441	67251656	2	2	1	518	0	44
chr7	67244545	67251656	2	2	1	8	0	24
chr7	101405603	102001614	1	1	0	5	0	13
chr7	102001660	102002294	1	1	1	323	0	42
chr7	102001660	102007485	1	1	1	4328	3	46
chr7	102002310	102007485	1	1	0	1	0	15
chr7	102002337	102007485	1	1	1	325	0	41
chr7	112839481	112841887	1	1	1	6	1	41
chr7	112839481	112842039	1	1	1	277	2	41
chr7	112839481	112856052	1	1	1	4	0	12
chr7	112839481	112856797	1	1	1	29	0	43
chr7	112841906	112842057	1	1	0	0	1	18
chr7	112841951	112856797	1	1	0	4	0	37
chr7	112842103	112856052	1	1	1	13	0	12
chr7	112842103	112856797	1	1	1	267	2	45
chr7	112856065	112856797	1	1	1	17	0	12
chr7	127980247	127981190	1	1	1	9	0	2
chr7	127981292	127981410	1	1	1	8	0	6
chr7	144861833	144862231	1	1	1	1122	2	29
chr7	144862267	144862764	1	1	0	1	0	35
chr7	144862336	144862764	1	1	1	1107	2	44
chr8	25532429	25557730	1	1	1	2	0	44
chr8	25555775	25557730	1	1	1	1	0	37
chr8	72219861	72219940	1	1	1	3	0	30
chr8	95100453	95100646	2	2	1	258	0	31
chr8	95100453	95101408	2	2	0	484	0	46
chr8	95100674	95101408	2	2	1	259	0	38
chr8	120569377	120570716	1	1	1	1	0	13
chr8	123268550	123268744	2	2	1	92	1	46
chr9	43027296	43040539	2	2	1	19	0	38
chr9	43027296	43042590	2	2	1	308	1	46
chr9	43040597	43042590	2	2	1	19	0	45
chr9	80093642	80098885	1	1	1	2107	0	26
chr9	80093642	80098892	1	1	0	34	0	14
chr9	80093642	80103693	1	1	1	6398	4	46
chr9	80093642	80103698	1	1	0	2	0	44
chr9	80093668	80103693	1	1	0	1	0	37
chr9	80098907	80099016	1	1	0	1	0	21
chr9	80098907	80103693	1	1	1	2139	0	24
chr9	80099049	80103693	1	1	0	1	0	37
chr9	114597607	114597794	2	2	1	279	0	38
chr9	114597607	114598704	2	2	0	448	0	43
chr9	114597825	114598704	2	2	0	1	0	30
chr9	114597831	114598704	2	2	1	279	0	38
chr11	79458907	79463232	1	1	1	19	0	42
chr11	79458907	79468716	1	1	1	47	0	42
chr11	79463296	79468716	1	1	1	19	0	38
chr11	94112147	94113262	1	1	1	18	0	21
chr11	94112147	94114172	1	1	1	277	0	32
chr11	94113302	94114172	1	1	1	19	0	39
chr11	102310577	102310925	2	2	1	114	0	42
chr11	102310577	102311379	2	2	1	321	0	46
chr11	102311037	102311379	2	2	1	112	0	45
chr12	71952560	71959805	1	1	1	228	0	46
chr12	83811361	83825258	2	2	1	229	0	33
chr12	83811361	83831921	2	2	1	223	0	41
chr12	83825292	83831921	2	2	1	229	0	33
chr12	104697145	104700364	2	2	1	1	0	39
chr12	113133338	113133495	1	1	0	6	0	42
chr12	113133338	113133540	1	1	1	354	0	43
chr12	113133338	113135796	1	1	1	1244	1	29
chr12	113133577	113135796	1	1	1	331	0	29
chr13	46778994	46780625	2	2	1	728	0	43
chr13	46778994	46785245	2	2	1	3140	11	45
chr13	46780665	46785245	2	2	1	726	0	39
chr13	56084286	56088251	2	2	1	1	0	40
chr13	56084286	56089757	2	2	1	19	0	40
chr13	56088343	56096123	2	2	1	1	0	38
chr13	56089858	56096123	2	2	1	20	0	41
chr14	57643224	57643334	2	2	1	1	0	39
chr14	57643224	57648418	2	2	1	164	0	40
chr14	57643490	57648418	2	2	1	1	0	38
chr14	120389158	120395711	1	1	0	1	0	44
chr14	120389164	120395711	1	1	1	267	2	39
chr14	120389164	120395717	1	1	0	2	0	38
chr14	120389164	120396450	1	1	1	81	1	48
chr14	120395766	120396450	1	1	1	287	2	48
chr15	77102940	77105576	2	2	1	141	0	41
chr15	77102940	77113604	2	2	1	16	0	48
chr15	77105670	77113604	2	2	1	141	0	48
chr16	57178021	57181491	2	2	1	25	0	44
chr16	57178021	57182850	2	2	1	1172	3	44
chr16	57181537	57182850	2	2	1	25	0	33
chr16	94686604	94691580	1	1	1	1	0	45
chr17	12979205	13846588	1	1	0	35	2	12
chr17	13837442	13846588	1	1	0	1	0	12
chr17	13846613	13849107	1	1	0	1	0	37
chr17	13846640	13848354	1	1	1	381	1	21
chr17	13846640	13849107	1	1	1	12416	23	49
chr17	13846640	13849113	1	1	0	101	0	47
chr17	13848376	13849107	1	1	1	380	1	26
chr17	45570567	45570665	2	2	1	741	1	42
chr17	45570800	45571017	2	2	1	770	0	23
chr18	53948155	53948644	1	1	1	1714	3	28
chr18	53948155	53949213	1	1	0	1	0	39
chr18	53948155	53953244	1	1	1	11462	12	45
chr18	53948155	53953268	1	1	0	1	0	40
chr18	53948669	53953244	1	1	1	1709	2	26
chr18	53949263	53953244	1	1	0	1	0	37
chr19	7281256	7281797	2	4	1	87	0	39
chr19	7281256	7282725	2	2	1	345	0	35
chr19	7281960	7282725	2	2	1	93	0	26
chr19	45741647	45742515	2	2	1	1	0	9
