chr1	34295537	34295665	0	0	1	1	0	3
chr1	34295537	34296741	1	1	1	89	0	18
chr1	34295537	34299720	1	1	1	16	0	38
chr1	34296760	34299720	1	1	1	90	0	19
chr1	40010678	40011629	1	1	0	1	0	21
chr1	40010678	40011649	1	1	1	100	0	22
chr1	40010678	40014105	1	1	1	28	0	32
chr1	40011842	40014105	1	1	1	99	0	39
chr1	82735508	82741817	1	1	1	3	0	40
chr1	82735508	82747082	1	1	1	1	0	40
chr1	82735508	82750519	1	1	1	67	0	40
chr1	82747143	82750519	1	1	1	2	0	38
chr2	32292216	32293314	1	1	1	15	0	43
chr2	32292216	32296625	1	1	1	87	0	43
chr2	32293396	32296625	1	1	1	15	0	40
chr2	59932171	59933405	2	2	0	70	0	33
chr2	59932171	59933411	2	2	1	371	0	32
chr2	59932171	59933670	2	2	1	2	0	37
chr2	59933439	59933670	2	2	1	435	0	28
chr2	71849507	71853533	1	1	1	772	1	41
chr2	71849507	71853890	1	1	0	2	0	39
chr2	71849507	71855853	1	1	1	2427	4	42
chr2	71853664	71855853	1	1	1	817	1	41
chr2	71853948	71855853	1	1	0	2	0	40
chr2	75662926	75663570	1	1	1	7	0	36
chr2	91001089	91001461	1	1	1	635	0	34
chr2	91001511	91003210	1	1	1	625	0	25
chr2	91001511	91003299	1	1	0	1	0	46
chr2	91003238	91003810	1	1	0	8	0	27
chr2	91003346	91003810	1	1	1	21	0	36
chr2	91159300	91162027	2	2	0	4	0	41
chr2	91159306	91160316	2	2	1	216	0	47
chr2	91159306	91162027	2	2	1	390	0	47
chr2	91160371	91162027	2	2	1	219	0	39
chr2	91681696	91684668	2	2	1	173	1	50
chr2	153670448	153672215	1	1	1	2	0	50
chr3	60613521	60614682	1	1	1	818	2	46
chr3	60613521	60615619	1	1	1	831	2	49
chr3	60614737	60615619	1	1	1	826	2	42
chr3	87733505	87734423	1	1	1	13	0	39
chr3	87733505	87735344	1	1	0	9	0	39
chr3	87734553	87735344	1	1	1	13	0	37
chr3	88483947	88484046	2	2	1	382	2	41
chr3	88483947	88484614	2	2	0	1	0	38
chr3	88484155	88484614	2	2	1	379	2	40
chr3	88484666	88537145	2	2	0	0	2	12
chr3	119724187	119724611	2	2	1	4606	2	34
chr3	119724187	119726065	2	2	1	12	0	29
chr3	119724646	119726065	2	2	1	4681	3	38
chr4	31992517	31994873	1	1	1	252	0	40
chr4	31992517	32002088	1	1	1	2916	1	49
chr4	31994955	32002088	1	1	1	253	0	49
chr4	46468788	46469882	1	1	1	1	0	10
chr4	107009769	107027216	1	1	1	8	0	38
chr4	107009769	107028192	1	1	1	70	0	42
chr4	107027298	107028192	1	1	1	13	0	41
chr5	23565266	23616326	2	2	1	488	2	49
chr5	72958287	72974530	1	1	1	56	0	41
chr5	99967388	99978391	2	2	1	1	0	21
chr5	116482532	116591333	2	2	0	3	0	45
chr5	116482537	116591333	2	2	1	681	4	50
chr5	149184807	149187707	1	1	1	22	0	44
chr5	149184807	149188344	1	1	1	607	1	46
chr5	149187835	149188344	1	1	1	1	0	39
chr5	149187877	149188344	1	1	1	21	0	39
chr6	72634233	72649119	2	2	1	3	0	40
chr6	98939789	98941535	2	2	1	159	0	47
chr6	98939789	98944618	2	2	0	7	0	45
chr6	98941658	98944618	2	2	1	161	0	36
chr6	125121682	125121931	1	1	1	2	0	43
chr6	125162102	125162211	2	2	1	452	15	37
chr6	128371086	128371967	1	1	1	2560	2	44
chr6	128371086	128372530	1	1	1	2	0	49
chr6	128371086	128372533	1	1	1	5	0	46
chr6	128372013	128372504	1	1	0	17	0	27
chr6	128372013	128372509	1	1	0	6	0	31
chr6	128372013	128372530	1	1	1	328	1	49
chr6	128372013	128372533	1	1	1	2170	1	46
chr6	128372013	128372536	1	1	0	3	0	43
chr6	128372018	128372530	1	1	0	5	0	49
chr6	128372018	128372533	1	1	0	32	0	46
chr6	128372208	128372533	1	1	0	1	0	46
chr7	67240441	67244520	2	2	1	84	0	24
chr7	67240441	67251656	2	2	1	765	1	45
chr7	67244545	67251656	2	2	1	84	0	24
chr7	99849060	99858763	2	2	1	1	0	44
chr7	102001660	102002294	1	1	1	1395	3	42
chr7	102001660	102007485	1	1	1	332	0	43
chr7	102002310	102007485	1	1	0	1	0	15
chr7	102002337	102007485	1	1	1	1395	3	42
chr7	112839481	112841887	1	1	1	15	2	41
chr7	112839481	112842039	1	1	1	157	2	49
chr7	112839481	112856052	1	1	1	5	0	12
chr7	112839481	112856797	1	1	1	8	0	41
chr7	112841906	112842057	1	1	0	0	2	18
chr7	112841951	112856052	1	1	1	2	0	12
chr7	112842103	112856052	1	1	1	168	2	12
chr7	112842103	112856797	1	1	1	1	0	37
chr7	112856065	112856797	1	1	1	176	2	14
chr7	112856065	112856803	1	1	0	1	0	12
chr7	127980247	127981190	1	1	1	7	0	5
chr7	127981292	127981410	1	1	1	7	0	28
chr8	25532429	25557730	1	1	1	1	0	44
chr8	25555775	25557730	1	1	1	1	0	37
chr8	46207621	46208397	2	2	1	2	0	31
chr8	91688606	91932332	1	1	0	3	1	13
chr8	95100453	95100646	2	2	1	990	1	31
chr8	95100453	95101408	2	2	0	70	0	46
chr8	95100674	95101408	2	2	1	990	1	42
chr8	123268550	123268744	2	2	1	179	0	47
chr9	43027296	43040539	2	2	1	125	0	39
chr9	43027296	43042590	2	2	1	124	0	45
chr9	43040597	43042590	2	2	1	124	0	46
chr9	50775519	50776543	1	1	1	1	0	11
chr9	80093642	80098885	1	1	1	6002	4	26
chr9	80093642	80098892	1	1	0	121	0	18
chr9	80093642	80103693	1	1	1	168	0	45
chr9	80098907	80103693	1	1	1	6126	4	29
chr9	80098907	80103698	1	1	0	2	0	21
chr9	80101891	80103693	1	1	0	1	0	37
chr9	114597607	114597794	2	2	1	374	1	38
chr9	114597607	114598704	2	2	0	11	0	40
chr9	114597825	114598704	2	2	0	5	0	30
chr9	114597831	114598704	2	2	1	370	1	38
chr11	26778879	26787397	2	2	0	0	1	13
chr11	78233684	78245547	2	2	1	1	0	13
chr11	79458907	79463232	1	1	1	18	0	42
chr11	79458907	79468716	1	1	1	155	0	43
chr11	79463296	79468716	1	1	1	18	0	39
chr11	94112147	94113262	1	1	1	86	0	21
chr11	94112147	94114172	1	1	1	208	0	32
chr11	94113302	94114172	1	1	1	90	0	39
chr11	102310577	102310925	2	2	1	51	0	43
chr11	102310577	102311360	2	2	0	2	0	42
chr11	102310577	102311379	2	2	1	758	0	46
chr11	102311037	102311379	2	2	1	52	0	45
chr12	71952560	71958746	1	1	1	50	0	27
chr12	71952560	71959805	1	1	1	51	0	43
chr12	71958774	71959805	1	1	1	50	0	27
chr12	83811361	83825258	2	2	1	49	0	33
chr12	83811361	83831921	2	2	1	367	0	41
chr12	83825292	83831921	2	2	1	49	0	33
chr12	112928622	113133308	1	1	0	0	6	13
chr12	113133338	113133495	1	1	0	108	8	44
chr12	113133338	113133540	1	1	1	1629	56	42
chr12	113133338	113135796	1	1	1	22	0	29
chr12	113133577	113134186	1	1	0	1	0	28
chr12	113133577	113134800	1	1	0	9	0	12
chr12	113133577	113135796	1	1	1	1686	64	29
chr12	113134231	113135796	1	1	0	1	0	29
chr12	113134813	113135796	1	1	0	9	0	12
chr13	46778994	46780545	2	2	0	1	0	40
chr13	46778994	46780625	2	2	1	642	0	40
chr13	46778994	46785245	2	2	1	1762	4	47
chr13	46780665	46785245	2	2	1	644	0	40
chr13	56084286	56089757	2	2	1	56	0	40
chr13	56084286	56096123	2	2	0	1	0	40
chr13	56089858	56096123	2	2	1	59	0	41
chr14	57643224	57643334	2	2	1	4	0	39
chr14	57643224	57648418	2	2	1	124	0	47
chr14	57643490	57648418	2	2	1	4	0	38
chr14	103204541	103205176	2	2	1	1	0	23
chr14	120389164	120395711	1	1	1	183	1	39
chr14	120389164	120396450	1	1	1	422	1	48
chr14	120395766	120396450	1	1	1	186	1	48
chr15	35417632	35422307	1	1	1	1	0	37
chr15	35422476	35423115	1	1	1	1	0	7
chr15	77102940	77104480	2	2	0	1	0	33
chr15	77102940	77105576	2	2	1	205	0	42
chr15	77102940	77113604	2	2	1	13	0	48
chr15	77104512	77113604	2	2	0	1	0	35
chr15	77105670	77113604	2	2	1	203	0	48
chr16	57178021	57181491	2	2	1	216	0	43
chr16	57178021	57182850	2	2	1	89	0	44
chr16	57181537	57182850	2	2	1	214	0	34
chr16	84831508	84834808	2	2	1	1	0	11
chr17	12979205	13846588	1	1	0	28	2	12
chr17	13846640	13848354	1	1	1	4220	6	24
chr17	13846640	13849107	1	1	1	2640	2	44
chr17	13846640	13849113	1	1	0	29	0	47
chr17	13848376	13849107	1	1	1	4209	6	27
chr17	13848376	13849113	1	1	0	6	0	21
chr17	45570567	45570665	2	2	1	467	1	37
chr17	45570800	45571017	2	2	1	558	1	24
chr18	53948155	53948644	1	1	1	10348	15	33
chr18	53948155	53948651	1	1	0	1	0	17
chr18	53948155	53953244	1	1	1	1630	2	44
chr18	53948155	53953268	1	1	0	1	0	40
chr18	53948666	53953244	1	1	0	12	0	21
chr18	53948669	53953244	1	1	1	10327	14	37
chr18	53948669	53953268	1	1	0	3	0	24
chr18	53948673	53953244	1	1	0	1	0	28
chr19	7281256	7281797	2	4	1	169	0	39
chr19	7281256	7282725	2	2	1	923	1	35
chr19	7281960	7282725	2	2	1	180	0	35
chrX	159414893	159443922	1	1	1	1	0	35
