chr1	34295537	34296741	1	1	1	98	0	18
chr1	34295537	34299720	1	1	1	25	0	38
chr1	34296760	34299720	1	1	1	98	0	19
chr1	40010678	40011649	1	1	1	98	0	21
chr1	40010678	40011811	1	1	0	1	0	21
chr1	40010678	40014105	1	1	1	37	0	32
chr1	40011842	40014105	1	1	1	99	0	39
chr1	55088413	55089050	1	1	1	1	0	30
chr1	82735508	82741817	1	1	1	1	0	40
chr1	82735508	82741934	1	1	0	1	0	40
chr1	82735508	82747082	1	1	1	1	0	40
chr1	82735508	82750519	1	1	1	49	0	40
chr1	82741977	82750519	1	1	1	1	0	38
chr1	82747143	82750519	1	1	1	2	0	38
chr2	32292216	32293314	1	1	1	12	0	43
chr2	32292216	32296625	1	1	1	101	0	43
chr2	32293396	32296625	1	1	1	13	0	38
chr2	59932171	59933405	2	2	0	65	0	37
chr2	59932171	59933411	2	2	1	349	0	31
chr2	59932171	59933670	2	2	1	4	0	38
chr2	59933439	59933670	2	2	1	411	0	28
chr2	71849507	71853533	1	1	1	755	1	40
chr2	71849507	71853890	1	1	0	3	0	39
chr2	71849507	71855853	1	1	1	3095	3	44
chr2	71849507	71855868	1	1	0	4	0	46
chr2	71849507	71855876	1	1	0	1	0	38
chr2	71853664	71855853	1	1	1	805	1	41
chr2	71853948	71855853	1	1	0	3	0	40
chr2	75662757	75662844	1	1	1	1	0	19
chr2	75662926	75663570	1	1	1	3	0	40
chr2	91001089	91001461	1	1	1	708	0	34
chr2	91001089	91003299	1	1	0	5	0	33
chr2	91001511	91003210	1	1	1	689	1	27
chr2	91003238	91003810	1	1	0	1	0	27
chr2	91003346	91003810	1	1	1	22	0	36
chr2	91159300	91160316	2	2	0	3	0	41
chr2	91159306	91160316	2	2	1	333	0	47
chr2	91159306	91162027	2	2	1	402	1	47
chr2	91160371	91162027	2	2	1	332	0	39
chr2	91681696	91682025	2	2	1	1	0	49
chr2	91681696	91684668	2	2	1	206	0	50
chr2	91682110	91684668	2	2	0	1	0	38
chr2	153670448	153670848	1	1	1	1	0	42
chr2	153670448	153672215	1	1	1	1	0	50
chr2	153670909	153672215	1	1	1	1	0	50
chr3	60613521	60614682	1	1	1	1237	1	45
chr3	60613521	60614709	1	1	0	1	0	27
chr3	60613521	60615619	1	1	1	962	0	45
chr3	60614737	60615619	1	1	1	1245	1	39
chr3	87733505	87734423	1	1	1	12	0	39
chr3	87733505	87734456	1	1	0	1	0	39
chr3	87733505	87735344	1	1	0	5	0	39
chr3	87734553	87735344	1	1	1	13	0	37
chr3	88483947	88484046	2	2	1	308	0	38
chr3	88484155	88484614	2	2	1	303	0	39
chr3	119724187	119724611	2	2	1	7274	3	34
chr3	119724187	119726065	2	2	1	11	0	29
chr3	119724646	119726065	2	2	1	7470	3	38
chr3	119726116	120643502	2	2	0	7	0	13
chr4	31992517	31994873	1	1	1	344	0	39
chr4	31992517	32002088	1	1	1	3199	4	49
chr4	31994955	32002088	1	1	1	336	0	49
chr4	107009769	107027216	1	1	1	14	0	41
chr4	107009769	107028192	1	1	1	86	0	42
chr4	107027298	107028192	1	1	1	18	0	42
chr4	107031092	107036935	1	1	1	1	0	29
chr5	23565266	23616326	2	2	1	740	0	49
chr5	23565266	23675719	2	2	1	1	0	44
chr5	23615795	23616326	2	2	0	1	0	45
chr5	72958287	72965803	1	1	1	1	0	37
chr5	72958287	72974530	1	1	1	66	0	42
chr5	72965882	72974530	1	1	1	1	0	41
chr5	116477146	116482389	2	2	1	2	0	33
chr5	116482537	116591333	2	2	1	826	6	50
chr5	149184807	149187707	1	1	1	28	0	44
chr5	149184807	149187748	1	1	0	1	0	43
chr5	149184807	149188344	1	1	1	478	1	44
chr5	149187835	149188344	1	1	1	5	0	39
chr5	149187864	149188344	1	1	0	1	0	39
chr5	149187877	149188344	1	1	1	23	0	39
chr6	72634233	72649119	2	2	1	2	0	40
chr6	98939789	98941535	2	2	1	150	1	45
chr6	98939789	98944618	2	2	0	15	0	45
chr6	98941658	98944618	2	2	1	150	1	36
chr6	125162102	125162211	2	2	1	425	18	38
chr6	128202384	128223087	1	1	0	1	0	12
chr6	128371086	128371967	1	1	1	3364	2	43
chr6	128371086	128371980	1	1	0	2	0	32
chr6	128371086	128372530	1	1	1	2	0	49
chr6	128371086	128372533	1	1	1	12	0	46
chr6	128372013	128372278	1	1	0	1	0	27
chr6	128372013	128372504	1	1	0	19	0	26
chr6	128372013	128372509	1	1	0	7	0	31
chr6	128372013	128372530	1	1	1	421	0	47
chr6	128372013	128372533	1	1	1	2896	2	46
chr6	128372018	128372504	1	1	0	1	0	26
chr6	128372018	128372533	1	1	0	34	0	46
chr6	128372306	128372533	1	1	0	1	0	27
chr7	67240441	67244520	2	2	1	138	0	40
chr7	67240441	67251656	2	2	1	1305	0	45
chr7	67244545	67251656	2	2	1	137	0	25
chr7	67244580	67251656	2	2	0	1	0	38
chr7	101405603	102001614	1	1	0	4	0	13
chr7	101975388	102001612	1	1	0	1	0	12
chr7	102001660	102002294	1	1	1	1469	1	42
chr7	102001660	102007485	1	1	1	675	1	45
chr7	102002337	102007485	1	1	1	1476	1	42
chr7	112839481	112841887	1	1	1	3	0	41
chr7	112839481	112842039	1	1	1	146	0	41
chr7	112839481	112856052	1	1	1	4	0	12
chr7	112839481	112856797	1	1	1	9	0	41
chr7	112842103	112856052	1	1	1	140	0	12
chr7	112842103	112856797	1	1	1	9	0	45
chr7	112856065	112856797	1	1	1	145	0	14
chr7	127980247	127981190	1	1	1	5	0	2
chr7	127981292	127981410	1	1	1	5	0	6
chr8	25532429	25555507	1	1	1	1	0	44
chr8	25555775	25557730	1	1	1	2	0	37
chr8	72219861	72219940	1	1	1	1	0	30
chr8	95100453	95100646	2	2	1	850	1	31
chr8	95100453	95101408	2	2	0	125	0	46
chr8	95100674	95101408	2	2	1	850	1	44
chr8	121628690	121651724	2	2	1	1	0	20
chr8	123268550	123268744	2	2	1	290	0	47
chr9	43027296	43040539	2	2	1	153	0	41
chr9	43027296	43042590	2	2	1	174	0	46
chr9	43040593	43042590	2	2	0	1	0	43
chr9	43040597	43042590	2	2	1	150	0	45
chr9	80093642	80098885	1	1	1	7118	2	26
chr9	80093642	80098892	1	1	0	129	0	19
chr9	80093642	80103693	1	1	1	293	0	45
chr9	80098907	80101831	1	1	0	1	0	21
chr9	80098907	80103693	1	1	1	7256	2	24
chr9	80101891	80103693	1	1	0	2	0	37
chr9	114597607	114597794	2	2	1	557	0	38
chr9	114597607	114598704	2	2	0	11	0	42
chr9	114597825	114598704	2	2	0	8	0	30
chr9	114597831	114598704	2	2	1	549	0	38
chr11	20335249	20831974	1	1	0	0	4	13
chr11	79458907	79463232	1	1	1	14	0	42
chr11	79458907	79468716	1	1	1	213	0	42
chr11	79463296	79468716	1	1	1	14	0	39
chr11	94112147	94113262	1	1	1	87	0	21
chr11	94112147	94114172	1	1	1	306	0	32
chr11	94113302	94114172	1	1	1	88	0	39
chr11	100479298	100481376	2	2	1	1	0	30
chr11	100481848	100482144	2	2	1	1	0	35
chr11	102310577	102310925	2	2	1	58	0	42
chr11	102310577	102311379	2	2	1	759	1	45
chr11	102311037	102311379	2	2	1	59	0	45
chr12	71952560	71958746	1	1	1	72	0	27
chr12	71952560	71959805	1	1	1	40	0	43
chr12	71958774	71959805	1	1	1	72	0	27
chr12	83811361	83825258	2	2	1	46	0	33
chr12	83811361	83831921	2	2	1	460	0	42
chr12	83825292	83831921	2	2	1	47	0	34
chr12	113133338	113133495	1	1	0	96	16	44
chr12	113133338	113133540	1	1	1	1443	39	42
chr12	113133338	113135796	1	1	1	14	0	29
chr12	113133577	113134186	1	1	0	1	0	28
chr12	113133577	113134800	1	1	0	7	0	12
chr12	113133577	113135796	1	1	1	1495	55	29
chr12	113134231	113135796	1	1	0	1	0	29
chr12	113134813	113135796	1	1	0	7	0	12
chr13	17888682	17893121	2	2	1	1	0	37
chr13	17893331	17896952	2	2	1	1	0	40
chr13	46778994	46780625	2	2	1	487	0	40
chr13	46778994	46785245	2	2	1	3099	6	49
chr13	46780665	46785245	2	2	1	482	0	39
chr13	56084286	56089757	2	2	1	69	0	41
chr13	56084286	56096123	2	2	0	1	0	40
chr13	56089858	56096123	2	2	1	71	0	38
chr14	57643224	57643334	2	2	1	4	0	39
chr14	57643224	57648418	2	2	1	94	0	47
chr14	57643490	57648418	2	2	1	4	0	38
chr14	120389164	120395711	1	1	1	187	0	42
chr14	120389164	120396450	1	1	1	290	1	48
chr14	120395766	120396450	1	1	1	189	0	48
chr15	77102940	77105576	2	2	1	206	0	41
chr15	77102940	77113604	2	2	1	14	0	47
chr15	77105670	77113604	2	2	1	203	0	48
chr15	103242719	103243624	1	1	1	0	1	33
chr16	57178021	57181491	2	2	1	371	1	44
chr16	57178021	57182850	2	2	1	154	1	44
chr16	57181507	57182850	2	2	0	4	0	15
chr16	57181537	57182850	2	2	1	366	1	33
chr16	84831508	84834808	2	2	1	2	0	44
chr17	12979205	13846588	1	1	0	35	2	12
chr17	13846640	13848306	1	1	0	1	0	38
chr17	13846640	13848354	1	1	1	4171	6	24
chr17	13846640	13849107	1	1	1	4979	7	46
chr17	13846640	13849113	1	1	0	16	0	47
chr17	13848376	13849107	1	1	1	4158	6	41
chr17	13848376	13849113	1	1	0	13	0	21
chr17	45570567	45570665	2	2	1	540	4	42
chr17	45570800	45571017	2	2	1	605	2	21
chr17	51783067	51785528	2	2	1	1	0	39
chr17	51785641	51803430	2	2	1	1	0	14
chr18	10726534	10740982	1	1	1	3	0	17
chr18	53948155	53948381	1	1	0	1	0	39
chr18	53948155	53948644	1	1	1	12703	13	33
chr18	53948155	53953244	1	1	1	2501	6	44
chr18	53948447	53948644	1	1	0	1	0	13
chr18	53948666	53953244	1	1	0	2	0	21
chr18	53948669	53953244	1	1	1	12681	12	37
chr18	53948669	53953268	1	1	0	3	0	24
chr18	53948673	53953244	1	1	0	1	0	28
chr19	7281251	7282725	2	2	0	4	0	26
chr19	7281256	7281797	2	4	1	199	0	38
chr19	7281256	7282725	2	2	1	1234	0	36
chr19	7281960	7282725	2	2	1	205	0	27
