chr1	34295537	34296741	1	1	1	161	0	18
chr1	34295537	34299720	1	1	1	49	0	38
chr1	34296760	34299720	1	1	1	161	0	19
chr1	40010678	40011649	1	1	1	43	0	28
chr1	40010678	40014105	1	1	1	14	0	32
chr1	40011842	40014105	1	1	1	37	0	38
chr1	82735508	82741817	1	1	1	3	0	40
chr1	82735508	82747082	1	1	1	1	0	40
chr1	82735508	82750519	1	1	1	64	0	40
chr1	82747143	82750519	1	1	1	3	0	38
chr2	32292216	32293314	1	1	1	20	0	43
chr2	32292216	32296625	1	1	1	62	0	44
chr2	32293396	32296625	1	1	1	18	0	38
chr2	59932171	59933405	2	2	0	78	0	37
chr2	59932171	59933411	2	2	1	389	1	32
chr2	59932171	59933670	2	2	1	2	0	34
chr2	59933439	59933670	2	2	1	461	1	30
chr2	71849507	71853533	1	1	1	1165	1	44
chr2	71849507	71853875	1	1	0	2	0	15
chr2	71849507	71853890	1	1	0	1	0	39
chr2	71849507	71855853	1	1	1	4935	8	43
chr2	71849507	71855868	1	1	0	8	0	46
chr2	71853664	71855853	1	1	1	1172	1	45
chr2	71853891	71855853	1	1	0	3	0	40
chr2	71853948	71855853	1	1	0	1	0	40
chr2	75662926	75663570	1	1	1	1	0	38
chr2	91001089	91001461	1	1	1	783	0	34
chr2	91001511	91003210	1	1	1	780	0	24
chr2	91001511	91003299	1	1	0	2	0	46
chr2	91003346	91003810	1	1	1	6	0	37
chr2	91159300	91162027	2	2	0	2	0	41
chr2	91159306	91160316	2	2	1	316	1	47
chr2	91159306	91162027	2	2	1	424	0	47
chr2	91160371	91162027	2	2	1	320	1	42
chr2	91681696	91682025	2	2	1	1	0	50
chr2	91681696	91684668	2	2	1	163	0	50
chr2	91682137	91684668	2	2	1	1	0	38
chr2	153670448	153670848	1	1	1	1	0	42
chr2	153670448	153672215	1	1	1	4	2	50
chr2	153670909	153672215	1	1	1	1	0	50
chr2	153713625	153714954	1	1	1	0	2	50
chr3	60201323	60613472	1	1	0	0	4	14
chr3	60613521	60614682	1	1	1	2481	3	45
chr3	60613521	60614688	1	1	0	5	0	44
chr3	60613521	60615619	1	1	1	1956	5	45
chr3	60614737	60615619	1	1	1	2467	3	42
chr3	87733505	87734423	1	1	1	8	0	39
chr3	87733505	87735344	1	1	0	3	0	39
chr3	87734553	87735344	1	1	1	8	0	37
chr3	88483947	88484046	2	2	1	150	0	37
chr3	88484155	88484614	2	2	1	150	0	45
chr3	119724187	119724611	2	2	1	11809	4	34
chr3	119724187	119726065	2	2	1	36	1	29
chr3	119724646	119726065	2	2	1	12271	5	38
chr3	119726116	119820407	2	2	0	2	0	13
chr3	129825617	129826823	2	2	1	5	0	36
chr4	31992517	31994873	1	1	1	214	1	39
chr4	31992517	32002088	1	1	1	2417	2	49
chr4	31994955	32002088	1	1	1	206	1	49
chr4	107009769	107027216	1	1	1	16	0	38
chr4	107009769	107028192	1	1	1	230	0	43
chr4	107027298	107028192	1	1	1	18	0	41
chr5	23565266	23616326	2	2	1	2282	2	49
chr5	72958287	72974530	1	1	1	88	0	43
chr5	116482532	116591333	2	2	0	4	0	45
chr5	116482537	116483887	2	2	0	1	0	50
chr5	116482537	116591333	2	2	1	1186	3	50
chr5	149184807	149187707	1	1	1	15	0	43
chr5	149184807	149188344	1	1	1	574	0	45
chr5	149187835	149188344	1	1	1	2	0	39
chr5	149187877	149188344	1	1	1	13	0	39
chr6	47577668	47594893	2	2	1	1	0	24
chr6	98939789	98941535	2	2	1	112	0	45
chr6	98939789	98944618	2	2	0	8	0	45
chr6	98941658	98944618	2	2	1	112	0	36
chr6	125162102	125162211	2	2	1	131	6	37
chr6	128371086	128371967	1	1	1	3901	0	43
chr6	128371086	128372530	1	1	1	1	0	49
chr6	128371086	128372533	1	1	1	8	0	46
chr6	128372013	128372278	1	1	0	1	0	27
chr6	128372013	128372504	1	1	0	19	0	26
chr6	128372013	128372509	1	1	0	6	0	31
chr6	128372013	128372530	1	1	1	507	0	47
chr6	128372013	128372533	1	1	1	3294	0	46
chr6	128372013	128372536	1	1	0	1	0	42
chr6	128372013	128372539	1	1	0	3	0	40
chr6	128372018	128372530	1	1	0	6	0	49
chr6	128372018	128372533	1	1	0	43	0	46
chr6	128372208	128372533	1	1	0	1	0	46
chr6	128372306	128372533	1	1	0	1	0	27
chr7	28331530	28338351	2	2	1	1	0	41
chr7	30192593	30192866	2	2	1	1	0	26
chr7	30192901	30193877	2	2	1	1	0	26
chr7	67240441	67244520	2	2	1	470	2	24
chr7	67240441	67251656	2	2	1	3089	3	45
chr7	67244545	67251656	2	2	1	471	2	24
chr7	102001660	102002294	1	1	1	1214	2	43
chr7	102001660	102007485	1	1	1	580	0	45
chr7	102002337	102007485	1	1	1	1207	2	42
chr7	102003812	102007485	1	1	0	1	0	38
chr7	102007534	102024980	1	1	0	1	0	13
chr7	112839481	112841887	1	1	1	5	0	41
chr7	112839481	112842039	1	1	1	84	0	41
chr7	112839481	112856052	1	1	1	1	0	12
chr7	112839481	112856797	1	1	1	3	0	41
chr7	112842103	112856052	1	1	1	83	0	12
chr7	112842103	112856797	1	1	1	5	0	37
chr7	112856065	112856797	1	1	1	85	0	14
chr7	127980247	127981190	1	1	1	11	0	30
chr7	127981292	127981410	1	1	1	17	0	6
chr8	25532429	25557730	1	1	1	2	0	44
chr8	25555775	25557730	1	1	1	1	0	37
chr8	33386064	33386329	1	1	0	7	0	46
chr8	47528031	47529328	2	2	1	3	0	4
chr8	95100453	95100646	2	2	1	674	0	31
chr8	95100453	95101408	2	2	0	127	0	46
chr8	95100674	95101408	2	2	1	674	0	42
chr8	123268550	123268744	2	2	1	95	0	47
chr9	43027296	43040539	2	2	1	146	0	40
chr9	43027296	43042590	2	2	1	127	0	46
chr9	43040597	43042590	2	2	1	146	0	45
chr9	80093642	80098885	1	1	1	8756	4	26
chr9	80093642	80098892	1	1	0	223	0	18
chr9	80093642	80103693	1	1	1	381	0	45
chr9	80098907	80099016	1	1	0	2	0	21
chr9	80098907	80101831	1	1	0	1	0	14
chr9	80098907	80103693	1	1	1	8970	4	24
chr9	80098907	80103698	1	1	0	12	0	21
chr9	80099049	80103693	1	1	0	2	0	37
chr9	80101891	80103693	1	1	0	1	0	37
chr9	114597607	114597794	2	2	1	516	0	38
chr9	114597607	114598704	2	2	0	14	0	42
chr9	114597825	114598704	2	2	0	9	0	30
chr9	114597831	114598704	2	2	1	506	0	36
chr11	20201653	20215629	1	1	1	1	0	33
chr11	20215703	20218812	1	1	1	1	0	17
chr11	79458907	79463232	1	1	1	9	0	42
chr11	79458907	79468716	1	1	1	157	0	42
chr11	79463296	79468716	1	1	1	9	0	38
chr11	94112147	94113262	1	1	1	100	0	23
chr11	94112147	94114172	1	1	1	476	1	32
chr11	94113302	94114172	1	1	1	103	0	39
chr11	102310577	102310925	2	2	1	30	0	42
chr11	102310577	102311379	2	2	1	489	0	46
chr11	102311037	102311379	2	2	1	30	0	46
chr12	17277305	17278513	1	1	1	1	0	18
chr12	17278645	17278835	1	1	1	1	0	30
chr12	71952560	71958746	1	1	1	57	0	27
chr12	71952560	71959805	1	1	1	34	0	43
chr12	71958774	71959805	1	1	1	57	0	31
chr12	83811361	83825258	2	2	1	71	0	33
chr12	83811361	83831921	2	2	1	352	1	41
chr12	83825292	83831921	2	2	1	71	0	33
chr12	113133338	113133495	1	1	0	123	16	44
chr12	113133338	113133540	1	1	1	1839	60	43
chr12	113133338	113135796	1	1	1	21	0	29
chr12	113133577	113134761	1	1	0	7	0	21
chr12	113133577	113134800	1	1	0	10	0	12
chr12	113133577	113135796	1	1	1	1850	76	29
chr12	113134813	113135796	1	1	0	18	0	29
chr13	46778990	46785245	2	2	0	2	0	44
chr13	46778994	46779694	2	2	0	1	0	39
chr13	46778994	46780545	2	2	0	2	0	40
chr13	46778994	46780625	2	2	1	550	1	43
chr13	46778994	46785245	2	2	1	2617	7	48
chr13	46779732	46785245	2	2	0	1	0	38
chr13	46780665	46785245	2	2	1	556	1	39
chr13	56084286	56089757	2	2	1	23	0	40
chr13	56084286	56096123	2	2	0	2	0	40
chr13	56089858	56096123	2	2	1	23	0	41
chr14	57643224	57643334	2	2	1	2	0	39
chr14	57643224	57648418	2	2	1	71	0	39
chr14	57643490	57648418	2	2	1	3	0	38
chr14	120389164	120395711	1	1	1	289	0	39
chr14	120389164	120396450	1	1	1	428	1	48
chr14	120395766	120396450	1	1	1	291	0	48
chr15	77102940	77105576	2	2	1	211	0	41
chr15	77102940	77113604	2	2	1	7	0	44
chr15	77105670	77113604	2	2	1	212	0	48
chr15	103242719	103243624	1	1	1	2	0	43
chr16	57178021	57181491	2	2	1	345	2	44
chr16	57178021	57182850	2	2	1	141	0	44
chr16	57181537	57182850	2	2	1	345	2	37
chr16	84831508	84834808	2	2	1	1	0	35
chr17	12979205	13846588	1	1	0	71	2	12
chr17	13846613	13848354	1	1	0	3	0	21
chr17	13846613	13849107	1	1	0	1	0	37
chr17	13846640	13847291	1	1	0	3	0	20
chr17	13846640	13848354	1	1	1	4622	6	22
chr17	13846640	13848358	1	1	0	1	0	17
chr17	13846640	13849107	1	1	1	6271	7	46
chr17	13846640	13849113	1	1	0	15	0	48
chr17	13846644	13848358	1	1	0	1	0	17
chr17	13847311	13848354	1	1	0	2	0	20
chr17	13848376	13849107	1	1	1	4608	7	27
chr17	13848376	13849113	1	1	0	22	0	21
chr17	45570567	45570665	2	2	1	393	0	42
chr17	45570800	45571017	2	2	1	404	0	21
chr17	51783067	51785528	2	2	1	1	0	40
chr17	51785641	51803430	2	2	1	1	0	14
chr18	53948155	53948644	1	1	1	18672	17	28
chr18	53948155	53948651	1	1	0	2	0	17
chr18	53948155	53953244	1	1	1	3726	11	44
chr18	53948666	53953244	1	1	0	17	0	21
chr18	53948669	53953244	1	1	1	18624	10	37
chr18	53948669	53953268	1	1	0	5	0	24
chr18	53949263	53953244	1	1	0	1	0	37
chr18	64515406	64516415	2	2	1	1	0	30
chr19	7281251	7282721	2	2	0	1	0	30
chr19	7281251	7282725	2	2	0	1	0	35
chr19	7281256	7281797	2	4	1	198	0	41
chr19	7281256	7282725	2	2	1	1619	3	35
chr19	7281960	7282725	2	2	1	207	0	35
chrX	159414893	159443922	1	1	1	1	0	27
