chr1	34295537	34296741	1	1	1	1	0	18
chr1	34295537	34299720	1	1	1	5	0	38
chr1	34296760	34299720	1	1	1	1	0	18
chr1	37885317	37890159	2	2	1	1	0	37
chr1	40010678	40011649	1	1	1	3	0	21
chr1	40010678	40014105	1	1	1	16	0	32
chr1	40011842	40014105	1	1	1	3	0	37
chr1	82735508	82747082	1	1	1	1	0	40
chr1	82735508	82750519	1	1	1	33	0	41
chr1	82747143	82750519	1	1	1	1	0	38
chr2	32292216	32296625	1	1	1	27	0	43
chr2	59932171	59933411	2	2	1	18	0	27
chr2	59932171	59933670	2	2	1	2	0	38
chr2	59933439	59933670	2	2	1	18	0	27
chr2	71849507	71853533	1	1	1	24	0	39
chr2	71849507	71855853	1	1	1	724	1	42
chr2	71853664	71855853	1	1	1	24	0	40
chr2	75662926	75663570	1	1	1	1	0	15
chr2	91001089	91001461	1	1	1	184	0	24
chr2	91001089	91003299	1	1	0	1	0	33
chr2	91001511	91003210	1	1	1	182	0	20
chr2	91003346	91003810	1	1	1	5	0	36
chr2	91159306	91160316	2	2	1	1	0	47
chr2	91159306	91162027	2	2	1	40	0	47
chr2	91160371	91162027	2	2	1	1	0	38
chr2	91681696	91682025	2	2	1	4	0	50
chr2	91681696	91684668	2	2	1	204	0	50
chr2	91682110	91684668	2	2	0	2	0	38
chr2	91682137	91684668	2	2	1	2	0	38
chr2	153670448	153670848	1	1	1	10	0	42
chr2	153670909	153672215	1	1	1	10	0	50
chr2	168752741	168754433	2	2	1	3725	4	47
chr3	60613521	60614682	1	1	1	28	0	44
chr3	60613521	60615619	1	1	1	9	0	44
chr3	60614737	60615619	1	1	1	28	0	38
chr3	87733505	87735344	1	1	0	34	0	39
chr3	88483947	88484046	2	2	1	64	1	38
chr3	88484155	88484614	2	2	1	65	1	39
chr3	119724187	119724611	2	2	1	877	1	34
chr3	119724187	119726065	2	2	1	1	0	29
chr3	119724646	119726065	2	2	1	899	1	38
chr4	31992517	31994873	1	1	1	547	1	40
chr4	31992517	32002088	1	1	1	317	2	49
chr4	31994955	32002088	1	1	1	546	1	49
chr4	107009769	107027216	1	1	1	10	0	38
chr4	107009769	107028192	1	1	1	70	0	43
chr4	107027298	107028192	1	1	1	10	0	41
chr4	107031092	107036935	1	1	1	1	0	29
chr5	23565266	23616326	2	2	1	69	0	45
chr5	72958287	72974530	1	1	1	9	0	41
chr5	149184807	149187707	1	1	1	25	0	44
chr5	149184807	149188344	1	1	1	99	0	44
chr5	149187835	149188344	1	1	1	5	0	39
chr5	149187864	149188344	1	1	0	2	0	39
chr5	149187877	149188344	1	1	1	19	0	39
chr6	51464548	51465178	2	2	1	1	0	36
chr6	51465242	51466141	2	2	1	2	0	42
chr6	72634233	72634303	2	2	0	1	0	36
chr6	72634233	72648800	2	2	1	739	0	42
chr6	72634233	72649119	2	2	1	1754	2	50
chr6	72648843	72649119	2	2	1	737	0	42
chr6	98939789	98941535	2	2	1	14	0	46
chr6	98939789	98944618	2	2	0	3	0	45
chr6	98941658	98944618	2	2	1	14	0	36
chr6	125162102	125162211	2	2	1	213	7	36
chr6	128371086	128371967	1	1	1	400	0	40
chr6	128371086	128372504	1	1	0	1	0	39
chr6	128371086	128372530	1	1	1	32	0	49
chr6	128371086	128372533	1	1	1	198	0	46
chr6	128372013	128372504	1	1	0	2	0	27
chr6	128372013	128372509	1	1	0	2	0	31
chr6	128372013	128372530	1	1	1	50	0	45
chr6	128372013	128372533	1	1	1	345	0	46
chr6	128372018	128372533	1	1	0	3	0	46
chr7	16378477	16387640	2	2	1	2	0	11
chr7	28811169	28813278	1	1	1	1	0	48
chr7	67240441	67244520	2	2	1	1	0	22
chr7	67240441	67251656	2	2	1	221	0	44
chr7	67244545	67251656	2	2	1	1	0	24
chr7	99849060	99858763	2	2	1	1	0	42
chr7	102001660	102002294	1	1	1	26	0	42
chr7	102001660	102007485	1	1	1	388	0	44
chr7	102002337	102007485	1	1	1	27	0	38
chr7	112839481	112841887	1	1	1	3	0	41
chr7	112839481	112842039	1	1	1	25	0	41
chr7	112839481	112856797	1	1	1	4	0	41
chr7	112841951	112856052	1	1	1	1	0	12
chr7	112841951	112856797	1	1	0	2	0	37
chr7	112842103	112856052	1	1	1	1	0	12
chr7	112842103	112856797	1	1	1	23	0	37
chr7	112856065	112856797	1	1	1	2	0	12
chr7	127980247	127981190	1	1	1	3	0	5
chr7	127981292	127981410	1	1	1	2	0	6
chr7	144861833	144862231	1	1	1	467	0	29
chr7	144862267	144862764	1	1	0	3	0	35
chr7	144862336	144862764	1	1	1	461	0	44
chr8	25555775	25557730	1	1	1	1	0	37
chr8	95100443	95100636	2	2	0	1	0	36
chr8	95100453	95100646	2	2	1	135	0	31
chr8	95100453	95101408	2	2	0	240	0	46
chr8	95100674	95101408	2	2	1	136	0	42
chr8	123268550	123268744	2	2	1	39	0	46
chr9	43027296	43040539	2	2	1	7	0	38
chr9	43027296	43042590	2	2	1	80	0	45
chr9	43040597	43042590	2	2	1	7	0	45
chr9	80093642	80098885	1	1	1	488	0	26
chr9	80093642	80098892	1	1	0	12	0	14
chr9	80093642	80103693	1	1	1	1991	0	48
chr9	80098907	80103693	1	1	1	499	0	23
chr9	114597607	114597794	2	2	1	83	0	38
chr9	114597607	114598704	2	2	0	107	0	42
chr9	114597831	114598704	2	2	1	83	0	36
chr11	20201653	20215629	1	1	1	1	0	32
chr11	20215703	20218812	1	1	1	1	0	18
chr11	64989449	64992220	1	1	1	1	0	25
chr11	64992360	64992438	1	1	1	1	0	11
chr11	79458907	79463232	1	1	1	4	0	42
chr11	79458907	79468716	1	1	1	10	0	42
chr11	79463296	79468716	1	1	1	4	0	38
chr11	94112147	94113262	1	1	1	4	0	21
chr11	94112147	94114172	1	1	1	87	0	32
chr11	94113302	94114172	1	1	1	4	0	39
chr11	102310577	102310925	2	2	1	18	0	42
chr11	102310577	102311379	2	2	1	72	0	45
chr11	102311037	102311379	2	2	1	17	0	45
chr12	71952560	71959805	1	1	1	59	0	43
chr12	71952560	71959809	1	1	0	1	0	45
chr12	83811361	83825258	2	2	1	51	0	34
chr12	83811361	83831921	2	2	1	45	1	41
chr12	83825292	83831921	2	2	1	51	0	33
chr12	113133338	113133495	1	1	0	2	0	42
chr12	113133338	113133540	1	1	1	94	0	41
chr12	113133338	113135796	1	1	1	255	0	29
chr12	113133577	113135796	1	1	1	94	0	29
chr13	46778994	46780625	2	2	1	72	0	40
chr13	46778994	46785245	2	2	1	336	0	45
chr13	46780665	46785245	2	2	1	72	0	39
chr13	56084286	56089757	2	2	1	5	0	40
chr13	56089858	56096123	2	2	1	5	0	38
chr14	57643224	57648418	2	2	1	46	0	40
chr14	120389164	120395711	1	1	1	102	0	38
chr14	120389164	120396450	1	1	1	38	0	48
chr14	120395766	120396450	1	1	1	108	0	48
chr15	77102940	77105576	2	2	1	36	0	40
chr15	77102940	77113604	2	2	1	3	0	44
chr15	77105670	77113604	2	2	1	36	0	48
chr15	103242719	103243624	1	1	1	0	2	33
chr16	57178021	57181491	2	2	1	11	0	43
chr16	57178021	57182850	2	2	1	424	1	44
chr16	57181537	57182850	2	2	1	11	0	33
chr17	12979205	13846588	1	1	0	6	0	12
chr17	13846640	13846831	1	1	0	1	0	38
chr17	13846640	13848354	1	1	1	175	0	21
chr17	13846640	13849107	1	1	1	2957	1	47
chr17	13846640	13849113	1	1	0	13	0	47
chr17	13846893	13849107	1	1	0	1	0	41
chr17	13848376	13849107	1	1	1	175	0	26
chr17	45570567	45570665	2	2	1	143	0	42
chr17	45570800	45571017	2	2	1	154	0	21
chr17	46590452	46590758	2	2	1	1	0	11
chr18	53948155	53948644	1	1	1	926	0	27
chr18	53948155	53953244	1	1	1	5277	2	45
chr18	53948167	53953244	1	1	0	3	0	37
chr18	53948669	53953244	1	1	1	922	0	26
chr19	7281251	7281791	2	2	0	1	0	43
chr19	7281256	7281797	2	4	1	26	0	38
chr19	7281256	7282725	2	2	1	116	0	35
chr19	7281960	7282725	2	2	1	28	0	26
chrX	73952667	73952825	2	2	1	4	0	10
