chr1	34295537	34296741	1	1	1	136	0	18
chr1	34295537	34299720	1	1	1	24	0	38
chr1	34296760	34299720	1	1	1	136	0	19
chr1	40010678	40011649	1	1	1	124	0	24
chr1	40010678	40011811	1	1	0	1	0	21
chr1	40010678	40014105	1	1	1	36	0	37
chr1	40011842	40014105	1	1	1	123	0	38
chr1	82735508	82741817	1	1	1	2	0	40
chr1	82735508	82747082	1	1	1	4	0	40
chr1	82735508	82750519	1	1	1	82	0	41
chr1	82747143	82750519	1	1	1	4	0	38
chr1	180851293	180855802	1	1	1	1	0	12
chr2	32292216	32293314	1	1	1	24	0	43
chr2	32292216	32296625	1	1	1	113	0	44
chr2	32293396	32296625	1	1	1	24	0	38
chr2	59926161	59932104	2	2	1	1	0	31
chr2	59932171	59933405	2	2	0	85	0	33
chr2	59932171	59933411	2	2	1	538	0	32
chr2	59932171	59933670	2	2	1	1	0	35
chr2	59933436	59933670	2	2	0	3	0	24
chr2	59933439	59933670	2	2	1	609	0	28
chr2	71849507	71853533	1	1	1	1029	1	43
chr2	71849507	71853890	1	1	0	1	0	39
chr2	71849507	71855853	1	1	1	2814	3	44
chr2	71849507	71855868	1	1	0	4	0	46
chr2	71853664	71855853	1	1	1	1088	1	41
chr2	71853948	71855853	1	1	0	1	0	40
chr2	75662926	75663570	1	1	1	3	0	5
chr2	91001089	91001461	1	1	1	902	2	34
chr2	91001089	91001479	1	1	0	1	0	24
chr2	91001089	91003299	1	1	0	3	0	33
chr2	91001511	91003210	1	1	1	890	2	31
chr2	91003238	91003810	1	1	0	2	0	27
chr2	91003346	91003810	1	1	1	28	1	36
chr2	91159300	91162027	2	2	0	4	0	41
chr2	91159306	91160316	2	2	1	377	0	47
chr2	91159306	91162027	2	2	1	640	1	47
chr2	91160371	91162027	2	2	1	380	0	41
chr2	91681696	91684668	2	2	1	278	0	50
chr3	60613521	60614682	1	1	1	1283	4	46
chr3	60613521	60614688	1	1	0	2	0	44
chr3	60613521	60615619	1	1	1	1122	2	46
chr3	60614737	60615619	1	1	1	1297	4	40
chr3	87733505	87734423	1	1	1	14	0	39
chr3	87733505	87735344	1	1	0	5	0	39
chr3	87734553	87735344	1	1	1	13	0	37
chr3	88483947	88484046	2	2	1	443	3	38
chr3	88484155	88484614	2	2	1	434	3	41
chr3	119724187	119724611	2	2	1	5534	3	34
chr3	119724187	119726065	2	2	1	16	0	29
chr3	119724646	119726065	2	2	1	5648	3	41
chr4	31992517	31994873	1	1	1	390	0	40
chr4	31992517	32002088	1	1	1	3988	4	49
chr4	31994955	32002088	1	1	1	390	0	49
chr4	46468788	46469882	1	1	1	3	0	31
chr4	107009769	107027216	1	1	1	9	0	38
chr4	107009769	107028192	1	1	1	78	0	41
chr4	107027298	107028192	1	1	1	13	0	41
chr5	23565266	23616326	2	2	1	722	0	46
chr5	72958287	72974530	1	1	1	101	0	43
chr5	116477146	116482389	2	2	1	3	0	33
chr5	116482532	116591333	2	2	0	3	0	45
chr5	116482537	116591333	2	2	1	846	5	50
chr5	149184807	149187707	1	1	1	29	0	43
chr5	149184807	149188344	1	1	1	748	1	44
chr5	149187835	149188344	1	1	1	3	0	39
chr5	149187864	149188344	1	1	0	1	0	39
chr5	149187877	149188344	1	1	1	25	0	39
chr6	47577668	47594893	2	2	1	1	0	26
chr6	98939789	98940994	2	2	1	1	0	43
chr6	98939789	98941535	2	2	1	225	0	46
chr6	98939789	98944618	2	2	0	24	0	45
chr6	98941165	98944618	2	2	0	1	0	36
chr6	98941658	98944618	2	2	1	225	0	47
chr6	125162102	125162211	2	2	1	623	25	36
chr6	128371086	128371967	1	1	1	3363	3	45
chr6	128371086	128372530	1	1	1	1	0	48
chr6	128371086	128372533	1	1	1	16	0	46
chr6	128372013	128372278	1	1	0	1	0	27
chr6	128372013	128372504	1	1	0	13	0	26
chr6	128372013	128372509	1	1	0	4	0	31
chr6	128372013	128372530	1	1	1	433	1	49
chr6	128372013	128372533	1	1	1	2891	2	46
chr6	128372013	128372536	1	1	0	2	0	43
chr6	128372018	128372504	1	1	0	1	0	26
chr6	128372018	128372530	1	1	0	2	0	49
chr6	128372018	128372533	1	1	0	29	0	46
chr6	128372306	128372533	1	1	0	1	0	27
chr7	13289496	13291186	1	1	1	2	0	23
chr7	13291313	13291455	1	1	1	2	0	31
chr7	67240441	67244520	2	2	1	120	0	24
chr7	67240441	67251656	2	2	1	1244	0	45
chr7	67244545	67251656	2	2	1	120	0	24
chr7	101288340	102001612	1	3	0	9	0	12
chr7	102001660	102002294	1	1	1	1867	2	43
chr7	102001660	102007485	1	1	1	668	1	45
chr7	102001665	102002300	1	1	0	1	1	36
chr7	102002337	102007485	1	1	1	1877	2	43
chr7	112839481	112841887	1	1	1	12	1	41
chr7	112839481	112842039	1	1	1	196	1	41
chr7	112839481	112856052	1	1	1	2	0	12
chr7	112839481	112856797	1	1	1	15	0	41
chr7	112841906	112842057	1	1	0	0	1	18
chr7	112841951	112856052	1	1	1	4	0	12
chr7	112842103	112856052	1	1	1	197	1	12
chr7	112842103	112856797	1	1	1	6	0	37
chr7	112856065	112856797	1	1	1	203	1	14
chr7	112856065	112856803	1	1	0	1	0	12
chr7	127980247	127981190	1	1	1	15	0	22
chr7	127981292	127981410	1	1	1	11	0	33
chr8	25532429	25557730	1	1	1	1	0	44
chr8	25555775	25557730	1	1	1	1	0	38
chr8	91688606	91932332	1	1	0	8	0	13
chr8	95100453	95100646	2	2	1	969	0	31
chr8	95100453	95101408	2	2	0	181	0	46
chr8	95100674	95101408	2	2	1	969	0	43
chr8	121628690	121651724	2	2	1	1	0	44
chr8	123268550	123268744	2	2	1	257	0	46
chr9	43027296	43040539	2	2	1	196	0	38
chr9	43027296	43042590	2	2	1	162	0	45
chr9	43040593	43042590	2	2	0	2	0	43
chr9	43040597	43042590	2	2	1	195	0	46
chr9	80093642	80094508	1	1	0	1	0	44
chr9	80093642	80098885	1	1	1	7112	1	26
chr9	80093642	80098892	1	1	0	182	0	14
chr9	80093642	80103693	1	1	1	170	0	45
chr9	80094574	80098885	1	1	0	1	0	16
chr9	80098907	80099016	1	1	0	1	0	21
chr9	80098907	80099229	1	1	0	1	0	21
chr9	80098907	80103693	1	1	1	7301	1	27
chr9	80098907	80103698	1	1	0	1	0	21
chr9	80099049	80103693	1	1	0	1	0	37
chr9	80099337	80103693	1	1	0	1	0	37
chr9	80101891	80103693	1	1	0	1	0	37
chr9	114597607	114597794	2	2	1	507	0	38
chr9	114597607	114598704	2	2	0	15	0	40
chr9	114597825	114598704	2	2	0	5	0	30
chr9	114597831	114598704	2	2	1	502	0	38
chr10	4089396	4089995	1	1	1	1	0	33
chr11	79458907	79463232	1	1	1	21	0	42
chr11	79458907	79468716	1	1	1	265	0	43
chr11	79463296	79468716	1	1	1	21	0	39
chr11	94112147	94113262	1	1	1	103	0	23
chr11	94112147	94113279	1	1	0	2	0	21
chr11	94112147	94114172	1	1	1	354	0	32
chr11	94113302	94114172	1	1	1	106	0	39
chr11	102310577	102310925	2	2	1	76	0	42
chr11	102310577	102311379	2	2	1	885	0	47
chr11	102311037	102311379	2	2	1	76	0	45
chr12	71952560	71958746	1	1	1	66	0	27
chr12	71952560	71959805	1	1	1	62	0	43
chr12	71958774	71959805	1	1	1	66	0	29
chr12	72656540	72657327	2	2	1	1	0	29
chr12	72657435	72659343	2	2	1	1	0	43
chr12	83811361	83811669	2	2	0	1	0	37
chr12	83811361	83825258	2	2	1	54	0	37
chr12	83811361	83831921	2	2	1	573	1	45
chr12	83811744	83831921	2	2	0	1	0	38
chr12	83825292	83831921	2	2	1	53	0	34
chr12	83825319	83831921	2	2	0	1	0	38
chr12	104697145	104700364	2	2	1	2	0	39
chr12	113133338	113133495	1	1	0	155	18	45
chr12	113133338	113133540	1	1	1	2257	75	43
chr12	113133338	113133551	1	1	0	4	0	25
chr12	113133338	113135796	1	1	1	17	0	29
chr12	113133577	113134761	1	1	0	1	0	21
chr12	113133577	113134800	1	1	0	9	0	14
chr12	113133577	113135796	1	1	1	2338	92	29
chr12	113134813	113135796	1	1	0	8	0	29
chr13	46778990	46785245	2	2	0	1	0	44
chr13	46778994	46780625	2	2	1	857	0	44
chr13	46778994	46785245	2	2	1	2721	10	45
chr13	46780665	46785245	2	2	1	856	0	39
chr13	56084286	56089757	2	2	1	73	0	40
chr13	56089858	56096123	2	2	1	74	0	38
chr14	8171531	8172763	2	2	1	1	0	35
chr14	8172818	8172890	2	2	1	1	0	41
chr14	57643224	57643334	2	2	1	4	0	39
chr14	57643224	57648418	2	2	1	170	0	40
chr14	57643490	57648418	2	2	1	4	0	38
chr14	120389164	120395711	1	1	1	263	0	39
chr14	120389164	120395717	1	1	0	1	0	38
chr14	120389164	120396450	1	1	1	514	1	48
chr14	120395766	120396450	1	1	1	272	0	48
chr15	77102940	77105576	2	2	1	302	0	41
chr15	77102940	77113604	2	2	1	8	0	44
chr15	77105670	77113604	2	2	1	299	0	48
chr15	77110206	77113604	2	2	0	1	0	42
chr15	103242719	103243624	1	1	1	0	1	33
chr16	57178021	57181491	2	2	1	398	0	44
chr16	57178021	57182850	2	2	1	173	0	43
chr16	57181537	57182850	2	2	1	397	0	42
chr17	12979205	13846588	1	1	0	36	2	12
chr17	13846640	13848354	1	1	1	4569	5	24
chr17	13846640	13849107	1	1	1	3854	8	45
chr17	13846640	13849113	1	1	0	24	0	47
chr17	13848376	13849107	1	1	1	4557	5	29
chr17	13848376	13849113	1	1	0	11	0	21
chr17	45570567	45570665	2	2	1	515	1	42
chr17	45570800	45571017	2	2	1	563	0	23
chr18	10726534	10740982	1	1	1	1	0	15
chr18	53948155	53948644	1	1	1	11028	9	28
chr18	53948155	53953244	1	1	1	1888	4	45
chr18	53948666	53953244	1	1	0	7	0	21
chr18	53948669	53953244	1	1	1	11014	7	37
chr18	53948669	53953268	1	1	0	1	0	24
chr18	53948673	53953244	1	1	0	1	0	28
chr19	7281251	7282725	2	2	0	1	0	26
chr19	7281256	7281797	2	4	1	204	1	41
chr19	7281256	7282725	2	2	1	1169	0	36
chr19	7281960	7282725	2	2	1	212	1	27
