chr1	34295537	34296741	1	1	1	55	0	18
chr1	34295537	34299720	1	1	1	12	0	38
chr1	34296760	34299720	1	1	1	55	0	19
chr1	40010678	40011649	1	1	1	63	0	21
chr1	40010678	40011783	1	1	0	1	0	21
chr1	40010678	40011811	1	1	0	1	0	21
chr1	40010678	40014105	1	1	1	36	0	32
chr1	40011842	40014105	1	1	1	64	0	37
chr1	82735508	82747082	1	1	1	2	0	40
chr1	82735508	82750519	1	1	1	52	0	40
chr1	82747143	82750519	1	1	1	2	0	38
chr2	32292216	32293314	1	1	1	11	0	43
chr2	32292216	32296625	1	1	1	97	0	43
chr2	32293396	32296625	1	1	1	11	0	38
chr2	59932171	59933405	2	2	0	55	0	37
chr2	59932171	59933411	2	2	1	349	0	31
chr2	59932171	59933670	2	2	1	3	0	37
chr2	59933439	59933670	2	2	1	397	0	31
chr2	71849507	71853533	1	1	1	337	0	39
chr2	71849507	71853890	1	1	0	1	0	39
chr2	71849507	71855853	1	1	1	2895	3	43
chr2	71849511	71855853	1	1	0	1	0	40
chr2	71853664	71855853	1	1	1	354	0	41
chr2	71853948	71855853	1	1	0	1	0	40
chr2	75662926	75663570	1	1	1	6	1	38
chr2	91001089	91001461	1	1	1	462	0	34
chr2	91001089	91003299	1	1	0	6	0	33
chr2	91001511	91003210	1	1	1	450	0	25
chr2	91003238	91003810	1	1	0	4	0	27
chr2	91003346	91003810	1	1	1	16	0	36
chr2	91159300	91162027	2	2	0	1	0	41
chr2	91159306	91160316	2	2	1	133	0	47
chr2	91159306	91162027	2	2	1	314	1	47
chr2	91160371	91162027	2	2	1	129	0	38
chr2	91681696	91684668	2	2	1	123	0	50
chr3	60422418	60613472	1	1	0	0	3	15
chr3	60613521	60614682	1	1	1	1014	2	45
chr3	60613521	60615619	1	1	1	753	2	45
chr3	60614737	60615619	1	1	1	1015	2	39
chr3	87733505	87734423	1	1	1	6	0	40
chr3	87733505	87735344	1	1	0	7	0	39
chr3	87734553	87735344	1	1	1	5	0	37
chr3	88483947	88484046	2	2	1	184	1	43
chr3	88484077	88484614	2	2	0	1	0	30
chr3	88484155	88484614	2	2	1	181	1	39
chr3	119724187	119724611	2	2	1	6398	5	34
chr3	119724187	119726065	2	2	1	17	0	29
chr3	119724646	119726065	2	2	1	6534	5	38
chr3	129825617	129826823	2	2	1	1	0	36
chr4	31992517	31994873	1	1	1	176	0	39
chr4	31992517	32002088	1	1	1	3226	4	49
chr4	31994955	32002088	1	1	1	175	0	49
chr4	107009769	107027216	1	1	1	4	0	38
chr4	107009769	107028192	1	1	1	80	0	41
chr4	107027298	107028192	1	1	1	7	0	41
chr4	149222365	149223229	2	2	1	1	0	35
chr5	23565266	23616326	2	2	1	599	0	46
chr5	72958287	72965803	1	1	1	1	0	37
chr5	72958287	72974530	1	1	1	51	0	48
chr5	72965882	72974530	1	1	1	1	0	41
chr5	116482532	116591333	2	2	0	7	0	45
chr5	116482537	116591333	2	2	1	971	5	50
chr5	149184807	149187707	1	1	1	13	0	43
chr5	149184807	149188344	1	1	1	559	1	44
chr5	149187835	149188344	1	1	1	1	0	39
chr5	149187877	149188344	1	1	1	11	0	39
chr5	149188474	149193839	1	1	1	1	0	25
chr6	47577668	47594893	2	2	1	1	0	34
chr6	72634233	72649119	2	2	1	1	0	40
chr6	98939789	98941535	2	2	1	117	1	46
chr6	98939789	98944618	2	2	0	8	0	45
chr6	98941658	98944618	2	2	1	117	1	36
chr6	125121682	125121931	1	1	1	1	0	42
chr6	125162102	125162211	2	2	1	205	8	36
chr6	125162102	125162309	2	2	0	1	0	35
chr6	128371086	128371967	1	1	1	2835	1	44
chr6	128371086	128372530	1	1	1	2	0	47
chr6	128371086	128372533	1	1	1	10	0	46
chr6	128372013	128372504	1	1	0	8	0	26
chr6	128372013	128372509	1	1	0	8	0	32
chr6	128372013	128372530	1	1	1	321	0	47
chr6	128372013	128372533	1	1	1	2460	1	46
chr6	128372013	128372536	1	1	0	3	0	43
chr6	128372013	128372539	1	1	0	2	0	40
chr6	128372018	128372530	1	1	0	4	0	49
chr6	128372018	128372533	1	1	0	33	0	46
chr7	25724845	25725923	2	2	1	1	0	41
chr7	30192593	30192866	2	2	1	1	0	32
chr7	30192901	30193877	2	2	1	1	0	26
chr7	67240441	67244520	2	2	1	91	0	24
chr7	67240441	67251656	2	2	1	819	1	44
chr7	67244545	67251656	2	2	1	91	0	24
chr7	101288340	102001612	1	3	0	6	0	12
chr7	102001660	102002294	1	1	1	1243	0	43
chr7	102001660	102007485	1	1	1	524	0	44
chr7	102002337	102007485	1	1	1	1241	0	41
chr7	102002538	102007485	1	1	0	1	0	38
chr7	112839481	112841887	1	1	1	2	1	41
chr7	112839481	112842039	1	1	1	73	1	41
chr7	112839481	112856052	1	1	1	2	0	12
chr7	112839481	112856797	1	1	1	2	0	41
chr7	112841906	112842057	1	1	0	0	1	18
chr7	112841951	112856052	1	1	1	1	0	12
chr7	112842103	112856052	1	1	1	72	1	12
chr7	112842103	112856797	1	1	1	3	0	37
chr7	112856065	112856797	1	1	1	75	1	12
chr7	127980247	127981190	1	1	1	5	0	8
chr7	127981292	127981410	1	1	1	4	0	6
chr8	25532429	25557730	1	1	1	2	0	44
chr8	72219861	72219940	1	1	1	1	0	30
chr8	95100453	95100646	2	2	1	799	2	31
chr8	95100453	95101408	2	2	0	187	0	46
chr8	95100674	95101408	2	2	1	800	2	42
chr8	95101447	95139983	2	2	0	0	1	15
chr8	123268550	123268744	2	2	1	186	0	47
chr9	43027296	43040539	2	2	1	74	0	39
chr9	43027296	43042590	2	2	1	123	0	46
chr9	43040597	43042590	2	2	1	75	0	45
chr9	80093642	80098885	1	1	1	5972	0	26
chr9	80093642	80098892	1	1	0	124	0	19
chr9	80093642	80103693	1	1	1	178	0	45
chr9	80098907	80103693	1	1	1	6097	0	24
chr9	114597607	114597794	2	2	1	286	1	38
chr9	114597607	114598704	2	2	0	12	0	42
chr9	114597825	114598704	2	2	0	2	0	30
chr9	114597831	114598704	2	2	1	284	1	38
chr11	26778879	26787397	2	2	0	0	1	13
chr11	79458907	79463232	1	1	1	3	0	42
chr11	79458907	79468716	1	1	1	132	0	43
chr11	79463296	79468716	1	1	1	3	0	38
chr11	94112147	94113262	1	1	1	56	0	21
chr11	94112147	94114172	1	1	1	306	0	32
chr11	94113302	94114172	1	1	1	57	0	39
chr11	100481848	100482144	2	2	1	13	0	36
chr11	102310577	102310925	2	2	1	31	0	42
chr11	102310577	102311379	2	2	1	672	0	47
chr11	102311037	102311379	2	2	1	32	0	45
chr12	71952560	71958746	1	1	1	43	0	27
chr12	71952560	71959805	1	1	1	24	0	43
chr12	71958774	71959805	1	1	1	43	0	27
chr12	83811361	83825258	2	2	1	35	0	33
chr12	83811361	83831921	2	2	1	324	0	41
chr12	83825292	83831921	2	2	1	35	0	33
chr12	113133338	113133495	1	1	0	61	6	44
chr12	113133338	113133540	1	1	1	1453	47	40
chr12	113133338	113135796	1	1	1	10	0	29
chr12	113133577	113134800	1	1	0	9	0	14
chr12	113133577	113135796	1	1	1	1467	53	29
chr12	113134813	113135796	1	1	0	8	0	12
chr13	46778994	46780625	2	2	1	523	1	42
chr13	46778994	46785245	2	2	1	2713	6	49
chr13	46780665	46785245	2	2	1	521	1	39
chr13	56084286	56089757	2	2	1	36	0	41
chr13	56089858	56096123	2	2	1	38	0	38
chr14	57643224	57648418	2	2	1	78	0	39
chr14	120389164	120395711	1	1	1	155	0	38
chr14	120389164	120396450	1	1	1	289	0	48
chr14	120395766	120396450	1	1	1	159	0	48
chr15	77102940	77105576	2	2	1	137	0	41
chr15	77102940	77113604	2	2	1	20	0	48
chr15	77105670	77113604	2	2	1	140	0	48
chr16	57178021	57181491	2	2	1	230	0	44
chr16	57178021	57182850	2	2	1	128	0	43
chr16	57181537	57182850	2	2	1	227	0	33
chr17	12979205	13846588	1	1	0	48	1	12
chr17	13846640	13848354	1	1	1	3768	4	22
chr17	13846640	13849107	1	1	1	4716	7	49
chr17	13846640	13849113	1	1	0	22	0	47
chr17	13848376	13849107	1	1	1	3763	4	29
chr17	45570567	45570665	2	2	1	510	0	44
chr17	45570800	45571017	2	2	1	526	0	24
chr17	51783067	51785528	2	2	1	1	0	40
chr17	51785641	51803430	2	2	1	1	0	14
chr18	53948155	53948644	1	1	1	11302	9	28
chr18	53948155	53953244	1	1	1	2043	5	44
chr18	53948666	53953244	1	1	0	6	0	21
chr18	53948669	53953244	1	1	1	11297	9	37
chr19	7281251	7282725	2	2	0	1	0	26
chr19	7281256	7281797	2	4	1	130	0	39
chr19	7281256	7282725	2	2	1	1319	0	36
chr19	7281960	7282725	2	2	1	130	0	26
chr19	23687546	23694320	1	1	1	1	0	37
