chr1	34295537	34296741	1	1	1	116	0	18
chr1	34295537	34299720	1	1	1	37	0	39
chr1	34296760	34299720	1	1	1	116	0	19
chr1	40010678	40011649	1	1	1	119	0	26
chr1	40010678	40011783	1	1	0	1	0	21
chr1	40010678	40014105	1	1	1	30	1	32
chr1	40011842	40014105	1	1	1	124	0	38
chr1	82735508	82741817	1	1	1	1	0	18
chr1	82735508	82747082	1	1	1	2	0	40
chr1	82735508	82750519	1	1	1	42	0	40
chr1	82747143	82750519	1	1	1	2	0	38
chr2	32292216	32293314	1	1	1	10	0	43
chr2	32292216	32296625	1	1	1	79	0	43
chr2	32293396	32296625	1	1	1	11	0	38
chr2	59926161	59932104	2	2	1	1	0	25
chr2	59932171	59933405	2	2	0	53	0	37
chr2	59932171	59933411	2	2	1	361	0	31
chr2	59932171	59933670	2	2	1	1	0	30
chr2	59933439	59933670	2	2	1	406	0	28
chr2	71849489	71855853	1	1	0	1	0	40
chr2	71849507	71853533	1	1	1	848	1	43
chr2	71849507	71853890	1	1	0	2	0	39
chr2	71849507	71855853	1	1	1	2720	3	43
chr2	71849507	71855868	1	1	0	8	0	46
chr2	71853664	71855853	1	1	1	875	0	44
chr2	71853948	71855853	1	1	0	2	0	40
chr2	75662926	75663570	1	1	1	2	1	40
chr2	91001089	91001461	1	1	1	624	1	34
chr2	91001511	91003210	1	1	1	625	1	21
chr2	91001511	91003299	1	1	0	1	0	46
chr2	91003346	91003810	1	1	1	17	0	36
chr2	91159300	91162027	2	2	0	1	0	41
chr2	91159306	91160316	2	2	1	247	0	47
chr2	91159306	91162027	2	2	1	422	1	47
chr2	91160371	91162027	2	2	1	249	0	40
chr2	91681696	91684668	2	2	1	170	0	50
chr2	91681831	91684668	2	2	0	1	0	38
chr3	60613521	60614682	1	1	1	1603	1	45
chr3	60613521	60614688	1	1	0	1	0	38
chr3	60613521	60615619	1	1	1	1448	4	46
chr3	60614737	60615619	1	1	1	1601	1	39
chr3	87733505	87734423	1	1	1	16	0	39
chr3	87733505	87735344	1	1	0	10	0	39
chr3	87734553	87735344	1	1	1	16	0	37
chr3	88483947	88484046	2	2	1	304	1	38
chr3	88484155	88484614	2	2	1	302	1	40
chr3	119724187	119724611	2	2	1	4403	2	34
chr3	119724187	119726065	2	2	1	14	0	29
chr3	119724646	119726065	2	2	1	4482	2	38
chr3	129825617	129826823	2	2	1	4	0	36
chr4	31992517	31994873	1	1	1	187	0	39
chr4	31992517	32002088	1	1	1	3318	3	49
chr4	31994955	32002088	1	1	1	185	0	49
chr4	107009769	107027216	1	1	1	19	1	38
chr4	107009769	107028192	1	1	1	171	0	41
chr4	107027298	107028192	1	1	1	21	1	41
chr4	107031092	107036935	1	1	1	1	0	28
chr4	139473637	139476130	1	1	1	1	0	8
chr5	23565266	23616326	2	2	1	863	2	46
chr5	23615836	23616326	2	2	0	1	0	45
chr5	72958287	72965803	1	1	1	2	0	37
chr5	72958287	72974530	1	1	1	44	0	41
chr5	72965882	72974530	1	1	1	2	0	42
chr5	116477146	116482389	2	2	1	2	0	23
chr5	116482537	116591333	2	2	1	809	0	50
chr5	149184807	149187707	1	1	1	16	0	43
chr5	149184807	149188344	1	1	1	604	2	45
chr5	149187877	149188344	1	1	1	15	0	39
chr6	47577668	47594893	2	2	1	1	0	34
chr6	98939789	98941535	2	2	1	116	0	46
chr6	98939789	98944618	2	2	0	9	0	45
chr6	98941658	98944618	2	2	1	115	0	36
chr6	125162102	125162211	2	2	1	318	10	36
chr6	128371086	128371967	1	1	1	3496	2	45
chr6	128371086	128371980	1	1	0	1	0	32
chr6	128371086	128372533	1	1	1	9	0	46
chr6	128372013	128372504	1	1	0	20	0	26
chr6	128372013	128372509	1	1	0	8	0	31
chr6	128372013	128372530	1	1	1	418	0	47
chr6	128372013	128372533	1	1	1	3018	2	46
chr6	128372013	128372536	1	1	0	1	0	43
chr6	128372013	128372539	1	1	0	3	0	40
chr6	128372018	128372530	1	1	0	4	0	49
chr6	128372018	128372533	1	1	0	34	0	46
chr7	30192593	30192866	2	2	1	1	0	34
chr7	30192901	30193877	2	2	1	1	0	12
chr7	67240441	67244520	2	2	1	205	0	24
chr7	67240441	67251656	2	2	1	1382	0	45
chr7	67244545	67251656	2	2	1	206	0	24
chr7	102001660	102002294	1	1	1	1535	1	44
chr7	102001660	102007485	1	1	1	404	0	43
chr7	102001665	102002300	1	1	0	0	1	36
chr7	102002337	102007485	1	1	1	1537	2	42
chr7	112839481	112841887	1	1	1	1	0	41
chr7	112839481	112842039	1	1	1	99	0	41
chr7	112839481	112856052	1	1	1	2	0	12
chr7	112839481	112856797	1	1	1	7	0	41
chr7	112842103	112856052	1	1	1	95	0	12
chr7	112842103	112856797	1	1	1	2	0	37
chr7	112856065	112856797	1	1	1	98	0	14
chr7	127980247	127981190	1	1	1	14	0	2
chr7	127981292	127981410	1	1	1	18	0	6
chr8	25532429	25557730	1	1	1	7	0	44
chr8	25555775	25557730	1	1	1	2	0	37
chr8	95100453	95100646	2	2	1	1027	3	31
chr8	95100453	95101408	2	2	0	130	0	46
chr8	95100674	95101408	2	2	1	1027	3	42
chr8	95101447	95139983	2	2	0	0	2	15
chr8	123268550	123268744	2	2	1	231	0	49
chr9	43027296	43040539	2	2	1	109	0	38
chr9	43027296	43042590	2	2	1	125	0	45
chr9	43040593	43042590	2	2	0	1	0	45
chr9	43040597	43042590	2	2	1	107	0	45
chr9	80093642	80098885	1	1	1	6335	3	26
chr9	80093642	80098892	1	1	0	133	0	15
chr9	80093642	80103693	1	1	1	212	0	45
chr9	80098907	80099016	1	1	0	2	0	21
chr9	80098907	80101831	1	1	0	1	0	21
chr9	80098907	80103693	1	1	1	6462	3	24
chr9	80098907	80103698	1	1	0	4	0	21
chr9	80099049	80103693	1	1	0	2	0	37
chr9	80101891	80103693	1	1	0	1	0	37
chr9	114597607	114597794	2	2	1	412	1	38
chr9	114597607	114598704	2	2	0	18	0	43
chr9	114597825	114598704	2	2	0	8	0	30
chr9	114597831	114598704	2	2	1	399	1	36
chr10	85951455	85953436	2	2	1	1	0	25
chr11	26778879	26787397	2	2	0	0	1	13
chr11	78233684	78245547	2	2	1	1	0	28
chr11	79458907	79463232	1	1	1	16	0	42
chr11	79458907	79468716	1	1	1	161	1	45
chr11	79463296	79468716	1	1	1	17	0	39
chr11	94112147	94113262	1	1	1	81	0	21
chr11	94112147	94114172	1	1	1	293	1	32
chr11	94113302	94114172	1	1	1	82	0	39
chr11	102310577	102310925	2	2	1	46	1	42
chr11	102310577	102311379	2	2	1	642	0	46
chr11	102310577	102311403	2	2	0	1	0	21
chr11	102311037	102311379	2	2	1	46	1	45
chr12	71952560	71958746	1	1	1	42	0	27
chr12	71952560	71959805	1	1	1	47	0	43
chr12	71958774	71959805	1	1	1	42	0	27
chr12	71959913	71971093	1	1	1	1	0	21
chr12	83811361	83825258	2	2	1	32	0	33
chr12	83811361	83831921	2	2	1	369	0	41
chr12	83825292	83831921	2	2	1	32	0	33
chr12	113133338	113133495	1	1	0	137	21	43
chr12	113133338	113133540	1	1	1	1859	59	40
chr12	113133338	113135796	1	1	1	16	0	29
chr12	113133577	113134761	1	1	0	1	0	21
chr12	113133577	113134800	1	1	0	12	0	14
chr12	113133577	113135796	1	1	1	1950	80	30
chr12	113134813	113135796	1	1	0	12	0	29
chr13	46778994	46780625	2	2	1	612	1	41
chr13	46778994	46785245	2	2	1	2055	7	48
chr13	46780665	46785245	2	2	1	614	1	39
chr13	56084286	56089757	2	2	1	60	0	40
chr13	56084286	56096123	2	2	0	2	0	40
chr13	56089858	56096123	2	2	1	61	0	42
chr14	57643224	57648418	2	2	1	94	0	47
chr14	120389164	120395711	1	1	1	169	0	38
chr14	120389164	120396450	1	1	1	346	0	48
chr14	120395766	120396450	1	1	1	172	0	48
chr15	77102940	77105576	2	2	1	201	0	44
chr15	77102940	77113604	2	2	1	23	0	48
chr15	77105670	77113604	2	2	1	201	0	48
chr15	103242719	103243624	1	1	1	0	1	33
chr16	57178021	57181491	2	2	1	280	2	44
chr16	57178021	57182850	2	2	1	71	1	43
chr16	57181537	57182850	2	2	1	276	2	33
chr16	84831508	84834808	2	2	1	1	0	11
chr17	12979205	13846588	1	1	0	43	2	12
chr17	13846613	13848354	1	1	0	3	0	21
chr17	13846640	13848354	1	1	1	3952	8	22
chr17	13846640	13848361	1	1	0	1	0	14
chr17	13846640	13849107	1	1	1	4642	10	45
chr17	13846640	13849113	1	1	0	9	0	47
chr17	13846644	13848358	1	1	0	1	0	17
chr17	13848376	13849107	1	1	1	3946	8	41
chr17	13848376	13849113	1	1	0	11	0	21
chr17	34903479	34905128	1	1	1	1	0	18
chr17	45570567	45570665	2	2	1	665	1	37
chr17	45570800	45571017	2	2	1	745	1	21
chr18	53948155	53948644	1	1	1	12667	11	33
chr18	53948155	53948651	1	1	0	2	0	17
chr18	53948155	53948655	1	1	0	2	0	13
chr18	53948155	53953244	1	1	1	1988	4	42
chr18	53948666	53953244	1	1	0	6	0	21
chr18	53948669	53953244	1	1	1	12655	9	37
chr18	53948673	53953244	1	1	0	1	0	28
chr19	7281256	7281797	2	4	1	190	0	40
chr19	7281256	7282725	2	2	1	1125	1	36
chr19	7281960	7282725	2	2	1	196	0	35
