chr1	34295537	34296741	1	1	1	141	0	18
chr1	34295537	34299720	1	1	1	22	0	39
chr1	34296760	34299720	1	1	1	141	0	19
chr1	40010678	40011649	1	1	1	114	0	21
chr1	40010678	40011783	1	1	0	1	0	21
chr1	40010678	40011787	1	1	0	1	0	21
chr1	40010678	40011811	1	1	0	2	0	21
chr1	40010678	40014105	1	1	1	37	1	32
chr1	40011842	40014105	1	1	1	115	0	46
chr1	58558058	58565856	2	2	1	1	0	38
chr1	58565955	58586211	2	2	1	2	0	49
chr1	82735508	82741817	1	1	1	2	0	40
chr1	82735508	82750519	1	1	1	52	0	40
chr1	82741977	82750519	1	1	1	1	0	38
chr1	82747143	82750519	1	1	1	1	0	38
chr2	32292216	32293314	1	1	1	18	0	43
chr2	32292216	32296625	1	1	1	78	0	43
chr2	32293396	32296625	1	1	1	18	0	38
chr2	59932171	59933405	2	2	0	75	0	37
chr2	59932171	59933411	2	2	1	405	0	32
chr2	59932171	59933670	2	2	1	3	0	39
chr2	59933439	59933670	2	2	1	476	0	28
chr2	71849507	71853533	1	1	1	639	1	41
chr2	71849507	71855853	1	1	1	1782	2	41
chr2	71853664	71855853	1	1	1	646	1	41
chr2	75662926	75663570	1	1	1	4	0	27
chr2	91001089	91001461	1	1	1	802	0	34
chr2	91001089	91003299	1	1	0	1	0	33
chr2	91001511	91003210	1	1	1	796	0	26
chr2	91001511	91003299	1	1	0	2	0	46
chr2	91003238	91003810	1	1	0	1	0	27
chr2	91003346	91003810	1	1	1	24	0	36
chr2	91159300	91162027	2	2	0	2	0	41
chr2	91159306	91160316	2	2	1	249	0	47
chr2	91159306	91162027	2	2	1	403	2	47
chr2	91160371	91162027	2	2	1	254	0	39
chr2	91681696	91684668	2	2	1	163	0	50
chr3	60613521	60614682	1	1	1	1299	1	46
chr3	60613521	60615619	1	1	1	975	0	45
chr3	60614737	60615619	1	1	1	1276	1	41
chr3	87733505	87734423	1	1	1	9	1	39
chr3	87733505	87735344	1	1	0	11	0	39
chr3	87734553	87735344	1	1	1	10	1	37
chr3	88483947	88484046	2	2	1	166	0	41
chr3	88483947	88484614	2	2	0	1	0	38
chr3	88484155	88484614	2	2	1	170	0	40
chr3	119724187	119724611	2	2	1	5552	0	34
chr3	119724187	119726065	2	2	1	18	0	29
chr3	119724646	119726065	2	2	1	5740	0	38
chr4	31992517	31994873	1	1	1	306	0	39
chr4	31992517	32002088	1	1	1	3097	4	49
chr4	31994955	32002088	1	1	1	299	0	50
chr4	107009769	107027216	1	1	1	15	0	38
chr4	107009769	107028192	1	1	1	105	0	43
chr4	107027298	107028192	1	1	1	18	0	41
chr5	23565266	23616326	2	2	1	597	2	46
chr5	72958287	72965803	1	1	1	1	0	37
chr5	72958287	72974530	1	1	1	74	0	45
chr5	72965882	72974530	1	1	1	1	0	41
chr5	116477146	116482389	2	2	1	2	0	18
chr5	116482537	116591333	2	2	1	776	6	50
chr5	149184807	149185484	1	1	1	1	0	43
chr5	149184807	149187707	1	1	1	15	0	43
chr5	149184807	149188344	1	1	1	519	1	44
chr5	149185662	149188344	1	1	0	1	0	39
chr5	149187835	149188344	1	1	1	2	0	39
chr5	149187864	149188344	1	1	0	1	0	39
chr5	149187877	149188344	1	1	1	12	0	39
chr6	47577668	47594893	2	2	1	1	0	32
chr6	98939789	98940994	2	2	1	1	0	45
chr6	98939789	98941535	2	2	1	175	0	45
chr6	98939789	98944618	2	2	0	7	0	45
chr6	98941165	98944618	2	2	0	1	0	36
chr6	98941658	98944618	2	2	1	176	0	36
chr6	125121682	125121931	1	1	1	9	0	42
chr6	125162102	125162211	2	2	1	220	5	36
chr6	125162121	125162211	2	2	0	1	0	16
chr6	128371086	128371967	1	1	1	3475	1	45
chr6	128371086	128372530	1	1	1	2	0	49
chr6	128371086	128372533	1	1	1	8	0	46
chr6	128372013	128372504	1	1	0	20	0	27
chr6	128372013	128372509	1	1	0	7	0	31
chr6	128372013	128372530	1	1	1	438	0	49
chr6	128372013	128372533	1	1	1	2965	1	46
chr6	128372013	128372539	1	1	0	1	0	40
chr6	128372018	128372530	1	1	0	3	0	49
chr6	128372018	128372533	1	1	0	34	0	46
chr7	25724845	25725923	2	2	1	1	0	37
chr7	67240441	67244520	2	2	1	154	0	24
chr7	67240441	67251656	2	2	1	932	1	44
chr7	67244545	67251656	2	2	1	154	0	24
chr7	102001660	102002294	1	1	1	1504	2	43
chr7	102001660	102007485	1	1	1	513	0	43
chr7	102001665	102002300	1	1	0	0	1	36
chr7	102002337	102007485	1	1	1	1492	2	42
chr7	112839481	112841887	1	1	1	6	0	41
chr7	112839481	112842039	1	1	1	132	0	41
chr7	112839481	112856052	1	1	1	2	0	12
chr7	112839481	112856797	1	1	1	11	0	41
chr7	112841951	112856052	1	1	1	3	0	12
chr7	112842103	112856052	1	1	1	124	0	12
chr7	112842103	112856797	1	1	1	7	0	38
chr7	112856065	112856797	1	1	1	131	0	14
chr7	127974435	127975887	1	1	1	1	0	4
chr7	127975921	127977217	1	1	1	1	0	33
chr7	127980247	127981190	1	1	1	6	0	3
chr7	127981292	127981410	1	1	1	7	0	6
chr8	11423625	11423716	1	1	1	1	0	33
chr8	25532429	25555507	1	1	1	1	0	19
chr8	25532429	25557730	1	1	1	1	0	44
chr8	95100453	95100646	2	2	1	770	2	46
chr8	95100453	95101408	2	2	0	125	0	46
chr8	95100674	95101408	2	2	1	768	2	42
chr8	95100700	95101408	2	2	0	2	0	44
chr8	123268550	123268744	2	2	1	208	0	47
chr8	123268576	123268744	2	2	0	1	0	45
chr9	43027296	43040539	2	2	1	102	0	38
chr9	43027296	43042590	2	2	1	104	0	45
chr9	43040593	43042590	2	2	0	1	0	43
chr9	43040597	43042590	2	2	1	98	0	45
chr9	80093642	80098885	1	1	1	6616	6	26
chr9	80093642	80098892	1	1	0	166	0	14
chr9	80093642	80103693	1	1	1	184	0	45
chr9	80098907	80103693	1	1	1	6775	6	24
chr9	80098907	80103698	1	1	0	1	0	21
chr9	80099049	80103693	1	1	0	1	0	37
chr9	80101891	80103693	1	1	0	1	0	37
chr9	80111454	80113726	1	1	1	1	0	26
chr9	114597607	114597794	2	2	1	442	0	38
chr9	114597607	114598704	2	2	0	18	0	41
chr9	114597825	114598704	2	2	0	4	0	30
chr9	114597831	114598704	2	2	1	438	0	39
chr10	4089396	4089995	1	1	1	1	0	15
chr11	79458907	79463232	1	1	1	25	0	42
chr11	79458907	79468716	1	1	1	188	0	45
chr11	79463296	79468716	1	1	1	25	0	39
chr11	83497297	83497893	1	1	1	1	0	16
chr11	83497927	83499072	1	1	1	1	0	33
chr11	83504711	83504830	1	1	1	1	0	5
chr11	94112147	94113262	1	1	1	94	0	21
chr11	94112147	94114172	1	1	1	393	0	32
chr11	94113302	94114172	1	1	1	95	0	39
chr11	100481848	100482144	2	2	1	1	0	35
chr11	102310577	102310925	2	2	1	34	0	42
chr11	102310577	102311379	2	2	1	721	1	45
chr11	102311037	102311379	2	2	1	34	0	45
chr12	71952560	71958746	1	1	1	47	0	27
chr12	71952560	71959805	1	1	1	50	0	43
chr12	71958774	71959805	1	1	1	47	0	29
chr12	83811361	83825258	2	2	1	50	0	33
chr12	83811361	83831921	2	2	1	353	0	44
chr12	83825292	83831921	2	2	1	50	0	33
chr12	113133338	113133495	1	1	0	110	9	45
chr12	113133338	113133540	1	1	1	1447	45	42
chr12	113133338	113135796	1	1	1	10	0	29
chr12	113133577	113134800	1	1	0	12	0	14
chr12	113133577	113135796	1	1	1	1479	53	29
chr12	113134813	113135796	1	1	0	9	0	12
chr13	3888523	3888870	2	2	1	1	0	19
chr13	46778994	46780545	2	2	0	1	0	40
chr13	46778994	46780625	2	2	1	538	1	41
chr13	46778994	46785245	2	2	1	2233	2	49
chr13	46780665	46785245	2	2	1	548	1	40
chr13	56084286	56089757	2	2	1	54	0	40
chr13	56084286	56096123	2	2	0	2	0	40
chr13	56089858	56096123	2	2	1	54	0	41
chr14	55022207	55023049	1	1	1	1	0	31
chr14	57643224	57643334	2	2	1	2	0	39
chr14	57643224	57648418	2	2	1	139	0	45
chr14	57643490	57648418	2	2	1	2	0	38
chr14	120389158	120395711	1	1	0	1	0	44
chr14	120389164	120395711	1	1	1	304	0	39
chr14	120389164	120395717	1	1	0	1	0	38
chr14	120389164	120396450	1	1	1	504	0	48
chr14	120395766	120396450	1	1	1	307	0	48
chr15	77102940	77105576	2	2	1	217	0	40
chr15	77102940	77113604	2	2	1	9	0	44
chr15	77105670	77113604	2	2	1	219	0	48
chr15	103242719	103243624	1	1	1	0	3	33
chr16	57178009	57181491	2	2	0	1	0	45
chr16	57178021	57181491	2	2	1	306	0	45
chr16	57178021	57182850	2	2	1	125	0	44
chr16	57181537	57182850	2	2	1	307	0	33
chr17	12979205	13846588	1	1	0	27	0	12
chr17	13846640	13848354	1	1	1	3633	5	24
chr17	13846640	13848361	1	1	0	6	0	14
chr17	13846640	13849107	1	1	1	4255	12	44
chr17	13846640	13849113	1	1	0	23	0	47
chr17	13848376	13849107	1	1	1	3631	5	29
chr17	13848376	13849113	1	1	0	4	0	21
chr17	14702017	14709818	2	2	0	1	0	13
chr17	45570567	45570665	2	2	1	390	0	42
chr17	45570800	45571017	2	2	1	425	0	23
chr18	10726534	10740982	1	1	1	2	0	15
chr18	53948155	53948381	1	1	0	1	0	39
chr18	53948155	53948644	1	1	1	9925	9	33
chr18	53948155	53953244	1	1	1	1643	2	45
chr18	53948155	53953268	1	1	0	2	0	40
chr18	53948666	53953244	1	1	0	3	0	21
chr18	53948669	53949681	1	1	0	1	0	15
chr18	53948669	53953244	1	1	1	9899	9	37
chr18	53948673	53953244	1	1	0	4	0	28
chr18	53949588	53953244	1	1	0	1	0	35
chr18	53949705	53953244	1	1	0	1	0	23
chr18	64515406	64516415	2	2	1	1	0	28
chr19	7281251	7282725	2	2	0	2	0	31
chr19	7281256	7281797	2	4	1	166	0	39
chr19	7281256	7282725	2	2	1	1024	0	36
chr19	7281960	7282725	2	2	1	178	0	35
