chr1	34295537	34296741	1	1	1	37	0	18
chr1	34295537	34299720	1	1	1	210	0	43
chr1	34296760	34299720	1	1	1	37	0	19
chr1	40010678	40011649	1	1	1	16	0	22
chr1	40010678	40011787	1	1	0	1	0	21
chr1	40010678	40014105	1	1	1	51	2	32
chr1	40011842	40014105	1	1	1	17	0	37
chr1	82735508	82747082	1	1	1	4	0	40
chr1	82735508	82750519	1	1	1	89	0	41
chr1	82747143	82750519	1	1	1	4	0	38
chr2	32292216	32293314	1	1	1	1	0	43
chr2	32292216	32296625	1	1	1	82	0	43
chr2	32293396	32296625	1	1	1	1	0	38
chr2	59932171	59933405	2	2	0	11	0	33
chr2	59932171	59933411	2	2	1	64	0	31
chr2	59932171	59933670	2	2	1	15	0	38
chr2	59933439	59933670	2	2	1	74	0	28
chr2	71849507	71853533	1	1	1	21	0	39
chr2	71849507	71855853	1	1	1	1874	0	44
chr2	71853664	71855853	1	1	1	20	0	40
chr2	75662926	75663570	1	1	1	4	0	40
chr2	91001089	91001461	1	1	1	599	2	34
chr2	91001511	91003210	1	1	1	587	2	26
chr2	91001511	91003299	1	1	0	1	0	46
chr2	91003238	91003810	1	1	0	2	0	27
chr2	91003346	91003810	1	1	1	19	0	36
chr2	91159306	91160316	2	2	1	3	0	47
chr2	91159306	91162027	2	2	1	205	0	47
chr2	91160371	91162027	2	2	1	3	0	38
chr2	91681696	91682025	2	2	1	1	0	50
chr2	91681696	91684668	2	2	1	677	1	50
chr2	91682137	91684668	2	2	1	2	0	38
chr2	153670448	153670848	1	1	1	71	0	44
chr2	153670909	153672215	1	1	1	66	0	50
chr2	160715828	160717386	1	1	1	1	0	43
chr2	168752731	168754433	2	2	0	1	0	42
chr2	168752741	168754433	2	2	1	16078	14	46
chr3	60613521	60614682	1	1	1	97	0	45
chr3	60613521	60615619	1	1	1	21	0	45
chr3	60614737	60615619	1	1	1	98	0	38
chr3	87733505	87734423	1	1	1	4	0	39
chr3	87733505	87735344	1	1	0	150	0	40
chr3	87734553	87735344	1	1	1	4	0	37
chr3	88483947	88484046	2	2	1	98	0	38
chr3	88483947	88484614	2	2	0	2	0	38
chr3	88484155	88484614	2	2	1	101	0	42
chr3	119724187	119724611	2	2	1	2041	0	34
chr3	119724187	119726065	2	2	1	7	0	29
chr3	119724646	119726065	2	2	1	2115	1	38
chr3	122590244	122619529	2	2	1	1	0	30
chr3	129825617	129826823	2	2	1	1	0	31
chr4	31992517	31993403	1	1	0	3	0	21
chr4	31992517	31994873	1	1	1	1471	1	40
chr4	31992517	32002088	1	1	1	692	1	49
chr4	31993425	31994873	1	1	0	3	0	17
chr4	31994955	32002088	1	1	1	1434	1	49
chr4	46468788	46469882	1	1	1	3	0	43
chr4	107009769	107027216	1	1	1	30	0	38
chr4	107009769	107028192	1	1	1	173	0	47
chr4	107027298	107028192	1	1	1	33	0	41
chr5	23565266	23616326	2	2	1	139	0	46
chr5	65388442	65388561	2	2	1	1	0	29
chr5	72958287	72965803	1	1	1	1	0	37
chr5	72958287	72974530	1	1	1	30	0	41
chr5	72965882	72974530	1	1	1	1	0	41
chr5	108433338	108433730	2	2	1	1	0	14
chr5	116482537	116591333	2	2	1	3	0	50
chr5	149184807	149185484	1	1	1	1	0	42
chr5	149184807	149187707	1	1	1	38	0	44
chr5	149184807	149188344	1	1	1	262	0	44
chr5	149187806	149188344	1	1	0	1	0	39
chr5	149187835	149188344	1	1	1	4	0	39
chr5	149187877	149188344	1	1	1	34	0	40
chr6	72634233	72648800	2	2	1	3732	3	42
chr6	72634233	72649119	2	2	1	8115	8	50
chr6	72648843	72649119	2	2	1	3731	3	42
chr6	98939789	98940994	2	2	1	4	0	45
chr6	98939789	98941535	2	2	1	76	0	46
chr6	98939789	98944618	2	2	0	21	0	45
chr6	98941165	98944618	2	2	0	4	0	36
chr6	98941658	98944618	2	2	1	77	0	36
chr6	125162102	125162211	2	2	1	546	16	37
chr6	128371086	128371967	1	1	1	1719	1	43
chr6	128371086	128371980	1	1	0	1	0	32
chr6	128371086	128372504	1	1	0	1	0	39
chr6	128371086	128372530	1	1	1	111	0	49
chr6	128371086	128372533	1	1	1	901	1	46
chr6	128371086	128372536	1	1	0	1	0	43
chr6	128371086	128372539	1	1	0	2	0	40
chr6	128372013	128372278	1	1	0	1	0	25
chr6	128372013	128372504	1	1	0	3	0	26
chr6	128372013	128372509	1	1	0	2	0	31
chr6	128372013	128372530	1	1	1	252	1	49
chr6	128372013	128372533	1	1	1	1431	0	46
chr6	128372018	128372530	1	1	0	1	0	49
chr6	128372018	128372533	1	1	0	27	0	46
chr6	128372208	128372533	1	1	0	1	0	46
chr6	128372306	128372530	1	1	0	1	0	27
chr7	25724845	25725923	2	2	1	1	0	38
chr7	36698290	36768627	1	1	1	1	0	26
chr7	67240441	67244520	2	2	1	2	0	24
chr7	67240441	67251656	2	2	1	432	0	44
chr7	67244545	67251656	2	2	1	2	0	24
chr7	101288340	102001612	1	3	0	5	0	12
chr7	102001660	102002294	1	1	1	285	0	43
chr7	102001660	102007485	1	1	1	4208	0	49
chr7	102002337	102007485	1	1	1	284	0	39
chr7	102007534	102029760	1	1	0	1	0	13
chr7	112839481	112841887	1	1	1	7	2	41
chr7	112839481	112842039	1	1	1	144	2	41
chr7	112839481	112856052	1	1	1	3	0	12
chr7	112839481	112856797	1	1	1	27	0	41
chr7	112841906	112842057	1	1	0	0	2	18
chr7	112841951	112856797	1	1	0	1	0	37
chr7	112842103	112856052	1	1	1	7	0	12
chr7	112842103	112856797	1	1	1	140	2	38
chr7	112856065	112856797	1	1	1	11	0	14
chr7	127980247	127981190	1	1	1	12	0	22
chr7	127981292	127981410	1	1	1	12	0	6
chr7	144861833	144862231	1	1	1	1512	2	39
chr7	144861837	144862231	1	1	0	2	0	32
chr7	144862267	144862764	1	1	0	2	0	35
chr7	144862336	144862764	1	1	1	1474	2	47
chr7	144862336	144862795	1	1	0	1	0	33
chr8	25532429	25555507	1	1	1	1	0	44
chr8	25532429	25557730	1	1	1	1	0	44
chr8	25555775	25557730	1	1	1	1	0	37
chr8	72219861	72219940	1	1	1	2	0	30
chr8	84997066	84997163	1	1	1	1	0	35
chr8	95100443	95100636	2	2	0	1	0	36
chr8	95100453	95100646	2	2	1	302	0	31
chr8	95100453	95101408	2	2	0	639	1	46
chr8	95100674	95101408	2	2	1	303	0	42
chr8	95101447	95139983	2	2	0	1	1	15
chr8	110824321	110825501	2	2	1	6	0	40
chr8	123268550	123268744	2	2	1	54	0	47
chr9	43027296	43040539	2	2	1	23	0	38
chr9	43027296	43042590	2	2	1	330	0	48
chr9	43040597	43042590	2	2	1	23	0	45
chr9	80093642	80098847	1	1	0	1	0	44
chr9	80093642	80098885	1	1	1	1642	1	26
chr9	80093642	80098892	1	1	0	34	0	14
chr9	80093642	80103693	1	1	1	8456	3	45
chr9	80098907	80103693	1	1	1	1676	1	37
chr9	80098907	80103698	1	1	0	1	0	21
chr9	80103765	80111310	1	1	1	2	0	23
chr9	114597607	114597794	2	2	1	270	0	38
chr9	114597607	114598704	2	2	0	304	0	43
chr9	114597825	114598704	2	2	0	2	0	30
chr9	114597831	114598704	2	2	1	269	0	38
chr9	123011638	123013939	1	1	1	1	0	14
chr9	123014013	123014468	1	1	1	1	0	14
chr9	123014507	123017244	1	1	1	1	0	34
chr11	79458907	79463232	1	1	1	31	0	43
chr11	79458907	79468716	1	1	1	67	0	42
chr11	79463296	79468716	1	1	1	30	0	39
chr11	94112147	94113262	1	1	1	16	0	21
chr11	94112147	94114172	1	1	1	237	0	32
chr11	94113302	94114172	1	1	1	16	0	39
chr11	100481848	100482144	2	2	1	1	0	39
chr11	102310577	102310925	2	2	1	99	0	42
chr11	102310577	102311379	2	2	1	322	0	46
chr11	102311037	102311379	2	2	1	99	0	45
chr12	71952560	71959805	1	1	1	244	0	44
chr12	83811361	83825258	2	2	1	186	0	33
chr12	83811361	83831921	2	2	1	197	1	41
chr12	83825292	83831921	2	2	1	186	0	34
chr12	113133338	113133495	1	1	0	2	0	42
chr12	113133338	113133540	1	1	1	280	0	42
chr12	113133338	113135796	1	1	1	916	0	32
chr12	113133577	113135796	1	1	1	264	0	36
chr12	113135829	113136280	1	1	1	1	0	10
chr13	46778994	46780625	2	2	1	548	2	41
chr13	46778994	46785245	2	2	1	2687	10	45
chr13	46780665	46785245	2	2	1	555	2	39
chr13	56084286	56089757	2	2	1	24	0	40
chr13	56089858	56096123	2	2	1	26	0	38
chr14	57643224	57643334	2	2	1	2	0	39
chr14	57643224	57648418	2	2	1	179	0	47
chr14	57643490	57648418	2	2	1	4	0	42
chr14	120389164	120395711	1	1	1	289	1	39
chr14	120389164	120395717	1	1	0	1	0	38
chr14	120389164	120396450	1	1	1	72	0	48
chr14	120395766	120396450	1	1	1	293	1	48
chr15	77102940	77105576	2	2	1	128	0	42
chr15	77102940	77113604	2	2	1	36	0	48
chr15	77105670	77113604	2	2	1	131	0	44
chr15	77112788	77113604	2	2	0	1	0	44
chr15	103242719	103242921	1	1	1	1	0	6
chr15	103242719	103243624	1	1	1	0	2	33
chr16	57178021	57181491	2	2	1	20	0	43
chr16	57178021	57182850	2	2	1	1245	2	44
chr16	57181537	57182850	2	2	1	20	0	33
chr16	94686604	94691580	1	1	1	1	0	45
chr17	12979205	13846588	1	1	0	9	0	12
chr17	13846640	13848354	1	1	1	496	0	22
chr17	13846640	13849107	1	1	1	12759	17	46
chr17	13846640	13849113	1	1	0	89	0	48
chr17	13848376	13849107	1	1	1	486	0	26
chr17	13848376	13849113	1	1	0	5	0	21
chr17	45570567	45570665	2	2	1	801	3	42
chr17	45570800	45571017	2	2	1	846	3	24
chr18	53948155	53948644	1	1	1	1762	0	28
chr18	53948155	53949550	1	1	0	1	0	39
chr18	53948155	53953244	1	1	1	12933	7	45
chr18	53948155	53953268	1	1	0	6	0	40
chr18	53948666	53953244	1	1	0	3	0	21
chr18	53948669	53953244	1	1	1	1744	0	27
chr18	53949588	53953244	1	1	0	1	0	37
chr19	7281251	7282725	2	2	0	3	0	26
chr19	7281256	7281797	2	4	1	111	0	39
chr19	7281256	7282725	2	2	1	365	0	36
chr19	7281960	7282725	2	2	1	117	0	36
chrX	136139167	136139522	1	1	1	0	1	22
chrX	136214981	136215336	2	2	1	1	1	22
