chr1	34295537	34296741	1	1	1	170	0	18
chr1	34295537	34299720	1	1	1	24	0	38
chr1	34296760	34299720	1	1	1	170	0	20
chr1	40010678	40011649	1	1	1	119	0	22
chr1	40010678	40011783	1	1	0	2	0	21
chr1	40010678	40014105	1	1	1	29	3	32
chr1	40011842	40014105	1	1	1	115	0	40
chr1	82735508	82741817	1	1	1	1	0	40
chr1	82735508	82747082	1	1	1	2	0	40
chr1	82735508	82750519	1	1	1	63	0	41
chr1	82747143	82750519	1	1	1	3	0	38
chr2	32292216	32293314	1	1	1	18	0	43
chr2	32292216	32296625	1	1	1	83	0	43
chr2	32293396	32296625	1	1	1	16	0	38
chr2	59932171	59933405	2	2	0	97	0	38
chr2	59932171	59933411	2	2	1	490	0	31
chr2	59932171	59933670	2	2	1	5	0	39
chr2	59933439	59933670	2	2	1	582	0	28
chr2	59933695	60718197	2	2	0	4	0	13
chr2	71849507	71853533	1	1	1	1130	0	44
chr2	71849507	71853875	1	1	0	1	0	15
chr2	71849507	71855853	1	1	1	2472	2	42
chr2	71849507	71855868	1	1	0	7	0	46
chr2	71853664	71855853	1	1	1	1145	0	43
chr2	71853891	71855853	1	1	0	2	0	40
chr2	75662926	75663570	1	1	1	2	2	27
chr2	91001089	91001445	1	1	0	1	0	24
chr2	91001089	91001461	1	1	1	897	0	27
chr2	91001089	91003299	1	1	0	6	1	33
chr2	91001511	91003210	1	1	1	893	0	24
chr2	91003346	91003810	1	1	1	31	0	36
chr2	91159300	91160316	2	2	0	1	0	41
chr2	91159306	91160316	2	2	1	264	0	47
chr2	91159306	91162027	2	2	1	448	0	47
chr2	91160371	91162027	2	2	1	265	0	40
chr2	91681696	91684668	2	2	1	268	0	50
chr2	153670448	153670848	1	1	1	1	0	42
chr2	153670448	153672215	1	1	1	3	0	50
chr2	153670909	153672215	1	1	1	1	0	50
chr2	168752741	168754433	2	2	1	20	0	45
chr3	55983846	55985609	2	2	1	1	0	45
chr3	60201323	60613472	1	1	0	0	4	14
chr3	60422418	60613472	1	1	0	0	6	15
chr3	60613521	60614682	1	1	1	1571	8	46
chr3	60613521	60614688	1	1	0	1	0	44
chr3	60613521	60615619	1	1	1	1795	6	46
chr3	60614737	60615619	1	1	1	1559	8	44
chr3	87733505	87734423	1	1	1	21	0	39
chr3	87733505	87734456	1	1	0	1	0	39
chr3	87733505	87735344	1	1	0	12	0	39
chr3	87734553	87735344	1	1	1	22	0	37
chr3	88483947	88484046	2	2	1	246	0	38
chr3	88484155	88484614	2	2	1	245	0	43
chr3	119724187	119724611	2	2	1	6126	3	34
chr3	119724187	119726065	2	2	1	31	0	29
chr3	119724646	119726065	2	2	1	6323	4	38
chr4	31992517	31994873	1	1	1	298	1	39
chr4	31992517	32002088	1	1	1	3836	4	49
chr4	31994955	32002088	1	1	1	284	0	49
chr4	107009769	107027216	1	1	1	14	0	42
chr4	107009769	107028192	1	1	1	187	0	43
chr4	107027298	107028192	1	1	1	14	0	41
chr5	23565266	23616326	2	2	1	1074	1	45
chr5	23615795	23616326	2	2	0	1	0	45
chr5	72958287	72965803	1	1	1	6	0	40
chr5	72958287	72974530	1	1	1	91	0	42
chr5	72965882	72974530	1	1	1	6	0	41
chr5	116477146	116482389	2	2	1	2	0	18
chr5	116482532	116591333	2	2	0	4	0	37
chr5	116482537	116591333	2	2	1	875	2	50
chr5	149184807	149185484	1	1	1	2	0	43
chr5	149184807	149187707	1	1	1	13	0	43
chr5	149184807	149188344	1	1	1	628	2	45
chr5	149184807	149188357	1	1	0	1	0	49
chr5	149185662	149188344	1	1	0	2	0	39
chr5	149187806	149188344	1	1	0	1	0	39
chr5	149187877	149188344	1	1	1	12	0	39
chr6	47577668	47594893	2	2	1	1	0	17
chr6	72634233	72648800	2	2	1	6	0	37
chr6	72634233	72649119	2	2	1	28	0	40
chr6	72648843	72649119	2	2	1	6	0	40
chr6	98939789	98941535	2	2	1	257	1	46
chr6	98939789	98944618	2	2	0	15	0	45
chr6	98941658	98944618	2	2	1	259	1	36
chr6	125162102	125162211	2	2	1	380	13	37
chr6	125162102	125162309	2	2	0	1	0	35
chr6	128371086	128371967	1	1	1	4495	3	44
chr6	128371086	128372530	1	1	1	3	0	49
chr6	128371086	128372533	1	1	1	18	0	46
chr6	128372013	128372504	1	1	0	31	0	26
chr6	128372013	128372509	1	1	0	9	0	31
chr6	128372013	128372530	1	1	1	546	1	49
chr6	128372013	128372533	1	1	1	3839	3	46
chr6	128372013	128372536	1	1	0	4	0	43
chr6	128372013	128372539	1	1	0	2	0	40
chr6	128372018	128372530	1	1	0	3	0	49
chr6	128372018	128372533	1	1	0	47	0	47
chr7	28174687	28174784	1	1	1	2	0	48
chr7	67240441	67244520	2	2	1	341	1	25
chr7	67240441	67251656	2	2	1	1765	0	48
chr7	67240443	67251659	1	1	0	1	0	41
chr7	67244545	67251656	2	2	1	341	1	24
chr7	101288340	102001612	1	3	0	5	0	12
chr7	102001660	102002294	1	1	1	1852	0	43
chr7	102001660	102007485	1	1	1	495	0	44
chr7	102002337	102007485	1	1	1	1839	0	41
chr7	112839481	112841887	1	1	1	7	0	41
chr7	112839481	112842039	1	1	1	141	1	41
chr7	112839481	112856052	1	1	1	2	0	12
chr7	112839481	112856797	1	1	1	8	0	41
chr7	112841951	112856797	1	1	0	1	0	37
chr7	112842103	112856052	1	1	1	136	0	12
chr7	112842103	112856797	1	1	1	4	1	37
chr7	112856065	112856797	1	1	1	143	0	14
chr7	127980247	127981190	1	1	1	12	0	30
chr7	127981292	127981410	1	1	1	13	0	6
chr8	25532429	25557730	1	1	1	6	0	44
chr8	47528031	47529328	2	2	1	1	0	4
chr8	95100453	95100646	2	2	1	835	1	31
chr8	95100453	95101408	2	2	0	144	0	46
chr8	95100674	95101408	2	2	1	835	1	42
chr8	123268550	123268744	2	2	1	179	0	47
chr8	127161312	127277020	1	1	1	1	0	32
chr9	43027296	43029555	2	2	0	1	0	18
chr9	43027296	43040539	2	2	1	167	0	39
chr9	43027296	43042590	2	2	1	194	0	46
chr9	43029574	43040539	2	2	0	1	0	18
chr9	43040593	43042590	2	2	0	1	0	43
chr9	43040597	43042590	2	2	1	166	0	45
chr9	43042036	43042590	2	2	0	1	0	43
chr9	80093642	80093859	1	1	0	3	0	30
chr9	80093642	80098885	1	1	1	8809	7	31
chr9	80093642	80098892	1	1	0	235	0	14
chr9	80093642	80103693	1	1	1	252	0	45
chr9	80093890	80098885	1	1	0	3	0	16
chr9	80098907	80099016	1	1	0	3	0	21
chr9	80098907	80101831	1	1	0	1	0	21
chr9	80098907	80103693	1	1	1	9042	7	29
chr9	80098907	80103698	1	1	0	3	0	21
chr9	80099049	80103693	1	1	0	3	0	37
chr9	80101891	80103693	1	1	0	1	0	35
chr9	114597607	114597794	2	2	1	540	1	39
chr9	114597607	114598704	2	2	0	16	0	40
chr9	114597825	114598704	2	2	0	2	0	30
chr9	114597831	114598704	2	2	1	538	1	38
chr11	26778879	26787397	2	2	0	0	1	13
chr11	35828814	35833171	2	2	1	1	0	1
chr11	35833307	35834436	2	2	1	1	0	31
chr11	79458907	79463232	1	1	1	28	0	42
chr11	79458907	79468716	1	1	1	194	0	43
chr11	79463296	79468716	1	1	1	27	0	39
chr11	79468155	79468716	1	1	1	1	0	38
chr11	94112147	94113262	1	1	1	132	0	21
chr11	94112147	94114172	1	1	1	279	0	32
chr11	94113302	94114172	1	1	1	136	0	39
chr11	102310577	102310925	2	2	1	60	0	43
chr11	102310577	102311379	2	2	1	754	1	46
chr11	102311037	102311379	2	2	1	60	0	45
chr12	65036469	65042460	1	1	1	1	0	12
chr12	71952560	71958746	1	1	1	83	0	27
chr12	71952560	71959805	1	1	1	60	0	45
chr12	71958774	71959805	1	1	1	83	0	29
chr12	83811361	83811669	2	2	0	1	0	37
chr12	83811361	83825258	2	2	1	74	0	33
chr12	83811361	83831921	2	2	1	397	1	41
chr12	83825292	83831921	2	2	1	75	0	35
chr12	113133338	113133495	1	1	0	120	12	44
chr12	113133338	113133540	1	1	1	1755	58	43
chr12	113133338	113135796	1	1	1	19	0	29
chr12	113133577	113134761	1	1	0	2	0	21
chr12	113133577	113134800	1	1	0	10	0	14
chr12	113133577	113135796	1	1	1	1790	70	29
chr12	113134813	113135796	1	1	0	12	0	29
chr13	46778990	46780625	2	2	0	2	0	44
chr13	46778994	46780545	2	2	0	1	0	40
chr13	46778994	46780625	2	2	1	1081	1	41
chr13	46778994	46785245	2	2	1	2512	9	48
chr13	46780665	46785245	2	2	1	1096	1	39
chr13	56084286	56089757	2	2	1	54	0	40
chr13	56084286	56096123	2	2	0	1	0	40
chr13	56089858	56096123	2	2	1	55	0	41
chr14	57643224	57643334	2	2	1	1	0	39
chr14	57643224	57648418	2	2	1	169	0	40
chr14	57643490	57648418	2	2	1	1	0	38
chr14	120389164	120395711	1	1	1	273	0	39
chr14	120389164	120395717	1	1	0	1	0	38
chr14	120389164	120396450	1	1	1	749	0	48
chr14	120395766	120396450	1	1	1	276	0	48
chr15	77102940	77105576	2	2	1	262	0	43
chr15	77102940	77112712	2	2	0	1	0	40
chr15	77102940	77113604	2	2	1	10	0	44
chr15	77105670	77113604	2	2	1	265	0	48
chr15	77112788	77113604	2	2	0	1	0	44
chr16	57178021	57181491	2	2	1	426	0	45
chr16	57178021	57182850	2	2	1	112	0	44
chr16	57181507	57182850	2	2	0	1	0	15
chr16	57181537	57182850	2	2	1	424	0	34
chr16	84831508	84834808	2	2	1	1	0	24
chr17	12979205	13846588	1	1	0	38	2	12
chr17	13846640	13848354	1	1	1	6020	9	24
chr17	13846640	13848358	1	1	0	5	0	17
chr17	13846640	13849107	1	1	1	4161	1	46
chr17	13846640	13849113	1	1	0	28	0	47
chr17	13848376	13849107	1	1	1	6009	9	29
chr17	13848376	13849113	1	1	0	13	0	21
chr17	45570567	45570665	2	2	1	541	0	37
chr17	45570800	45571017	2	2	1	598	0	21
chr18	10726534	10740982	1	1	1	2	0	15
chr18	53948155	53948381	1	1	0	1	0	39
chr18	53948155	53948644	1	1	1	14543	7	28
chr18	53948155	53953244	1	1	1	2165	0	43
chr18	53948162	53948644	1	1	0	1	0	24
chr18	53948447	53948644	1	1	0	1	0	13
chr18	53948666	53953244	1	1	0	5	0	21
chr18	53948669	53953244	1	1	1	14521	7	37
chr18	53948669	53953268	1	1	0	1	0	24
chr18	64515406	64516415	2	2	1	1	0	42
chr19	7281256	7281797	2	4	1	169	0	39
chr19	7281256	7282725	2	2	1	1683	2	36
chr19	7281960	7282725	2	2	1	188	0	26
chrX	73952667	73952825	2	2	1	1	0	10
KV575235.1	147143	149353	1	1	0	0	1	33
