chr1	34295537	34296741	1	1	1	160	1	18
chr1	34295537	34299720	1	1	1	33	0	40
chr1	34296760	34299720	1	1	1	160	1	19
chr1	34442994	34443377	1	1	1	1	0	37
chr1	40010678	40011649	1	1	1	100	0	32
chr1	40010678	40011722	1	1	0	1	0	21
chr1	40010678	40011811	1	1	0	2	0	21
chr1	40010678	40014105	1	1	1	54	1	32
chr1	40011842	40014105	1	1	1	101	0	41
chr1	55088413	55089050	1	1	1	1	0	13
chr1	55089216	55090712	1	1	1	1	0	19
chr1	82735508	82741817	1	1	1	2	0	40
chr1	82735508	82747082	1	1	1	3	0	40
chr1	82735508	82750519	1	1	1	49	0	43
chr1	82747143	82750519	1	1	1	3	0	38
chr2	32292216	32293314	1	1	1	8	0	44
chr2	32292216	32296625	1	1	1	89	0	43
chr2	32293396	32296625	1	1	1	8	0	38
chr2	59926161	59932104	2	2	1	1	0	6
chr2	59932171	59933405	2	2	0	100	0	37
chr2	59932171	59933411	2	2	1	471	1	31
chr2	59932171	59933670	2	2	1	6	0	38
chr2	59933439	59933670	2	2	1	559	1	28
chr2	71849507	71853533	1	1	1	791	0	42
chr2	71849507	71853820	1	1	0	3	0	37
chr2	71849507	71855853	1	1	1	5530	3	46
chr2	71849507	71855868	1	1	0	6	0	46
chr2	71853664	71855853	1	1	1	818	0	41
chr2	71853891	71855853	1	1	0	4	0	40
chr2	75662926	75663570	1	1	1	2	1	14
chr2	91001089	91001461	1	1	1	944	2	34
chr2	91001089	91003299	1	1	0	3	0	33
chr2	91001511	91003210	1	1	1	931	3	25
chr2	91001511	91003299	1	1	0	3	0	46
chr2	91003238	91003810	1	1	0	2	0	27
chr2	91003346	91003810	1	1	1	35	0	36
chr2	91159306	91160316	2	2	1	201	0	47
chr2	91159306	91162027	2	2	1	603	0	47
chr2	91159320	91162027	2	2	0	1	0	40
chr2	91160371	91162027	2	2	1	200	1	40
chr2	91681696	91682025	2	2	1	1	0	50
chr2	91681696	91684668	2	2	1	157	0	50
chr2	91681831	91684668	2	2	0	1	0	38
chr2	91682110	91684668	2	2	0	1	0	38
chr2	153670448	153672215	1	1	1	3	1	50
chr2	153713625	153714954	1	1	1	0	1	50
chr3	55983846	55985609	2	2	1	1	0	45
chr3	60422418	60613472	1	1	0	0	3	15
chr3	60613521	60614682	1	1	1	1726	4	45
chr3	60613521	60614688	1	1	0	2	0	38
chr3	60613521	60615619	1	1	1	1582	3	45
chr3	60614737	60615619	1	1	1	1735	4	39
chr3	87733505	87734423	1	1	1	9	0	39
chr3	87733505	87735344	1	1	0	11	0	39
chr3	87734553	87735344	1	1	1	9	0	37
chr3	88483947	88484046	2	2	1	200	0	38
chr3	88484155	88484614	2	2	1	198	0	39
chr3	119724187	119724611	2	2	1	3367	3	34
chr3	119724187	119726065	2	2	1	31	1	29
chr3	119724646	119726065	2	2	1	3443	3	38
chr3	129825617	129826823	2	2	1	2	0	36
chr4	31992517	31994873	1	1	1	252	0	39
chr4	31992517	32002088	1	1	1	3778	7	49
chr4	31994955	32002088	1	1	1	251	0	49
chr4	107009769	107027216	1	1	1	17	0	40
chr4	107009769	107028192	1	1	1	175	1	44
chr4	107027298	107028192	1	1	1	18	0	41
chr5	23565266	23610849	2	2	0	1	0	37
chr5	23565266	23616326	2	2	1	1217	1	49
chr5	23610909	23616326	2	2	0	1	0	45
chr5	72958287	72965803	1	1	1	1	0	37
chr5	72958287	72974530	1	1	1	96	0	45
chr5	72965882	72974530	1	1	1	1	0	41
chr5	116477146	116482389	2	2	1	1	0	40
chr5	116482537	116591333	2	2	1	882	8	50
chr5	149184807	149185349	1	1	0	1	0	43
chr5	149184807	149187707	1	1	1	40	0	44
chr5	149184807	149188344	1	1	1	553	3	45
chr5	149185405	149188344	1	1	0	1	0	39
chr5	149187835	149188344	1	1	1	3	0	39
chr5	149187864	149188344	1	1	0	2	0	39
chr5	149187877	149188344	1	1	1	35	0	42
chr5	149188474	149193839	1	1	1	1	0	25
chr6	47577668	47594893	2	2	1	2	0	26
chr6	98939789	98941535	2	2	1	263	0	50
chr6	98939789	98944618	2	2	0	30	0	45
chr6	98941658	98944618	2	2	1	265	0	36
chr6	125162102	125162211	2	2	1	337	9	36
chr6	128371086	128371967	1	1	1	3922	2	43
chr6	128371086	128372504	1	1	0	1	0	39
chr6	128371086	128372530	1	1	1	1	0	49
chr6	128371086	128372533	1	1	1	17	0	46
chr6	128372013	128372504	1	1	0	14	0	26
chr6	128372013	128372509	1	1	0	4	0	31
chr6	128372013	128372530	1	1	1	512	0	49
chr6	128372013	128372533	1	1	1	3347	2	46
chr6	128372013	128372536	1	1	0	3	0	43
chr6	128372018	128372533	1	1	0	46	0	46
chr7	30192378	30192502	2	2	1	1	0	13
chr7	67240441	67244520	2	2	1	296	0	28
chr7	67240441	67251656	2	2	1	2028	1	46
chr7	67240443	67251659	1	1	0	1	0	41
chr7	67244545	67251656	2	2	1	297	0	25
chr7	101405603	102001614	1	1	0	4	0	13
chr7	102001660	102002294	1	1	1	1689	2	43
chr7	102001660	102007485	1	1	1	605	0	44
chr7	102001665	102002300	1	1	0	0	2	36
chr7	102002337	102007485	1	1	1	1690	2	42
chr7	112839481	112841887	1	1	1	9	0	41
chr7	112839481	112842039	1	1	1	105	0	41
chr7	112839481	112856052	1	1	1	1	0	12
chr7	112839481	112856797	1	1	1	7	0	41
chr7	112841951	112856052	1	1	1	5	0	12
chr7	112842103	112856052	1	1	1	106	0	12
chr7	112842103	112856797	1	1	1	2	0	37
chr7	112856065	112856772	1	1	0	1	0	12
chr7	112856065	112856797	1	1	1	113	0	12
chr7	123124716	123143749	1	1	1	1	0	36
chr7	127980247	127981190	1	1	1	24	0	22
chr7	127981292	127981410	1	1	1	21	0	6
chr8	25532429	25555507	1	1	1	2	0	44
chr8	25532429	25557730	1	1	1	8	0	44
chr8	25555775	25557730	1	1	1	2	0	37
chr8	33386064	33386329	1	1	0	1	0	46
chr8	91688606	91932332	1	1	0	7	0	13
chr8	95100453	95100646	2	2	1	677	0	32
chr8	95100453	95101408	2	2	0	170	0	46
chr8	95100674	95101408	2	2	1	678	0	44
chr8	123268550	123268744	2	2	1	166	1	46
chr9	43027296	43040539	2	2	1	152	0	41
chr9	43027296	43042590	2	2	1	218	1	46
chr9	43040593	43042590	2	2	0	1	0	43
chr9	43040597	43042590	2	2	1	152	0	46
chr9	80093642	80098885	1	1	1	8712	10	27
chr9	80093642	80098892	1	1	0	183	0	14
chr9	80093642	80101831	1	1	0	1	0	44
chr9	80093642	80103693	1	1	1	238	0	45
chr9	80098907	80101831	1	1	0	2	0	21
chr9	80098907	80103693	1	1	1	8882	10	27
chr9	80098907	80103698	1	1	0	11	0	21
chr9	80101891	80103693	1	1	0	6	0	37
chr9	114597607	114597794	2	2	1	496	0	38
chr9	114597607	114598704	2	2	0	13	0	42
chr9	114597825	114598704	2	2	0	4	0	30
chr9	114597831	114598704	2	2	1	491	0	36
chr11	79458907	79463232	1	1	1	25	0	42
chr11	79458907	79468716	1	1	1	154	0	44
chr11	79463296	79468716	1	1	1	25	0	39
chr11	83497297	83497893	1	1	1	1	0	33
chr11	83497927	83499072	1	1	1	1	0	33
chr11	94112147	94113262	1	1	1	141	1	22
chr11	94112147	94114172	1	1	1	291	0	32
chr11	94113302	94114172	1	1	1	143	1	39
chr11	102310577	102310925	2	2	1	36	0	42
chr11	102310577	102311379	2	2	1	640	0	46
chr11	102311037	102311379	2	2	1	34	0	45
chr12	65036469	65042460	1	1	1	1	0	12
chr12	71952560	71958746	1	1	1	66	0	27
chr12	71952560	71959805	1	1	1	94	0	43
chr12	71958774	71959805	1	1	1	66	0	27
chr12	76283025	76283931	1	1	1	1	0	13
chr12	83811361	83811669	2	2	0	1	0	37
chr12	83811361	83825258	2	2	1	87	0	37
chr12	83811361	83831921	2	2	1	394	5	41
chr12	83811744	83831921	2	2	0	1	0	38
chr12	83825292	83831921	2	2	1	86	0	33
chr12	83825319	83831921	2	2	0	1	0	38
chr12	104697145	104700364	2	2	1	1	0	39
chr12	113133338	113133495	1	1	0	147	12	44
chr12	113133338	113133540	1	1	1	2354	42	43
chr12	113133338	113135796	1	1	1	27	0	29
chr12	113133577	113134186	1	1	0	1	0	28
chr12	113133577	113134761	1	1	0	1	0	21
chr12	113133577	113134800	1	1	0	11	0	12
chr12	113133577	113135796	1	1	1	2364	54	29
chr12	113134231	113135796	1	1	0	1	0	29
chr12	113134813	113135796	1	1	0	12	0	29
chr13	3888523	3888870	2	2	1	1	0	22
chr13	46778994	46780625	2	2	1	794	0	42
chr13	46778994	46785245	2	2	1	2287	2	45
chr13	46780663	46785245	2	2	0	1	0	37
chr13	46780665	46785245	2	2	1	793	0	39
chr13	56084286	56089757	2	2	1	46	0	40
chr13	56089858	56096123	2	2	1	46	0	41
chr14	8171531	8172763	2	2	1	1	0	30
chr14	8172818	8172890	2	2	1	1	0	27
chr14	57643224	57643334	2	2	1	4	0	39
chr14	57643224	57648418	2	2	1	116	0	47
chr14	57643490	57648418	2	2	1	4	0	38
chr14	120389164	120395711	1	1	1	121	0	38
chr14	120389164	120395717	1	1	0	1	0	38
chr14	120389164	120396450	1	1	1	327	2	48
chr14	120395766	120396450	1	1	1	124	0	48
chr15	77102940	77105576	2	2	1	273	0	41
chr15	77102940	77108249	2	2	0	1	0	40
chr15	77102940	77113604	2	2	1	12	0	44
chr15	77105670	77113604	2	2	1	270	0	48
chr15	77108331	77113604	2	2	0	1	0	44
chr15	103242719	103243624	1	1	1	0	1	33
chr16	57178021	57181491	2	2	1	298	0	44
chr16	57178021	57182850	2	2	1	271	0	44
chr16	57181537	57182850	2	2	1	296	0	34
chr17	12979205	13846588	1	1	0	55	0	12
chr17	13846613	13848354	1	1	0	6	0	21
chr17	13846640	13848354	1	1	1	5743	10	24
chr17	13846640	13849107	1	1	1	3424	3	46
chr17	13846640	13849113	1	1	0	14	0	47
chr17	13848376	13849107	1	1	1	5736	9	26
chr17	13848376	13849113	1	1	0	6	0	21
chr17	45570567	45570665	2	2	1	722	3	38
chr17	45570800	45571017	2	2	1	775	3	21
chr17	56578845	56578920	2	2	1	2	0	18
chr17	56578986	56582983	2	2	1	2	0	27
chr18	53948155	53948381	1	1	0	1	0	39
chr18	53948155	53948644	1	1	1	14309	18	33
chr18	53948155	53948651	1	1	0	1	0	17
chr18	53948155	53953244	1	1	1	2205	4	45
chr18	53948447	53948644	1	1	0	1	0	13
chr18	53948666	53953244	1	1	0	6	0	21
chr18	53948669	53953244	1	1	1	14283	15	37
chr18	53948669	53953268	1	1	0	5	0	24
chr18	53948673	53953244	1	1	0	1	0	28
chr19	7281251	7282721	2	2	0	1	0	30
chr19	7281256	7281797	2	4	1	186	0	39
chr19	7281256	7282725	2	2	1	1294	0	36
chr19	7281960	7282725	2	2	1	197	0	35
