chr1	34295537	34296741	1	1	1	37	0	18
chr1	34295537	34299720	1	1	1	107	1	41
chr1	34296760	34299720	1	1	1	37	0	18
chr1	40010678	40011649	1	1	1	17	0	21
chr1	40010678	40011811	1	1	0	1	0	21
chr1	40010678	40014105	1	1	1	39	0	32
chr1	40011842	40014105	1	1	1	19	0	37
chr1	82735508	82747082	1	1	1	3	0	40
chr1	82735508	82750519	1	1	1	30	0	40
chr1	82747143	82750519	1	1	1	3	0	38
chr2	32292216	32296625	1	1	1	34	0	48
chr2	59932171	59933405	2	2	0	7	0	33
chr2	59932171	59933411	2	2	1	55	0	31
chr2	59932171	59933670	2	2	1	2	0	35
chr2	59933439	59933670	2	2	1	60	0	28
chr2	71849507	71853533	1	1	1	29	0	39
chr2	71849507	71855853	1	1	1	969	2	44
chr2	71853664	71855853	1	1	1	30	0	41
chr2	75662926	75663570	1	1	1	4	0	41
chr2	91001089	91001461	1	1	1	319	0	27
chr2	91001089	91003299	1	1	0	5	1	33
chr2	91001511	91003210	1	1	1	322	0	25
chr2	91003238	91003810	1	1	0	2	0	27
chr2	91003346	91003810	1	1	1	12	0	37
chr2	91159300	91162027	2	2	0	1	0	41
chr2	91159306	91160316	2	2	1	2	0	47
chr2	91159306	91162027	2	2	1	97	0	47
chr2	91160371	91162027	2	2	1	2	0	38
chr2	91681696	91684668	2	2	1	500	1	50
chr2	153670448	153670848	1	1	1	35	0	43
chr2	153670909	153672215	1	1	1	31	0	50
chr2	168752741	168754433	2	2	1	8471	10	46
chr3	60613521	60614682	1	1	1	99	0	44
chr3	60613521	60615619	1	1	1	34	0	44
chr3	60614737	60615619	1	1	1	99	0	39
chr3	87712689	87733458	1	1	0	1	0	15
chr3	87733505	87735344	1	1	0	89	0	41
chr3	88483947	88484046	2	2	1	59	0	38
chr3	88484155	88484614	2	2	1	57	0	39
chr3	119724187	119724611	2	2	1	787	1	34
chr3	119724187	119726065	2	2	1	1	0	20
chr3	119724646	119726065	2	2	1	808	1	38
chr4	31992517	31994873	1	1	1	954	0	40
chr4	31992517	32002088	1	1	1	579	0	50
chr4	31994955	32002088	1	1	1	956	0	49
chr4	107009769	107027216	1	1	1	28	0	39
chr4	107009769	107028192	1	1	1	167	0	41
chr4	107027298	107028192	1	1	1	29	0	41
chr5	23565266	23616326	2	2	1	107	0	45
chr5	72958287	72965803	1	1	1	2	0	37
chr5	72958287	72974530	1	1	1	13	0	41
chr5	72965882	72974530	1	1	1	2	0	41
chr5	129845656	129845747	1	1	1	1	0	25
chr5	149184807	149185484	1	1	1	1	0	42
chr5	149184807	149187707	1	1	1	37	0	44
chr5	149184807	149188344	1	1	1	148	0	43
chr5	149187835	149188344	1	1	1	8	0	39
chr5	149187864	149188344	1	1	0	2	0	39
chr5	149187877	149188344	1	1	1	28	0	39
chr6	47577668	47594893	2	2	1	1	0	24
chr6	72633011	72633215	2	2	1	1	0	6
chr6	72634233	72648800	2	2	1	2298	3	42
chr6	72634233	72649119	2	2	1	4281	7	50
chr6	72648843	72649119	2	2	1	2280	3	42
chr6	98939789	98940994	2	2	1	2	0	45
chr6	98939789	98941535	2	2	1	64	0	46
chr6	98939789	98944618	2	2	0	1	0	45
chr6	98941165	98944618	2	2	0	1	0	36
chr6	98941658	98944618	2	2	1	63	0	36
chr6	125162102	125162211	2	2	1	345	6	36
chr6	128371086	128371967	1	1	1	989	1	40
chr6	128371086	128372530	1	1	1	40	0	49
chr6	128371086	128372533	1	1	1	364	0	46
chr6	128372013	128372504	1	1	0	2	0	26
chr6	128372013	128372509	1	1	0	2	0	31
chr6	128372013	128372530	1	1	1	105	0	47
chr6	128372013	128372533	1	1	1	860	0	46
chr6	128372018	128372530	1	1	0	7	0	49
chr6	128372018	128372533	1	1	0	9	0	46
chr6	128372018	128372539	1	1	0	1	0	40
chr7	30192593	30192866	2	2	1	1	0	34
chr7	30192901	30193877	2	2	1	1	0	12
chr7	67240441	67244520	2	2	1	9	0	24
chr7	67240441	67251656	2	2	1	343	0	44
chr7	67244545	67251656	2	2	1	9	0	24
chr7	99849060	99858763	2	2	1	1	0	44
chr7	101288340	102001612	1	3	0	5	0	12
chr7	102001660	102002294	1	1	1	168	1	42
chr7	102001660	102007485	1	1	1	1971	0	43
chr7	102002337	102007485	1	1	1	167	1	39
chr7	112839481	112841887	1	1	1	2	0	41
chr7	112839481	112842039	1	1	1	91	1	49
chr7	112839481	112856052	1	1	1	1	0	12
chr7	112839481	112856797	1	1	1	13	0	41
chr7	112841951	112856052	1	1	1	1	0	12
chr7	112841951	112856797	1	1	0	1	0	37
chr7	112842103	112856052	1	1	1	14	0	12
chr7	112842103	112856797	1	1	1	79	1	37
chr7	112856065	112856797	1	1	1	16	0	12
chr7	127972771	127974399	1	1	1	1	0	35
chr7	127980247	127981190	1	1	1	13	0	19
chr7	127981292	127981410	1	1	1	14	0	6
chr7	144861833	144862231	1	1	1	934	1	34
chr7	144861837	144862231	1	1	0	1	0	32
chr7	144862336	144862764	1	1	1	930	1	43
chr8	25532429	25557730	1	1	1	1	0	43
chr8	25555775	25557730	1	1	1	1	0	37
chr8	95100453	95100646	2	2	1	270	0	31
chr8	95100453	95101408	2	2	0	411	0	46
chr8	95100674	95101408	2	2	1	270	0	42
chr8	123268550	123268744	2	2	1	70	0	46
chr9	43027296	43029555	2	2	0	1	0	38
chr9	43027296	43040539	2	2	1	9	0	38
chr9	43027296	43042590	2	2	1	160	0	45
chr9	43029610	43042590	2	2	0	1	0	43
chr9	43040597	43042590	2	2	1	9	0	45
chr9	80067573	80087429	1	1	1	1	1	36
chr9	80093642	80095432	1	1	0	1	0	44
chr9	80093642	80098885	1	1	1	901	2	26
chr9	80093642	80098892	1	1	0	16	0	14
chr9	80093642	80103693	1	1	1	4651	4	47
chr9	80095545	80098885	1	1	0	1	0	16
chr9	80098907	80103693	1	1	1	918	2	24
chr9	114597607	114597794	2	2	1	171	0	39
chr9	114597607	114598704	2	2	0	216	1	42
chr9	114597825	114598704	2	2	0	2	0	30
chr9	114597831	114598704	2	2	1	169	0	36
chr11	26778879	26787397	2	2	0	0	1	12
chr11	79458907	79463232	1	1	1	19	0	42
chr11	79458907	79468716	1	1	1	25	0	42
chr11	79463296	79468716	1	1	1	20	0	39
chr11	83497297	83497893	1	1	1	1	0	33
chr11	83497927	83499072	1	1	1	1	0	33
chr11	94112147	94113262	1	1	1	13	0	21
chr11	94112147	94114172	1	1	1	165	0	32
chr11	94113302	94114172	1	1	1	13	0	39
chr11	102310577	102310925	2	2	1	50	0	42
chr11	102310577	102311379	2	2	1	160	0	46
chr11	102311037	102311379	2	2	1	50	0	46
chr12	71952560	71959805	1	1	1	125	0	45
chr12	83811361	83825258	2	2	1	118	0	33
chr12	83811361	83831921	2	2	1	116	0	41
chr12	83825292	83831921	2	2	1	117	0	33
chr12	113133338	113133495	1	1	0	5	0	42
chr12	113133338	113133540	1	1	1	232	0	39
chr12	113133338	113135796	1	1	1	494	0	32
chr12	113133577	113135796	1	1	1	229	0	29
chr12	113135829	113136280	1	1	1	1	0	10
chr13	46778994	46780625	2	2	1	382	0	40
chr13	46778994	46785245	2	2	1	1565	4	46
chr13	46780665	46785245	2	2	1	382	0	40
chr13	56084286	56089757	2	2	1	12	0	40
chr13	56084286	56096123	2	2	0	1	0	41
chr13	56089858	56096123	2	2	1	13	0	38
chr14	31257768	31257880	1	1	1	6	0	45
chr14	57643224	57643334	2	2	1	1	0	39
chr14	57643224	57648418	2	2	1	80	0	39
chr14	57643490	57648418	2	2	1	1	0	38
chr14	120389164	120395711	1	1	1	225	0	39
chr14	120389164	120396450	1	1	1	53	0	48
chr14	120395766	120396450	1	1	1	235	0	48
chr15	76705857	76705945	2	2	1	3	0	31
chr15	77102940	77105576	2	2	1	97	0	41
chr15	77102940	77113604	2	2	1	11	0	44
chr15	77105670	77113604	2	2	1	94	0	48
chr15	103242719	103242921	1	1	1	1	0	33
chr15	103242719	103243624	1	1	1	0	2	33
chr16	57178021	57181491	2	2	1	16	0	43
chr16	57178021	57182850	2	2	1	686	2	44
chr16	57181537	57182850	2	2	1	16	0	33
chr16	94686604	94691580	1	1	1	2	0	45
chr17	12979205	13846588	1	1	0	19	0	12
chr17	13846613	13849107	1	1	0	1	0	37
chr17	13846640	13848354	1	1	1	365	0	22
chr17	13846640	13849107	1	1	1	7082	8	45
chr17	13846640	13849113	1	1	0	54	0	48
chr17	13848376	13849107	1	1	1	365	0	21
chr17	45570567	45570665	2	2	1	402	5	37
chr17	45570800	45571017	2	2	1	427	5	23
chr18	53948155	53948644	1	1	1	1404	2	28
chr18	53948155	53949213	1	1	0	2	0	39
chr18	53948155	53953244	1	1	1	6974	12	45
chr18	53948666	53953244	1	1	0	1	0	21
chr18	53948669	53949213	1	1	0	2	0	15
chr18	53948669	53953244	1	1	1	1398	2	26
chr18	53949263	53953244	1	1	0	5	0	37
chr19	7281256	7281797	2	4	1	93	0	40
chr19	7281256	7282725	2	2	1	254	0	35
chr19	7281960	7282725	2	2	1	100	0	35
KV575235.1	147143	149353	1	1	0	0	1	33
