chr1	34295537	34296741	1	1	1	103	0	18
chr1	34295537	34299720	1	1	1	20	0	38
chr1	34296760	34299720	1	1	1	103	0	19
chr1	40010678	40011649	1	1	1	95	0	24
chr1	40010678	40011811	1	1	0	1	0	21
chr1	40010678	40014105	1	1	1	36	0	32
chr1	40011842	40014105	1	1	1	95	0	38
chr1	58557374	58557976	2	2	1	1	0	37
chr1	58558058	58586211	2	2	1	1	0	49
chr1	82735508	82747082	1	1	1	2	0	40
chr1	82735508	82750519	1	1	1	41	0	40
chr1	82747143	82750519	1	1	1	2	0	38
chr2	32292216	32293314	1	1	1	11	0	43
chr2	32292216	32296625	1	1	1	54	0	43
chr2	32293396	32296625	1	1	1	11	0	38
chr2	59926161	59932104	2	2	1	1	0	20
chr2	59932171	59933405	2	2	0	50	0	37
chr2	59932171	59933411	2	2	1	327	0	31
chr2	59932171	59933670	2	2	1	2	0	37
chr2	59933439	59933670	2	2	1	375	0	28
chr2	71849507	71853533	1	1	1	869	1	43
chr2	71849507	71855853	1	1	1	2370	2	43
chr2	71853664	71855853	1	1	1	877	1	41
chr2	75662926	75663570	1	1	1	7	0	39
chr2	75663715	75665027	1	1	1	1	0	13
chr2	91001089	91001461	1	1	1	459	0	34
chr2	91001511	91003210	1	1	1	452	0	25
chr2	91001511	91003299	1	1	0	1	0	46
chr2	91003238	91003810	1	1	0	1	0	27
chr2	91003346	91003810	1	1	1	7	0	36
chr2	91159300	91162027	2	2	0	3	0	41
chr2	91159306	91160316	2	2	1	212	0	47
chr2	91159306	91162027	2	2	1	355	0	47
chr2	91160371	91162027	2	2	1	213	0	43
chr2	91681696	91684668	2	2	1	164	0	50
chr2	153670448	153672215	1	1	1	2	0	50
chr3	60422418	60613472	1	1	0	0	3	15
chr3	60613521	60614682	1	1	1	1295	1	45
chr3	60613521	60615619	1	1	1	1589	6	45
chr3	60614737	60615619	1	1	1	1299	2	41
chr3	87733505	87734423	1	1	1	13	0	39
chr3	87733505	87735344	1	1	0	8	0	39
chr3	87734553	87735344	1	1	1	13	0	37
chr3	88483947	88484046	2	2	1	259	1	38
chr3	88483947	88484614	2	2	0	1	0	38
chr3	88484155	88484614	2	2	1	258	1	41
chr3	119724187	119724611	2	2	1	3279	1	34
chr3	119724187	119726065	2	2	1	13	0	29
chr3	119724646	119726065	2	2	1	3382	1	38
chr3	129825617	129826823	2	2	1	2	0	36
chr4	31992517	31994873	1	1	1	233	0	39
chr4	31992517	32002088	1	1	1	2560	1	49
chr4	31994955	32002088	1	1	1	236	0	49
chr4	107009769	107027216	1	1	1	16	0	38
chr4	107009769	107028192	1	1	1	134	0	41
chr4	107027298	107028192	1	1	1	20	0	41
chr4	149222365	149223229	2	2	1	2	0	3
chr5	23565266	23610849	2	2	0	1	0	37
chr5	23565266	23616326	2	2	1	987	1	46
chr5	23610909	23616326	2	2	0	1	0	45
chr5	23615785	23616326	2	2	0	1	0	45
chr5	72958287	72965803	1	1	1	2	0	37
chr5	72958287	72974530	1	1	1	55	0	41
chr5	72965882	72974530	1	1	1	2	0	41
chr5	116482537	116591333	2	2	1	785	4	50
chr5	149184807	149185484	1	1	1	2	0	43
chr5	149184807	149187707	1	1	1	20	0	43
chr5	149184807	149188344	1	1	1	498	0	44
chr5	149187835	149188344	1	1	1	1	0	39
chr5	149187877	149188344	1	1	1	20	0	39
chr6	47577668	47594893	2	2	1	1	0	26
chr6	98939789	98941535	2	2	1	107	0	45
chr6	98939789	98944618	2	2	0	2	0	45
chr6	98941658	98944618	2	2	1	107	0	37
chr6	125162102	125162211	2	2	1	330	12	38
chr6	128371086	128371967	1	1	1	2935	3	45
chr6	128371086	128372533	1	1	1	7	0	46
chr6	128372013	128372504	1	1	0	13	0	27
chr6	128372013	128372509	1	1	0	7	0	31
chr6	128372013	128372530	1	1	1	415	0	49
chr6	128372013	128372533	1	1	1	2460	3	46
chr6	128372013	128372536	1	1	0	1	0	36
chr6	128372018	128372530	1	1	0	2	0	49
chr6	128372018	128372533	1	1	0	38	0	46
chr7	67240441	67244520	2	2	1	192	1	24
chr7	67240441	67251656	2	2	1	1360	1	45
chr7	67244545	67251656	2	2	1	192	1	25
chr7	102001660	102002294	1	1	1	1294	1	43
chr7	102001660	102007485	1	1	1	270	0	43
chr7	102002337	102007485	1	1	1	1297	1	41
chr7	112839481	112841887	1	1	1	7	0	41
chr7	112839481	112842039	1	1	1	94	0	41
chr7	112839481	112856052	1	1	1	3	0	12
chr7	112839481	112856797	1	1	1	2	0	41
chr7	112841951	112856052	1	1	1	3	0	12
chr7	112842103	112856052	1	1	1	92	0	12
chr7	112842103	112856797	1	1	1	3	0	37
chr7	112856065	112856797	1	1	1	102	0	12
chr7	127980247	127981190	1	1	1	9	0	22
chr7	127981292	127981410	1	1	1	11	0	28
chr8	25532429	25557730	1	1	1	3	0	44
chr8	91688606	91932332	1	1	0	5	0	13
chr8	95100453	95100646	2	2	1	750	1	31
chr8	95100453	95101408	2	2	0	139	0	46
chr8	95100674	95101408	2	2	1	750	1	42
chr8	123268550	123268744	2	2	1	113	0	46
chr9	43027296	43040539	2	2	1	106	0	41
chr9	43027296	43042590	2	2	1	107	0	45
chr9	43040593	43042590	2	2	0	2	0	45
chr9	43040597	43042590	2	2	1	102	0	45
chr9	80093642	80098885	1	1	1	5808	7	26
chr9	80093642	80098892	1	1	0	125	0	14
chr9	80093642	80103693	1	1	1	149	0	45
chr9	80098907	80103693	1	1	1	5934	7	27
chr9	114597607	114597794	2	2	1	335	0	38
chr9	114597607	114598704	2	2	0	14	0	42
chr9	114597825	114598704	2	2	0	4	0	30
chr9	114597831	114598704	2	2	1	329	0	36
chr11	79458907	79463232	1	1	1	11	0	42
chr11	79458907	79468716	1	1	1	93	0	43
chr11	79463296	79468716	1	1	1	11	0	39
chr11	94112147	94113262	1	1	1	98	0	21
chr11	94112147	94114172	1	1	1	247	0	32
chr11	94113302	94114172	1	1	1	103	0	39
chr11	102310577	102310925	2	2	1	37	0	42
chr11	102310577	102311379	2	2	1	522	2	49
chr11	102311037	102311379	2	2	1	36	0	45
chr12	71952560	71958746	1	1	1	34	0	27
chr12	71952560	71959805	1	1	1	27	0	43
chr12	71958774	71959805	1	1	1	34	0	27
chr12	83811361	83825258	2	2	1	59	0	37
chr12	83811361	83831921	2	2	1	329	2	41
chr12	83825292	83831921	2	2	1	58	0	33
chr12	83825334	83831921	2	2	0	1	0	38
chr12	113133338	113133495	1	1	0	108	13	45
chr12	113133338	113133540	1	1	1	1695	55	42
chr12	113133338	113135796	1	1	1	21	0	29
chr12	113133577	113134800	1	1	0	14	0	12
chr12	113133577	113135796	1	1	1	1724	67	29
chr12	113134813	113135796	1	1	0	14	0	12
chr13	46778994	46780545	2	2	0	2	0	40
chr13	46778994	46780625	2	2	1	593	1	41
chr13	46778994	46785245	2	2	1	1637	3	46
chr13	46780665	46785245	2	2	1	597	1	39
chr13	56084286	56089757	2	2	1	38	0	41
chr13	56084286	56096123	2	2	0	1	0	40
chr13	56089858	56096123	2	2	1	38	0	41
chr14	57643224	57643334	2	2	1	1	0	39
chr14	57643224	57648418	2	2	1	74	0	41
chr14	57643490	57648418	2	2	1	1	0	38
chr14	120389164	120395711	1	1	1	148	0	39
chr14	120389164	120396450	1	1	1	447	1	48
chr14	120395766	120396450	1	1	1	151	0	48
chr15	77102940	77105576	2	2	1	179	0	42
chr15	77102940	77113604	2	2	1	10	0	48
chr15	77105670	77113604	2	2	1	179	0	48
chr16	57178021	57181491	2	2	1	233	1	43
chr16	57178021	57182850	2	2	1	71	0	43
chr16	57181507	57182850	2	2	0	3	0	15
chr16	57181537	57182850	2	2	1	227	1	37
chr17	12979205	13846588	1	1	0	45	0	12
chr17	13846640	13848354	1	1	1	3908	6	24
chr17	13846640	13849107	1	1	1	2783	1	46
chr17	13846640	13849113	1	1	0	22	0	48
chr17	13848376	13849107	1	1	1	3889	6	29
chr17	13848376	13849113	1	1	0	17	0	21
chr17	24722521	24722654	2	2	1	1	0	41
chr17	24722794	24724186	2	2	1	1	0	17
chr17	45570543	45571878	2	2	1	1	0	9
chr17	45570567	45570665	2	2	1	550	0	39
chr17	45570800	45571017	2	2	1	616	0	24
chr17	46250926	46251113	1	1	1	1	0	19
chr17	51783067	51785528	2	2	1	2	0	40
chr17	51785641	51803430	2	2	1	2	0	14
chr17	80053642	80061656	2	2	1	1	0	33
chr18	10726534	10740982	1	1	1	3	0	15
chr18	53948155	53948381	1	1	0	1	0	39
chr18	53948155	53948644	1	1	1	10891	11	33
chr18	53948155	53953244	1	1	1	1615	4	45
chr18	53948447	53953244	1	1	0	1	0	37
chr18	53948666	53953244	1	1	0	16	0	21
chr18	53948669	53953244	1	1	1	10869	9	37
chr18	53948669	53953268	1	1	0	2	0	24
chr18	53948673	53953244	1	1	0	1	0	28
chr18	64515409	64516415	2	2	1	2	0	31
chr19	7281256	7281797	2	4	1	188	0	39
chr19	7281256	7282725	2	2	1	1103	2	36
chr19	7281960	7282725	2	2	1	196	0	35
