chr1	34295537	34296741	1	1	1	67	0	18
chr1	34295537	34299720	1	1	1	14	0	38
chr1	34296760	34299720	1	1	1	67	0	18
chr1	40010678	40011649	1	1	1	96	1	21
chr1	40010678	40011783	1	1	0	1	0	21
chr1	40010678	40011811	1	1	0	3	0	21
chr1	40010678	40014105	1	1	1	55	1	32
chr1	40011842	40014105	1	1	1	93	1	37
chr1	82735508	82741817	1	1	1	2	0	40
chr1	82735508	82747082	1	1	1	2	0	40
chr1	82735508	82750519	1	1	1	142	0	41
chr1	82747143	82750519	1	1	1	4	0	38
chr2	32292216	32293314	1	1	1	31	0	43
chr2	32292216	32296625	1	1	1	152	0	43
chr2	32293396	32296625	1	1	1	30	0	38
chr2	59932171	59933405	2	2	0	78	0	37
chr2	59932171	59933411	2	2	1	544	0	32
chr2	59932171	59933670	2	2	1	2	0	30
chr2	59933439	59933670	2	2	1	611	0	28
chr2	71849507	71853533	1	1	1	866	1	41
chr2	71849507	71853820	1	1	0	1	0	37
chr2	71849507	71853875	1	1	0	2	0	15
chr2	71849507	71853890	1	1	0	3	0	39
chr2	71849507	71855853	1	1	1	3193	6	46
chr2	71853664	71855853	1	1	1	914	1	42
chr2	71853677	71855868	1	1	0	1	0	46
chr2	71853891	71855853	1	1	0	3	0	40
chr2	71853948	71855853	1	1	0	2	0	40
chr2	71854612	71855853	1	1	0	1	0	36
chr2	75662926	75663570	1	1	1	4	0	27
chr2	91001089	91001461	1	1	1	989	1	32
chr2	91001089	91003299	1	1	0	3	1	33
chr2	91001511	91003210	1	1	1	968	1	25
chr2	91001511	91003299	1	1	0	4	0	46
chr2	91003238	91003810	1	1	0	2	0	27
chr2	91003346	91003810	1	1	1	20	0	36
chr2	91159300	91162027	2	2	0	2	0	41
chr2	91159306	91160316	2	2	1	263	0	47
chr2	91159306	91162027	2	2	1	455	0	47
chr2	91160371	91162027	2	2	1	262	0	40
chr2	91681696	91684668	2	2	1	245	0	50
chr2	91681831	91684668	2	2	0	1	0	38
chr2	119754674	119755130	2	2	1	1	0	35
chr2	121270709	121271271	2	2	1	1	0	26
chr2	168752741	168754433	2	2	1	4	0	44
chr3	60613521	60614682	1	1	1	982	0	46
chr3	60613521	60614688	1	1	0	1	0	44
chr3	60613521	60615619	1	1	1	1021	0	45
chr3	60614737	60615619	1	1	1	996	0	39
chr3	78904652	78918022	2	2	0	1	0	12
chr3	87733505	87734423	1	1	1	12	0	39
chr3	87733505	87735344	1	1	0	10	0	40
chr3	87734553	87735344	1	1	1	12	0	37
chr3	88483947	88484046	2	2	1	530	1	39
chr3	88483947	88484614	2	2	0	1	0	38
chr3	88484155	88484614	2	2	1	515	1	40
chr3	119724187	119724611	2	2	1	5652	5	34
chr3	119724187	119726065	2	2	1	14	0	29
chr3	119724646	119726065	2	2	1	5758	5	38
chr3	129825617	129826823	2	2	1	4	0	36
chr4	31992517	31994873	1	1	1	274	1	39
chr4	31992517	32002088	1	1	1	3914	8	50
chr4	31994955	32002088	1	1	1	274	1	49
chr4	107009769	107027216	1	1	1	7	0	38
chr4	107009769	107028192	1	1	1	79	0	41
chr4	107009769	107028217	1	1	0	1	0	35
chr4	107027298	107028192	1	1	1	10	0	41
chr5	23565266	23616326	2	2	1	592	1	48
chr5	72958287	72974530	1	1	1	69	0	42
chr5	116482537	116591333	2	2	1	1111	3	50
chr5	149184807	149187707	1	1	1	30	0	43
chr5	149184807	149188344	1	1	1	665	4	45
chr5	149187806	149188344	1	1	0	1	0	39
chr5	149187835	149188344	1	1	1	1	0	39
chr5	149187864	149188344	1	1	0	1	0	39
chr5	149187877	149188344	1	1	1	27	0	39
chr6	98939789	98941535	2	2	1	235	0	46
chr6	98939789	98944618	2	2	0	24	0	45
chr6	98941658	98944618	2	2	1	235	0	36
chr6	125162102	125162211	2	2	1	488	12	36
chr6	128371086	128371967	1	1	1	3028	2	45
chr6	128371086	128372533	1	1	1	11	0	46
chr6	128372013	128372278	1	1	0	1	0	27
chr6	128372013	128372504	1	1	0	18	0	26
chr6	128372013	128372509	1	1	0	2	0	31
chr6	128372013	128372530	1	1	1	364	0	49
chr6	128372013	128372533	1	1	1	2620	1	46
chr6	128372013	128372536	1	1	0	2	0	43
chr6	128372013	128372539	1	1	0	1	0	40
chr6	128372018	128372530	1	1	0	4	0	49
chr6	128372018	128372533	1	1	0	20	0	46
chr6	128372208	128372533	1	1	0	1	0	46
chr6	128372306	128372533	1	1	0	1	0	27
chr7	67240441	67244520	2	2	1	121	0	24
chr7	67240441	67251656	2	2	1	840	0	44
chr7	67244545	67251656	2	2	1	121	0	24
chr7	99849060	99858763	2	2	1	1	0	44
chr7	102001660	102002294	1	1	1	2100	0	44
chr7	102001660	102007485	1	1	1	661	2	45
chr7	102002310	102007485	1	1	0	3	0	15
chr7	102002337	102007485	1	1	1	2092	0	42
chr7	112839481	112841887	1	1	1	4	1	41
chr7	112839481	112842039	1	1	1	236	1	41
chr7	112839481	112856052	1	1	1	5	0	12
chr7	112839481	112856797	1	1	1	12	0	41
chr7	112841906	112842057	1	1	0	0	1	18
chr7	112842103	112856052	1	1	1	224	1	12
chr7	112842103	112856797	1	1	1	7	0	37
chr7	112856065	112856797	1	1	1	230	1	14
chr7	112856065	112856803	1	1	0	1	0	12
chr7	123124333	123124667	1	1	1	1	0	32
chr7	123124716	123143749	1	1	1	1	0	6
chr7	127980247	127981190	1	1	1	12	0	22
chr7	127981292	127981410	1	1	1	11	0	6
chr8	25532429	25557730	1	1	1	2	0	44
chr8	25555775	25557730	1	1	1	1	0	32
chr8	33386064	33386329	1	1	0	3	0	46
chr8	91688606	91932332	1	1	0	5	0	13
chr8	95100453	95100646	2	2	1	716	2	31
chr8	95100453	95101408	2	2	0	153	0	46
chr8	95100674	95101408	2	2	1	717	2	42
chr8	95101447	95139983	2	2	0	0	2	15
chr8	123268550	123268744	2	2	1	276	0	48
chr9	43027296	43040539	2	2	1	162	0	39
chr9	43027296	43042590	2	2	1	161	0	46
chr9	43040597	43042590	2	2	1	161	0	45
chr9	61913522	61913887	2	2	1	1	0	42
chr9	80067573	80103693	1	1	1	1	0	6
chr9	80093642	80094508	1	1	0	1	0	44
chr9	80093642	80098847	1	1	0	1	0	44
chr9	80093642	80098885	1	1	1	8074	8	26
chr9	80093642	80098892	1	1	0	181	0	19
chr9	80093642	80103693	1	1	1	280	0	45
chr9	80094574	80098885	1	1	0	1	0	16
chr9	80098907	80099016	1	1	0	3	0	21
chr9	80098907	80103693	1	1	1	8256	8	37
chr9	80098907	80103698	1	1	0	11	0	21
chr9	80099049	80103693	1	1	0	3	0	37
chr9	80103765	80116531	1	1	1	1	0	25
chr9	114597607	114597794	2	2	1	612	0	38
chr9	114597607	114598704	2	2	0	25	0	42
chr9	114597825	114598704	2	2	0	7	0	30
chr9	114597831	114598704	2	2	1	602	0	38
chr11	72757470	72758452	1	1	1	1	0	25
chr11	79458907	79463232	1	1	1	26	0	42
chr11	79458907	79468113	1	1	1	1	0	41
chr11	79458907	79468716	1	1	1	242	1	45
chr11	79463296	79468716	1	1	1	26	0	38
chr11	79468155	79468716	1	1	1	1	0	38
chr11	85005929	85006992	2	2	1	2	0	14
chr11	94112147	94113262	1	1	1	109	0	21
chr11	94112147	94114172	1	1	1	308	0	32
chr11	94113302	94114172	1	1	1	115	0	39
chr11	100481848	100482144	2	2	1	7	0	36
chr11	102310577	102310925	2	2	1	97	0	42
chr11	102310577	102311379	2	2	1	1102	0	48
chr11	102311037	102311379	2	2	1	96	0	45
chr12	71952560	71958746	1	1	1	91	0	27
chr12	71952560	71959805	1	1	1	91	0	44
chr12	71958774	71959805	1	1	1	91	0	29
chr12	83811361	83825258	2	2	1	71	0	37
chr12	83811361	83831921	2	2	1	569	1	41
chr12	83825292	83831921	2	2	1	68	0	33
chr12	83825319	83831921	2	2	0	2	0	38
chr12	112928622	113133308	1	1	0	0	4	13
chr12	113133338	113133495	1	1	0	138	18	43
chr12	113133338	113133540	1	1	1	1461	41	43
chr12	113133338	113135796	1	1	1	16	0	29
chr12	113133577	113134761	1	1	0	1	0	21
chr12	113133577	113134800	1	1	0	5	0	14
chr12	113133577	113135796	1	1	1	1550	59	29
chr12	113134813	113135796	1	1	0	4	0	29
chr13	46778985	46785252	1	1	0	1	0	49
chr13	46778994	46780625	2	2	1	712	1	41
chr13	46778994	46785245	2	2	1	3077	4	46
chr13	46780665	46785245	2	2	1	711	1	40
chr13	56084286	56089757	2	2	1	48	0	44
chr13	56089858	56096123	2	2	1	47	0	41
chr14	57643224	57643334	2	2	1	4	0	39
chr14	57643224	57648418	2	2	1	190	0	39
chr14	57643490	57648418	2	2	1	4	0	38
chr14	101654106	101654207	1	1	1	1	0	1
chr14	101665890	101666511	1	1	1	1	0	7
chr14	120389164	120395711	1	1	1	268	0	40
chr14	120389164	120396450	1	1	1	638	1	48
chr14	120395766	120396450	1	1	1	278	0	48
chr15	77102940	77105576	2	2	1	382	1	49
chr15	77102940	77113604	2	2	1	11	0	48
chr15	77105670	77113604	2	2	1	381	1	48
chr15	77112788	77113604	2	2	0	1	0	44
chr16	57178021	57181491	2	2	1	405	1	44
chr16	57178021	57182850	2	2	1	139	0	43
chr16	57181537	57182850	2	2	1	403	1	33
chr16	84831508	84834808	2	2	1	1	0	35
chr17	12979205	13846588	1	1	0	27	1	12
chr17	13846613	13848354	1	1	0	3	0	21
chr17	13846640	13848306	1	1	0	1	0	38
chr17	13846640	13848354	1	1	1	3450	8	24
chr17	13846640	13849107	1	1	1	4919	13	46
chr17	13846640	13849113	1	1	0	30	0	47
chr17	13848376	13849107	1	1	1	3451	8	41
chr17	13848376	13849113	1	1	0	4	0	21
chr17	45570567	45570665	2	2	1	887	0	42
chr17	45570800	45571017	2	2	1	935	0	23
chr17	51783067	51785528	2	2	1	1	0	40
chr17	51785641	51803430	2	2	1	1	0	14
chr17	80053642	80061656	2	2	1	1	0	30
chr18	53948155	53948644	1	1	1	12012	17	28
chr18	53948155	53948651	1	1	0	3	0	17
chr18	53948155	53949213	1	1	0	2	0	39
chr18	53948155	53953244	1	1	1	2124	4	45
chr18	53948666	53953244	1	1	0	5	0	21
chr18	53948669	53953244	1	1	1	12002	17	37
chr18	53948669	53953268	1	1	0	4	0	24
chr18	53949263	53953244	1	1	0	2	0	37
chr19	7281251	7282725	2	2	0	2	0	26
chr19	7281256	7281797	2	4	1	193	0	39
chr19	7281256	7282725	2	2	1	1288	2	36
chr19	7281960	7282725	2	2	1	191	0	36
chr19	23687546	23694320	1	1	1	2	0	31
KV575235.1	147143	149353	1	1	0	0	1	33
