chr1	34295537	34296741	1	1	1	85	0	18
chr1	34295537	34299720	1	1	1	18	0	38
chr1	34296760	34299720	1	1	1	85	0	20
chr1	40010678	40011649	1	1	1	71	0	28
chr1	40010678	40014105	1	1	1	24	1	32
chr1	40011842	40014105	1	1	1	71	0	37
chr1	55088413	55089050	1	1	1	1	0	30
chr1	82735508	82741817	1	1	1	1	0	40
chr1	82735508	82750519	1	1	1	48	0	40
chr1	82741977	82750519	1	1	1	1	0	38
chr2	32292216	32293314	1	1	1	9	0	43
chr2	32292216	32296625	1	1	1	39	0	43
chr2	32293396	32296625	1	1	1	9	0	38
chr2	59932171	59933405	2	2	0	44	0	37
chr2	59932171	59933411	2	2	1	267	0	31
chr2	59932171	59933670	2	2	1	3	0	39
chr2	59933439	59933670	2	2	1	304	0	28
chr2	71849507	71853533	1	1	1	557	0	43
chr2	71849507	71853820	1	1	0	3	0	37
chr2	71849507	71855853	1	1	1	2579	1	42
chr2	71849507	71855868	1	1	0	1	0	46
chr2	71853664	71855853	1	1	1	571	0	41
chr2	71853664	71855868	1	1	0	1	0	46
chr2	71853891	71855853	1	1	0	3	0	40
chr2	75662926	75663570	1	1	1	6	0	41
chr2	91001089	91001461	1	1	1	635	3	34
chr2	91001089	91003299	1	1	0	15	0	33
chr2	91001511	91003210	1	1	1	630	3	23
chr2	91001511	91003299	1	1	0	1	1	46
chr2	91003346	91003810	1	1	1	23	0	36
chr2	91159306	91160316	2	2	1	196	0	47
chr2	91159306	91162027	2	2	1	280	1	47
chr2	91160371	91162027	2	2	1	197	0	41
chr2	91681696	91684668	2	2	1	167	0	50
chr2	153670448	153672215	1	1	1	1	0	50
chr2	163628053	163629126	2	2	1	1	0	31
chr3	60613521	60614682	1	1	1	1265	1	45
chr3	60613521	60614688	1	1	0	2	0	38
chr3	60613521	60615619	1	1	1	1175	3	45
chr3	60614737	60615619	1	1	1	1267	2	42
chr3	87733505	87734423	1	1	1	8	0	42
chr3	87733505	87735344	1	1	0	3	0	39
chr3	87734553	87735344	1	1	1	8	0	37
chr3	88483947	88484046	2	2	1	126	1	38
chr3	88483947	88484614	2	2	0	1	0	39
chr3	88484155	88484614	2	2	1	126	1	40
chr3	119724187	119724611	2	2	1	5210	1	34
chr3	119724187	119726065	2	2	1	10	0	29
chr3	119724646	119726065	2	2	1	5379	1	38
chr3	119726116	120643502	2	2	0	5	0	13
chr4	31992517	31994873	1	1	1	121	0	38
chr4	31992517	32002088	1	1	1	2298	6	50
chr4	31994955	32002088	1	1	1	120	0	48
chr4	107009769	107027216	1	1	1	12	0	39
chr4	107009769	107028192	1	1	1	129	0	45
chr4	107009769	107028217	1	1	0	1	0	35
chr4	107027298	107028192	1	1	1	15	0	41
chr4	107031092	107036935	1	1	1	1	0	29
chr5	23565266	23616326	2	2	1	1067	0	46
chr5	72958287	72965803	1	1	1	1	0	37
chr5	72958287	72974530	1	1	1	67	0	41
chr5	72965882	72974530	1	1	1	1	0	41
chr5	74540990	74542008	1	1	1	1	0	15
chr5	116482537	116591333	2	2	1	727	3	50
chr5	122284910	122308130	1	1	1	1	0	46
chr5	149184807	149187707	1	1	1	20	0	43
chr5	149184807	149188344	1	1	1	592	1	45
chr5	149187835	149188344	1	1	1	1	0	39
chr5	149187864	149188344	1	1	0	1	0	39
chr5	149187877	149188344	1	1	1	18	0	39
chr6	47577668	47594893	2	2	1	1	0	26
chr6	72634233	72649119	2	2	1	2	0	40
chr6	98939789	98941535	2	2	1	108	1	46
chr6	98939789	98944618	2	2	0	24	0	47
chr6	98941658	98944618	2	2	1	109	1	36
chr6	125162102	125162211	2	2	1	209	9	36
chr6	128371086	128371967	1	1	1	3584	2	44
chr6	128371086	128371980	1	1	0	1	0	32
chr6	128371086	128372530	1	1	1	5	0	49
chr6	128371086	128372533	1	1	1	21	0	46
chr6	128372013	128372504	1	1	0	16	0	26
chr6	128372013	128372509	1	1	0	7	0	31
chr6	128372013	128372530	1	1	1	374	0	47
chr6	128372013	128372533	1	1	1	3125	2	46
chr6	128372013	128372536	1	1	0	2	0	43
chr6	128372018	128372530	1	1	0	2	0	49
chr6	128372018	128372533	1	1	0	57	0	46
chr6	128372208	128372533	1	1	0	1	0	46
chr7	67240441	67244520	2	2	1	157	0	24
chr7	67240441	67251656	2	2	1	1433	2	45
chr7	67244545	67251656	2	2	1	157	0	24
chr7	101664214	101667247	1	1	1	1	0	44
chr7	102001660	102002294	1	1	1	969	0	43
chr7	102001660	102007485	1	1	1	337	0	44
chr7	102001665	102002300	1	1	0	2	0	36
chr7	102002337	102007485	1	1	1	980	0	42
chr7	112839481	112841887	1	1	1	4	0	41
chr7	112839481	112842039	1	1	1	73	0	41
chr7	112839481	112856797	1	1	1	2	0	41
chr7	112841951	112856052	1	1	1	2	0	12
chr7	112842103	112856052	1	1	1	70	0	12
chr7	112842103	112856797	1	1	1	6	0	38
chr7	112856065	112856797	1	1	1	72	0	12
chr7	127980247	127981190	1	1	1	21	0	19
chr7	127981292	127981410	1	1	1	21	0	6
chr8	25532429	25555507	1	1	1	1	0	44
chr8	25532429	25557730	1	1	1	5	0	45
chr8	25555775	25557730	1	1	1	1	0	37
chr8	33386064	33386329	1	1	0	1	0	46
chr8	72219861	72219940	1	1	1	4	0	30
chr8	91688606	91932332	1	1	0	4	1	13
chr8	95100453	95100646	2	2	1	414	1	31
chr8	95100453	95101408	2	2	0	154	0	46
chr8	95100674	95101408	2	2	1	414	1	42
chr8	95101447	95139983	2	2	0	0	1	15
chr8	123268550	123268744	2	2	1	88	0	46
chr9	43027296	43040539	2	2	1	74	0	40
chr9	43027296	43042590	2	2	1	77	0	45
chr9	43040597	43042590	2	2	1	73	0	45
chr9	80093642	80094508	1	1	0	2	0	44
chr9	80093642	80098847	1	1	0	1	0	44
chr9	80093642	80098885	1	1	1	6614	6	30
chr9	80093642	80098892	1	1	0	167	0	19
chr9	80093642	80103693	1	1	1	305	1	45
chr9	80094574	80098885	1	1	0	2	0	16
chr9	80098907	80101831	1	1	0	1	0	21
chr9	80098907	80103693	1	1	1	6787	6	37
chr9	80101891	80103693	1	1	0	2	0	37
chr9	114597607	114597794	2	2	1	341	0	38
chr9	114597607	114598704	2	2	0	12	0	42
chr9	114597825	114598704	2	2	0	2	0	30
chr9	114597831	114598704	2	2	1	339	0	36
chr11	79458907	79463232	1	1	1	11	0	42
chr11	79458907	79468716	1	1	1	113	0	44
chr11	79458907	79468724	1	1	0	1	0	46
chr11	79463296	79468716	1	1	1	11	0	39
chr11	94112147	94113262	1	1	1	95	0	21
chr11	94112147	94114172	1	1	1	217	0	32
chr11	94113302	94114172	1	1	1	97	0	39
chr11	100481848	100482144	2	2	1	1	0	36
chr11	102310577	102310925	2	2	1	34	0	42
chr11	102310577	102311379	2	2	1	608	1	45
chr11	102311037	102311379	2	2	1	34	0	45
chr12	71952560	71958746	1	1	1	31	0	27
chr12	71952560	71959805	1	1	1	41	0	44
chr12	71958774	71959805	1	1	1	31	0	29
chr12	83811361	83825258	2	2	1	38	0	33
chr12	83811361	83831921	2	2	1	196	0	41
chr12	83825292	83831921	2	2	1	38	0	33
chr12	104697145	104700364	2	2	1	1	0	39
chr12	113133338	113133495	1	1	0	67	15	42
chr12	113133338	113133540	1	1	1	1308	26	39
chr12	113133338	113135796	1	1	1	6	0	29
chr12	113133577	113134186	1	1	0	1	0	30
chr12	113133577	113134761	1	1	0	1	0	21
chr12	113133577	113134800	1	1	0	8	0	12
chr12	113133577	113135796	1	1	1	1315	41	29
chr12	113134813	113135796	1	1	0	9	0	29
chr13	46778994	46780545	2	2	0	1	0	40
chr13	46778994	46780625	2	2	1	792	0	44
chr13	46778994	46785245	2	2	1	1777	2	45
chr13	46780665	46785245	2	2	1	796	0	39
chr13	56084286	56089757	2	2	1	35	0	40
chr13	56089858	56096123	2	2	1	35	0	41
chr14	57643224	57643334	2	2	1	4	0	39
chr14	57643224	57648418	2	2	1	61	0	40
chr14	57643490	57648418	2	2	1	4	0	39
chr14	101654106	101654207	1	1	1	1	0	5
chr14	101665890	101666511	1	1	1	1	0	5
chr14	120389164	120395711	1	1	1	146	0	42
chr14	120389164	120396450	1	1	1	360	0	48
chr14	120395766	120396450	1	1	1	152	0	48
chr15	77099493	77102878	2	2	1	1	0	1
chr15	77102940	77105576	2	2	1	170	0	41
chr15	77102940	77113604	2	2	1	9	0	48
chr15	77105670	77113604	2	2	1	172	0	48
chr16	57178021	57181491	2	2	1	193	0	44
chr16	57178021	57182850	2	2	1	49	0	43
chr16	57181537	57182850	2	2	1	193	0	34
chr17	12979205	13846588	1	1	0	39	2	12
chr17	13846613	13849107	1	1	0	1	0	37
chr17	13846640	13848354	1	1	1	3275	5	24
chr17	13846640	13849107	1	1	1	3589	3	45
chr17	13846640	13849113	1	1	0	12	0	47
chr17	13848376	13849107	1	1	1	3269	5	27
chr17	13848376	13849113	1	1	0	6	0	21
chr17	45570567	45570665	2	2	1	585	0	42
chr17	45570800	45571017	2	2	1	635	0	24
chr17	56578845	56578920	2	2	1	1	0	18
chr17	56578986	56582983	2	2	1	1	0	42
chr18	53948155	53948644	1	1	1	16556	20	28
chr18	53948155	53953244	1	1	1	2335	3	44
chr18	53948666	53953244	1	1	0	12	0	21
chr18	53948669	53953244	1	1	1	16531	18	37
chr18	53949705	53953244	1	1	0	1	0	24
chr19	7281251	7282725	2	2	0	1	0	26
chr19	7281256	7281797	2	4	1	136	0	40
chr19	7281256	7282725	2	2	1	1267	2	36
chr19	7281960	7282725	2	2	1	146	0	35
KV575235.1	147565	149353	1	1	0	0	1	46
