chr1	34295537	34296741	1	1	1	124	0	18
chr1	34295537	34299720	1	1	1	28	0	39
chr1	34296760	34299720	1	1	1	124	0	19
chr1	40010678	40011649	1	1	1	154	0	32
chr1	40010678	40011783	1	1	0	2	0	21
chr1	40010678	40011787	1	1	0	1	0	21
chr1	40010678	40011811	1	1	0	1	0	21
chr1	40010678	40014105	1	1	1	59	5	32
chr1	40011842	40014105	1	1	1	152	0	39
chr1	58558058	58565856	2	2	1	1	0	23
chr1	58565955	58586211	2	2	1	1	0	49
chr1	82735508	82747082	1	1	1	1	0	40
chr1	82735508	82750519	1	1	1	69	0	40
chr2	32292216	32293314	1	1	1	18	0	43
chr2	32292216	32296625	1	1	1	96	0	43
chr2	32293396	32296625	1	1	1	17	0	38
chr2	59926161	59932104	2	2	1	1	0	20
chr2	59932171	59933405	2	2	0	83	0	37
chr2	59932171	59933411	2	2	1	519	0	32
chr2	59933439	59933670	2	2	1	595	0	33
chr2	71849507	71853533	1	1	1	998	2	41
chr2	71849507	71853820	1	1	0	1	0	37
chr2	71849507	71853875	1	1	0	1	0	15
chr2	71849507	71855853	1	1	1	3296	6	44
chr2	71849507	71855868	1	1	0	10	0	46
chr2	71853664	71855853	1	1	1	1031	2	44
chr2	71853891	71855853	1	1	0	4	0	40
chr2	75662926	75663570	1	1	1	9	1	39
chr2	91001089	91001461	1	1	1	737	2	34
chr2	91001089	91003299	1	1	0	3	0	33
chr2	91001511	91003210	1	1	1	741	2	40
chr2	91003238	91003810	1	1	0	2	0	27
chr2	91003346	91003810	1	1	1	17	0	36
chr2	91159300	91162027	2	2	0	5	0	41
chr2	91159306	91160316	2	2	1	257	1	47
chr2	91159306	91162027	2	2	1	674	0	48
chr2	91160371	91162027	2	2	1	261	1	40
chr2	91681696	91682025	2	2	1	1	0	50
chr2	91681696	91684668	2	2	1	291	2	50
chr2	91682110	91684668	2	2	0	1	0	38
chr2	153670448	153672215	1	1	1	6	0	50
chr2	158755889	158756919	1	1	1	1	0	29
chr3	60201323	60613472	1	1	0	1	3	14
chr3	60613521	60614682	1	1	1	1814	1	45
chr3	60613521	60614688	1	1	0	3	0	38
chr3	60613521	60615619	1	1	1	2044	5	45
chr3	60614737	60615619	1	1	1	1829	1	39
chr3	87733505	87734423	1	1	1	13	0	39
chr3	87733505	87735344	1	1	0	10	0	39
chr3	87734553	87735344	1	1	1	13	0	37
chr3	88483947	88484046	2	2	1	387	1	41
chr3	88484155	88484614	2	2	1	382	1	39
chr3	119724187	119724611	2	2	1	5747	3	34
chr3	119724187	119726065	2	2	1	20	0	29
chr3	119724646	119726065	2	2	1	5915	3	38
chr3	119726116	119820407	2	2	0	3	0	13
chr3	129825617	129826823	2	2	1	2	0	36
chr4	31992517	31994873	1	1	1	210	0	39
chr4	31992517	32002088	1	1	1	5090	10	49
chr4	31994955	32002088	1	1	1	211	0	49
chr4	107009769	107027216	1	1	1	21	0	38
chr4	107009769	107028192	1	1	1	218	0	41
chr4	107027298	107028192	1	1	1	25	0	41
chr5	23565266	23616326	2	2	1	1270	0	49
chr5	23575717	23616326	2	2	0	1	0	45
chr5	72958287	72965803	1	1	1	4	0	40
chr5	72958287	72974530	1	1	1	115	1	45
chr5	72965882	72974530	1	1	1	4	0	41
chr5	105862938	105949991	1	1	0	2	0	13
chr5	116482532	116591333	2	2	0	4	0	45
chr5	116482537	116591333	2	2	1	1153	4	50
chr5	149184807	149187707	1	1	1	18	0	43
chr5	149184807	149188344	1	1	1	808	1	45
chr5	149187835	149188344	1	1	1	3	0	39
chr5	149187864	149188344	1	1	0	2	0	39
chr5	149187877	149188344	1	1	1	13	0	39
chr5	149188474	149193839	1	1	1	1	0	25
chr6	47577668	47594893	2	2	1	1	0	26
chr6	98939789	98940994	2	2	1	1	0	45
chr6	98939789	98941535	2	2	1	163	0	46
chr6	98939789	98944618	2	2	0	16	0	46
chr6	98941165	98944618	2	2	0	1	0	36
chr6	98941658	98944618	2	2	1	162	0	36
chr6	125162102	125162211	2	2	1	420	15	37
chr6	128371086	128371967	1	1	1	4285	5	44
chr6	128371086	128372504	1	1	0	1	0	39
chr6	128371086	128372530	1	1	1	1	0	49
chr6	128371086	128372533	1	1	1	10	0	46
chr6	128372013	128372504	1	1	0	23	0	26
chr6	128372013	128372509	1	1	0	9	0	32
chr6	128372013	128372530	1	1	1	555	0	49
chr6	128372013	128372533	1	1	1	3640	5	46
chr6	128372013	128372536	1	1	0	2	0	43
chr6	128372013	128372539	1	1	0	2	0	40
chr6	128372018	128372530	1	1	0	7	0	49
chr6	128372018	128372533	1	1	0	50	0	46
chr7	67240441	67244520	2	2	1	232	1	24
chr7	67240441	67251656	2	2	1	1763	2	45
chr7	67244545	67251656	2	2	1	232	1	25
chr7	99849060	99858763	2	2	1	1	0	31
chr7	102001660	102002294	1	1	1	1570	2	42
chr7	102001660	102007485	1	1	1	618	0	44
chr7	102001665	102002300	1	1	0	0	1	36
chr7	102002310	102007485	1	1	0	1	0	15
chr7	102002337	102007485	1	1	1	1586	1	42
chr7	112839481	112841887	1	1	1	7	0	41
chr7	112839481	112842039	1	1	1	127	0	49
chr7	112839481	112856052	1	1	1	2	0	12
chr7	112839481	112856797	1	1	1	7	0	41
chr7	112841951	112856052	1	1	1	3	0	12
chr7	112842103	112856052	1	1	1	123	0	12
chr7	112842103	112856797	1	1	1	8	0	37
chr7	112856065	112856797	1	1	1	131	0	14
chr7	127980247	127981190	1	1	1	12	0	22
chr7	127981292	127981410	1	1	1	13	0	6
chr8	25532429	25557730	1	1	1	3	0	43
chr8	33386064	33386329	1	1	0	1	0	46
chr8	91688606	91932332	1	1	0	8	0	13
chr8	95100453	95100646	2	2	1	963	0	31
chr8	95100453	95101408	2	2	0	204	0	46
chr8	95100674	95101408	2	2	1	963	0	42
chr8	123268550	123268744	2	2	1	296	0	48
chr9	43027296	43040539	2	2	1	132	0	39
chr9	43027296	43042590	2	2	1	165	0	45
chr9	43040597	43042590	2	2	1	132	0	45
chr9	80093642	80098885	1	1	1	9361	4	30
chr9	80093642	80098892	1	1	0	255	0	19
chr9	80093642	80103693	1	1	1	299	1	45
chr9	80098907	80099016	1	1	0	2	0	21
chr9	80098907	80103693	1	1	1	9619	4	24
chr9	80098907	80103698	1	1	0	1	0	21
chr9	80099049	80103693	1	1	0	2	0	37
chr9	114597607	114597794	2	2	1	472	0	38
chr9	114597607	114598704	2	2	0	23	0	42
chr9	114597825	114598704	2	2	0	5	0	30
chr9	114597831	114598704	2	2	1	465	0	36
chr11	78233684	78245547	2	2	1	2	0	13
chr11	79458907	79463232	1	1	1	18	0	42
chr11	79458907	79468716	1	1	1	203	0	42
chr11	79463296	79468716	1	1	1	18	0	39
chr11	94112147	94113262	1	1	1	157	0	21
chr11	94112147	94114172	1	1	1	355	0	32
chr11	94113302	94114172	1	1	1	157	0	39
chr11	102310333	102310442	2	2	1	1	0	36
chr11	102310577	102310925	2	2	1	60	0	42
chr11	102310577	102311379	2	2	1	1072	2	46
chr11	102311037	102311379	2	2	1	59	0	45
chr12	71952560	71958746	1	1	1	43	0	27
chr12	71952560	71959805	1	1	1	89	0	44
chr12	71958774	71959805	1	1	1	42	0	27
chr12	71958774	71959809	1	1	0	1	0	27
chr12	83811361	83825258	2	2	1	83	0	34
chr12	83811361	83831921	2	2	1	472	0	41
chr12	83825292	83831921	2	2	1	83	0	34
chr12	112928622	113133308	1	1	0	0	8	13
chr12	113133338	113133495	1	1	0	141	21	45
chr12	113133338	113133540	1	1	1	2741	84	43
chr12	113133338	113135796	1	1	1	12	0	29
chr12	113133577	113134761	1	1	0	1	0	21
chr12	113133577	113134800	1	1	0	11	0	12
chr12	113133577	113135796	1	1	1	2756	105	29
chr12	113134813	113135796	1	1	0	13	0	29
chr13	46778990	46785245	2	2	0	2	0	44
chr13	46778994	46780545	2	2	0	3	0	40
chr13	46778994	46780625	2	2	1	966	0	43
chr13	46778994	46785245	2	2	1	2920	1	46
chr13	46780665	46785245	2	2	1	970	0	40
chr13	56084286	56088251	2	2	1	1	0	40
chr13	56084286	56089757	2	2	1	59	0	40
chr13	56088343	56096123	2	2	1	1	0	38
chr13	56089858	56096123	2	2	1	58	0	41
chr14	57643224	57643334	2	2	1	1	0	40
chr14	57643224	57648418	2	2	1	118	1	47
chr14	57643490	57648418	2	2	1	1	0	38
chr14	120389164	120395711	1	1	1	204	1	38
chr14	120389164	120396450	1	1	1	693	0	48
chr14	120395766	120396450	1	1	1	207	1	48
chr15	77102940	77105576	2	2	1	214	0	43
chr15	77102940	77113604	2	2	1	24	0	48
chr15	77105670	77113604	2	2	1	214	0	48
chr15	103242719	103242921	1	1	1	0	1	36
chr15	103242719	103243624	1	1	1	0	1	33
chr16	57178021	57181491	2	2	1	360	1	44
chr16	57178021	57182850	2	2	1	164	1	44
chr16	57181511	57182850	2	2	0	1	0	19
chr16	57181537	57182850	2	2	1	358	1	33
chr16	84831508	84834808	2	2	1	1	0	44
chr17	12979205	13846588	1	1	0	67	2	12
chr17	13846640	13848354	1	1	1	5929	11	24
chr17	13846640	13848358	1	1	0	3	0	17
chr17	13846640	13849107	1	1	1	5612	8	46
chr17	13846640	13849113	1	1	0	14	0	47
chr17	13848376	13849107	1	1	1	5915	10	29
chr17	13848376	13849113	1	1	0	9	1	21
chr17	45570567	45570665	2	2	1	900	2	42
chr17	45570800	45571017	2	2	1	951	1	23
chr17	51783067	51785528	2	2	1	1	0	40
chr17	51785641	51803430	2	2	1	1	0	14
chr18	53948155	53948381	1	1	0	1	0	39
chr18	53948155	53948644	1	1	1	15938	13	28
chr18	53948155	53948651	1	1	0	2	0	17
chr18	53948155	53953244	1	1	1	2553	3	45
chr18	53948447	53953244	1	1	0	1	0	37
chr18	53948666	53953244	1	1	0	10	0	21
chr18	53948669	53953244	1	1	1	15916	11	37
chr18	53948669	53953268	1	1	0	2	0	24
chr18	64511878	64511983	2	2	1	1	0	39
chr18	64512050	64515325	2	2	1	1	0	16
chr18	64515406	64516415	2	2	1	1	0	42
chr18	64515409	64516415	2	2	1	3	0	39
chr19	7281251	7282725	2	2	0	2	0	26
chr19	7281256	7281797	2	4	1	293	0	39
chr19	7281256	7282725	2	2	1	1888	0	36
chr19	7281960	7282725	2	2	1	307	0	35
