chr1	34295537	34296741	1	1	1	36	0	18
chr1	34295537	34299720	1	1	1	177	0	41
chr1	34296760	34299720	1	1	1	36	0	18
chr1	40010678	40011649	1	1	1	33	0	21
chr1	40010678	40014105	1	1	1	87	2	32
chr1	40011842	40014105	1	1	1	33	0	38
chr1	82735508	82747082	1	1	1	3	0	40
chr1	82735508	82750519	1	1	1	79	0	43
chr1	82747143	82750519	1	1	1	3	0	38
chr2	32292216	32296625	1	1	1	102	0	45
chr2	59926161	59932104	2	2	1	2	0	20
chr2	59932171	59933405	2	2	0	10	0	33
chr2	59932171	59933411	2	2	1	86	0	31
chr2	59932171	59933670	2	2	1	21	0	38
chr2	59933439	59933670	2	2	1	96	0	28
chr2	71849507	71853533	1	1	1	15	0	39
chr2	71849507	71853820	1	1	0	1	0	26
chr2	71849507	71855853	1	1	1	2371	3	42
chr2	71853664	71855853	1	1	1	15	0	40
chr2	71853891	71855853	1	1	0	1	0	40
chr2	75662926	75663570	1	1	1	8	0	41
chr2	91001089	91001461	1	1	1	603	0	34
chr2	91001511	91003210	1	1	1	600	0	25
chr2	91003238	91003810	1	1	0	2	0	27
chr2	91003346	91003810	1	1	1	16	0	38
chr2	91003349	91003810	1	1	0	1	0	36
chr2	91159306	91160316	2	2	1	10	0	47
chr2	91159306	91162027	2	2	1	237	1	47
chr2	91160371	91162027	2	2	1	10	0	38
chr2	91681696	91682025	2	2	1	1	0	50
chr2	91681696	91684668	2	2	1	759	0	50
chr2	91682110	91684668	2	2	0	1	0	38
chr2	104275539	104292338	2	2	0	1	0	12
chr2	153670448	153670848	1	1	1	65	0	43
chr2	153670448	153672215	1	1	1	2	3	50
chr2	153670909	153672215	1	1	1	62	0	50
chr2	153670909	153714954	1	1	0	1	0	50
chr2	153713625	153714954	1	1	1	0	3	50
chr2	168752741	168754433	2	2	1	16703	22	46
chr2	168754471	168860933	2	2	0	0	3	20
chr3	60613521	60614682	1	1	1	119	0	44
chr3	60613521	60615619	1	1	1	40	0	44
chr3	60614737	60615619	1	1	1	119	0	38
chr3	87733505	87734423	1	1	1	2	0	39
chr3	87733505	87735344	1	1	0	142	0	44
chr3	87734553	87735344	1	1	1	2	0	37
chr3	88483947	88484046	2	2	1	123	0	39
chr3	88483947	88484614	2	2	0	1	0	38
chr3	88484155	88484614	2	2	1	120	0	39
chr3	119724187	119724611	2	2	1	2173	0	34
chr3	119724187	119726065	2	2	1	3	0	29
chr3	119724646	119726065	2	2	1	2227	0	38
chr3	119726116	119820407	2	2	0	2	0	13
chr4	31992517	31993403	1	1	0	1	0	21
chr4	31992517	31994873	1	1	1	1804	3	40
chr4	31992517	32002088	1	1	1	837	1	49
chr4	31993425	31994873	1	1	0	1	0	17
chr4	31994955	32002088	1	1	1	1802	3	49
chr4	107009758	107027216	1	1	0	1	0	42
chr4	107009769	107027216	1	1	1	34	0	38
chr4	107009769	107028192	1	1	1	224	0	42
chr4	107027298	107028192	1	1	1	44	0	41
chr5	23565266	23616326	2	2	1	168	0	46
chr5	72958287	72965803	1	1	1	2	0	37
chr5	72958287	72974530	1	1	1	45	0	42
chr5	72965882	72974530	1	1	1	2	0	41
chr5	116482537	116591333	2	2	1	4	0	50
chr5	149184807	149187707	1	1	1	29	0	43
chr5	149184807	149188344	1	1	1	155	0	44
chr5	149187835	149188344	1	1	1	3	0	39
chr5	149187877	149188344	1	1	1	26	0	39
chr6	47577668	47594893	2	2	1	1	0	25
chr6	72634233	72648800	2	2	1	3958	6	42
chr6	72634233	72649119	2	2	1	8470	9	50
chr6	72634351	72649119	2	2	0	1	0	40
chr6	72648843	72649119	2	2	1	3942	6	41
chr6	83874616	84207760	1	1	0	0	4	12
chr6	98939789	98940994	2	2	1	4	0	45
chr6	98939789	98941535	2	2	1	92	0	45
chr6	98939789	98944618	2	2	0	21	0	45
chr6	98941165	98944618	2	2	0	4	0	36
chr6	98941658	98944618	2	2	1	91	0	37
chr6	125162102	125162211	2	2	1	768	26	36
chr6	125162102	125162309	2	2	0	1	0	35
chr6	128371086	128371967	1	1	1	1694	1	44
chr6	128371086	128372509	1	1	0	4	0	39
chr6	128371086	128372530	1	1	1	100	0	49
chr6	128371086	128372533	1	1	1	795	2	46
chr6	128371086	128372539	1	1	0	2	0	40
chr6	128372013	128372504	1	1	0	3	0	26
chr6	128372013	128372509	1	1	0	2	0	31
chr6	128372013	128372530	1	1	1	219	0	49
chr6	128372013	128372533	1	1	1	1441	1	46
chr6	128372013	128372539	1	1	0	1	0	40
chr6	128372018	128372533	1	1	0	31	0	46
chr7	25724845	25725923	2	2	1	1	0	41
chr7	67240441	67244520	2	2	1	9	0	24
chr7	67240441	67251656	2	2	1	545	0	44
chr7	67244545	67251656	2	2	1	9	0	24
chr7	101405603	102001614	1	1	0	6	0	13
chr7	102001660	102002294	1	1	1	272	0	43
chr7	102001660	102007485	1	1	1	4248	5	45
chr7	102002337	102007485	1	1	1	276	0	40
chr7	112839481	112841887	1	1	1	18	0	41
chr7	112839481	112842039	1	1	1	171	0	42
chr7	112839481	112856052	1	1	1	2	0	12
chr7	112839481	112856797	1	1	1	25	0	41
chr7	112841951	112856052	1	1	1	4	0	12
chr7	112841951	112856797	1	1	0	8	0	37
chr7	112842103	112856052	1	1	1	12	0	12
chr7	112842103	112856797	1	1	1	166	0	43
chr7	112856065	112856797	1	1	1	18	0	12
chr7	127974435	127975887	1	1	1	1	0	29
chr7	127975921	127977217	1	1	1	1	0	27
chr7	127980247	127981190	1	1	1	12	0	22
chr7	127981292	127981410	1	1	1	13	0	6
chr7	144861833	144862231	1	1	1	1862	2	39
chr7	144861837	144862231	1	1	0	1	0	32
chr7	144862267	144862764	1	1	0	9	0	35
chr7	144862336	144862764	1	1	1	1842	2	48
chr8	25532429	25557730	1	1	1	3	0	44
chr8	25555775	25557730	1	1	1	1	1	37
chr8	72219861	72219940	1	1	1	1	0	30
chr8	95100443	95100636	2	2	0	1	0	36
chr8	95100453	95100646	2	2	1	353	0	46
chr8	95100453	95101408	2	2	0	944	0	46
chr8	95100674	95101408	2	2	1	351	0	42
chr8	95100700	95101408	2	2	0	2	0	44
chr8	123268550	123268744	2	2	1	152	0	49
chr9	43027296	43040539	2	2	1	18	0	38
chr9	43027296	43042590	2	2	1	256	3	46
chr9	43040597	43042590	2	2	1	17	0	45
chr9	80093642	80098885	1	1	1	1611	1	26
chr9	80093642	80098892	1	1	0	22	0	14
chr9	80093642	80103693	1	1	1	9361	5	46
chr9	80093642	80103698	1	1	0	3	0	44
chr9	80098907	80103693	1	1	1	1630	1	23
chr9	80103765	80111310	1	1	1	1	0	22
chr9	114597607	114597794	2	2	1	281	0	38
chr9	114597607	114598704	2	2	0	395	0	42
chr9	114597825	114598704	2	2	0	1	0	30
chr9	114597831	114598704	2	2	1	279	0	38
chr11	26778879	26787397	2	2	0	0	1	13
chr11	79458907	79463232	1	1	1	38	0	42
chr11	79458907	79468716	1	1	1	57	0	43
chr11	79463296	79468716	1	1	1	38	0	43
chr11	79468155	79468716	1	1	1	1	0	38
chr11	94112147	94113262	1	1	1	18	0	21
chr11	94112147	94114172	1	1	1	267	0	32
chr11	94113302	94114172	1	1	1	19	0	39
chr11	102310574	102311379	2	2	0	1	0	45
chr11	102310577	102310925	2	2	1	148	1	43
chr11	102310577	102311379	2	2	1	368	0	46
chr11	102310577	102311403	2	2	0	2	0	21
chr11	102311037	102311379	2	2	1	148	1	46
chr12	71952560	71958746	1	1	1	2	0	27
chr12	71952560	71959805	1	1	1	246	0	43
chr12	71958774	71959805	1	1	1	2	0	27
chr12	83811361	83825258	2	2	1	153	0	33
chr12	83811361	83831921	2	2	1	219	0	41
chr12	83825292	83831921	2	2	1	154	0	33
chr12	109549553	109549652	1	1	1	1	0	30
chr12	113133338	113133495	1	1	0	7	0	42
chr12	113133338	113133540	1	1	1	253	1	38
chr12	113133338	113135796	1	1	1	1205	0	29
chr12	113133577	113135796	1	1	1	249	1	29
chr13	46778994	46780625	2	2	1	761	0	40
chr13	46778994	46785245	2	2	1	3291	4	48
chr13	46780665	46785245	2	2	1	759	0	39
chr13	55282783	55290054	1	1	1	1	0	13
chr13	56084286	56089757	2	2	1	13	0	40
chr13	56089858	56096123	2	2	1	13	0	38
chr14	57643224	57643334	2	2	1	5	0	39
chr14	57643224	57648418	2	2	1	218	0	40
chr14	57643490	57648418	2	2	1	5	0	38
chr14	120389164	120395711	1	1	1	377	0	40
chr14	120389164	120396450	1	1	1	77	0	48
chr14	120395766	120396450	1	1	1	395	0	48
chr15	77102940	77105576	2	2	1	153	0	40
chr15	77102940	77113604	2	2	1	25	0	47
chr15	77105670	77113604	2	2	1	153	0	48
chr16	57178021	57181491	2	2	1	16	0	43
chr16	57178021	57182850	2	2	1	1321	2	44
chr16	57181537	57182850	2	2	1	16	0	33
chr16	94686604	94691580	1	1	1	1	0	45
chr17	12979205	13846588	1	1	0	10	0	12
chr17	13846613	13849107	1	1	0	5	0	37
chr17	13846640	13848354	1	1	1	418	0	22
chr17	13846640	13849107	1	1	1	13423	17	47
chr17	13846640	13849113	1	1	0	98	0	48
chr17	13848376	13849107	1	1	1	412	0	26
chr17	13848376	13849113	1	1	0	5	0	21
chr17	45570567	45570665	2	2	1	689	2	37
chr17	45570800	45571017	2	2	1	744	0	23
chr17	46590452	46590758	2	2	1	1	0	11
chr18	53948155	53948644	1	1	1	1650	0	28
chr18	53948155	53953244	1	1	1	13026	12	46
chr18	53948669	53953244	1	1	1	1645	0	37
chr19	7281256	7281797	2	4	1	180	0	40
chr19	7281256	7282725	2	2	1	465	0	35
chr19	7281960	7282725	2	2	1	186	0	31
