chr1	34295537	34296741	1	1	1	96	0	18
chr1	34295537	34299720	1	1	1	11	0	38
chr1	34296760	34299720	1	1	1	96	0	18
chr1	40010678	40011649	1	1	1	88	0	28
chr1	40010678	40011811	1	1	0	1	0	21
chr1	40010678	40014105	1	1	1	45	1	32
chr1	40011842	40014105	1	1	1	88	0	45
chr1	55088413	55089050	1	1	1	2	0	30
chr1	82735508	82741817	1	1	1	4	0	40
chr1	82735508	82741934	1	1	0	1	0	40
chr1	82735508	82747082	1	1	1	1	0	40
chr1	82735508	82750519	1	1	1	78	0	42
chr1	82747143	82750519	1	1	1	3	0	38
chr2	32292216	32293314	1	1	1	22	0	43
chr2	32292216	32296625	1	1	1	73	0	43
chr2	32293396	32296625	1	1	1	22	0	38
chr2	59932171	59933405	2	2	0	95	0	37
chr2	59932171	59933411	2	2	1	426	0	32
chr2	59932171	59933670	2	2	1	2	0	32
chr2	59933439	59933670	2	2	1	516	0	32
chr2	71849507	71853533	1	1	1	822	1	40
chr2	71849507	71853820	1	1	0	2	0	37
chr2	71849507	71853875	1	1	0	1	0	15
chr2	71849507	71855853	1	1	1	1725	1	42
chr2	71849507	71855868	1	1	0	6	0	46
chr2	71853664	71855853	1	1	1	862	1	44
chr2	71853891	71855853	1	1	0	4	0	40
chr2	75662926	75663570	1	1	1	4	0	16
chr2	91001089	91001461	1	1	1	1037	1	34
chr2	91001511	91003210	1	1	1	1011	1	25
chr2	91001511	91003299	1	1	0	4	0	46
chr2	91003238	91003810	1	1	0	2	0	27
chr2	91003346	91003810	1	1	1	35	0	36
chr2	91159300	91162027	2	2	0	1	0	41
chr2	91159306	91160316	2	2	1	309	0	47
chr2	91159306	91162027	2	2	1	539	1	47
chr2	91160371	91162027	2	2	1	311	0	39
chr2	91681696	91682025	2	2	1	1	0	50
chr2	91681696	91684668	2	2	1	276	1	50
chr2	91682110	91684668	2	2	0	1	0	38
chr2	153670448	153672215	1	1	1	1	0	50
chr3	60422418	60613472	1	1	0	0	3	15
chr3	60613521	60614682	1	1	1	1367	4	46
chr3	60613521	60615619	1	1	1	1165	0	45
chr3	60614737	60615619	1	1	1	1378	4	41
chr3	87733505	87734423	1	1	1	18	0	39
chr3	87733505	87735344	1	1	0	13	0	39
chr3	87734553	87735344	1	1	1	17	0	37
chr3	88483947	88484046	2	2	1	362	2	39
chr3	88484155	88484614	2	2	1	361	2	42
chr3	88484666	88537145	2	2	0	0	2	12
chr3	119724187	119724611	2	2	1	8490	6	34
chr3	119724187	119726065	2	2	1	17	0	29
chr3	119724646	119726065	2	2	1	8699	6	38
chr3	119726116	120643502	2	2	0	4	0	13
chr3	129825617	129826823	2	2	1	2	0	36
chr4	31992517	31994873	1	1	1	285	1	39
chr4	31992517	32002088	1	1	1	2819	7	49
chr4	31994955	32002088	1	1	1	287	1	49
chr4	46468788	46469882	1	1	1	1	0	31
chr4	107009769	107027216	1	1	1	10	0	39
chr4	107009769	107028192	1	1	1	105	0	42
chr4	107027298	107028192	1	1	1	12	0	43
chr4	107031092	107036935	1	1	1	1	0	29
chr5	13042670	13661475	1	1	0	4	0	13
chr5	23565266	23616326	2	2	1	744	1	46
chr5	72958287	72974530	1	1	1	105	0	41
chr5	116482532	116591333	2	2	0	3	0	45
chr5	116482537	116591333	2	2	1	867	2	50
chr5	149184807	149187707	1	1	1	24	0	43
chr5	149184807	149188344	1	1	1	938	1	45
chr5	149187877	149188344	1	1	1	26	0	39
chr6	47577668	47594893	2	2	1	1	0	24
chr6	98939789	98941535	2	2	1	222	0	45
chr6	98939789	98944618	2	2	0	29	0	45
chr6	98941658	98944618	2	2	1	221	0	47
chr6	125162102	125162211	2	2	1	517	19	36
chr6	128371086	128371967	1	1	1	3691	4	45
chr6	128371086	128372530	1	1	1	5	0	49
chr6	128371086	128372533	1	1	1	15	0	46
chr6	128372013	128372278	1	1	0	1	0	27
chr6	128372013	128372504	1	1	0	27	0	26
chr6	128372013	128372509	1	1	0	5	0	31
chr6	128372013	128372530	1	1	1	526	2	49
chr6	128372013	128372533	1	1	1	3094	4	46
chr6	128372013	128372536	1	1	0	1	0	43
chr6	128372018	128372504	1	1	0	1	0	26
chr6	128372018	128372530	1	1	0	6	0	49
chr6	128372018	128372533	1	1	0	39	0	46
chr6	128372306	128372533	1	1	0	1	0	27
chr7	25722998	25724554	2	2	1	1	0	31
chr7	67240441	67244520	2	2	1	163	0	24
chr7	67240441	67251656	2	2	1	1237	1	45
chr7	67244545	67251656	2	2	1	163	0	24
chr7	101288340	102001612	1	3	0	6	0	12
chr7	102001660	102002294	1	1	1	2005	2	43
chr7	102001660	102007485	1	1	1	539	1	44
chr7	102001665	102002300	1	1	0	0	1	36
chr7	102002337	102007485	1	1	1	2007	2	42
chr7	112839481	112841887	1	1	1	13	0	41
chr7	112839481	112842039	1	1	1	187	1	42
chr7	112839481	112856052	1	1	1	7	0	12
chr7	112839481	112856797	1	1	1	9	0	41
chr7	112841951	112856052	1	1	1	1	0	12
chr7	112842103	112856052	1	1	1	187	1	12
chr7	112842103	112856797	1	1	1	7	0	37
chr7	112856065	112856797	1	1	1	198	1	14
chr7	127972771	127974399	1	1	1	1	0	7
chr7	127980247	127981190	1	1	1	9	0	6
chr7	127981292	127981410	1	1	1	11	0	6
chr8	11423625	11423716	1	1	1	2	0	33
chr8	25532429	25555507	1	1	1	1	0	44
chr8	25532429	25557730	1	1	1	3	0	44
chr8	25555775	25557730	1	1	1	1	0	38
chr8	91688606	91932332	1	1	0	4	1	13
chr8	95100453	95100646	2	2	1	1010	1	31
chr8	95100453	95101408	2	2	0	94	0	46
chr8	95100674	95101408	2	2	1	1011	1	44
chr8	123268550	123268744	2	2	1	224	0	47
chr9	43027296	43040539	2	2	1	172	0	40
chr9	43027296	43042590	2	2	1	128	2	46
chr9	43040597	43042590	2	2	1	168	0	45
chr9	80093642	80098885	1	1	1	7883	6	31
chr9	80093642	80098892	1	1	0	157	0	19
chr9	80093642	80103693	1	1	1	320	0	45
chr9	80093642	80103722	1	1	0	2	0	35
chr9	80098907	80099016	1	1	0	1	0	21
chr9	80098907	80103693	1	1	1	8041	6	37
chr9	80098907	80103698	1	1	0	1	0	21
chr9	80099049	80103693	1	1	0	1	0	37
chr9	114597607	114597794	2	2	1	540	2	39
chr9	114597607	114598704	2	2	0	20	0	42
chr9	114597825	114598704	2	2	0	5	0	30
chr9	114597831	114598704	2	2	1	532	2	36
chr9	123011638	123013939	1	1	1	1	0	14
chr9	123014013	123014468	1	1	1	1	0	14
chr9	123014507	123017244	1	1	1	1	0	38
chr11	20201653	20215629	1	1	1	1	0	44
chr11	20218909	20223083	1	1	1	1	0	7
chr11	79458907	79463232	1	1	1	12	0	42
chr11	79458907	79468716	1	1	1	155	0	43
chr11	79463296	79468716	1	1	1	12	0	39
chr11	82907771	82908091	2	2	1	1	0	24
chr11	82908236	82908338	2	2	1	1	0	17
chr11	83497297	83497893	1	1	1	1	0	33
chr11	83497927	83499072	1	1	1	1	0	33
chr11	94112147	94113262	1	1	1	75	0	21
chr11	94112147	94114172	1	1	1	388	0	32
chr11	94113302	94114172	1	1	1	79	0	39
chr11	102310577	102310925	2	2	1	78	0	43
chr11	102310577	102311379	2	2	1	903	1	46
chr11	102310577	102311403	2	2	0	2	0	21
chr11	102311037	102311379	2	2	1	75	0	45
chr12	71952560	71958746	1	1	1	95	0	27
chr12	71952560	71959805	1	1	1	77	0	44
chr12	71958774	71959805	1	1	1	95	0	29
chr12	83811361	83818713	2	2	0	1	0	37
chr12	83811361	83825258	2	2	1	39	0	37
chr12	83811361	83831921	2	2	1	475	0	41
chr12	83825292	83831921	2	2	1	39	0	33
chr12	83825319	83831921	2	2	0	1	0	38
chr12	113133338	113133495	1	1	0	122	18	45
chr12	113133338	113133540	1	1	1	2051	64	42
chr12	113133338	113133551	1	1	0	1	0	25
chr12	113133338	113135796	1	1	1	22	0	29
chr12	113133577	113134761	1	1	0	2	0	21
chr12	113133577	113134800	1	1	0	13	0	14
chr12	113133577	113135796	1	1	1	2099	82	29
chr12	113134813	113135796	1	1	0	14	0	29
chr13	46778994	46780625	2	2	1	686	0	41
chr13	46778994	46785245	2	2	1	2676	4	48
chr13	46780663	46785245	2	2	0	1	0	37
chr13	46780665	46785245	2	2	1	684	0	39
chr13	56084286	56089757	2	2	1	77	0	41
chr13	56084286	56096123	2	2	0	1	0	40
chr13	56089858	56096123	2	2	1	78	0	41
chr14	57643224	57643334	2	2	1	5	0	39
chr14	57643224	57648418	2	2	1	153	0	40
chr14	57643490	57648418	2	2	1	5	0	38
chr14	120389164	120395711	1	1	1	208	0	39
chr14	120389164	120396450	1	1	1	494	0	48
chr14	120395766	120396450	1	1	1	223	0	48
chr15	77102940	77105576	2	2	1	289	0	42
chr15	77102940	77113604	2	2	1	10	0	48
chr15	77105670	77113604	2	2	1	291	0	48
chr15	103242719	103243624	1	1	1	0	1	33
chr16	57178021	57181491	2	2	1	417	0	44
chr16	57178021	57182850	2	2	1	99	0	43
chr16	57181511	57182850	2	2	0	2	0	19
chr16	57181537	57182850	2	2	1	413	0	42
chr17	12979205	13846588	1	1	0	30	0	12
chr17	13846640	13848354	1	1	1	4161	4	22
chr17	13846640	13848358	1	1	0	3	0	17
chr17	13846640	13848361	1	1	0	1	0	14
chr17	13846640	13849107	1	1	1	3432	6	46
chr17	13846640	13849113	1	1	0	13	0	47
chr17	13848376	13849107	1	1	1	4146	4	29
chr17	13848376	13849113	1	1	0	21	0	21
chr17	45570567	45570665	2	2	1	471	1	37
chr17	45570800	45571017	2	2	1	548	0	21
chr18	53948155	53948644	1	1	1	12532	19	30
chr18	53948155	53953244	1	1	1	1988	4	45
chr18	53948666	53953244	1	1	0	7	0	21
chr18	53948669	53953244	1	1	1	12503	17	37
chr18	53948669	53953268	1	1	0	4	0	24
chr18	64515409	64516415	2	2	1	1	0	39
chr19	7281256	7281797	2	4	1	174	0	39
chr19	7281256	7282725	2	2	1	1320	0	36
chr19	7281960	7282725	2	2	1	181	0	31
