chr1	34295537	34296741	1	1	1	122	0	18
chr1	34295537	34299720	1	1	1	28	0	38
chr1	34296760	34299720	1	1	1	122	0	19
chr1	40010678	40011649	1	1	1	117	0	26
chr1	40010678	40011783	1	1	0	1	0	21
chr1	40010678	40011811	1	1	0	1	0	21
chr1	40010678	40014105	1	1	1	35	2	32
chr1	40011842	40014105	1	1	1	111	0	39
chr1	58558058	58565856	2	2	1	1	0	23
chr1	58565955	58586211	2	2	1	1	0	42
chr1	82735508	82747082	1	1	1	2	0	40
chr1	82735508	82750519	1	1	1	57	0	40
chr1	82747143	82750519	1	1	1	2	0	38
chr2	32292216	32293314	1	1	1	14	0	43
chr2	32292216	32296625	1	1	1	88	0	43
chr2	32293396	32296625	1	1	1	14	0	38
chr2	59926161	59932104	2	2	1	1	0	23
chr2	59932171	59933405	2	2	0	97	0	37
chr2	59932171	59933411	2	2	1	475	0	31
chr2	59933439	59933670	2	2	1	571	0	28
chr2	71849507	71853533	1	1	1	929	1	41
chr2	71849507	71853820	1	1	0	5	0	37
chr2	71849507	71853890	1	1	0	1	0	39
chr2	71849507	71855853	1	1	1	2872	3	43
chr2	71849507	71855868	1	1	0	1	0	39
chr2	71853664	71855853	1	1	1	948	1	41
chr2	71853891	71855853	1	1	0	5	0	40
chr2	71853948	71855853	1	1	0	1	0	40
chr2	75662926	75663570	1	1	1	3	1	39
chr2	91001089	91001461	1	1	1	769	1	34
chr2	91001511	91003210	1	1	1	766	1	27
chr2	91001511	91003299	1	1	0	1	0	46
chr2	91003346	91003810	1	1	1	12	0	36
chr2	91159306	91160316	2	2	1	274	0	47
chr2	91159306	91162027	2	2	1	404	0	47
chr2	91160371	91162027	2	2	1	278	0	39
chr2	91681696	91682025	2	2	1	2	0	50
chr2	91681696	91684668	2	2	1	154	0	50
chr2	91682110	91684668	2	2	0	1	0	38
chr2	91682137	91684668	2	2	1	1	0	38
chr2	153670448	153670848	1	1	1	1	0	42
chr2	153670909	153672215	1	1	1	1	0	50
chr2	168752741	168754433	2	2	1	2	0	44
chr3	60357579	60613472	1	1	0	5	0	15
chr3	60422418	60613472	1	1	0	0	6	15
chr3	60613521	60614682	1	1	1	1511	6	45
chr3	60613521	60614688	1	1	0	3	0	44
chr3	60613521	60615619	1	1	1	1265	4	45
chr3	60614737	60615619	1	1	1	1498	6	41
chr3	87733505	87734423	1	1	1	21	0	39
chr3	87733505	87735344	1	1	0	5	0	39
chr3	87734553	87735344	1	1	1	20	0	38
chr3	88483947	88484046	2	2	1	288	0	37
chr3	88484155	88484614	2	2	1	286	0	39
chr3	119724187	119724611	2	2	1	7172	4	34
chr3	119724187	119726065	2	2	1	19	0	29
chr3	119724646	119726065	2	2	1	7363	5	38
chr3	119726221	119740314	2	2	1	1	0	40
chr3	129825617	129826823	2	2	1	1	0	36
chr4	31992517	31994873	1	1	1	265	0	40
chr4	31992517	32002088	1	1	1	3588	6	49
chr4	31994955	32002088	1	1	1	262	0	49
chr4	107009769	107027216	1	1	1	29	0	39
chr4	107009769	107028192	1	1	1	156	0	44
chr4	107027298	107028192	1	1	1	30	0	46
chr5	13042670	13661475	1	1	0	4	0	13
chr5	23565266	23616326	2	2	1	630	1	46
chr5	72958287	72965803	1	1	1	2	0	37
chr5	72958287	72974530	1	1	1	89	1	45
chr5	72965882	72974530	1	1	1	2	0	41
chr5	108433338	108433730	2	2	1	1	0	14
chr5	116475248	116477058	2	2	1	1	0	17
chr5	116477146	116482389	2	2	1	1	0	28
chr5	116482532	116591333	2	2	0	4	0	45
chr5	116482537	116591333	2	2	1	889	4	50
chr5	149184807	149185484	1	1	1	1	0	43
chr5	149184807	149187707	1	1	1	18	0	43
chr5	149184807	149188344	1	1	1	480	1	44
chr5	149187835	149188344	1	1	1	3	0	39
chr5	149187877	149188344	1	1	1	17	0	39
chr6	98939789	98941535	2	2	1	129	1	46
chr6	98939789	98944618	2	2	0	5	0	45
chr6	98941658	98944618	2	2	1	131	1	36
chr6	125162102	125162211	2	2	1	345	12	36
chr6	128371086	128371967	1	1	1	4248	3	45
chr6	128371086	128372504	1	1	0	1	0	39
chr6	128371086	128372533	1	1	1	6	0	46
chr6	128372013	128372504	1	1	0	19	0	26
chr6	128372013	128372509	1	1	0	8	0	31
chr6	128372013	128372530	1	1	1	562	0	49
chr6	128372013	128372533	1	1	1	3586	2	46
chr6	128372013	128372539	1	1	0	1	0	40
chr6	128372018	128372530	1	1	0	6	0	49
chr6	128372018	128372533	1	1	0	40	1	46
chr6	128372208	128372533	1	1	0	1	0	46
chr7	67240441	67244520	2	2	1	186	0	24
chr7	67240441	67251656	2	2	1	1430	0	45
chr7	67240443	67251659	1	1	0	1	0	41
chr7	67244545	67251656	2	2	1	186	0	24
chr7	101405603	102001614	1	1	0	5	0	13
chr7	102001660	102002294	1	1	1	1711	1	44
chr7	102001660	102007485	1	1	1	589	0	43
chr7	102002337	102007485	1	1	1	1709	1	42
chr7	112839481	112841887	1	1	1	10	0	41
chr7	112839481	112842039	1	1	1	120	0	41
chr7	112839481	112856052	1	1	1	2	0	12
chr7	112839481	112856797	1	1	1	6	0	41
chr7	112841951	112856052	1	1	1	4	0	12
chr7	112842103	112856052	1	1	1	118	0	12
chr7	112842103	112856797	1	1	1	4	0	37
chr7	112853329	112856052	1	1	0	1	0	12
chr7	112856065	112856797	1	1	1	128	0	14
chr7	127974435	127975887	1	1	1	1	0	17
chr7	127975921	127977217	1	1	1	1	0	33
chr7	127980247	127981190	1	1	1	10	0	44
chr7	127981292	127981410	1	1	1	10	0	6
chr8	11423625	11423716	1	1	1	1	0	27
chr8	25532429	25555507	1	1	1	1	0	44
chr8	25532429	25557730	1	1	1	1	0	44
chr8	25555775	25557730	1	1	1	1	0	38
chr8	95100453	95100646	2	2	1	1085	3	31
chr8	95100453	95101408	2	2	0	199	0	46
chr8	95100674	95101408	2	2	1	1086	3	42
chr8	95101447	95139983	2	2	0	0	1	15
chr8	123268550	123268744	2	2	1	158	0	48
chr9	43027296	43040539	2	2	1	159	0	45
chr9	43027296	43042590	2	2	1	118	0	46
chr9	43040593	43042590	2	2	0	1	0	45
chr9	43040597	43042590	2	2	1	163	0	45
chr9	80093642	80098885	1	1	1	7921	7	26
chr9	80093642	80098892	1	1	0	180	0	44
chr9	80093642	80103693	1	1	1	259	0	45
chr9	80098907	80099016	1	1	0	2	0	21
chr9	80098907	80101831	1	1	0	2	0	21
chr9	80098907	80103693	1	1	1	8099	7	24
chr9	80098907	80103698	1	1	0	2	0	21
chr9	80099049	80103693	1	1	0	3	0	37
chr9	80101891	80103693	1	1	0	2	0	37
chr9	114597607	114597794	2	2	1	455	1	38
chr9	114597607	114598704	2	2	0	11	0	42
chr9	114597825	114598704	2	2	0	7	0	30
chr9	114597831	114598704	2	2	1	446	1	38
chr11	79458907	79463232	1	1	1	11	0	42
chr11	79458907	79468716	1	1	1	151	0	43
chr11	79463296	79468716	1	1	1	11	0	39
chr11	94112147	94113262	1	1	1	83	1	21
chr11	94112147	94114172	1	1	1	386	1	32
chr11	94113302	94114172	1	1	1	84	1	39
chr11	102310577	102310925	2	2	1	67	0	45
chr11	102310577	102311379	2	2	1	741	1	45
chr11	102311037	102311379	2	2	1	66	0	45
chr12	71952560	71958746	1	1	1	44	0	27
chr12	71952560	71959805	1	1	1	30	0	43
chr12	71958774	71959805	1	1	1	44	0	29
chr12	83811361	83811669	2	2	0	1	0	37
chr12	83811361	83825258	2	2	1	62	0	33
chr12	83811361	83831921	2	2	1	303	0	41
chr12	83825292	83831921	2	2	1	63	0	35
chr12	113133338	113133495	1	1	0	118	13	45
chr12	113133338	113133540	1	1	1	1632	52	43
chr12	113133338	113135796	1	1	1	8	0	29
chr12	113133577	113134186	1	1	0	1	0	28
chr12	113133577	113134800	1	1	0	9	0	12
chr12	113133577	113135796	1	1	1	1655	65	29
chr12	113134231	113135796	1	1	0	1	0	29
chr12	113134813	113135796	1	1	0	10	0	29
chr13	46778994	46780625	2	2	1	540	1	40
chr13	46778994	46785245	2	2	1	2327	2	47
chr13	46780665	46785245	2	2	1	543	1	40
chr13	56084286	56089757	2	2	1	70	0	41
chr13	56089858	56096123	2	2	1	71	0	41
chr14	57643224	57643334	2	2	1	4	0	39
chr14	57643224	57648418	2	2	1	115	0	47
chr14	57643490	57648418	2	2	1	4	0	38
chr14	120389164	120395711	1	1	1	241	0	39
chr14	120389164	120396450	1	1	1	417	1	48
chr14	120395766	120396450	1	1	1	241	0	48
chr15	77102940	77105576	2	2	1	210	1	41
chr15	77102940	77113604	2	2	1	6	0	48
chr15	77105670	77113604	2	2	1	210	1	48
chr15	102484241	102485947	1	1	1	1	0	43
chr15	103242719	103243624	1	1	1	1	0	33
chr15	103243081	103243624	1	1	1	1	0	12
chr16	57178021	57181491	2	2	1	229	0	45
chr16	57178021	57182850	2	2	1	87	0	44
chr16	57181537	57182850	2	2	1	229	0	33
chr17	12979205	13846588	1	1	0	38	0	12
chr17	13846613	13848354	1	1	0	2	0	21
chr17	13846640	13848354	1	1	1	2883	3	22
chr17	13846640	13849107	1	1	1	4738	5	45
chr17	13846640	13849113	1	1	0	24	0	47
chr17	13848376	13849107	1	1	1	2867	3	29
chr17	13848376	13849113	1	1	0	15	0	21
chr17	45570567	45570665	2	2	1	694	2	42
chr17	45570800	45571017	2	2	1	749	1	24
chr17	45570800	45610434	2	2	0	0	1	25
chr17	51783067	51785528	2	2	1	2	0	40
chr17	51785641	51803430	2	2	1	2	0	14
chr18	53948155	53948644	1	1	1	14496	13	30
chr18	53948155	53948655	1	1	0	1	0	13
chr18	53948155	53953244	1	1	1	2458	0	44
chr18	53948155	53953268	1	1	0	1	0	40
chr18	53948162	53948644	1	1	0	1	0	24
chr18	53948666	53953244	1	1	0	9	0	21
chr18	53948669	53949681	1	1	0	2	0	15
chr18	53948669	53952820	1	1	0	1	0	15
chr18	53948669	53953244	1	1	1	14461	13	37
chr18	53948673	53953244	1	1	0	1	0	28
chr18	53949705	53953244	1	1	0	2	0	23
chr18	53952864	53953244	1	1	0	1	0	37
chr19	7281256	7281797	2	4	1	177	0	39
chr19	7281256	7282725	2	2	1	1177	1	36
chr19	7281960	7282725	2	2	1	190	0	35
chr19	23687546	23694320	1	1	1	1	0	37
