chr1	34295537	34296741	1	1	1	88	0	18
chr1	34295537	34299720	1	1	1	39	0	40
chr1	34296760	34299720	1	1	1	88	0	19
chr1	40010678	40011649	1	1	1	147	0	30
chr1	40010678	40011783	1	1	0	1	0	21
chr1	40010678	40011811	1	1	0	1	0	21
chr1	40010678	40014105	1	1	1	82	3	32
chr1	40011842	40014105	1	1	1	143	0	40
chr1	82735508	82741817	1	1	1	3	0	40
chr1	82735508	82747082	1	1	1	4	0	44
chr1	82735508	82750519	1	1	1	95	0	41
chr1	82747143	82750519	1	1	1	5	0	38
chr2	32292216	32293314	1	1	1	21	0	43
chr2	32292216	32296625	1	1	1	98	0	43
chr2	32293396	32296625	1	1	1	22	0	41
chr2	59926161	59932104	2	2	1	1	0	20
chr2	59932171	59933405	2	2	0	88	0	33
chr2	59932171	59933411	2	2	1	611	1	32
chr2	59932171	59933670	2	2	1	3	0	37
chr2	59933439	59933670	2	2	1	688	1	31
chr2	71849507	71853533	1	1	1	1231	2	43
chr2	71849507	71853820	1	1	0	1	0	37
chr2	71849507	71855853	1	1	1	3251	3	43
chr2	71853664	71855853	1	1	1	1303	2	44
chr2	71853891	71855853	1	1	0	1	0	40
chr2	75662926	75663570	1	1	1	5	1	39
chr2	91001089	91001461	1	1	1	1166	1	34
chr2	91001089	91003299	1	1	0	9	0	33
chr2	91001511	91003210	1	1	1	1134	1	25
chr2	91001511	91003299	1	1	0	1	0	46
chr2	91003238	91003810	1	1	0	1	0	27
chr2	91003346	91003810	1	1	1	26	0	36
chr2	91159306	91160316	2	2	1	340	0	47
chr2	91159306	91162027	2	2	1	602	0	47
chr2	91160371	91162027	2	2	1	333	0	41
chr2	91681696	91684668	2	2	1	258	0	50
chr2	153670448	153672215	1	1	1	4	0	50
chr2	168752741	168754433	2	2	1	2	0	44
chr3	60613521	60614682	1	1	1	1640	3	46
chr3	60613521	60614688	1	1	0	1	0	38
chr3	60613521	60615619	1	1	1	1317	0	45
chr3	60614737	60615619	1	1	1	1664	2	41
chr3	87733505	87734423	1	1	1	19	0	39
chr3	87733505	87735344	1	1	0	8	0	39
chr3	87734553	87735344	1	1	1	19	0	37
chr3	88483947	88484046	2	2	1	477	0	40
chr3	88483947	88484055	2	2	0	1	0	37
chr3	88483947	88484614	2	2	0	1	0	38
chr3	88484155	88484614	2	2	1	467	0	40
chr3	119724187	119724611	2	2	1	11229	7	34
chr3	119724187	119726065	2	2	1	6	0	29
chr3	119724646	119726065	2	2	1	11475	7	38
chr3	119726116	120643502	2	2	0	5	0	13
chr3	129825617	129826823	2	2	1	1	0	36
chr3	139632407	139650143	2	2	0	0	1	13
chr4	31992517	31994873	1	1	1	453	0	40
chr4	31992517	32002088	1	1	1	4170	8	49
chr4	31994955	32002088	1	1	1	455	0	49
chr4	107009769	107027216	1	1	1	16	0	38
chr4	107009769	107028192	1	1	1	143	0	42
chr4	107027298	107028192	1	1	1	21	0	41
chr5	23565266	23616326	2	2	1	996	0	46
chr5	72958287	72974530	1	1	1	116	0	42
chr5	116482532	116591333	2	2	0	5	0	45
chr5	116482537	116591333	2	2	1	1100	5	50
chr5	149184807	149185484	1	1	1	1	0	43
chr5	149184807	149187707	1	1	1	23	0	43
chr5	149184807	149188344	1	1	1	928	2	45
chr5	149185662	149188344	1	1	0	1	0	39
chr5	149187835	149188344	1	1	1	1	0	39
chr5	149187877	149188344	1	1	1	22	0	39
chr6	47577668	47594893	2	2	1	3	0	32
chr6	98939789	98940994	2	2	1	2	0	45
chr6	98939789	98941535	2	2	1	226	0	46
chr6	98939789	98944618	2	2	0	4	0	45
chr6	98941165	98944618	2	2	0	2	0	36
chr6	98941658	98944618	2	2	1	224	0	36
chr6	125162102	125162211	2	2	1	585	17	37
chr6	128371086	128371967	1	1	1	4256	4	44
chr6	128371086	128372530	1	1	1	1	0	49
chr6	128371086	128372533	1	1	1	17	0	46
chr6	128372013	128372504	1	1	0	16	0	26
chr6	128372013	128372509	1	1	0	10	0	31
chr6	128372013	128372530	1	1	1	548	0	49
chr6	128372013	128372533	1	1	1	3646	4	46
chr6	128372013	128372536	1	1	0	4	0	43
chr6	128372013	128372539	1	1	0	2	0	40
chr6	128372018	128372530	1	1	0	3	0	49
chr6	128372018	128372533	1	1	0	39	0	46
chr7	25724845	25725923	2	2	1	1	0	37
chr7	51708182	51747461	2	2	0	1	2	13
chr7	67240441	67240707	2	2	0	1	0	40
chr7	67240441	67244520	2	2	1	94	0	24
chr7	67240441	67251656	2	2	1	1199	2	45
chr7	67240443	67251659	1	1	0	1	0	41
chr7	67240792	67244520	2	2	0	1	0	14
chr7	67244545	67251656	2	2	1	95	0	24
chr7	101405603	102001614	1	1	0	4	0	13
chr7	101963861	102001614	1	1	0	1	0	14
chr7	101983174	102001612	1	1	0	1	0	12
chr7	102001660	102002294	1	1	1	2281	0	44
chr7	102001660	102007485	1	1	1	838	0	43
chr7	102001665	102002300	1	1	0	1	0	36
chr7	102002337	102007485	1	1	1	2281	1	41
chr7	112839481	112841887	1	1	1	8	0	41
chr7	112839481	112842039	1	1	1	164	1	41
chr7	112839481	112856797	1	1	1	14	0	41
chr7	112842103	112856052	1	1	1	165	1	12
chr7	112842103	112856797	1	1	1	6	0	37
chr7	112856065	112856797	1	1	1	167	1	14
chr7	127980247	127981190	1	1	1	15	0	5
chr7	127981292	127981410	1	1	1	14	0	7
chr8	25532429	25557730	1	1	1	2	0	44
chr8	25555775	25557730	1	1	1	1	0	37
chr8	46207621	46208397	2	2	1	1	0	31
chr8	72219861	72219940	1	1	1	1	0	30
chr8	95100453	95100642	2	2	0	2	0	31
chr8	95100453	95100646	2	2	1	1454	0	31
chr8	95100453	95101408	2	2	0	165	0	46
chr8	95100674	95101408	2	2	1	1456	0	44
chr8	121628690	121651724	2	2	1	1	0	20
chr8	123268550	123268744	2	2	1	326	0	46
chr9	43027296	43040539	2	2	1	210	0	38
chr9	43027296	43042590	2	2	1	145	0	45
chr9	43040593	43042590	2	2	0	2	0	43
chr9	43040597	43042590	2	2	1	207	0	45
chr9	80093642	80097341	1	1	0	1	0	44
chr9	80093642	80098885	1	1	1	9209	7	31
chr9	80093642	80098892	1	1	0	241	0	15
chr9	80093642	80103693	1	1	1	356	0	45
chr9	80098907	80099016	1	1	0	1	0	14
chr9	80098907	80103693	1	1	1	9454	7	24
chr9	80098907	80103698	1	1	0	5	0	21
chr9	80099049	80103693	1	1	0	2	0	37
chr9	80101891	80103693	1	1	0	1	0	37
chr9	114597607	114597794	2	2	1	706	2	38
chr9	114597607	114598704	2	2	0	30	0	40
chr9	114597825	114598704	2	2	0	2	0	30
chr9	114597831	114598704	2	2	1	702	2	38
chr11	26778879	26787397	2	2	0	0	1	13
chr11	79458907	79463232	1	1	1	18	0	42
chr11	79458907	79468113	1	1	1	1	0	41
chr11	79458907	79468716	1	1	1	304	0	43
chr11	79463296	79468716	1	1	1	19	0	39
chr11	79468155	79468716	1	1	1	1	0	38
chr11	94112147	94113262	1	1	1	105	0	21
chr11	94112147	94114172	1	1	1	547	1	32
chr11	94113302	94114172	1	1	1	114	0	39
chr11	102310577	102310925	2	2	1	75	0	42
chr11	102310577	102311379	2	2	1	1037	1	46
chr11	102311037	102311379	2	2	1	73	0	46
chr12	71952560	71958746	1	1	1	88	0	27
chr12	71952560	71959805	1	1	1	62	0	43
chr12	71958774	71959805	1	1	1	88	0	27
chr12	80205082	80209358	2	2	1	1	0	36
chr12	80209474	80259986	2	2	1	1	0	17
chr12	83811361	83825258	2	2	1	72	0	33
chr12	83811361	83831921	2	2	1	636	0	41
chr12	83825292	83831921	2	2	1	72	0	33
chr12	104697145	104700364	2	2	1	2	0	39
chr12	113133338	113133495	1	1	0	161	26	45
chr12	113133338	113133540	1	1	1	2292	90	43
chr12	113133338	113133551	1	1	0	1	0	25
chr12	113133338	113135796	1	1	1	11	0	29
chr12	113133577	113134186	1	1	0	4	0	28
chr12	113133577	113134761	1	1	0	2	0	21
chr12	113133577	113134800	1	1	0	14	0	16
chr12	113133577	113135796	1	1	1	2377	116	29
chr12	113134231	113134800	1	1	0	2	0	12
chr12	113134231	113135796	1	1	0	2	0	29
chr12	113134813	113135796	1	1	0	16	0	29
chr12	113134817	113135796	1	1	0	1	0	16
chr13	46778994	46780625	2	2	1	815	2	43
chr13	46778994	46785245	2	2	1	3926	4	50
chr13	46780663	46785245	2	2	0	1	0	37
chr13	46780665	46785245	2	2	1	809	2	39
chr13	56084286	56089757	2	2	1	77	0	41
chr13	56089858	56096123	2	2	1	78	0	41
chr14	57643217	57648418	2	2	0	2	0	46
chr14	57643224	57643334	2	2	1	1	0	39
chr14	57643224	57648418	2	2	1	162	1	40
chr14	57643490	57648418	2	2	1	1	0	33
chr14	120389164	120395711	1	1	1	329	0	44
chr14	120389164	120395717	1	1	0	1	0	38
chr14	120389164	120396450	1	1	1	580	0	48
chr14	120395766	120396450	1	1	1	333	0	48
chr15	77102940	77105576	2	2	1	291	0	41
chr15	77102940	77113604	2	2	1	20	0	48
chr15	77105670	77113604	2	2	1	289	0	48
chr16	57178021	57181491	2	2	1	387	0	44
chr16	57178021	57182850	2	2	1	142	0	44
chr16	57181537	57182850	2	2	1	383	0	34
chr17	12979205	13846588	1	1	0	46	1	12
chr17	13846613	13848354	1	1	0	8	0	21
chr17	13846640	13848354	1	1	1	5794	9	24
chr17	13846640	13848358	1	1	0	1	0	17
chr17	13846640	13849107	1	1	1	5923	11	45
chr17	13846640	13849113	1	1	0	53	0	47
chr17	13846644	13848358	1	1	0	1	0	17
chr17	13848376	13849107	1	1	1	5794	9	29
chr17	13848376	13849113	1	1	0	10	0	21
chr17	45570567	45570665	2	2	1	631	0	42
chr17	45570800	45571017	2	2	1	722	0	21
chr18	10726534	10740982	1	1	1	1	0	15
chr18	53948155	53948644	1	1	1	14975	14	33
chr18	53948155	53948651	1	1	0	1	0	17
chr18	53948155	53953244	1	1	1	2922	1	43
chr18	53948167	53948644	1	1	0	2	0	24
chr18	53948666	53953244	1	1	0	9	0	21
chr18	53948669	53949681	1	1	0	1	0	14
chr18	53948669	53953244	1	1	1	14953	13	37
chr18	53948669	53953268	1	1	0	5	0	24
chr18	53948673	53953244	1	1	0	2	0	28
chr18	53949705	53953244	1	1	0	1	0	23
chr19	7281251	7282725	2	2	0	4	0	26
chr19	7281256	7281797	2	4	1	287	0	39
chr19	7281256	7282725	2	2	1	1842	1	36
chr19	7281960	7282725	2	2	1	292	0	27
chrX	159414893	159443922	1	1	1	1	0	6
