chr1	34295537	34296741	1	1	1	1	0	18
chr1	34295537	34299720	1	1	1	29	0	38
chr1	34296760	34299720	1	1	1	1	0	18
chr1	40010678	40011649	1	1	1	9	0	21
chr1	40010678	40011787	1	1	0	1	0	21
chr1	40010678	40014105	1	1	1	33	0	32
chr1	40011842	40014105	1	1	1	10	0	37
chr1	82735508	82747082	1	1	1	2	0	40
chr1	82735508	82750519	1	1	1	50	0	40
chr1	82747143	82750519	1	1	1	2	0	38
chr2	32292216	32296625	1	1	1	22	0	43
chr2	59932171	59933405	2	2	0	1	0	30
chr2	59932171	59933411	2	2	1	29	0	31
chr2	59932171	59933670	2	2	1	1	0	28
chr2	59933439	59933670	2	2	1	30	0	28
chr2	71849507	71853533	1	1	1	28	0	39
chr2	71849507	71855853	1	1	1	1508	0	42
chr2	71853664	71855853	1	1	1	28	0	40
chr2	75662926	75663570	1	1	1	10	0	41
chr2	91001089	91001461	1	1	1	307	0	34
chr2	91001089	91003299	1	1	0	2	0	33
chr2	91001511	91003210	1	1	1	306	0	25
chr2	91003238	91003810	1	1	0	2	0	27
chr2	91003346	91003810	1	1	1	12	0	36
chr2	91159306	91160316	2	2	1	6	0	47
chr2	91159306	91162027	2	2	1	90	0	47
chr2	91159320	91162027	2	2	0	1	0	40
chr2	91160371	91162027	2	2	1	6	0	38
chr2	91681696	91684668	2	2	1	535	1	50
chr2	125848285	125849739	2	2	1	1	0	19
chr2	153670448	153670848	1	1	1	37	0	42
chr2	153670909	153672215	1	1	1	36	0	50
chr2	168752741	168754433	2	2	1	11525	13	49
chr2	168754480	168788998	2	2	0	1	0	12
chr3	60613521	60614682	1	1	1	70	0	44
chr3	60613521	60615619	1	1	1	14	0	44
chr3	60614737	60615619	1	1	1	70	0	38
chr3	87733505	87735344	1	1	0	69	0	41
chr3	88483947	88484046	2	2	1	80	0	39
chr3	88484155	88484614	2	2	1	80	0	39
chr3	119724187	119724611	2	2	1	1648	0	34
chr3	119724187	119726065	2	2	1	1	0	29
chr3	119724646	119726065	2	2	1	1680	0	38
chr3	129825617	129826823	2	2	1	3	0	36
chr3	139632407	139650143	2	2	0	0	1	13
chr4	31992517	31994873	1	1	1	943	0	40
chr4	31992517	32002088	1	1	1	708	0	50
chr4	31994955	32002088	1	1	1	933	0	49
chr4	31995011	32002088	1	1	1	1	0	48
chr4	46468788	46469882	1	1	1	2	0	21
chr4	107009769	107027216	1	1	1	43	0	38
chr4	107009769	107028192	1	1	1	145	0	43
chr4	107027298	107028192	1	1	1	49	0	41
chr4	133966047	133966428	2	2	1	0	1	35
chr5	23565266	23616326	2	2	1	123	0	48
chr5	72958287	72965803	1	1	1	1	0	37
chr5	72958287	72974530	1	1	1	31	0	48
chr5	72965882	72974530	1	1	1	1	0	41
chr5	149184807	149187707	1	1	1	25	0	44
chr5	149184807	149188344	1	1	1	186	1	43
chr5	149187835	149188344	1	1	1	3	0	39
chr5	149187877	149188344	1	1	1	22	0	39
chr6	47577668	47594893	2	2	1	1	0	32
chr6	72634233	72648800	2	2	1	1981	1	42
chr6	72634233	72649119	2	2	1	4981	3	50
chr6	72648843	72649119	2	2	1	1976	1	41
chr6	98939789	98941535	2	2	1	17	0	46
chr6	98941658	98944618	2	2	1	17	0	36
chr6	125162102	125162211	2	2	1	378	11	36
chr6	128371086	128371967	1	1	1	904	0	43
chr6	128371086	128372504	1	1	0	1	0	39
chr6	128371086	128372530	1	1	1	61	0	49
chr6	128371086	128372533	1	1	1	506	0	46
chr6	128371086	128372536	1	1	0	2	0	43
chr6	128372013	128372504	1	1	0	2	0	26
chr6	128372013	128372530	1	1	1	122	0	47
chr6	128372013	128372533	1	1	1	767	0	46
chr6	128372013	128372539	1	1	0	1	0	40
chr6	128372018	128372533	1	1	0	14	0	46
chr7	28042977	28046985	2	2	1	5	0	31
chr7	51708182	51747461	2	2	0	1	0	13
chr7	67240441	67244520	2	2	1	5	0	24
chr7	67240441	67251656	2	2	1	355	1	44
chr7	67244545	67251656	2	2	1	5	0	24
chr7	102001660	102002294	1	1	1	36	0	42
chr7	102001660	102007485	1	1	1	751	0	44
chr7	102002337	102007485	1	1	1	35	0	39
chr7	112839481	112841887	1	1	1	5	0	41
chr7	112839481	112842039	1	1	1	50	0	41
chr7	112839481	112856052	1	1	1	1	0	12
chr7	112839481	112856797	1	1	1	5	0	41
chr7	112841951	112856052	1	1	1	1	0	12
chr7	112841951	112856797	1	1	0	1	0	37
chr7	112842103	112856052	1	1	1	6	0	12
chr7	112842103	112856797	1	1	1	47	0	37
chr7	112856065	112856797	1	1	1	8	0	12
chr7	127980247	127981190	1	1	1	8	0	2
chr7	127981292	127981410	1	1	1	7	0	6
chr7	144861833	144862231	1	1	1	769	1	38
chr7	144862267	144862764	1	1	0	3	0	35
chr7	144862336	144862764	1	1	1	759	1	44
chr8	3610421	3610544	2	2	1	1	0	45
chr8	25532429	25555507	1	1	1	1	0	44
chr8	25532429	25557730	1	1	1	2	0	44
chr8	25555775	25557730	1	1	1	2	0	38
chr8	95100453	95100646	2	2	1	346	0	31
chr8	95100453	95101408	2	2	0	663	0	46
chr8	95100674	95101408	2	2	1	347	0	42
chr8	123268550	123268744	2	2	1	80	0	46
chr9	43027296	43040539	2	2	1	9	0	39
chr9	43027296	43042590	2	2	1	100	0	45
chr9	43040597	43042590	2	2	1	9	0	45
chr9	80093642	80098885	1	1	1	1060	0	26
chr9	80093642	80098892	1	1	0	31	0	14
chr9	80093642	80103693	1	1	1	4707	0	45
chr9	80093642	80103698	1	1	0	3	0	44
chr9	80098907	80103693	1	1	1	1091	0	23
chr9	114597607	114597794	2	2	1	158	0	40
chr9	114597607	114598704	2	2	0	221	0	42
chr9	114597831	114598704	2	2	1	157	0	36
chr11	79458907	79463232	1	1	1	8	0	42
chr11	79458907	79468716	1	1	1	18	1	42
chr11	79463296	79468716	1	1	1	7	0	39
chr11	79468155	79468716	1	1	1	1	0	38
chr11	94112147	94113262	1	1	1	8	0	21
chr11	94112147	94114172	1	1	1	174	0	32
chr11	94113302	94114172	1	1	1	9	0	39
chr11	100481848	100482144	2	2	1	3	0	39
chr11	102310577	102310925	2	2	1	45	0	42
chr11	102310577	102311379	2	2	1	175	0	45
chr11	102310577	102311403	2	2	0	1	0	21
chr11	102311037	102311379	2	2	1	44	0	45
chr12	71952560	71959805	1	1	1	123	0	45
chr12	78883402	78884790	1	1	1	1	0	4
chr12	83811361	83825258	2	2	1	72	0	34
chr12	83811361	83831921	2	2	1	81	0	41
chr12	83825292	83831921	2	2	1	72	0	33
chr12	113133338	113133495	1	1	0	7	0	42
chr12	113133338	113133540	1	1	1	222	0	41
chr12	113133338	113135796	1	1	1	864	0	29
chr12	113133577	113135796	1	1	1	217	0	29
chr13	46778994	46780625	2	2	1	129	0	40
chr13	46778994	46785245	2	2	1	804	0	45
chr13	46780665	46785245	2	2	1	130	0	39
chr13	56084286	56089757	2	2	1	16	0	40
chr13	56084286	56096123	2	2	0	2	0	40
chr13	56089858	56096123	2	2	1	17	0	38
chr14	8171531	8172763	2	2	1	1	0	30
chr14	8172818	8172890	2	2	1	1	0	41
chr14	57643217	57648418	2	2	0	1	0	42
chr14	57643224	57643334	2	2	1	1	0	39
chr14	57643224	57648418	2	2	1	71	0	39
chr14	57643490	57648418	2	2	1	1	0	38
chr14	120389164	120395711	1	1	1	154	0	39
chr14	120389164	120396450	1	1	1	53	0	48
chr14	120395766	120396450	1	1	1	170	0	48
chr15	77102940	77105576	2	2	1	82	0	41
chr15	77102940	77108249	2	2	0	1	0	39
chr15	77102940	77113604	2	2	1	4	0	44
chr15	77105670	77113604	2	2	1	80	0	48
chr15	77108331	77113604	2	2	0	1	0	48
chr15	103242719	103243624	1	1	1	0	2	33
chr16	57178021	57181491	2	2	1	19	0	45
chr16	57178021	57182850	2	2	1	1131	1	44
chr16	57181537	57182850	2	2	1	19	0	33
chr16	84833875	84834808	2	2	1	1	0	35
chr16	94686604	94691580	1	1	1	1	0	24
chr17	12979205	13846588	1	1	0	18	3	12
chr17	13846640	13848354	1	1	1	312	0	21
chr17	13846640	13849107	1	1	1	9155	8	46
chr17	13846640	13849113	1	1	0	46	0	48
chr17	13848376	13849107	1	1	1	314	0	26
chr17	45570567	45570665	2	2	1	314	0	42
chr17	45570800	45571017	2	2	1	348	0	21
chr17	46590452	46590758	2	2	1	1	0	11
chr18	10726534	10740982	1	1	1	3	0	15
chr18	53948155	53948644	1	1	1	1518	2	27
chr18	53948155	53949213	1	1	0	1	0	39
chr18	53948155	53953244	1	1	1	12122	14	45
chr18	53948666	53953244	1	1	0	1	0	21
chr18	53948669	53953244	1	1	1	1509	0	30
chr18	53949263	53953244	1	1	0	2	0	38
chr19	7281256	7281797	2	4	1	57	0	39
chr19	7281256	7282725	2	2	1	283	1	35
chr19	7281960	7282725	2	2	1	59	0	26
chrX	151001122	151002173	2	2	1	1	0	41
