chr1	34295537	34296741	1	1	1	53	0	18
chr1	34295537	34299720	1	1	1	203	0	40
chr1	34296760	34299720	1	1	1	53	0	18
chr1	40010678	40011649	1	1	1	17	0	21
chr1	40010678	40011783	1	1	0	1	0	21
chr1	40010678	40014105	1	1	1	61	1	32
chr1	40011842	40014105	1	1	1	18	0	37
chr1	82735508	82747082	1	1	1	1	0	40
chr1	82735508	82750519	1	1	1	48	1	40
chr1	82747143	82750519	1	1	1	1	0	38
chr2	32292216	32296625	1	1	1	57	0	43
chr2	59932171	59933405	2	2	0	4	0	37
chr2	59932171	59933411	2	2	1	68	0	27
chr2	59932171	59933670	2	2	1	14	0	38
chr2	59933439	59933670	2	2	1	71	0	28
chr2	71849507	71853533	1	1	1	29	0	40
chr2	71849507	71855853	1	1	1	1530	2	42
chr2	71853664	71855853	1	1	1	31	0	41
chr2	75662926	75663570	1	1	1	4	0	36
chr2	91001089	91001461	1	1	1	517	0	24
chr2	91001511	91003210	1	1	1	513	0	35
chr2	91001511	91003299	1	1	0	1	0	46
chr2	91003238	91003810	1	1	0	2	0	27
chr2	91003346	91003810	1	1	1	23	0	37
chr2	91003891	91004700	1	1	1	1	0	40
chr2	91159300	91162027	2	2	0	2	0	41
chr2	91159306	91160316	2	2	1	4	0	47
chr2	91159306	91162027	2	2	1	150	1	47
chr2	91160371	91162027	2	2	1	5	0	39
chr2	91681696	91682025	2	2	1	1	0	50
chr2	91681696	91682802	2	2	0	1	0	50
chr2	91681696	91684668	2	2	1	653	1	50
chr2	91682110	91684668	2	2	0	1	0	38
chr2	91682902	91684668	2	2	1	1	0	38
chr2	153670448	153670848	1	1	1	70	0	42
chr2	153670448	153672215	1	1	1	1	0	50
chr2	153670909	153672215	1	1	1	69	0	50
chr2	168752741	168754433	2	2	1	15228	19	46
chr3	60613521	60614682	1	1	1	127	0	44
chr3	60613521	60615619	1	1	1	14	0	44
chr3	60614737	60615619	1	1	1	128	0	38
chr3	87733505	87734423	1	1	1	3	0	39
chr3	87733505	87735344	1	1	0	147	0	44
chr3	87734553	87735344	1	1	1	3	0	37
chr3	88483947	88484046	2	2	1	86	0	37
chr3	88484155	88484614	2	2	1	83	0	40
chr3	119724187	119724611	2	2	1	1598	1	34
chr3	119724187	119726065	2	2	1	6	0	29
chr3	119724646	119726065	2	2	1	1633	1	38
chr3	119726116	119820407	2	2	0	2	0	13
chr3	119726206	119740314	2	2	1	1	0	40
chr3	129825617	129826823	2	2	1	1	0	28
chr4	31992517	31994873	1	1	1	1179	1	41
chr4	31992517	32002088	1	1	1	593	0	49
chr4	31994955	32002088	1	1	1	1182	0	49
chr4	107009769	107027216	1	1	1	44	0	38
chr4	107009769	107028192	1	1	1	180	0	42
chr4	107027298	107028192	1	1	1	46	0	46
chr5	23565266	23616326	2	2	1	189	0	46
chr5	23568264	23616326	2	2	0	1	0	45
chr5	72958287	72965803	1	1	1	1	0	39
chr5	72958287	72974530	1	1	1	30	0	41
chr5	72965882	72974530	1	1	1	1	0	41
chr5	105862938	105949991	1	1	0	1	1	13
chr5	116482537	116591333	2	2	1	3	0	50
chr5	149184807	149185484	1	1	1	1	0	43
chr5	149184807	149187707	1	1	1	36	0	45
chr5	149184807	149188344	1	1	1	169	2	44
chr5	149187806	149188344	1	1	0	2	0	39
chr5	149187835	149188344	1	1	1	4	0	39
chr5	149187864	149188344	1	1	0	1	0	39
chr5	149187877	149188344	1	1	1	31	0	39
chr6	72634233	72648800	2	2	1	3826	4	42
chr6	72634233	72649119	2	2	1	7355	6	50
chr6	72648843	72649119	2	2	1	3792	2	42
chr6	98939789	98940994	2	2	1	10	0	45
chr6	98939789	98941535	2	2	1	66	0	45
chr6	98939789	98944618	2	2	0	15	0	45
chr6	98941165	98944618	2	2	0	10	0	36
chr6	98941658	98944618	2	2	1	65	0	36
chr6	125162102	125162211	2	2	1	385	11	36
chr6	128371086	128371967	1	1	1	1621	0	43
chr6	128371086	128372530	1	1	1	97	0	49
chr6	128371086	128372533	1	1	1	746	0	47
chr6	128371086	128372536	1	1	0	6	0	43
chr6	128371086	128372539	1	1	0	1	0	40
chr6	128372013	128372504	1	1	0	2	0	26
chr6	128372013	128372509	1	1	0	2	0	31
chr6	128372013	128372530	1	1	1	203	0	47
chr6	128372013	128372533	1	1	1	1386	0	46
chr6	128372013	128372536	1	1	0	2	0	43
chr6	128372018	128372530	1	1	0	1	0	49
chr6	128372018	128372533	1	1	0	26	0	46
chr7	67240441	67244520	2	2	1	8	0	24
chr7	67240441	67251656	2	2	1	561	1	47
chr7	67244545	67251656	2	2	1	8	0	24
chr7	102001660	102002294	1	1	1	209	1	42
chr7	102001660	102007485	1	1	1	3406	1	45
chr7	102001665	102002300	1	1	0	0	1	36
chr7	102002337	102007485	1	1	1	210	1	39
chr7	112839481	112841887	1	1	1	7	0	41
chr7	112839481	112842039	1	1	1	120	0	41
chr7	112839481	112856052	1	1	1	1	0	12
chr7	112839481	112856797	1	1	1	24	0	41
chr7	112841951	112856797	1	1	0	4	0	37
chr7	112842103	112856052	1	1	1	7	0	12
chr7	112842103	112856797	1	1	1	115	0	45
chr7	112856065	112856797	1	1	1	8	0	12
chr7	127972284	127980194	1	1	1	1	0	6
chr7	127980247	127981190	1	1	1	18	0	38
chr7	127981292	127981410	1	1	1	15	0	32
chr7	144861833	144862231	1	1	1	1390	0	39
chr7	144861837	144862231	1	1	0	1	0	32
chr7	144862267	144862764	1	1	0	5	0	35
chr7	144862336	144862764	1	1	1	1373	0	43
chr8	25532429	25555507	1	1	1	1	0	44
chr8	25555775	25557730	1	1	1	1	0	37
chr8	72219861	72219940	1	1	1	2	0	30
chr8	95100453	95100646	2	2	1	203	0	31
chr8	95100453	95101408	2	2	0	665	0	46
chr8	95100674	95101408	2	2	1	203	0	42
chr8	123268550	123268744	2	2	1	81	0	46
chr9	43027296	43040539	2	2	1	22	0	38
chr9	43027296	43042590	2	2	1	220	0	46
chr9	43040597	43042590	2	2	1	22	0	45
chr9	80093642	80098885	1	1	1	1303	0	26
chr9	80093642	80098892	1	1	0	29	0	14
chr9	80093642	80103693	1	1	1	7517	6	46
chr9	80098907	80101831	1	1	0	1	0	21
chr9	80098907	80103693	1	1	1	1331	0	24
chr9	80098907	80103698	1	1	0	1	0	21
chr9	80101891	80103693	1	1	0	1	0	37
chr9	114597607	114597794	2	2	1	254	0	39
chr9	114597607	114598704	2	2	0	345	0	43
chr9	114597825	114598704	2	2	0	3	0	30
chr9	114597831	114598704	2	2	1	250	0	36
chr11	78233684	78245547	2	2	1	1	0	28
chr11	79458907	79463232	1	1	1	27	0	43
chr11	79458907	79468716	1	1	1	46	1	45
chr11	79463296	79468716	1	1	1	27	0	39
chr11	94112147	94113262	1	1	1	13	0	21
chr11	94112147	94114172	1	1	1	230	0	32
chr11	94113302	94114172	1	1	1	13	0	39
chr11	102310577	102310925	2	2	1	81	0	43
chr11	102310577	102311379	2	2	1	255	0	49
chr11	102311037	102311379	2	2	1	79	0	46
chr11	102311037	102311403	2	2	0	1	0	21
chr12	71952560	71959805	1	1	1	209	0	44
chr12	71952560	71959809	1	1	0	1	0	36
chr12	78883402	78884790	1	1	1	1	0	4
chr12	83811361	83825258	2	2	1	142	0	33
chr12	83811361	83831921	2	2	1	181	0	41
chr12	83825292	83831921	2	2	1	141	0	34
chr12	113133338	113133495	1	1	0	4	0	42
chr12	113133338	113133540	1	1	1	218	0	43
chr12	113133338	113135796	1	1	1	800	0	29
chr12	113133577	113134186	1	1	0	2	0	28
chr12	113133577	113135796	1	1	1	207	0	29
chr12	113134231	113135796	1	1	0	2	0	29
chr13	17888682	17893121	2	2	1	1	0	37
chr13	17893331	17896952	2	2	1	1	0	40
chr13	46778987	46785245	2	2	0	2	0	47
chr13	46778994	46780625	2	2	1	483	1	43
chr13	46778994	46785245	2	2	1	2663	3	45
chr13	46780665	46785245	2	2	1	485	1	39
chr13	56084286	56089757	2	2	1	20	0	40
chr13	56089858	56096123	2	2	1	20	0	38
chr14	57643224	57643334	2	2	1	1	0	37
chr14	57643224	57648418	2	2	1	87	0	41
chr14	57643490	57648418	2	2	1	1	0	38
chr14	120389164	120395711	1	1	1	198	1	38
chr14	120389164	120396450	1	1	1	45	0	48
chr14	120395766	120396450	1	1	1	208	1	48
chr15	77102940	77105576	2	2	1	143	0	40
chr15	77102940	77113604	2	2	1	17	0	44
chr15	77105670	77113604	2	2	1	143	0	48
chr15	79540479	79541033	2	2	1	1	0	35
chr15	79541168	79542486	2	2	1	1	0	19
chr15	103242719	103242921	1	1	1	1	0	33
chr15	103242719	103243624	1	1	1	3	0	43
chr16	57178021	57181491	2	2	1	13	0	44
chr16	57178021	57182850	2	2	1	923	1	44
chr16	57181537	57182850	2	2	1	13	0	33
chr16	94686604	94691580	1	1	1	2	0	45
chr17	12979205	13846588	1	1	0	18	2	12
chr17	13846640	13848354	1	1	1	398	3	22
chr17	13846640	13849107	1	1	1	12458	13	46
chr17	13846640	13849113	1	1	0	29	0	48
chr17	13848376	13849107	1	1	1	398	3	27
chr17	45570567	45570665	2	2	1	480	2	39
chr17	45570800	45571017	2	2	1	516	2	24
chr17	46590452	46590758	2	2	1	1	0	11
chr17	56578986	56582983	2	2	1	1	0	37
chr18	10726534	10740982	1	1	1	1	0	15
chr18	53948155	53948644	1	1	1	1702	0	28
chr18	53948155	53953244	1	1	1	13318	5	45
chr18	53948155	53953268	1	1	0	3	0	40
chr18	53948666	53953244	1	1	0	1	0	21
chr18	53948669	53953244	1	1	1	1698	0	26
chr19	7281256	7281797	2	4	1	99	0	39
chr19	7281256	7282725	2	2	1	356	0	36
chr19	7281960	7282725	2	2	1	105	0	35
