chr1	34295537	34296741	1	1	1	122	0	18
chr1	34295537	34299720	1	1	1	63	0	38
chr1	34296760	34299720	1	1	1	122	0	19
chr1	40010678	40011649	1	1	1	156	0	28
chr1	40010678	40014105	1	1	1	35	2	32
chr1	40011842	40014105	1	1	1	152	0	40
chr1	58558058	58565856	2	2	1	1	0	3
chr1	58565955	58586211	2	2	1	1	0	46
chr1	82735508	82741817	1	1	1	3	0	40
chr1	82735508	82747082	1	1	1	3	0	40
chr1	82735508	82750519	1	1	1	57	0	40
chr1	82741977	82750519	1	1	1	1	0	38
chr1	82747143	82750519	1	1	1	5	0	38
chr2	32292216	32293314	1	1	1	10	0	43
chr2	32292216	32296625	1	1	1	111	0	43
chr2	32293396	32296625	1	1	1	11	0	38
chr2	59932171	59933405	2	2	0	80	0	38
chr2	59932171	59933411	2	2	1	457	1	31
chr2	59932171	59933670	2	2	1	3	0	38
chr2	59933439	59933670	2	2	1	536	1	28
chr2	71849507	71853533	1	1	1	572	0	41
chr2	71849507	71855853	1	1	1	5003	6	43
chr2	71853664	71855853	1	1	1	584	0	41
chr2	75662926	75663570	1	1	1	2	0	19
chr2	91001089	91001461	1	1	1	691	0	34
chr2	91001089	91001479	1	1	0	1	0	24
chr2	91001089	91003299	1	1	0	5	0	33
chr2	91001511	91003210	1	1	1	685	0	31
chr2	91003238	91003810	1	1	0	3	0	27
chr2	91003346	91003810	1	1	1	23	0	36
chr2	91159300	91162027	2	2	0	3	0	41
chr2	91159306	91160316	2	2	1	320	0	47
chr2	91159306	91162027	2	2	1	464	0	48
chr2	91160371	91162027	2	2	1	319	0	39
chr2	91681696	91684668	2	2	1	213	1	50
chr2	153670448	153672215	1	1	1	1	1	50
chr2	153713625	153714954	1	1	1	0	1	50
chr3	60613521	60614682	1	1	1	1887	0	46
chr3	60613521	60614688	1	1	0	2	0	38
chr3	60613521	60615619	1	1	1	1118	1	45
chr3	60614737	60615619	1	1	1	1875	0	44
chr3	87733505	87734423	1	1	1	12	0	39
chr3	87733505	87734456	1	1	0	2	0	38
chr3	87733505	87735344	1	1	0	23	0	39
chr3	87734553	87735344	1	1	1	14	0	37
chr3	88483947	88484046	2	2	1	321	0	40
chr3	88484155	88484614	2	2	1	324	0	42
chr3	119724187	119724611	2	2	1	4732	0	34
chr3	119724187	119726065	2	2	1	24	0	29
chr3	119724646	119726065	2	2	1	4912	0	39
chr3	119726206	119740314	2	2	1	1	0	40
chr3	129825617	129826823	2	2	1	1	0	29
chr4	31992517	31994873	1	1	1	292	1	39
chr4	31992517	32002088	1	1	1	3751	9	49
chr4	31994955	32002088	1	1	1	279	0	49
chr4	107009769	107027216	1	1	1	13	0	38
chr4	107009769	107028192	1	1	1	134	0	42
chr4	107027298	107028192	1	1	1	16	0	41
chr5	23565266	23616326	2	2	1	994	2	45
chr5	72958287	72965803	1	1	1	2	0	40
chr5	72958287	72974530	1	1	1	104	0	42
chr5	72965882	72974530	1	1	1	3	0	41
chr5	116475248	116477058	2	2	1	1	0	14
chr5	116477146	116482389	2	2	1	1	0	14
chr5	116482537	116591333	2	2	1	899	4	50
chr5	149184807	149187707	1	1	1	26	0	43
chr5	149184807	149188344	1	1	1	853	3	46
chr5	149187806	149188344	1	1	0	3	0	39
chr5	149187877	149188344	1	1	1	22	0	39
chr6	98939789	98940994	2	2	1	1	0	45
chr6	98939789	98941535	2	2	1	197	0	46
chr6	98939789	98944618	2	2	0	8	0	45
chr6	98941165	98944618	2	2	0	1	0	36
chr6	98941658	98944618	2	2	1	197	0	36
chr6	125162102	125162211	2	2	1	306	8	36
chr6	128371086	128371967	1	1	1	4590	1	45
chr6	128371086	128372530	1	1	1	1	0	49
chr6	128371086	128372533	1	1	1	20	0	46
chr6	128372013	128372278	1	1	0	1	0	27
chr6	128372013	128372504	1	1	0	25	0	26
chr6	128372013	128372509	1	1	0	9	0	31
chr6	128372013	128372530	1	1	1	587	0	49
chr6	128372013	128372533	1	1	1	3888	0	47
chr6	128372013	128372536	1	1	0	3	0	43
chr6	128372018	128372504	1	1	0	1	0	26
chr6	128372018	128372509	1	1	0	2	0	31
chr6	128372018	128372530	1	1	0	3	0	49
chr6	128372018	128372533	1	1	0	52	1	46
chr6	128372306	128372533	1	1	0	1	0	27
chr7	67240441	67244520	2	2	1	110	0	24
chr7	67240441	67251656	2	2	1	1086	0	44
chr7	67244545	67251656	2	2	1	110	0	24
chr7	99849060	99858763	2	2	1	1	0	44
chr7	101288340	102001612	1	3	0	5	0	12
chr7	102001660	102002294	1	1	1	1460	0	43
chr7	102001660	102007485	1	1	1	878	0	44
chr7	102002337	102007485	1	1	1	1447	0	42
chr7	112839481	112841887	1	1	1	4	0	41
chr7	112839481	112842039	1	1	1	113	0	41
chr7	112839481	112856052	1	1	1	1	0	12
chr7	112839481	112856797	1	1	1	9	0	41
chr7	112841951	112856052	1	1	1	1	0	12
chr7	112842103	112856052	1	1	1	108	0	12
chr7	112842103	112856797	1	1	1	5	0	37
chr7	112856065	112856797	1	1	1	111	0	15
chr7	127980247	127981190	1	1	1	4	0	2
chr7	127981292	127981410	1	1	1	8	0	6
chr8	25532429	25555507	1	1	1	2	0	44
chr8	25532429	25557730	1	1	1	4	0	44
chr8	25555775	25557730	1	1	1	2	0	38
chr8	95100453	95100646	2	2	1	874	1	31
chr8	95100453	95101408	2	2	0	321	0	46
chr8	95100674	95101408	2	2	1	874	1	44
chr8	123268550	123268744	2	2	1	180	0	46
chr9	43027296	43040539	2	2	1	106	0	38
chr9	43027296	43042590	2	2	1	175	0	46
chr9	43040597	43042590	2	2	1	111	0	45
chr9	80093642	80098885	1	1	1	9147	6	26
chr9	80093642	80098892	1	1	0	230	0	19
chr9	80093642	80103693	1	1	1	460	0	45
chr9	80093642	80103698	1	1	0	1	0	44
chr9	80098907	80101831	1	1	0	1	0	21
chr9	80098907	80103693	1	1	1	9374	6	24
chr9	80098907	80103698	1	1	0	3	0	21
chr9	80101891	80103693	1	1	0	1	0	37
chr9	114597607	114597794	2	2	1	463	0	38
chr9	114597607	114598704	2	2	0	6	0	42
chr9	114597825	114598704	2	2	0	2	0	30
chr9	114597831	114598704	2	2	1	460	0	38
chr10	22737002	22792251	2	4	0	2	0	18
chr11	79458907	79459929	1	1	0	1	0	42
chr11	79458907	79463232	1	1	1	20	0	42
chr11	79458907	79468716	1	1	1	169	0	43
chr11	79459999	79468716	1	1	0	1	0	38
chr11	79463296	79468716	1	1	1	18	0	39
chr11	79468155	79468716	1	1	1	1	0	38
chr11	94112147	94113262	1	1	1	112	0	21
chr11	94112147	94113279	1	1	0	3	0	21
chr11	94112147	94114172	1	1	1	372	1	32
chr11	94113302	94114172	1	1	1	118	0	39
chr11	102310577	102310925	2	2	1	63	0	42
chr11	102310577	102311360	2	2	0	1	0	42
chr11	102310577	102311379	2	2	1	722	1	46
chr11	102311037	102311379	2	2	1	64	0	45
chr12	71952560	71958746	1	1	1	29	0	27
chr12	71952560	71959805	1	1	1	50	0	44
chr12	71958774	71959805	1	1	1	29	0	29
chr12	83811361	83811669	2	2	0	1	0	37
chr12	83811361	83825258	2	2	1	76	0	33
chr12	83811361	83831921	2	2	1	487	0	41
chr12	83811744	83831921	2	2	0	1	0	38
chr12	83825292	83831921	2	2	1	76	0	33
chr12	112928622	113133308	1	1	0	0	5	13
chr12	113133338	113133495	1	1	0	139	12	46
chr12	113133338	113133540	1	1	1	2142	53	42
chr12	113133338	113135796	1	1	1	61	0	29
chr12	113133577	113134186	1	1	0	2	0	28
chr12	113133577	113134761	1	1	0	1	0	21
chr12	113133577	113134800	1	1	0	12	0	12
chr12	113133577	113135796	1	1	1	2121	64	29
chr12	113134231	113135796	1	1	0	2	0	29
chr12	113134813	113135796	1	1	0	12	0	12
chr13	46778994	46780545	2	2	0	2	0	40
chr13	46778994	46780625	2	2	1	549	1	43
chr13	46778994	46785245	2	2	1	3116	9	46
chr13	46780665	46785245	2	2	1	555	1	40
chr13	56084286	56089757	2	2	1	57	0	40
chr13	56089841	56096123	2	2	0	1	0	38
chr13	56089858	56096123	2	2	1	56	0	41
chr14	57643224	57643334	2	2	1	2	0	39
chr14	57643224	57648418	2	2	1	100	0	40
chr14	57643490	57648418	2	2	1	2	0	38
chr14	120389164	120395711	1	1	1	373	0	39
chr14	120389164	120395717	1	1	0	1	0	38
chr14	120389164	120396450	1	1	1	529	0	48
chr14	120395766	120396450	1	1	1	378	0	48
chr15	77102940	77105576	2	2	1	228	1	44
chr15	77102940	77113604	2	2	1	11	0	48
chr15	77105670	77113604	2	2	1	231	1	48
chr16	57178021	57181491	2	2	1	267	1	44
chr16	57178021	57182850	2	2	1	192	0	43
chr16	57181537	57182850	2	2	1	267	1	37
chr17	12979205	13846588	1	1	0	56	1	12
chr17	13846613	13848354	1	1	0	18	0	21
chr17	13846640	13848354	1	1	1	4368	6	24
chr17	13846640	13849107	1	1	1	5944	3	45
chr17	13846640	13849113	1	1	0	13	0	47
chr17	13846644	13848358	1	1	0	1	0	17
chr17	13848376	13849107	1	1	1	4371	6	29
chr17	13848376	13849113	1	1	0	8	0	21
chr17	45570567	45570665	2	2	1	663	1	37
chr17	45570800	45571017	2	2	1	699	0	23
chr17	51783067	51785528	2	2	1	1	0	40
chr17	51785641	51803430	2	2	1	1	0	14
chr17	80053642	80061656	2	2	1	1	0	24
chr18	53948155	53948644	1	1	1	16283	15	33
chr18	53948155	53953244	1	1	1	3643	6	44
chr18	53948162	53948644	1	1	0	1	0	28
chr18	53948666	53953244	1	1	0	4	0	21
chr18	53948669	53953244	1	1	1	16257	12	37
chr18	53948669	53953268	1	1	0	2	0	24
chr18	53948673	53953244	1	1	0	3	0	28
chr19	7281251	7282725	2	2	0	1	0	26
chr19	7281256	7281797	2	4	1	277	0	42
chr19	7281256	7282725	2	2	1	1463	1	36
chr19	7281960	7282725	2	2	1	311	0	35
