chr1	34295537	34296741	1	1	1	46	1	18
chr1	34295537	34299720	1	1	1	223	2	39
chr1	34296760	34299720	1	1	1	46	1	20
chr1	40010678	40011649	1	1	1	14	0	21
chr1	40010678	40011811	1	1	0	1	0	21
chr1	40010678	40014105	1	1	1	48	1	32
chr1	40011842	40014105	1	1	1	15	0	37
chr1	82735508	82747082	1	1	1	6	0	40
chr1	82735508	82750519	1	1	1	62	0	42
chr1	82747143	82750519	1	1	1	6	0	38
chr2	32292216	32296625	1	1	1	73	0	43
chr2	59926161	59932104	2	2	1	1	0	20
chr2	59932171	59933405	2	2	0	5	0	33
chr2	59932171	59933411	2	2	1	66	0	27
chr2	59932171	59933670	2	2	1	12	0	39
chr2	59933439	59933670	2	2	1	71	0	28
chr2	71849507	71853533	1	1	1	20	0	39
chr2	71849507	71855853	1	1	1	1502	3	43
chr2	71853664	71855853	1	1	1	20	0	40
chr2	75662926	75663570	1	1	1	7	0	40
chr2	91001089	91001461	1	1	1	486	0	25
chr2	91001511	91003210	1	1	1	469	0	25
chr2	91003238	91003810	1	1	0	1	0	27
chr2	91003346	91003810	1	1	1	13	0	36
chr2	91159306	91160316	2	2	1	7	0	47
chr2	91159306	91162027	2	2	1	160	0	47
chr2	91160371	91162027	2	2	1	7	0	38
chr2	91681696	91682025	2	2	1	1	0	50
chr2	91681696	91684668	2	2	1	549	1	50
chr2	91682110	91684668	2	2	0	1	0	38
chr2	91684719	91689469	2	2	0	1	0	12
chr2	153670448	153670848	1	1	1	53	0	43
chr2	153670909	153672215	1	1	1	52	0	50
chr2	168752741	168754433	2	2	1	10256	9	46
chr3	60613521	60614682	1	1	1	77	1	44
chr3	60613521	60614688	1	1	0	1	0	42
chr3	60613521	60615619	1	1	1	42	0	45
chr3	60614737	60615619	1	1	1	77	1	42
chr3	78904652	78918022	2	2	0	1	0	12
chr3	87733505	87734423	1	1	1	4	0	39
chr3	87733505	87735344	1	1	0	139	0	45
chr3	87734553	87735344	1	1	1	4	0	37
chr3	88483947	88484046	2	2	1	156	0	38
chr3	88484155	88484614	2	2	1	157	0	40
chr3	119724187	119724611	2	2	1	1740	0	34
chr3	119724187	119726065	2	2	1	7	0	29
chr3	119724646	119726065	2	2	1	1774	1	38
chr4	31992517	31993403	1	1	0	1	0	21
chr4	31992517	31994873	1	1	1	1199	0	40
chr4	31992517	32002088	1	1	1	545	2	49
chr4	31993425	31994873	1	1	0	1	0	17
chr4	31994955	32002088	1	1	1	1192	0	49
chr4	107009769	107027216	1	1	1	39	0	38
chr4	107009769	107028192	1	1	1	206	0	42
chr4	107027298	107028192	1	1	1	45	0	42
chr5	23565266	23616326	2	2	1	160	0	45
chr5	65537547	65565988	1	1	1	1	0	37
chr5	72958287	72965803	1	1	1	2	0	40
chr5	72958287	72974530	1	1	1	30	0	41
chr5	72965882	72974530	1	1	1	2	0	41
chr5	116482537	116591333	2	2	1	3	0	32
chr5	149184807	149185484	1	1	1	1	0	43
chr5	149184807	149187707	1	1	1	23	0	45
chr5	149184807	149188344	1	1	1	201	0	44
chr5	149187835	149188344	1	1	1	3	0	39
chr5	149187877	149188344	1	1	1	21	0	39
chr6	72634233	72648800	2	2	1	2642	2	42
chr6	72634233	72649119	2	2	1	5257	4	45
chr6	72634351	72649119	2	2	0	1	0	40
chr6	72648843	72649119	2	2	1	2618	2	41
chr6	98939789	98940994	2	2	1	2	0	45
chr6	98939789	98941535	2	2	1	80	0	45
chr6	98939789	98944618	2	2	0	8	0	45
chr6	98941165	98944618	2	2	0	2	0	36
chr6	98941658	98944618	2	2	1	81	0	37
chr6	125121682	125121931	1	1	1	1	0	39
chr6	125162102	125162211	2	2	1	532	20	39
chr6	128371086	128371967	1	1	1	1282	1	45
chr6	128371086	128372530	1	1	1	79	0	49
chr6	128371086	128372533	1	1	1	626	3	46
chr6	128372013	128372530	1	1	1	150	1	49
chr6	128372013	128372533	1	1	1	1112	1	46
chr6	128372018	128372530	1	1	0	5	0	49
chr6	128372018	128372533	1	1	0	17	0	46
chr6	128372018	128372536	1	1	0	1	0	43
chr7	67240441	67244520	2	2	1	6	0	24
chr7	67240441	67251656	2	2	1	459	0	44
chr7	67244545	67251656	2	2	1	6	0	24
chr7	101405603	102001614	1	1	0	4	1	13
chr7	102001660	102002294	1	1	1	187	0	42
chr7	102001660	102007485	1	1	1	3234	3	44
chr7	102002337	102007485	1	1	1	186	0	40
chr7	112839481	112841887	1	1	1	10	0	41
chr7	112839481	112842039	1	1	1	135	0	41
chr7	112839481	112856052	1	1	1	1	0	12
chr7	112839481	112856797	1	1	1	16	0	41
chr7	112841951	112856052	1	1	1	2	0	12
chr7	112841951	112856797	1	1	0	4	0	37
chr7	112842103	112856052	1	1	1	17	0	12
chr7	112842103	112856797	1	1	1	121	0	38
chr7	112856065	112856797	1	1	1	21	0	13
chr7	127980247	127981190	1	1	1	10	0	22
chr7	127981292	127981410	1	1	1	11	0	6
chr7	144861833	144862231	1	1	1	1084	1	39
chr7	144861837	144862231	1	1	0	1	0	32
chr7	144862267	144862764	1	1	0	4	0	35
chr7	144862336	144862764	1	1	1	1066	1	43
chr7	144862377	144862764	1	1	0	1	0	25
chr8	25532429	25557730	1	1	1	3	0	44
chr8	25555775	25557730	1	1	1	1	0	38
chr8	95100453	95100646	2	2	1	315	0	30
chr8	95100453	95101408	2	2	0	618	0	46
chr8	95100674	95101408	2	2	1	315	0	42
chr8	123268550	123268744	2	2	1	128	0	47
chr9	43027296	43040539	2	2	1	24	0	38
chr9	43027296	43042590	2	2	1	229	0	46
chr9	43040597	43042590	2	2	1	23	0	45
chr9	80093642	80098885	1	1	1	1238	2	27
chr9	80093642	80098892	1	1	0	19	0	14
chr9	80093642	80103693	1	1	1	5752	5	45
chr9	80098907	80099016	1	1	0	2	0	21
chr9	80098907	80103693	1	1	1	1252	2	23
chr9	80099049	80103693	1	1	0	2	0	37
chr9	114597607	114597794	2	2	1	209	0	38
chr9	114597607	114598704	2	2	0	308	0	42
chr9	114597825	114598704	2	2	0	1	0	30
chr9	114597831	114598704	2	2	1	207	0	38
chr11	79458907	79463232	1	1	1	26	0	42
chr11	79458907	79468716	1	1	1	30	0	45
chr11	79463296	79468716	1	1	1	26	0	39
chr11	94112147	94113262	1	1	1	16	0	21
chr11	94112147	94114172	1	1	1	197	0	32
chr11	94113302	94114172	1	1	1	17	0	39
chr11	95966783	95967548	2	2	1	1	0	24
chr11	95967624	95968362	2	2	1	1	0	12
chr11	102310577	102310925	2	2	1	90	0	42
chr11	102310577	102311379	2	2	1	255	0	46
chr11	102311037	102311379	2	2	1	91	0	46
chr12	71952560	71958746	1	1	1	1	0	27
chr12	71952560	71959805	1	1	1	208	1	43
chr12	71958774	71959805	1	1	1	1	0	27
chr12	83811361	83825258	2	2	1	151	0	33
chr12	83811361	83831921	2	2	1	159	0	41
chr12	83825292	83831921	2	2	1	151	0	33
chr12	113133338	113133495	1	1	0	10	0	42
chr12	113133338	113133540	1	1	1	202	0	38
chr12	113133338	113135796	1	1	1	661	0	29
chr12	113133577	113135796	1	1	1	200	0	29
chr13	46778990	46785245	2	2	0	1	0	44
chr13	46778994	46780625	2	2	1	528	0	41
chr13	46778994	46785245	2	2	1	2249	3	44
chr13	46780665	46785245	2	2	1	530	0	40
chr13	56084286	56089757	2	2	1	15	0	41
chr13	56089858	56096123	2	2	1	14	0	41
chr14	57643224	57648418	2	2	1	141	0	41
chr14	120389164	120395711	1	1	1	255	1	39
chr14	120389164	120395717	1	1	0	1	0	38
chr14	120389164	120396450	1	1	1	68	0	48
chr14	120395766	120396450	1	1	1	260	1	48
chr15	77102940	77105576	2	2	1	136	0	40
chr15	77102940	77113604	2	2	1	16	0	44
chr15	77105670	77113604	2	2	1	135	0	48
chr16	57178021	57181491	2	2	1	16	0	44
chr16	57178021	57182850	2	2	1	892	3	44
chr16	57181537	57182850	2	2	1	16	0	33
chr17	12979205	13846588	1	1	0	11	0	12
chr17	13846640	13848354	1	1	1	410	1	22
chr17	13846640	13849107	1	1	1	9213	12	46
chr17	13846640	13849113	1	1	0	71	1	47
chr17	13848376	13849107	1	1	1	410	1	26
chr17	13848376	13849113	1	1	0	2	0	21
chr17	45570567	45570665	2	2	1	544	1	42
chr17	45570800	45571017	2	2	1	613	0	21
chr18	10726534	10740982	1	1	1	3	0	15
chr18	53948155	53948644	1	1	1	1231	1	28
chr18	53948155	53953244	1	1	1	8107	3	47
chr18	53948162	53953244	1	1	0	1	0	38
chr18	53948666	53953244	1	1	0	1	0	21
chr18	53948669	53953244	1	1	1	1225	1	24
chr19	7281256	7281797	2	4	1	125	1	39
chr19	7281256	7282725	2	2	1	351	0	35
chr19	7281960	7282725	2	2	1	132	1	27
