chr1	34295537	34296741	1	1	1	61	0	18
chr1	34295537	34299720	1	1	1	317	1	40
chr1	34296760	34299720	1	1	1	61	0	19
chr1	40010678	40011649	1	1	1	22	0	21
chr1	40010678	40014105	1	1	1	73	2	32
chr1	40011842	40014105	1	1	1	22	0	37
chr1	82735508	82747082	1	1	1	5	0	40
chr1	82735508	82750519	1	1	1	91	0	40
chr1	82747143	82750519	1	1	1	5	0	38
chr2	32292216	32296625	1	1	1	102	0	43
chr2	59926161	59932104	2	2	1	2	0	31
chr2	59932171	59933405	2	2	0	13	0	33
chr2	59932171	59933411	2	2	1	83	0	31
chr2	59932171	59933670	2	2	1	24	0	39
chr2	59933439	59933670	2	2	1	94	0	28
chr2	71849507	71853533	1	1	1	21	0	39
chr2	71849507	71855853	1	1	1	2440	5	44
chr2	71853664	71855853	1	1	1	21	0	40
chr2	75662926	75663570	1	1	1	10	0	40
chr2	91001089	91001461	1	1	1	662	0	34
chr2	91001089	91003299	1	1	0	2	0	33
chr2	91001511	91003210	1	1	1	654	0	25
chr2	91003238	91003810	1	1	0	3	0	27
chr2	91003346	91003810	1	1	1	13	0	36
chr2	91159306	91160316	2	2	1	6	0	47
chr2	91159306	91162027	2	2	1	198	0	47
chr2	91160371	91162027	2	2	1	6	0	38
chr2	91681696	91682025	2	2	1	1	0	50
chr2	91681696	91684668	2	2	1	939	2	50
chr2	91682110	91684668	2	2	0	1	0	38
chr2	153670448	153670848	1	1	1	89	0	44
chr2	153670448	153672215	1	1	1	1	0	50
chr2	153670909	153672215	1	1	1	86	0	50
chr2	168752741	168754433	2	2	1	13683	26	47
chr2	168754471	168860933	2	2	0	0	5	20
chr3	60613521	60614682	1	1	1	99	0	44
chr3	60613521	60615619	1	1	1	44	0	44
chr3	60614737	60615619	1	1	1	101	0	37
chr3	78904652	78918022	2	2	0	1	0	12
chr3	87733505	87735344	1	1	0	217	0	43
chr3	88483947	88484046	2	2	1	127	0	38
chr3	88483947	88484614	2	2	0	1	0	38
chr3	88484155	88484614	2	2	1	129	0	39
chr3	119724187	119724611	2	2	1	3108	1	34
chr3	119724187	119726065	2	2	1	9	0	29
chr3	119724646	119726065	2	2	1	3170	1	38
chr3	119726116	119820407	2	2	0	2	0	13
chr3	119726116	120643502	2	2	0	5	0	13
chr3	129825617	129826823	2	2	1	1	0	36
chr4	31992517	31994873	1	1	1	1876	4	40
chr4	31992517	32002088	1	1	1	799	0	49
chr4	31994955	32002088	1	1	1	1876	4	49
chr4	31995011	32002088	1	1	1	1	0	48
chr4	107009769	107027216	1	1	1	32	0	38
chr4	107009769	107028192	1	1	1	218	0	42
chr4	107027298	107028192	1	1	1	39	0	42
chr5	23565266	23616326	2	2	1	247	0	45
chr5	72958287	72965803	1	1	1	1	0	37
chr5	72958287	72974530	1	1	1	33	0	41
chr5	72965882	72974530	1	1	1	1	0	41
chr5	116482537	116591333	2	2	1	4	0	42
chr5	149184807	149185349	1	1	0	1	0	43
chr5	149184807	149187707	1	1	1	35	0	44
chr5	149184807	149188344	1	1	1	270	0	45
chr5	149185405	149188344	1	1	0	1	0	39
chr5	149187806	149188344	1	1	0	3	0	39
chr5	149187835	149188344	1	1	1	5	0	39
chr5	149187864	149188344	1	1	0	1	0	39
chr5	149187877	149188344	1	1	1	25	0	39
chr6	47577668	47594893	2	2	1	1	0	17
chr6	57722705	57723488	1	1	1	1	0	18
chr6	72633011	72633215	2	2	1	1	0	6
chr6	72634233	72648800	2	2	1	3643	8	42
chr6	72634233	72649119	2	2	1	7192	12	50
chr6	72648843	72649119	2	2	1	3615	8	42
chr6	72649155	73271938	2	2	0	2	3	14
chr6	98939789	98940994	2	2	1	7	0	45
chr6	98939789	98941535	2	2	1	82	0	46
chr6	98939789	98944618	2	2	0	21	0	45
chr6	98941165	98944618	2	2	0	6	0	36
chr6	98941658	98944618	2	2	1	81	0	36
chr6	125162102	125162211	2	2	1	742	29	37
chr6	128371086	128371967	1	1	1	1684	0	42
chr6	128371086	128372504	1	1	0	1	0	39
chr6	128371086	128372530	1	1	1	117	0	49
chr6	128371086	128372533	1	1	1	938	0	46
chr6	128371086	128372536	1	1	0	2	0	43
chr6	128371086	128372539	1	1	0	1	0	40
chr6	128372013	128372504	1	1	0	3	0	26
chr6	128372013	128372509	1	1	0	2	0	31
chr6	128372013	128372530	1	1	1	211	0	49
chr6	128372013	128372533	1	1	1	1451	0	46
chr6	128372018	128372530	1	1	0	5	0	49
chr6	128372018	128372533	1	1	0	21	0	46
chr7	25724845	25725923	2	2	1	2	0	39
chr7	67240441	67244520	2	2	1	12	0	24
chr7	67240441	67251656	2	2	1	646	0	48
chr7	67244545	67251656	2	2	1	12	0	24
chr7	101405603	102001614	1	1	0	6	0	13
chr7	101983174	102001612	1	1	0	1	0	12
chr7	102001660	102002294	1	1	1	283	0	42
chr7	102001660	102007485	1	1	1	5334	1	46
chr7	102002337	102007485	1	1	1	281	0	40
chr7	112839481	112841887	1	1	1	7	0	41
chr7	112839481	112842039	1	1	1	241	0	41
chr7	112839481	112856052	1	1	1	1	0	12
chr7	112839481	112856797	1	1	1	21	0	41
chr7	112841951	112856052	1	1	1	2	0	12
chr7	112841951	112856797	1	1	0	4	0	37
chr7	112842103	112856052	1	1	1	19	0	12
chr7	112842103	112856797	1	1	1	224	0	45
chr7	112856065	112856797	1	1	1	22	0	12
chr7	127980247	127981190	1	1	1	14	0	39
chr7	127981292	127981410	1	1	1	14	0	6
chr7	144861833	144862231	1	1	1	1659	2	39
chr7	144861837	144862231	1	1	0	2	0	32
chr7	144862267	144862764	1	1	0	4	0	35
chr7	144862336	144862764	1	1	1	1638	2	45
chr8	25532429	25557730	1	1	1	4	0	45
chr8	25555775	25557730	1	1	1	1	0	37
chr8	72219861	72219940	1	1	1	2	0	30
chr8	95100453	95100646	2	2	1	433	2	31
chr8	95100453	95101408	2	2	0	1029	1	46
chr8	95100674	95101408	2	2	1	433	2	42
chr8	123268550	123268744	2	2	1	133	0	48
chr9	43027296	43029555	2	2	0	1	0	38
chr9	43027296	43040539	2	2	1	15	1	38
chr9	43027296	43042590	2	2	1	426	0	46
chr9	43029610	43042590	2	2	0	1	0	45
chr9	43040597	43042590	2	2	1	15	1	45
chr9	80093642	80098885	1	1	1	1797	0	26
chr9	80093642	80098892	1	1	0	35	0	14
chr9	80093642	80103693	1	1	1	8358	2	49
chr9	80093642	80103698	1	1	0	1	0	44
chr9	80098907	80103693	1	1	1	1829	0	24
chr9	114597607	114597794	2	2	1	323	0	38
chr9	114597607	114598704	2	2	0	475	0	45
chr9	114597825	114598704	2	2	0	3	0	30
chr9	114597831	114598704	2	2	1	320	0	38
chr9	123011638	123013939	1	1	1	1	0	29
chr11	79458907	79463232	1	1	1	24	0	42
chr11	79458907	79468716	1	1	1	48	0	43
chr11	79463296	79468716	1	1	1	25	0	39
chr11	94112147	94113262	1	1	1	23	0	21
chr11	94112147	94114172	1	1	1	329	0	32
chr11	94113302	94114172	1	1	1	24	0	39
chr11	102310577	102310925	2	2	1	143	0	44
chr11	102310577	102311379	2	2	1	446	0	46
chr11	102311037	102311379	2	2	1	145	0	45
chr12	71952560	71959805	1	1	1	284	0	46
chr12	71952560	71959809	1	1	0	1	0	45
chr12	83811361	83825258	2	2	1	178	1	33
chr12	83811361	83831921	2	2	1	251	0	41
chr12	83825292	83831921	2	2	1	178	1	33
chr12	113133338	113133495	1	1	0	8	0	42
chr12	113133338	113133540	1	1	1	362	0	38
chr12	113133338	113134186	1	1	0	1	0	42
chr12	113133338	113135796	1	1	1	1255	0	29
chr12	113133577	113135796	1	1	1	352	0	29
chr12	113134231	113135796	1	1	0	1	0	29
chr13	46778990	46780625	2	2	0	1	0	39
chr13	46778990	46785245	2	2	0	1	0	44
chr13	46778994	46780625	2	2	1	711	0	43
chr13	46778994	46785245	2	2	1	3635	4	46
chr13	46780665	46785245	2	2	1	713	0	39
chr13	56084286	56089757	2	2	1	18	0	40
chr13	56084286	56096123	2	2	0	1	0	40
chr13	56089858	56096123	2	2	1	17	0	38
chr14	57643224	57648418	2	2	1	236	0	47
chr14	120389164	120395711	1	1	1	344	0	39
chr14	120389164	120396450	1	1	1	104	0	48
chr14	120395766	120396450	1	1	1	367	0	48
chr15	77102940	77105576	2	2	1	154	0	41
chr15	77102940	77113604	2	2	1	20	0	48
chr15	77105670	77113604	2	2	1	154	0	48
chr16	57178021	57181491	2	2	1	41	1	44
chr16	57178021	57182850	2	2	1	1700	0	44
chr16	57181537	57182850	2	2	1	40	1	34
chr16	84831508	84834808	2	2	1	1	0	32
chr16	94686604	94691580	1	1	1	1	0	45
chr17	12979205	13846588	1	1	0	10	0	12
chr17	13846640	13848020	1	1	0	2	0	36
chr17	13846640	13848354	1	1	1	481	0	22
chr17	13846640	13849107	1	1	1	12879	18	49
chr17	13846640	13849113	1	1	0	70	0	47
chr17	13848057	13849107	1	1	0	2	0	38
chr17	13848376	13849107	1	1	1	482	0	26
chr17	45570567	45570665	2	2	1	828	2	42
chr17	45570800	45571017	2	2	1	923	1	21
chr17	56578845	56578920	2	2	1	1	0	18
chr17	56578986	56582983	2	2	1	1	0	42
chr18	53948155	53948644	1	1	1	1377	1	28
chr18	53948155	53949550	1	1	0	1	0	39
chr18	53948155	53953244	1	1	1	10808	9	45
chr18	53948669	53953244	1	1	1	1373	1	24
chr18	53949588	53953244	1	1	0	1	0	37
chr18	64515409	64516415	2	2	1	1	0	39
chr19	7281251	7282725	2	2	0	1	0	26
chr19	7281256	7281797	2	4	1	134	0	39
chr19	7281256	7282725	2	2	1	472	0	35
chr19	7281960	7282725	2	2	1	143	0	35
chrX	73952667	73952825	2	2	1	1	0	10
