chr1	34295537	34296741	1	1	1	115	1	18
chr1	34295537	34299720	1	1	1	15	0	38
chr1	34296760	34299720	1	1	1	115	1	19
chr1	40010678	40011649	1	1	1	30	0	21
chr1	40010678	40011783	1	1	0	1	0	21
chr1	40010678	40011811	1	1	0	1	0	21
chr1	40010678	40014105	1	1	1	20	0	32
chr1	40011842	40014105	1	1	1	30	0	38
chr1	55088413	55089050	1	1	1	1	0	30
chr1	55089216	55090712	1	1	1	1	0	19
chr1	58558058	58565856	2	2	1	1	0	2
chr1	58565955	58586211	2	2	1	1	0	46
chr1	82735508	82750519	1	1	1	29	0	40
chr2	32292216	32293314	1	1	1	9	0	43
chr2	32292216	32296625	1	1	1	55	0	43
chr2	32293396	32296625	1	1	1	9	0	38
chr2	59932171	59933405	2	2	0	41	0	33
chr2	59932171	59933411	2	2	1	291	0	31
chr2	59932171	59933670	2	2	1	1	0	38
chr2	59933439	59933670	2	2	1	327	0	28
chr2	71849507	71853533	1	1	1	979	1	41
chr2	71849507	71853890	1	1	0	7	0	39
chr2	71849507	71855853	1	1	1	3309	5	44
chr2	71849507	71855868	1	1	0	6	0	46
chr2	71853664	71855853	1	1	1	997	1	43
chr2	71853948	71855853	1	1	0	6	0	40
chr2	75662926	75663570	1	1	1	4	0	27
chr2	91001089	91001461	1	1	1	582	0	34
chr2	91001089	91003299	1	1	0	1	0	33
chr2	91001511	91003210	1	1	1	583	0	20
chr2	91001511	91003299	1	1	0	0	1	46
chr2	91003346	91003810	1	1	1	10	0	36
chr2	91159306	91160316	2	2	1	205	0	47
chr2	91159306	91162027	2	2	1	355	2	47
chr2	91160371	91162027	2	2	1	205	0	38
chr2	91681696	91684668	2	2	1	152	0	50
chr2	153670448	153672215	1	1	1	2	0	50
chr3	60613521	60614682	1	1	1	2192	4	45
chr3	60613521	60614688	1	1	0	3	0	39
chr3	60613521	60615619	1	1	1	2358	7	46
chr3	60614737	60615619	1	1	1	2194	4	40
chr3	87733505	87734423	1	1	1	10	0	39
chr3	87733505	87735344	1	1	0	21	0	40
chr3	87734553	87735344	1	1	1	10	0	37
chr3	88483947	88484046	2	2	1	146	0	38
chr3	88483947	88484614	2	2	0	2	0	38
chr3	88484155	88484614	2	2	1	145	0	39
chr3	119724187	119724611	2	2	1	7256	2	34
chr3	119724187	119726065	2	2	1	36	1	29
chr3	119724646	119726065	2	2	1	7467	2	38
chr3	119726116	119820407	2	2	0	2	0	13
chr3	129825617	129826823	2	2	1	1	0	36
chr4	31992517	31994873	1	1	1	247	1	40
chr4	31992517	32002088	1	1	1	2936	1	50
chr4	31994955	32002088	1	1	1	244	1	49
chr4	107009769	107027216	1	1	1	19	0	38
chr4	107009769	107028192	1	1	1	243	0	42
chr4	107027298	107028192	1	1	1	19	0	41
chr4	139473637	139476130	1	1	1	1	0	8
chr5	23565266	23567603	2	2	0	2	0	37
chr5	23565266	23610473	2	2	0	1	0	37
chr5	23565266	23616326	2	2	1	2220	2	49
chr5	23567703	23616326	2	2	0	3	0	45
chr5	23575717	23616326	2	2	0	1	0	45
chr5	23610909	23616326	2	2	0	1	0	45
chr5	23615795	23616326	2	2	0	1	0	45
chr5	72958287	72965803	1	1	1	3	0	40
chr5	72958287	72974530	1	1	1	105	0	42
chr5	72965882	72974530	1	1	1	3	0	41
chr5	116477146	116482389	2	2	1	1	0	26
chr5	116482537	116591333	2	2	1	838	3	50
chr5	149184807	149187707	1	1	1	15	0	43
chr5	149184807	149188344	1	1	1	327	0	45
chr5	149187864	149188344	1	1	0	1	0	39
chr5	149187877	149188344	1	1	1	14	0	39
chr6	98939789	98941535	2	2	1	80	0	46
chr6	98939789	98944618	2	2	0	16	0	45
chr6	98941658	98944618	2	2	1	80	0	37
chr6	125162102	125162211	2	2	1	100	5	36
chr6	128371086	128371967	1	1	1	3721	5	44
chr6	128371086	128372530	1	1	1	2	0	49
chr6	128371086	128372533	1	1	1	11	0	46
chr6	128372013	128372278	1	1	0	1	0	27
chr6	128372013	128372504	1	1	0	22	0	27
chr6	128372013	128372509	1	1	0	13	0	31
chr6	128372013	128372530	1	1	1	478	1	49
chr6	128372013	128372533	1	1	1	3167	4	46
chr6	128372013	128372536	1	1	0	2	0	43
chr6	128372018	128372530	1	1	0	5	0	49
chr6	128372018	128372533	1	1	0	32	0	46
chr6	128372306	128372533	1	1	0	1	0	27
chr7	67240441	67244520	2	2	1	320	1	24
chr7	67240441	67251656	2	2	1	2530	2	45
chr7	67244545	67251656	2	2	1	322	1	27
chr7	99849060	99858763	2	2	1	1	0	44
chr7	102001660	102002294	1	1	1	1066	0	42
chr7	102001660	102007485	1	1	1	344	0	44
chr7	102001665	102007485	1	1	0	2	0	38
chr7	102002337	102007485	1	1	1	1073	0	40
chr7	112839481	112841887	1	1	1	5	0	41
chr7	112839481	112842039	1	1	1	51	0	41
chr7	112839481	112856052	1	1	1	1	0	12
chr7	112839481	112856797	1	1	1	3	0	41
chr7	112841951	112856052	1	1	1	1	0	12
chr7	112842103	112856052	1	1	1	51	0	12
chr7	112842103	112856797	1	1	1	1	0	37
chr7	112856065	112856797	1	1	1	54	0	13
chr7	127980247	127981190	1	1	1	16	0	22
chr7	127981292	127981410	1	1	1	13	0	6
chr7	140117357	140126325	1	1	1	0	1	1
chr7	140125883	140126325	1	1	1	0	1	1
chr8	25532429	25557730	1	1	1	9	0	44
chr8	25555775	25557730	1	1	1	1	0	38
chr8	95100453	95100646	2	2	1	618	1	31
chr8	95100453	95101408	2	2	0	121	0	46
chr8	95100674	95101408	2	2	1	618	1	42
chr8	123268550	123268744	2	2	1	67	0	46
chr9	43027296	43040539	2	2	1	94	0	40
chr9	43027296	43042590	2	2	1	117	0	46
chr9	43040597	43042590	2	2	1	94	0	45
chr9	80093642	80098885	1	1	1	6518	4	26
chr9	80093642	80098892	1	1	0	189	0	19
chr9	80093642	80103693	1	1	1	221	1	45
chr9	80098907	80103693	1	1	1	6717	4	24
chr9	114597607	114597794	2	2	1	474	0	38
chr9	114597607	114598704	2	2	0	26	0	42
chr9	114597825	114598704	2	2	0	4	0	30
chr9	114597831	114598704	2	2	1	468	0	36
chr11	79458907	79463232	1	1	1	10	0	42
chr11	79458907	79468716	1	1	1	101	0	43
chr11	79463296	79468716	1	1	1	9	0	38
chr11	79468155	79468716	1	1	1	1	0	38
chr11	94112147	94113262	1	1	1	116	0	21
chr11	94112147	94114172	1	1	1	320	0	32
chr11	94113302	94114172	1	1	1	120	0	39
chr11	102310577	102310925	2	2	1	12	0	42
chr11	102310577	102311379	2	2	1	459	0	46
chr11	102311037	102311379	2	2	1	12	0	46
chr12	71952560	71958746	1	1	1	60	0	27
chr12	71952560	71959805	1	1	1	36	0	44
chr12	71958774	71959805	1	1	1	60	0	27
chr12	83811361	83811669	2	2	0	2	0	37
chr12	83811361	83825258	2	2	1	68	0	37
chr12	83811361	83831921	2	2	1	352	1	44
chr12	83811744	83831921	2	2	0	1	0	38
chr12	83825292	83831921	2	2	1	67	0	35
chr12	83825319	83831921	2	2	0	1	0	38
chr12	83825334	83831921	2	2	0	1	0	38
chr12	83827212	83831921	2	2	0	1	0	28
chr12	113133338	113133495	1	1	0	130	8	43
chr12	113133338	113133540	1	1	1	1906	55	43
chr12	113133338	113135796	1	1	1	7	0	29
chr12	113133577	113134761	1	1	0	1	0	21
chr12	113133577	113134800	1	1	0	10	0	14
chr12	113133577	113135796	1	1	1	1961	63	29
chr12	113134813	113135796	1	1	0	9	0	12
chr13	46778994	46780625	2	2	1	645	0	42
chr13	46778994	46785245	2	2	1	1898	2	45
chr13	46779045	46785245	2	2	0	2	0	39
chr13	46780663	46785245	2	2	0	1	0	37
chr13	46780665	46785245	2	2	1	643	0	40
chr13	56084286	56089757	2	2	1	25	0	40
chr13	56089858	56096123	2	2	1	27	0	41
chr14	57643224	57643334	2	2	1	2	0	39
chr14	57643224	57648418	2	2	1	50	0	40
chr14	57643490	57648418	2	2	1	2	0	38
chr14	120389164	120395711	1	1	1	180	0	39
chr14	120389164	120396450	1	1	1	384	0	48
chr14	120395766	120396450	1	1	1	184	0	48
chr15	77102940	77105576	2	2	1	177	0	42
chr15	77102940	77113604	2	2	1	8	0	48
chr15	77105641	77113604	2	2	0	1	0	44
chr15	77105670	77113604	2	2	1	177	0	48
chr16	57178021	57181491	2	2	1	308	0	46
chr16	57178021	57182850	2	2	1	103	0	43
chr16	57181507	57182850	2	2	0	1	0	15
chr16	57181537	57182850	2	2	1	307	0	34
chr17	12979205	13846588	1	1	0	78	2	12
chr17	13846640	13848354	1	1	1	4603	10	22
chr17	13846640	13849107	1	1	1	4506	6	46
chr17	13846640	13849113	1	1	0	47	0	47
chr17	13848376	13849107	1	1	1	4586	10	29
chr17	13848376	13849113	1	1	0	12	0	21
chr17	45570567	45570665	2	2	1	241	1	42
chr17	45570800	45571017	2	2	1	261	1	21
chr18	53948155	53948381	1	1	0	1	0	39
chr18	53948155	53948644	1	1	1	15252	9	28
chr18	53948155	53953244	1	1	1	2176	4	45
chr18	53948447	53948644	1	1	0	1	0	13
chr18	53948666	53953244	1	1	0	4	0	21
chr18	53948669	53953244	1	1	1	15237	7	37
chr18	53948669	53953268	1	1	0	2	0	24
chr19	7281251	7282725	2	2	0	1	0	26
chr19	7281256	7281797	2	4	1	143	1	38
chr19	7281256	7282725	2	2	1	1444	0	36
chr19	7281960	7282725	2	2	1	150	1	35
KV575235.1	147565	149353	1	1	0	0	1	46
