chr1	34295537	34296741	1	1	1	138	0	18
chr1	34295537	34299720	1	1	1	22	0	38
chr1	34296760	34299720	1	1	1	138	0	18
chr1	40010678	40011649	1	1	1	45	0	21
chr1	40010678	40014105	1	1	1	12	0	32
chr1	40011842	40014105	1	1	1	45	0	39
chr1	82735508	82741817	1	1	1	2	0	40
chr1	82735508	82750519	1	1	1	34	0	43
chr1	82747143	82750519	1	1	1	2	0	38
chr2	32292216	32293314	1	1	1	12	0	43
chr2	32292216	32296625	1	1	1	46	0	44
chr2	32293396	32296625	1	1	1	12	0	38
chr2	59932171	59933405	2	2	0	46	0	37
chr2	59932171	59933411	2	2	1	264	0	31
chr2	59932171	59933670	2	2	1	1	0	38
chr2	59933439	59933670	2	2	1	304	0	30
chr2	71849507	71853533	1	1	1	879	1	45
chr2	71849507	71853820	1	1	0	1	0	37
chr2	71849507	71853875	1	1	0	1	0	39
chr2	71849507	71853890	1	1	0	2	0	39
chr2	71849507	71855853	1	1	1	2958	4	43
chr2	71849507	71855868	1	1	0	6	0	46
chr2	71853664	71855853	1	1	1	897	1	41
chr2	71853891	71855853	1	1	0	1	0	40
chr2	71853948	71855853	1	1	0	3	0	41
chr2	75662926	75663570	1	1	1	1	0	16
chr2	91001089	91001461	1	1	1	574	1	34
chr2	91001511	91003210	1	1	1	567	1	25
chr2	91003238	91003810	1	1	0	2	0	27
chr2	91003346	91003810	1	1	1	5	0	36
chr2	91159300	91162027	2	2	0	1	0	41
chr2	91159306	91160316	2	2	1	180	0	47
chr2	91159306	91162027	2	2	1	345	0	47
chr2	91160371	91162027	2	2	1	177	0	38
chr2	91681696	91682025	2	2	1	1	0	50
chr2	91681696	91684668	2	2	1	137	0	50
chr2	91682110	91684668	2	2	0	1	0	38
chr2	168752741	168754433	2	2	1	1	0	44
chr3	60422418	60613472	1	1	0	0	4	15
chr3	60613521	60614682	1	1	1	1968	3	45
chr3	60613521	60614688	1	1	0	2	0	38
chr3	60613521	60615619	1	1	1	2143	5	45
chr3	60614737	60615619	1	1	1	1985	3	39
chr3	87733505	87734423	1	1	1	9	0	40
chr3	87733505	87735344	1	1	0	7	0	39
chr3	87734553	87735344	1	1	1	10	0	37
chr3	88483947	88484046	2	2	1	169	0	38
chr3	88484155	88484614	2	2	1	166	0	41
chr3	119724187	119724611	2	2	1	4942	3	34
chr3	119724187	119726065	2	2	1	23	0	29
chr3	119724646	119726065	2	2	1	5083	4	38
chr3	119726116	119820407	2	2	0	3	0	13
chr4	31992517	31994873	1	1	1	217	0	39
chr4	31992517	32002088	1	1	1	2272	3	49
chr4	31994955	32002088	1	1	1	218	0	49
chr4	107009769	107027216	1	1	1	13	0	38
chr4	107009769	107028192	1	1	1	225	0	43
chr4	107009769	107028217	1	1	0	1	0	35
chr4	107027298	107028192	1	1	1	13	0	41
chr5	23565266	23610849	2	2	0	1	0	37
chr5	23565266	23616326	2	2	1	1904	2	49
chr5	23575717	23616326	2	2	0	1	0	45
chr5	23610909	23616326	2	2	0	1	0	45
chr5	65388442	65388561	2	2	1	1	0	29
chr5	72958287	72965803	1	1	1	2	0	37
chr5	72958287	72974530	1	1	1	87	0	42
chr5	72965882	72974530	1	1	1	2	0	41
chr5	116482537	116591333	2	2	1	890	3	50
chr5	149184807	149185484	1	1	1	1	0	43
chr5	149184807	149187707	1	1	1	13	0	44
chr5	149184807	149188344	1	1	1	331	0	44
chr5	149187877	149188344	1	1	1	14	0	39
chr6	47577668	47594893	2	2	1	1	0	34
chr6	98939789	98941535	2	2	1	78	0	46
chr6	98939789	98944618	2	2	0	3	0	45
chr6	98941658	98944618	2	2	1	77	0	36
chr6	125162102	125162211	2	2	1	119	4	36
chr6	128371086	128371967	1	1	1	3002	0	45
chr6	128371086	128371980	1	1	0	1	0	32
chr6	128371086	128372533	1	1	1	9	0	46
chr6	128372013	128372504	1	1	0	15	0	26
chr6	128372013	128372509	1	1	0	6	0	31
chr6	128372013	128372530	1	1	1	398	0	47
chr6	128372013	128372533	1	1	1	2554	0	46
chr6	128372013	128372536	1	1	0	2	0	43
chr6	128372013	128372539	1	1	0	1	0	40
chr6	128372018	128372530	1	1	0	5	0	49
chr6	128372018	128372533	1	1	0	30	0	46
chr7	67240441	67244520	2	2	1	292	1	24
chr7	67240441	67251656	2	2	1	2002	1	45
chr7	67244545	67251656	2	2	1	292	1	24
chr7	102001660	102002294	1	1	1	966	2	43
chr7	102001660	102007485	1	1	1	286	0	43
chr7	102001665	102002300	1	1	0	0	2	37
chr7	102002337	102007485	1	1	1	971	2	41
chr7	102003812	102007485	1	1	0	2	0	38
chr7	112839481	112841887	1	1	1	4	0	41
chr7	112839481	112842039	1	1	1	59	0	42
chr7	112839481	112856052	1	1	1	4	0	12
chr7	112839481	112856797	1	1	1	3	0	41
chr7	112841951	112856052	1	1	1	1	0	12
chr7	112842103	112856052	1	1	1	60	0	12
chr7	112842103	112856797	1	1	1	2	0	37
chr7	112856065	112856797	1	1	1	65	0	12
chr7	127980247	127981190	1	1	1	17	0	5
chr7	127981292	127981410	1	1	1	17	0	6
chr8	25532429	25557730	1	1	1	4	0	44
chr8	25555775	25557730	1	1	1	1	0	37
chr8	47528031	47529328	2	2	1	2	0	4
chr8	95100453	95100646	2	2	1	752	0	31
chr8	95100453	95101408	2	2	0	100	0	46
chr8	95100674	95101408	2	2	1	752	0	42
chr8	123268550	123268744	2	2	1	112	0	46
chr9	43027296	43040539	2	2	1	80	0	39
chr9	43027296	43042590	2	2	1	89	0	45
chr9	43040593	43042590	2	2	0	2	0	43
chr9	43040597	43042590	2	2	1	77	0	45
chr9	80093642	80098885	1	1	1	5528	2	27
chr9	80093642	80098892	1	1	0	127	0	14
chr9	80093642	80103693	1	1	1	108	0	45
chr9	80098907	80103693	1	1	1	5656	2	24
chr9	80098907	80103698	1	1	0	3	0	21
chr9	114597607	114597794	2	2	1	465	0	38
chr9	114597607	114598704	2	2	0	14	0	40
chr9	114597825	114598704	2	2	0	5	0	30
chr9	114597831	114598704	2	2	1	459	0	36
chr11	79458907	79463232	1	1	1	5	0	42
chr11	79458907	79468716	1	1	1	96	0	42
chr11	79463296	79468716	1	1	1	4	0	38
chr11	79468155	79468716	1	1	1	1	0	38
chr11	94112147	94113262	1	1	1	103	0	23
chr11	94112147	94114172	1	1	1	290	0	32
chr11	94113302	94114172	1	1	1	105	0	39
chr11	102310577	102310925	2	2	1	20	0	42
chr11	102310577	102311379	2	2	1	450	0	46
chr11	102311037	102311379	2	2	1	20	0	45
chr12	71952560	71958746	1	1	1	48	0	27
chr12	71952560	71959805	1	1	1	32	0	43
chr12	71958774	71959805	1	1	1	49	0	44
chr12	83811361	83825258	2	2	1	46	0	33
chr12	83811361	83831921	2	2	1	250	0	41
chr12	83825292	83831921	2	2	1	46	0	33
chr12	113133338	113133495	1	1	0	100	8	44
chr12	113133338	113133540	1	1	1	1781	50	41
chr12	113133338	113134186	1	1	0	1	0	42
chr12	113133338	113135796	1	1	1	21	0	29
chr12	113133577	113134186	1	1	0	1	0	28
chr12	113133577	113134800	1	1	0	6	0	12
chr12	113133577	113135796	1	1	1	1825	58	29
chr12	113134813	113135796	1	1	0	6	0	12
chr13	46778994	46780545	2	2	0	1	0	40
chr13	46778994	46780625	2	2	1	523	1	43
chr13	46778994	46785245	2	2	1	1761	3	44
chr13	46780665	46785245	2	2	1	521	1	39
chr13	56084286	56089757	2	2	1	35	0	41
chr13	56089858	56096123	2	2	1	35	0	41
chr14	57643224	57643334	2	2	1	1	0	39
chr14	57643224	57648418	2	2	1	45	0	47
chr14	57643490	57648418	2	2	1	1	0	38
chr14	120389164	120395711	1	1	1	167	0	40
chr14	120389164	120396450	1	1	1	350	0	48
chr14	120395766	120396450	1	1	1	176	0	48
chr15	77102940	77105576	2	2	1	146	0	41
chr15	77102940	77113604	2	2	1	6	0	44
chr15	77105670	77113604	2	2	1	145	0	48
chr16	57178021	57181491	2	2	1	262	0	45
chr16	57178021	57182850	2	2	1	84	0	43
chr16	57181511	57182850	2	2	0	2	0	19
chr16	57181537	57182850	2	2	1	260	0	34
chr17	12979205	13846588	1	1	0	66	0	12
chr17	13695874	13846588	1	1	0	3	0	12
chr17	13846613	13848354	1	1	0	10	0	21
chr17	13846640	13848354	1	1	1	3653	6	22
chr17	13846640	13849107	1	1	1	3307	4	45
chr17	13846640	13849113	1	1	0	21	0	47
chr17	13848376	13849107	1	1	1	3652	6	29
chr17	13848376	13849113	1	1	0	12	0	21
chr17	45570567	45570665	2	2	1	272	1	37
chr17	45570800	45571017	2	2	1	300	0	21
chr17	51783067	51785528	2	2	1	1	0	40
chr17	51785641	51803430	2	2	1	1	0	14
chr18	10726534	10740982	1	1	1	1	0	15
chr18	53948155	53948644	1	1	1	10685	9	39
chr18	53948155	53948651	1	1	0	1	0	17
chr18	53948155	53948655	1	1	0	1	0	13
chr18	53948155	53953244	1	1	1	1497	3	43
chr18	53948162	53948644	1	1	0	1	0	24
chr18	53948666	53953244	1	1	0	7	0	21
chr18	53948669	53949213	1	1	0	1	0	15
chr18	53948669	53953244	1	1	1	10666	8	37
chr18	53948669	53953268	1	1	0	2	0	24
chr18	53948673	53953244	1	1	0	3	0	28
chr18	53948778	53953244	1	1	0	1	0	37
chr18	53949263	53953244	1	1	0	1	0	37
chr19	7281256	7281797	2	4	1	173	0	39
chr19	7281256	7282725	2	2	1	1363	0	36
chr19	7281960	7282725	2	2	1	181	0	35
