chr1	34295537	34296741	1	1	1	52	0	18
chr1	34295537	34299720	1	1	1	209	0	44
chr1	34296760	34299720	1	1	1	52	0	18
chr1	40010678	40011649	1	1	1	40	0	32
chr1	40010678	40014105	1	1	1	65	1	32
chr1	40011842	40014105	1	1	1	40	0	37
chr1	82735508	82747082	1	1	1	5	0	40
chr1	82735508	82750519	1	1	1	67	0	41
chr1	82747143	82750519	1	1	1	5	0	38
chr2	32292216	32293314	1	1	1	1	0	43
chr2	32292216	32296625	1	1	1	66	0	47
chr2	32293396	32296625	1	1	1	1	0	38
chr2	59932171	59933405	2	2	0	10	0	37
chr2	59932171	59933411	2	2	1	62	0	27
chr2	59932171	59933670	2	2	1	10	0	39
chr2	59933439	59933670	2	2	1	72	0	28
chr2	71849507	71853533	1	1	1	23	0	39
chr2	71849507	71855853	1	1	1	1786	2	42
chr2	71853664	71855853	1	1	1	23	0	40
chr2	75662926	75663570	1	1	1	12	1	39
chr2	91001089	91001461	1	1	1	628	1	34
chr2	91001089	91003299	1	1	0	5	0	33
chr2	91001511	91003210	1	1	1	618	1	25
chr2	91001511	91003299	1	1	0	3	0	46
chr2	91003238	91003810	1	1	0	1	0	27
chr2	91003346	91003810	1	1	1	19	0	36
chr2	91159306	91160316	2	2	1	3	0	47
chr2	91159306	91162027	2	2	1	179	0	47
chr2	91160371	91162027	2	2	1	3	0	38
chr2	91681696	91682025	2	2	1	1	0	50
chr2	91681696	91684668	2	2	1	741	0	50
chr2	91682110	91684668	2	2	0	1	0	38
chr2	153670448	153670848	1	1	1	75	0	42
chr2	153670909	153672215	1	1	1	73	0	50
chr2	168752741	168754433	2	2	1	14913	9	46
chr3	60613521	60614682	1	1	1	153	0	44
chr3	60613521	60614688	1	1	0	1	0	38
chr3	60613521	60615619	1	1	1	29	0	45
chr3	60614737	60615619	1	1	1	157	0	41
chr3	87733505	87734423	1	1	1	3	0	39
chr3	87733505	87735344	1	1	0	153	0	42
chr3	87734553	87735344	1	1	1	3	0	37
chr3	88483947	88484046	2	2	1	134	0	38
chr3	88484155	88484614	2	2	1	134	0	42
chr3	119724187	119724611	2	2	1	1745	0	34
chr3	119724187	119726065	2	2	1	10	0	29
chr3	119724646	119726065	2	2	1	1773	0	38
chr3	119726116	119820407	2	2	0	2	0	13
chr3	129825617	129826823	2	2	1	1	0	36
chr4	31992517	31993403	1	1	0	1	0	21
chr4	31992517	31994873	1	1	1	1332	2	39
chr4	31992517	32002088	1	1	1	714	1	49
chr4	31993425	31994873	1	1	0	1	0	17
chr4	31994955	32002088	1	1	1	1328	2	49
chr4	107009769	107027216	1	1	1	45	0	44
chr4	107009769	107028192	1	1	1	222	0	43
chr4	107027298	107028192	1	1	1	48	0	41
chr5	23565266	23616326	2	2	1	226	2	46
chr5	72958287	72965803	1	1	1	1	0	40
chr5	72958287	72974530	1	1	1	42	0	41
chr5	72965882	72974530	1	1	1	1	0	41
chr5	116482537	116591333	2	2	1	3	0	50
chr5	149184807	149185484	1	1	1	2	0	43
chr5	149184807	149187707	1	1	1	53	0	44
chr5	149184807	149188344	1	1	1	190	0	44
chr5	149185662	149188344	1	1	0	1	0	39
chr5	149187806	149188344	1	1	0	1	0	39
chr5	149187835	149188344	1	1	1	4	0	39
chr5	149187864	149188344	1	1	0	1	0	39
chr5	149187877	149188344	1	1	1	47	0	39
chr6	47577668	47594893	2	2	1	4	0	39
chr6	72634233	72634303	2	2	0	4	0	37
chr6	72634233	72648800	2	2	1	3783	2	42
chr6	72634233	72649119	2	2	1	7025	6	46
chr6	72634256	72649119	2	2	0	1	0	40
chr6	72634351	72649119	2	2	0	3	0	40
chr6	72648843	72649119	2	2	1	3756	2	42
chr6	98939789	98940994	2	2	1	3	0	45
chr6	98939789	98941535	2	2	1	94	0	45
chr6	98939789	98944618	2	2	0	15	0	45
chr6	98941165	98944618	2	2	0	3	0	36
chr6	98941658	98944618	2	2	1	94	0	36
chr6	125162102	125162211	2	2	1	638	17	37
chr6	128371086	128371967	1	1	1	1460	1	43
chr6	128371086	128372504	1	1	0	1	0	39
chr6	128371086	128372530	1	1	1	86	0	49
chr6	128371086	128372533	1	1	1	683	0	46
chr6	128372013	128372504	1	1	0	5	0	26
chr6	128372013	128372509	1	1	0	2	0	31
chr6	128372013	128372530	1	1	1	167	0	47
chr6	128372013	128372533	1	1	1	1266	1	46
chr6	128372018	128372530	1	1	0	2	0	49
chr6	128372018	128372533	1	1	0	21	0	46
chr6	128372208	128372530	1	1	0	1	0	49
chr7	67240441	67244520	2	2	1	4	0	24
chr7	67240441	67251656	2	2	1	479	0	44
chr7	67244545	67251656	2	2	1	4	0	24
chr7	99849060	99858763	2	2	1	2	0	44
chr7	101405603	102001614	1	1	0	5	0	13
chr7	102001660	102002294	1	1	1	266	0	42
chr7	102001660	102007485	1	1	1	3473	2	49
chr7	102002337	102007485	1	1	1	269	0	42
chr7	112839481	112841887	1	1	1	4	0	41
chr7	112839481	112842039	1	1	1	140	0	41
chr7	112839481	112856052	1	1	1	1	0	12
chr7	112839481	112856797	1	1	1	13	0	41
chr7	112839481	112856803	1	1	0	2	0	43
chr7	112841951	112856052	1	1	1	2	0	12
chr7	112841951	112856797	1	1	0	1	0	37
chr7	112842103	112856052	1	1	1	10	0	12
chr7	112842103	112856797	1	1	1	132	0	45
chr7	112856065	112856797	1	1	1	13	0	12
chr7	127972771	127974399	1	1	1	1	0	7
chr7	127980247	127981190	1	1	1	16	0	5
chr7	127981292	127981410	1	1	1	15	0	6
chr7	144861833	144862231	1	1	1	1674	4	29
chr7	144861837	144862231	1	1	0	5	0	32
chr7	144862267	144862764	1	1	0	5	0	35
chr7	144862336	144862764	1	1	1	1670	4	45
chr8	25532429	25557730	1	1	1	1	0	44
chr8	25555775	25557730	1	1	1	2	0	38
chr8	95100453	95100646	2	2	1	370	0	31
chr8	95100453	95101408	2	2	0	733	0	46
chr8	95100674	95101408	2	2	1	370	0	42
chr8	123268550	123268744	2	2	1	84	1	46
chr9	43027296	43040539	2	2	1	23	0	38
chr9	43027296	43042590	2	2	1	276	1	46
chr9	43040597	43042590	2	2	1	22	0	45
chr9	80093642	80098885	1	1	1	1368	2	26
chr9	80093642	80098892	1	1	0	23	0	14
chr9	80093642	80103693	1	1	1	7955	8	46
chr9	80093642	80103698	1	1	0	12	0	45
chr9	80098907	80103693	1	1	1	1392	2	23
chr9	80103765	80111310	1	1	1	3	0	14
chr9	114597607	114597794	2	2	1	284	0	38
chr9	114597607	114598704	2	2	0	383	0	43
chr9	114597831	114598704	2	2	1	283	0	38
chr9	123011638	123013939	1	1	1	1	0	29
chr11	79458907	79463232	1	1	1	27	0	42
chr11	79458907	79468716	1	1	1	57	0	42
chr11	79463296	79468716	1	1	1	27	0	39
chr11	94112147	94113262	1	1	1	13	0	21
chr11	94112147	94114172	1	1	1	232	0	32
chr11	94113302	94114172	1	1	1	14	0	39
chr11	102310333	102310442	2	2	1	1	0	36
chr11	102310577	102310925	2	2	1	95	1	43
chr11	102310577	102311379	2	2	1	306	0	45
chr11	102311037	102311379	2	2	1	98	1	45
chr12	71952560	71959805	1	1	1	185	0	43
chr12	83811361	83825258	2	2	1	132	0	33
chr12	83811361	83831921	2	2	1	171	0	42
chr12	83825292	83831921	2	2	1	132	0	33
chr12	104697145	104700364	2	2	1	1	0	39
chr12	113133338	113133495	1	1	0	6	0	42
chr12	113133338	113133540	1	1	1	248	0	38
chr12	113133338	113135796	1	1	1	802	0	29
chr12	113133577	113135796	1	1	1	243	0	29
chr13	46778990	46780625	2	2	0	1	0	39
chr13	46778990	46785245	2	2	0	2	0	44
chr13	46778994	46780625	2	2	1	602	1	43
chr13	46778994	46785245	2	2	1	2589	4	50
chr13	46780665	46785245	2	2	1	602	1	39
chr13	56084286	56089757	2	2	1	25	0	41
chr13	56089858	56096123	2	2	1	25	0	38
chr14	57643224	57643334	2	2	1	1	0	39
chr14	57643224	57648418	2	2	1	151	0	41
chr14	57643490	57648418	2	2	1	1	0	36
chr14	120389164	120395711	1	1	1	264	0	40
chr14	120389164	120396450	1	1	1	95	0	48
chr14	120395766	120396450	1	1	1	276	0	48
chr15	77102940	77105576	2	2	1	130	1	40
chr15	77102940	77113604	2	2	1	18	0	48
chr15	77105670	77113604	2	2	1	128	1	48
chr15	77112788	77113604	2	2	0	1	0	44
chr15	103242719	103242921	1	1	1	1	0	33
chr15	103242719	103243624	1	1	1	0	1	33
chr16	57178021	57181491	2	2	1	24	0	43
chr16	57178021	57182850	2	2	1	1032	1	44
chr16	57181537	57182850	2	2	1	24	0	33
chr16	77076522	77077003	1	1	1	2	0	29
chr16	94686604	94691580	1	1	1	1	0	45
chr17	12979205	13846588	1	1	0	44	0	12
chr17	13846640	13848354	1	1	1	588	0	22
chr17	13846640	13849107	1	1	1	12850	18	47
chr17	13846640	13849113	1	1	0	75	0	48
chr17	13848376	13849107	1	1	1	590	0	26
chr17	45570567	45570665	2	2	1	708	2	45
chr17	45570800	45571017	2	2	1	774	2	23
chr17	47341180	47348649	1	1	1	1	0	16
chr17	51783067	51785528	2	2	1	3	0	40
chr17	51785641	51803430	2	2	1	4	0	14
chr18	10726534	10740982	1	1	1	2	0	15
chr18	53948155	53948644	1	1	1	1755	0	28
chr18	53948155	53949213	1	1	0	3	0	39
chr18	53948155	53953244	1	1	1	13101	10	45
chr18	53948669	53953244	1	1	1	1753	0	26
chr18	53949263	53953244	1	1	0	3	0	37
chr19	7281256	7281797	2	4	1	180	0	39
chr19	7281256	7282725	2	2	1	427	0	36
chr19	7281960	7282725	2	2	1	186	0	33
chr19	7282449	7282725	2	2	0	1	0	26
chr19	23687546	23694320	1	1	1	1	0	31
chr19	23694491	23703077	1	1	1	1	0	30
