chr1	34295537	34296741	1	1	1	6	0	18
chr1	34295537	34299720	1	1	1	30	0	39
chr1	34296760	34299720	1	1	1	6	0	19
chr1	40010678	40011649	1	1	1	9	0	21
chr1	40010678	40011787	1	1	0	1	0	20
chr1	40010678	40014105	1	1	1	37	1	32
chr1	40011842	40014105	1	1	1	10	0	37
chr1	58562788	58565856	2	2	1	1	0	2
chr1	58565955	58586211	2	2	1	1	0	46
chr1	82735508	82750519	1	1	1	59	0	40
chr2	32292216	32293314	1	1	1	2	0	43
chr2	32292216	32296625	1	1	1	38	0	43
chr2	32293396	32296625	1	1	1	2	0	41
chr2	59932171	59933405	2	2	0	4	0	33
chr2	59932171	59933411	2	2	1	36	0	30
chr2	59932171	59933670	2	2	1	6	0	38
chr2	59933439	59933670	2	2	1	38	0	28
chr2	71849507	71853533	1	1	1	24	0	40
chr2	71849507	71855853	1	1	1	1368	1	46
chr2	71853664	71855853	1	1	1	24	0	41
chr2	75662926	75663570	1	1	1	2	0	40
chr2	91001089	91001461	1	1	1	339	0	25
chr2	91001089	91003299	1	1	0	6	0	33
chr2	91001511	91003210	1	1	1	331	0	27
chr2	91001511	91003299	1	1	0	1	0	46
chr2	91003238	91003810	1	1	0	2	0	27
chr2	91003346	91003810	1	1	1	17	0	36
chr2	91159306	91160316	2	2	1	3	0	47
chr2	91159306	91162027	2	2	1	92	0	47
chr2	91160371	91162027	2	2	1	3	0	38
chr2	91681696	91682025	2	2	1	1	0	50
chr2	91681696	91684668	2	2	1	554	1	50
chr2	91682110	91684668	2	2	0	1	0	38
chr2	119692227	119701117	1	1	1	1	0	13
chr2	153670448	153670848	1	1	1	37	1	42
chr2	153670909	153672215	1	1	1	37	1	50
chr2	168752741	168754433	2	2	1	10955	8	46
chr3	60613521	60614682	1	1	1	49	0	44
chr3	60613521	60615619	1	1	1	18	0	44
chr3	60614737	60615619	1	1	1	48	0	38
chr3	87733505	87735344	1	1	0	100	0	44
chr3	88483947	88484046	2	2	1	119	0	38
chr3	88484155	88484614	2	2	1	119	0	39
chr3	119724187	119724611	2	2	1	1868	3	34
chr3	119724187	119726065	2	2	1	6	0	29
chr3	119724646	119726065	2	2	1	1899	3	38
chr3	119726116	120643502	2	2	0	4	0	13
chr4	31992517	31994873	1	1	1	979	1	43
chr4	31992517	32002088	1	1	1	535	1	49
chr4	31994955	32002088	1	1	1	974	1	49
chr4	107009769	107027216	1	1	1	33	0	39
chr4	107009769	107028192	1	1	1	159	0	42
chr4	107027298	107028192	1	1	1	38	0	41
chr5	23565266	23616326	2	2	1	136	0	46
chr5	72958287	72974530	1	1	1	34	0	41
chr5	149184807	149187707	1	1	1	31	0	43
chr5	149184807	149188344	1	1	1	217	0	45
chr5	149187835	149188344	1	1	1	5	0	39
chr5	149187877	149188344	1	1	1	26	0	39
chr6	72634233	72634303	2	2	0	1	0	37
chr6	72634233	72648800	2	2	1	2341	5	42
chr6	72634233	72649119	2	2	1	5825	3	50
chr6	72648843	72649119	2	2	1	2336	5	42
chr6	98939789	98940994	2	2	1	3	0	45
chr6	98939789	98941535	2	2	1	27	1	45
chr6	98939789	98944618	2	2	0	7	0	45
chr6	98941165	98944618	2	2	0	3	0	36
chr6	98941658	98944618	2	2	1	27	1	36
chr6	125162102	125162211	2	2	1	344	11	36
chr6	128371086	128371967	1	1	1	1020	1	43
chr6	128371086	128371980	1	1	0	1	0	32
chr6	128371086	128372530	1	1	1	80	0	49
chr6	128371086	128372533	1	1	1	505	0	46
chr6	128372013	128372504	1	1	0	3	0	26
chr6	128372013	128372509	1	1	0	1	0	31
chr6	128372013	128372530	1	1	1	133	1	49
chr6	128372013	128372533	1	1	1	872	0	46
chr6	128372013	128372536	1	1	0	1	0	43
chr6	128372018	128372530	1	1	0	1	0	49
chr6	128372018	128372533	1	1	0	16	0	46
chr7	67240441	67244520	2	2	1	15	0	24
chr7	67240441	67251656	2	2	1	320	0	45
chr7	67244545	67251656	2	2	1	15	0	24
chr7	102001660	102002294	1	1	1	72	0	43
chr7	102001660	102007485	1	1	1	1218	0	47
chr7	102002337	102007485	1	1	1	71	0	40
chr7	112839481	112841887	1	1	1	1	2	41
chr7	112839481	112842039	1	1	1	75	2	42
chr7	112839481	112856797	1	1	1	5	0	41
chr7	112841906	112842057	1	1	0	0	2	18
chr7	112841951	112856052	1	1	1	1	0	12
chr7	112842103	112856052	1	1	1	5	0	12
chr7	112842103	112856797	1	1	1	70	2	43
chr7	112856065	112856797	1	1	1	6	0	12
chr7	127972771	127974399	1	1	1	1	0	35
chr7	127980247	127981190	1	1	1	7	0	5
chr7	127981292	127981410	1	1	1	8	0	6
chr7	144861833	144862231	1	1	1	828	0	29
chr7	144862336	144862764	1	1	1	825	0	45
chr7	144862377	144862764	1	1	0	1	0	37
chr8	25532429	25557730	1	1	1	3	0	44
chr8	25555775	25557730	1	1	1	1	0	38
chr8	72219861	72219940	1	1	1	1	0	30
chr8	95100453	95100646	2	2	1	280	0	31
chr8	95100453	95101408	2	2	0	455	0	46
chr8	95100674	95101408	2	2	1	280	0	41
chr8	123268550	123268744	2	2	1	78	0	46
chr9	43027296	43029555	2	2	0	1	0	36
chr9	43027296	43040539	2	2	1	10	0	38
chr9	43027296	43042590	2	2	1	150	0	46
chr9	43029615	43042590	2	2	0	1	0	43
chr9	43040597	43042590	2	2	1	11	0	45
chr9	80093642	80098885	1	1	1	1210	0	26
chr9	80093642	80098892	1	1	0	22	0	14
chr9	80093642	80103693	1	1	1	5430	1	47
chr9	80098907	80103693	1	1	1	1234	0	24
chr9	80103765	80111310	1	1	1	6	0	9
chr9	114597607	114597794	2	2	1	233	0	38
chr9	114597607	114598704	2	2	0	233	0	42
chr9	114597825	114598704	2	2	0	4	0	30
chr9	114597831	114598704	2	2	1	229	0	36
chr9	123011638	123013939	1	1	1	1	0	14
chr9	123014013	123014468	1	1	1	1	0	14
chr9	123014507	123017244	1	1	1	1	0	38
chr11	79458907	79463232	1	1	1	16	1	43
chr11	79458907	79468716	1	1	1	27	0	42
chr11	79463296	79468716	1	1	1	16	1	40
chr11	94112147	94113262	1	1	1	6	0	21
chr11	94112147	94114172	1	1	1	239	0	32
chr11	94113302	94114172	1	1	1	6	0	39
chr11	102310577	102310925	2	2	1	50	0	42
chr11	102310577	102311379	2	2	1	205	1	45
chr11	102311037	102311379	2	2	1	50	0	45
chr12	71952560	71959805	1	1	1	147	0	44
chr12	83811361	83825258	2	2	1	104	0	33
chr12	83811361	83831921	2	2	1	87	0	41
chr12	83825292	83831921	2	2	1	104	0	33
chr12	113133338	113133540	1	1	1	206	0	38
chr12	113133338	113134186	1	1	0	1	0	42
chr12	113133338	113135796	1	1	1	777	0	29
chr12	113133577	113134186	1	1	0	1	0	28
chr12	113133577	113135796	1	1	1	193	0	29
chr12	113134231	113135796	1	1	0	1	0	29
chr13	46778994	46780625	2	2	1	187	0	41
chr13	46778994	46785245	2	2	1	1095	1	45
chr13	46780665	46785245	2	2	1	188	0	39
chr13	56084286	56089757	2	2	1	18	0	40
chr13	56084286	56096123	2	2	0	1	0	40
chr13	56089858	56096123	2	2	1	18	0	38
chr14	57643224	57643334	2	2	1	1	0	39
chr14	57643224	57648418	2	2	1	76	0	43
chr14	57643490	57648418	2	2	1	1	0	38
chr14	120389164	120395711	1	1	1	158	0	39
chr14	120389164	120396450	1	1	1	27	0	48
chr14	120395766	120396450	1	1	1	163	0	48
chr15	77102940	77105576	2	2	1	98	0	41
chr15	77102940	77113604	2	2	1	18	0	48
chr15	77105670	77113604	2	2	1	98	0	48
chr15	103242719	103243624	1	1	1	1	0	33
chr15	103244029	103244255	1	1	1	1	0	17
chr16	57178021	57181491	2	2	1	16	0	43
chr16	57178021	57182850	2	2	1	1080	0	44
chr16	57181537	57182850	2	2	1	16	0	33
chr17	12979205	13846588	1	1	0	36	0	12
chr17	13846613	13849107	1	1	0	1	0	37
chr17	13846640	13848354	1	1	1	281	0	21
chr17	13846640	13849107	1	1	1	8653	8	49
chr17	13846640	13849113	1	1	0	59	0	47
chr17	13848376	13849107	1	1	1	281	0	26
chr17	45570567	45570665	2	2	1	326	0	37
chr17	45570800	45571017	2	2	1	337	0	21
chr17	46590452	46590758	2	2	1	1	0	11
chr18	53948155	53948644	1	1	1	1816	2	29
chr18	53948155	53949213	1	1	0	1	0	39
chr18	53948155	53953244	1	1	1	12087	9	46
chr18	53948155	53953268	1	1	0	2	0	40
chr18	53948666	53953244	1	1	0	2	0	21
chr18	53948669	53953244	1	1	1	1809	2	24
chr18	53949263	53953244	1	1	0	1	0	37
chr19	7281256	7281797	2	4	1	56	0	38
chr19	7281256	7282725	2	2	1	251	0	36
chr19	7281960	7282725	2	2	1	60	0	26
chr19	7283206	7283435	2	2	1	1	0	24
chr19	30158650	30174423	2	2	1	1	0	43
chrX	71429167	71430310	2	2	1	2	0	40
chrX	71430350	71438133	2	2	1	1	0	1
