chr1	34295537	34296741	1	1	1	50	0	18
chr1	34295537	34299720	1	1	1	161	1	44
chr1	34296760	34299720	1	1	1	50	0	18
chr1	40010678	40011649	1	1	1	19	0	21
chr1	40010678	40014105	1	1	1	37	1	32
chr1	40011842	40014105	1	1	1	18	0	37
chr1	82735508	82741817	1	1	1	1	0	40
chr1	82735508	82747082	1	1	1	1	0	40
chr1	82735508	82750519	1	1	1	54	0	40
chr1	82747143	82750519	1	1	1	1	0	38
chr1	143766811	143770425	2	2	1	1	0	17
chr2	32292216	32293314	1	1	1	2	0	43
chr2	32292216	32296625	1	1	1	54	0	43
chr2	32293396	32296625	1	1	1	2	0	38
chr2	59932171	59933405	2	2	0	5	0	33
chr2	59932171	59933411	2	2	1	84	0	31
chr2	59932171	59933670	2	2	1	9	0	38
chr2	59933439	59933670	2	2	1	86	0	28
chr2	71849507	71853533	1	1	1	32	0	40
chr2	71849507	71855853	1	1	1	1387	0	42
chr2	71853664	71855853	1	1	1	34	0	40
chr2	75662926	75663570	1	1	1	4	0	27
chr2	91001089	91001461	1	1	1	439	0	34
chr2	91001511	91003210	1	1	1	436	0	20
chr2	91003346	91003810	1	1	1	11	0	36
chr2	91159306	91160316	2	2	1	7	0	47
chr2	91159306	91162027	2	2	1	151	0	47
chr2	91160371	91162027	2	2	1	7	0	38
chr2	91681696	91684668	2	2	1	610	0	50
chr2	91681831	91684668	2	2	0	1	0	38
chr2	153670448	153670848	1	1	1	59	0	42
chr2	153670909	153672215	1	1	1	59	0	50
chr2	168752741	168754433	2	2	1	13452	10	46
chr2	168754480	168788998	2	2	0	1	0	12
chr3	60613521	60614682	1	1	1	98	0	44
chr3	60613521	60615619	1	1	1	22	0	44
chr3	60614737	60615619	1	1	1	98	0	37
chr3	87733505	87735344	1	1	0	108	0	40
chr3	88483947	88484046	2	2	1	67	0	37
chr3	88483947	88484614	2	2	0	2	0	38
chr3	88484155	88484614	2	2	1	66	0	39
chr3	119724187	119724611	2	2	1	1407	0	34
chr3	119724187	119726065	2	2	1	5	0	29
chr3	119724646	119726065	2	2	1	1435	0	38
chr3	119726116	119820407	2	2	0	3	0	13
chr3	129825617	129826823	2	2	1	2	0	36
chr4	31992517	31993403	1	1	0	1	0	21
chr4	31992517	31994873	1	1	1	1167	3	39
chr4	31992517	32002088	1	1	1	713	0	49
chr4	31993425	31994873	1	1	0	1	0	17
chr4	31994955	32002088	1	1	1	1162	3	49
chr4	107009769	107027216	1	1	1	28	0	40
chr4	107009769	107028192	1	1	1	187	0	42
chr4	107027298	107028192	1	1	1	29	0	41
chr5	23565266	23616326	2	2	1	179	0	45
chr5	72958287	72965803	1	1	1	3	0	40
chr5	72958287	72974530	1	1	1	32	0	41
chr5	72965882	72974530	1	1	1	3	0	41
chr5	116482537	116591333	2	2	1	1	0	50
chr5	149184807	149187707	1	1	1	34	0	44
chr5	149184807	149188344	1	1	1	172	0	44
chr5	149187806	149188344	1	1	0	1	0	39
chr5	149187835	149188344	1	1	1	5	0	39
chr5	149187877	149188344	1	1	1	28	0	41
chr6	51465242	51466141	2	2	1	1	0	39
chr6	72634233	72648800	2	2	1	3565	1	42
chr6	72634233	72649119	2	2	1	7317	11	50
chr6	72634351	72649119	2	2	0	4	0	40
chr6	72648843	72649115	2	2	0	3	0	42
chr6	72648843	72649119	2	2	1	3543	0	42
chr6	72648843	72650179	2	2	0	0	1	42
chr6	98939789	98940994	2	2	1	4	0	45
chr6	98939789	98941535	2	2	1	57	0	46
chr6	98939789	98944618	2	2	0	11	0	45
chr6	98941165	98944618	2	2	0	4	0	36
chr6	98941658	98944618	2	2	1	59	0	36
chr6	125162102	125162211	2	2	1	357	8	43
chr6	128371086	128371967	1	1	1	1608	1	41
chr6	128371086	128372504	1	1	0	1	0	39
chr6	128371086	128372530	1	1	1	82	0	49
chr6	128371086	128372533	1	1	1	680	0	46
chr6	128371086	128372536	1	1	0	2	0	43
chr6	128372013	128372278	1	1	0	1	0	27
chr6	128372013	128372504	1	1	0	2	0	27
chr6	128372013	128372509	1	1	0	1	0	31
chr6	128372013	128372530	1	1	1	207	0	47
chr6	128372013	128372533	1	1	1	1358	1	46
chr6	128372018	128372530	1	1	0	4	0	49
chr6	128372018	128372533	1	1	0	31	0	46
chr6	128372306	128372533	1	1	0	1	0	27
chr7	16342493	16342590	2	2	0	0	1	37
chr7	16342493	16342783	2	2	0	0	1	37
chr7	16342493	16342857	2	2	0	0	1	37
chr7	16342493	16342901	2	2	0	0	1	36
chr7	16342662	16342783	2	2	0	0	1	37
chr7	16342662	16342857	2	2	0	0	1	37
chr7	16342662	16342901	2	2	0	0	1	36
chr7	67240441	67244520	2	2	1	9	0	24
chr7	67240441	67251656	2	2	1	476	0	45
chr7	67244545	67251656	2	2	1	9	0	24
chr7	102001660	102002294	1	1	1	209	1	42
chr7	102001660	102007485	1	1	1	3240	4	45
chr7	102001665	102002300	1	1	0	0	1	37
chr7	102002310	102007485	1	1	0	1	0	15
chr7	102002337	102007485	1	1	1	209	1	40
chr7	112839481	112841887	1	1	1	5	0	41
chr7	112839481	112842039	1	1	1	127	0	42
chr7	112839481	112856052	1	1	1	3	0	12
chr7	112839481	112856797	1	1	1	8	0	41
chr7	112841951	112856052	1	1	1	3	0	12
chr7	112841951	112856797	1	1	0	2	0	37
chr7	112842103	112856052	1	1	1	11	0	12
chr7	112842103	112856797	1	1	1	120	0	45
chr7	112856065	112856797	1	1	1	16	0	12
chr7	112856065	112856803	1	1	0	1	0	12
chr7	127980247	127981190	1	1	1	14	0	5
chr7	127981292	127981410	1	1	1	15	0	7
chr7	144861833	144862231	1	1	1	1160	3	29
chr7	144862267	144862764	1	1	0	1	0	35
chr7	144862331	144862764	1	1	0	1	0	37
chr7	144862336	144862764	1	1	1	1152	3	45
chr8	25532429	25555507	1	1	1	1	0	44
chr8	25555775	25557730	1	1	1	5	0	37
chr8	72219861	72219940	1	1	1	2	0	30
chr8	95100453	95100646	2	2	1	260	0	31
chr8	95100453	95101408	2	2	0	567	0	46
chr8	95100674	95101408	2	2	1	260	0	42
chr8	123268550	123268744	2	2	1	84	0	49
chr9	43027296	43040539	2	2	1	20	0	38
chr9	43027296	43042590	2	2	1	259	0	46
chr9	43040597	43042590	2	2	1	20	0	45
chr9	80093642	80098885	1	1	1	1217	3	26
chr9	80093642	80098892	1	1	0	22	0	14
chr9	80093642	80103631	1	1	0	1	0	44
chr9	80093642	80103693	1	1	1	6938	2	48
chr9	80098907	80103693	1	1	1	1239	3	24
chr9	114597607	114597794	2	2	1	230	0	38
chr9	114597607	114598704	2	2	0	235	0	46
chr9	114597825	114598704	2	2	0	5	0	30
chr9	114597831	114598704	2	2	1	226	0	38
chr11	79458907	79463232	1	1	1	26	0	42
chr11	79458907	79468716	1	1	1	40	0	42
chr11	79463296	79468716	1	1	1	25	0	39
chr11	79468155	79468716	1	1	1	1	0	38
chr11	83497297	83497893	1	1	1	1	0	33
chr11	83497927	83499072	1	1	1	1	0	33
chr11	94112147	94113262	1	1	1	22	0	21
chr11	94112147	94114172	1	1	1	220	0	32
chr11	94113302	94114172	1	1	1	22	0	39
chr11	102310577	102310925	2	2	1	67	0	42
chr11	102310577	102311379	2	2	1	232	0	45
chr11	102311037	102311379	2	2	1	67	0	46
chr12	71952560	71958746	1	1	1	1	0	27
chr12	71952560	71959805	1	1	1	153	0	44
chr12	71958774	71959805	1	1	1	1	0	27
chr12	83811361	83825258	2	2	1	135	0	36
chr12	83811361	83831921	2	2	1	112	0	41
chr12	83825292	83831921	2	2	1	133	0	34
chr12	113133338	113133495	1	1	0	4	0	42
chr12	113133338	113133540	1	1	1	194	0	43
chr12	113133338	113135796	1	1	1	710	0	29
chr12	113133577	113135796	1	1	1	190	0	29
chr13	46778994	46780625	2	2	1	478	0	40
chr13	46778994	46785245	2	2	1	2199	3	48
chr13	46780665	46785245	2	2	1	473	0	39
chr13	56084286	56089757	2	2	1	16	0	40
chr13	56089858	56096123	2	2	1	16	0	41
chr14	57643224	57643334	2	2	1	2	0	39
chr14	57643224	57648418	2	2	1	117	0	41
chr14	57643490	57648418	2	2	1	2	0	38
chr14	101654106	101654207	1	1	1	1	0	2
chr14	101665890	101666511	1	1	1	1	0	7
chr14	120389164	120395711	1	1	1	216	0	39
chr14	120389164	120396450	1	1	1	52	0	48
chr14	120395766	120396450	1	1	1	224	0	48
chr15	77102940	77105576	2	2	1	127	0	41
chr15	77102940	77113604	2	2	1	17	0	44
chr15	77105670	77113604	2	2	1	127	0	48
chr15	103242719	103243624	1	1	1	0	1	36
chr16	57178021	57181491	2	2	1	15	0	43
chr16	57178021	57182850	2	2	1	930	0	44
chr16	57181537	57182850	2	2	1	15	0	33
chr16	94686604	94691580	1	1	1	1	0	45
chr17	6960791	6961027	0	0	1	0	1	28
chr17	8165699	8165923	1	1	1	0	1	28
chr17	12979205	13846588	1	1	0	33	0	12
chr17	13695874	13846588	1	1	0	3	0	12
chr17	13846613	13849107	1	1	0	2	1	37
chr17	13846640	13848354	1	1	1	464	0	21
chr17	13846640	13849107	1	1	1	11102	12	48
chr17	13846640	13849113	1	1	0	77	0	47
chr17	13848376	13849107	1	1	1	465	0	26
chr17	13848376	13849113	1	1	0	1	0	21
chr17	45570558	45570665	2	2	0	2	0	36
chr17	45570567	45570665	2	2	1	445	1	39
chr17	45570800	45571017	2	2	1	480	0	21
chr18	10726534	10740982	1	1	1	1	0	15
chr18	34943286	34945943	2	2	1	3	0	32
chr18	53948155	53948644	1	1	1	1756	0	28
chr18	53948155	53949213	1	1	0	1	0	39
chr18	53948155	53953244	1	1	1	11187	14	44
chr18	53948669	53953244	1	1	1	1756	0	37
chr18	53949263	53953244	1	1	0	1	0	37
chr19	7281256	7281797	2	4	1	97	0	39
chr19	7281256	7282725	2	2	1	356	0	35
chr19	7281960	7282725	2	2	1	100	0	26
