chr1	34295537	34296741	1	1	1	54	0	18
chr1	34295537	34299720	1	1	1	169	0	39
chr1	34296760	34299720	1	1	1	54	0	18
chr1	40010678	40011649	1	1	1	16	0	21
chr1	40010678	40014105	1	1	1	52	0	32
chr1	40011842	40014105	1	1	1	15	0	37
chr1	82735508	82741817	1	1	1	1	0	40
chr1	82735508	82747082	1	1	1	3	0	40
chr1	82735508	82750519	1	1	1	95	0	41
chr1	82741977	82750519	1	1	1	1	0	38
chr1	82747143	82750519	1	1	1	3	0	38
chr2	32292216	32296625	1	1	1	68	0	43
chr2	59932171	59933405	2	2	0	9	0	33
chr2	59932171	59933411	2	2	1	74	0	31
chr2	59932171	59933670	2	2	1	27	0	38
chr2	59933439	59933670	2	2	1	83	0	28
chr2	71849507	71853533	1	1	1	35	0	40
chr2	71849507	71855853	1	1	1	1675	0	43
chr2	71853664	71855853	1	1	1	37	0	41
chr2	75662920	75663570	1	1	0	0	1	18
chr2	75662926	75663570	1	1	1	4	1	39
chr2	91001089	91001461	1	1	1	479	1	27
chr2	91001511	91003210	1	1	1	472	0	22
chr2	91001511	91003299	1	1	0	2	0	46
chr2	91003346	91003810	1	1	1	6	0	36
chr2	91159306	91160316	2	2	1	9	0	47
chr2	91159306	91162027	2	2	1	154	0	47
chr2	91160371	91162027	2	2	1	10	0	38
chr2	91681696	91684668	2	2	1	529	0	50
chr2	153670448	153670848	1	1	1	42	0	43
chr2	153670909	153672215	1	1	1	39	0	50
chr2	153670909	153714954	1	1	0	1	0	46
chr2	168752741	168754406	2	2	0	1	0	37
chr2	168752741	168754433	2	2	1	11380	13	46
chr3	60613521	60614682	1	1	1	51	0	44
chr3	60613521	60615619	1	1	1	19	0	44
chr3	60614737	60615619	1	1	1	50	0	38
chr3	87733505	87735344	1	1	0	140	1	41
chr3	88483947	88484046	2	2	1	150	0	40
chr3	88484155	88484614	2	2	1	148	0	45
chr3	119724187	119724611	2	2	1	1483	1	34
chr3	119724187	119726065	2	2	1	12	0	29
chr3	119724646	119726065	2	2	1	1544	1	38
chr4	31992517	31994873	1	1	1	1407	3	41
chr4	31992517	32002088	1	1	1	625	0	49
chr4	31994955	32002088	1	1	1	1343	3	49
chr4	31995011	32002088	1	1	1	1	0	48
chr4	107009769	107027216	1	1	1	27	0	38
chr4	107009769	107028192	1	1	1	151	0	43
chr4	107027298	107028192	1	1	1	31	0	41
chr5	23565266	23616326	2	2	1	111	0	45
chr5	72958287	72974530	1	1	1	16	0	41
chr5	116482537	116591333	2	2	1	3	0	50
chr5	149184807	149185484	1	1	1	1	0	43
chr5	149184807	149187707	1	1	1	31	0	44
chr5	149184807	149188344	1	1	1	238	0	44
chr5	149185662	149188344	1	1	0	1	0	39
chr5	149187806	149188344	1	1	0	3	0	39
chr5	149187877	149188344	1	1	1	26	0	40
chr6	72634233	72634303	2	2	0	3	0	37
chr6	72634233	72648800	2	2	1	2199	0	43
chr6	72634233	72648818	2	2	0	1	0	24
chr6	72634233	72649119	2	2	1	4835	4	50
chr6	72634351	72649119	2	2	0	1	0	40
chr6	72648843	72649119	2	2	1	2201	0	42
chr6	88884865	88885843	2	2	1	1	0	4
chr6	98939789	98940994	2	2	1	5	0	45
chr6	98939789	98941535	2	2	1	50	0	45
chr6	98939789	98944618	2	2	0	4	0	45
chr6	98941165	98944618	2	2	0	5	0	36
chr6	98941658	98944618	2	2	1	53	0	36
chr6	125162102	125162211	2	2	1	296	8	36
chr6	128371086	128371967	1	1	1	1280	0	41
chr6	128371086	128372530	1	1	1	63	0	49
chr6	128371086	128372533	1	1	1	592	1	46
chr6	128371086	128372536	1	1	0	1	0	43
chr6	128372013	128372504	1	1	0	5	0	26
chr6	128372013	128372509	1	1	0	1	0	31
chr6	128372013	128372530	1	1	1	159	0	47
chr6	128372013	128372533	1	1	1	1025	0	46
chr6	128372018	128372530	1	1	0	5	0	49
chr6	128372018	128372533	1	1	0	68	0	46
chr7	67240441	67244520	2	2	1	11	0	29
chr7	67240441	67251656	2	2	1	470	0	44
chr7	67244545	67251656	2	2	1	11	0	24
chr7	101405603	102001614	1	1	0	6	0	13
chr7	101973352	102001612	1	1	0	1	0	12
chr7	102001660	102002294	1	1	1	350	1	42
chr7	102001660	102007485	1	1	1	3890	3	45
chr7	102002310	102007485	1	1	0	1	0	15
chr7	102002337	102007485	1	1	1	344	1	40
chr7	112839481	112841887	1	1	1	13	0	41
chr7	112839481	112842039	1	1	1	241	0	41
chr7	112839481	112856052	1	1	1	2	0	12
chr7	112839481	112856797	1	1	1	30	0	41
chr7	112841951	112856052	1	1	1	5	0	12
chr7	112841951	112856797	1	1	0	3	0	37
chr7	112842103	112856052	1	1	1	19	0	12
chr7	112842103	112856797	1	1	1	221	0	39
chr7	112856065	112856797	1	1	1	26	0	12
chr7	127980247	127981190	1	1	1	4	0	19
chr7	127981292	127981410	1	1	1	2	0	6
chr7	144861833	144862231	1	1	1	673	1	29
chr7	144861837	144862231	1	1	0	2	0	32
chr7	144862267	144862764	1	1	0	2	0	35
chr7	144862336	144862764	1	1	1	646	1	44
chr7	144862350	144862764	1	1	0	1	0	37
chr7	144862377	144862764	1	1	0	1	0	25
chr8	25532429	25555507	1	1	1	3	0	44
chr8	25532429	25557730	1	1	1	5	0	44
chr8	25555775	25557730	1	1	1	6	0	38
chr8	95100453	95100646	2	2	1	136	0	32
chr8	95100453	95101408	2	2	0	372	0	46
chr8	95100674	95101408	2	2	1	136	0	38
chr8	123268550	123268744	2	2	1	75	0	46
chr9	43027296	43040539	2	2	1	22	0	38
chr9	43027296	43042590	2	2	1	233	0	46
chr9	43040597	43042590	2	2	1	23	0	45
chr9	80093642	80098885	1	1	1	1478	4	26
chr9	80093642	80098892	1	1	0	19	0	14
chr9	80093642	80099229	1	1	0	1	0	44
chr9	80093642	80103693	1	1	1	6783	3	45
chr9	80098907	80103693	1	1	1	1496	4	24
chr9	80099337	80103693	1	1	0	1	0	37
chr9	114597607	114597794	2	2	1	256	0	38
chr9	114597607	114598704	2	2	0	281	0	43
chr9	114597825	114598704	2	2	0	1	0	30
chr9	114597831	114598704	2	2	1	255	0	38
chr11	26725015	26787397	2	2	0	2	0	13
chr11	79458907	79463232	1	1	1	22	0	44
chr11	79458907	79468716	1	1	1	60	0	43
chr11	79463296	79468716	1	1	1	22	0	38
chr11	94112147	94113262	1	1	1	24	0	21
chr11	94112147	94114172	1	1	1	274	0	32
chr11	94113302	94114172	1	1	1	25	0	39
chr11	102310577	102310925	2	2	1	57	0	42
chr11	102310577	102311379	2	2	1	276	0	45
chr11	102310577	102311403	2	2	0	1	0	21
chr11	102311037	102311379	2	2	1	58	0	45
chr12	71952560	71959805	1	1	1	244	0	43
chr12	83811361	83825258	2	2	1	246	0	36
chr12	83811361	83831921	2	2	1	206	0	41
chr12	83825292	83831921	2	2	1	244	0	34
chr12	113133338	113133495	1	1	0	7	0	42
chr12	113133338	113133540	1	1	1	354	2	43
chr12	113133338	113135796	1	1	1	916	0	29
chr12	113133577	113135796	1	1	1	329	1	29
chr13	46778994	46780625	2	2	1	637	0	43
chr13	46778994	46785245	2	2	1	2305	2	44
chr13	46780665	46785245	2	2	1	652	0	39
chr13	56084286	56089757	2	2	1	10	0	41
chr13	56089858	56096123	2	2	1	13	0	38
chr14	57643224	57643334	2	2	1	1	0	39
chr14	57643224	57648418	2	2	1	151	1	47
chr14	57643490	57648418	2	2	1	1	0	38
chr14	120389164	120395711	1	1	1	339	1	39
chr14	120389164	120395717	1	1	0	3	0	38
chr14	120389164	120396450	1	1	1	104	0	48
chr14	120395766	120396450	1	1	1	350	1	48
chr15	77102940	77105576	2	2	1	164	0	41
chr15	77102940	77113604	2	2	1	23	0	48
chr15	77105670	77113604	2	2	1	162	0	48
chr16	57178021	57181491	2	2	1	28	0	44
chr16	57178021	57182850	2	2	1	809	1	44
chr16	57181537	57182850	2	2	1	28	0	33
chr17	12979205	13846588	1	1	0	19	0	12
chr17	13846613	13848354	1	1	0	1	0	21
chr17	13846613	13849107	1	1	0	3	0	37
chr17	13846640	13848354	1	1	1	292	0	21
chr17	13846640	13849107	1	1	1	11858	17	48
chr17	13846640	13849113	1	1	0	68	0	47
chr17	13848376	13849107	1	1	1	293	0	26
chr17	45570567	45570665	2	2	1	468	2	37
chr17	45570800	45571017	2	2	1	476	1	21
chr18	53948155	53948644	1	1	1	2039	4	28
chr18	53948155	53949213	1	1	0	1	0	39
chr18	53948155	53953244	1	1	1	11226	10	45
chr18	53948162	53948644	1	1	0	1	0	24
chr18	53948162	53953244	1	1	0	7	0	37
chr18	53948167	53948644	1	1	0	5	0	24
chr18	53948167	53953244	1	1	0	25	0	37
chr18	53948669	53953244	1	1	1	2034	4	37
chr18	53949263	53953244	1	1	0	1	0	37
chr19	7281256	7281797	2	4	1	67	0	40
chr19	7281256	7282725	2	2	1	318	0	35
chr19	7281960	7282725	2	2	1	72	0	31
