chr1	34295537	34296741	1	1	1	98	0	18
chr1	34295537	34299720	1	1	1	24	0	38
chr1	34296760	34299720	1	1	1	98	0	18
chr1	40010678	40011649	1	1	1	145	0	28
chr1	40010678	40014105	1	1	1	49	1	32
chr1	40011842	40014105	1	1	1	142	0	38
chr1	82735508	82741817	1	1	1	1	0	20
chr1	82735508	82747082	1	1	1	1	0	40
chr1	82735508	82750519	1	1	1	89	0	40
chr1	82747143	82750519	1	1	1	1	0	38
chr2	32292216	32293314	1	1	1	12	0	43
chr2	32292216	32296625	1	1	1	81	0	44
chr2	32293396	32296625	1	1	1	12	0	38
chr2	59932171	59933405	2	2	0	83	0	37
chr2	59932171	59933411	2	2	1	549	0	32
chr2	59932171	59933670	2	2	1	2	0	39
chr2	59933439	59933670	2	2	1	618	0	30
chr2	71849507	71853533	1	1	1	1144	1	41
chr2	71849507	71853820	1	1	0	2	0	37
chr2	71849507	71853875	1	1	0	1	0	15
chr2	71849507	71855853	1	1	1	3768	5	43
chr2	71849507	71855868	1	1	0	1	0	46
chr2	71849507	71855876	1	1	0	1	0	38
chr2	71853664	71855853	1	1	1	1174	0	43
chr2	71853891	71855853	1	1	0	4	0	40
chr2	75662926	75663570	1	1	1	3	1	27
chr2	91001089	91001461	1	1	1	947	0	34
chr2	91001511	91003210	1	1	1	955	0	21
chr2	91003346	91003810	1	1	1	31	0	36
chr2	91159300	91160316	2	2	0	1	0	41
chr2	91159306	91160316	2	2	1	311	0	47
chr2	91159306	91162027	2	2	1	742	1	47
chr2	91160371	91162027	2	2	1	307	0	41
chr2	91681696	91684668	2	2	1	271	0	50
chr2	153670448	153672215	1	1	1	2	0	50
chr3	58576874	58585230	1	1	1	1	0	16
chr3	60607681	60613472	1	1	0	1	0	14
chr3	60613521	60614682	1	1	1	2032	1	45
chr3	60613521	60614688	1	1	0	2	0	44
chr3	60613521	60615619	1	1	1	2054	0	45
chr3	60614737	60615619	1	1	1	2038	1	40
chr3	87733505	87734423	1	1	1	16	0	39
chr3	87733505	87735344	1	1	0	15	0	39
chr3	87734553	87735344	1	1	1	16	0	37
chr3	88483947	88484046	2	2	1	342	0	40
chr3	88484155	88484614	2	2	1	336	0	41
chr3	119724187	119724611	2	2	1	8510	4	34
chr3	119724187	119726065	2	2	1	34	1	29
chr3	119724646	119726065	2	2	1	8763	6	38
chr3	129825617	129826823	2	2	1	1	0	36
chr4	31992517	31994873	1	1	1	293	0	39
chr4	31992517	32002088	1	1	1	6125	13	49
chr4	31994955	32002088	1	1	1	290	0	49
chr4	107009769	107027216	1	1	1	18	0	38
chr4	107009769	107028192	1	1	1	211	1	42
chr4	107027298	107028192	1	1	1	21	0	41
chr5	23565266	23616326	2	2	1	1246	2	46
chr5	72958287	72965803	1	1	1	4	0	40
chr5	72958287	72974530	1	1	1	147	0	44
chr5	72965882	72974530	1	1	1	4	0	41
chr5	116477146	116482389	2	2	1	3	0	44
chr5	116482537	116591333	2	2	1	1274	4	50
chr5	149184807	149185484	1	1	1	1	0	43
chr5	149184807	149187707	1	1	1	23	0	44
chr5	149184807	149188344	1	1	1	905	2	45
chr5	149185662	149188344	1	1	0	1	0	39
chr5	149187835	149188344	1	1	1	2	0	39
chr5	149187877	149188344	1	1	1	21	0	39
chr6	47577668	47594893	2	2	1	2	0	32
chr6	98939789	98941535	2	2	1	192	0	47
chr6	98939789	98944618	2	2	0	10	0	45
chr6	98941658	98944618	2	2	1	189	0	37
chr6	125162102	125162211	2	2	1	369	7	36
chr6	128371086	128371967	1	1	1	4934	1	44
chr6	128371086	128372530	1	1	1	1	0	49
chr6	128371086	128372533	1	1	1	19	0	46
chr6	128372013	128372504	1	1	0	21	0	26
chr6	128372013	128372509	1	1	0	13	0	31
chr6	128372013	128372530	1	1	1	634	0	49
chr6	128372013	128372533	1	1	1	4221	1	46
chr6	128372013	128372536	1	1	0	2	0	43
chr6	128372013	128372539	1	1	0	2	0	40
chr6	128372018	128372504	1	1	0	2	0	26
chr6	128372018	128372530	1	1	0	2	0	49
chr6	128372018	128372533	1	1	0	45	0	46
chr6	128372018	128372536	1	1	0	1	0	43
chr7	67240441	67244520	2	2	1	236	0	24
chr7	67240441	67251656	2	2	1	1787	1	44
chr7	67244545	67251656	2	2	1	235	0	24
chr7	101405603	102001614	1	1	0	3	1	13
chr7	102001660	102002294	1	1	1	1644	2	44
chr7	102001660	102007485	1	1	1	472	0	43
chr7	102001665	102002300	1	1	0	1	0	36
chr7	102002337	102007485	1	1	1	1650	2	42
chr7	112839481	112841887	1	1	1	3	1	41
chr7	112839481	112842039	1	1	1	141	1	41
chr7	112839481	112856052	1	1	1	8	0	12
chr7	112839481	112856797	1	1	1	5	0	41
chr7	112841906	112842057	1	1	0	0	1	18
chr7	112841951	112856052	1	1	1	2	0	12
chr7	112842103	112856052	1	1	1	134	1	12
chr7	112842103	112856797	1	1	1	7	0	37
chr7	112856065	112856797	1	1	1	145	1	14
chr7	127980247	127981190	1	1	1	19	0	5
chr7	127981292	127981410	1	1	1	17	0	6
chr8	25532429	25555507	1	1	1	2	0	44
chr8	25532429	25557730	1	1	1	6	0	44
chr8	25555775	25557730	1	1	1	2	0	38
chr8	47669337	47674505	2	2	1	1	0	17
chr8	72219861	72219940	1	1	1	1	0	30
chr8	95100448	95100642	2	2	0	1	0	31
chr8	95100453	95100646	2	2	1	1256	0	31
chr8	95100453	95101408	2	2	0	237	0	46
chr8	95100674	95101408	2	2	1	1257	0	42
chr8	123268550	123268744	2	2	1	225	0	47
chr9	43027296	43040539	2	2	1	167	0	38
chr9	43027296	43042590	2	2	1	161	0	46
chr9	43040593	43042590	2	2	0	2	0	43
chr9	43040597	43042590	2	2	1	165	0	45
chr9	67323182	67330547	2	2	1	2	0	4
chr9	80093642	80098885	1	1	1	10246	9	26
chr9	80093642	80098892	1	1	0	242	0	14
chr9	80093642	80103693	1	1	1	385	0	45
chr9	80093642	80103698	1	1	0	3	0	44
chr9	80098907	80099016	1	1	0	1	0	21
chr9	80098907	80101826	1	1	0	1	0	21
chr9	80098907	80101831	1	1	0	1	0	21
chr9	80098907	80103693	1	1	1	10483	9	29
chr9	80098907	80103698	1	1	0	7	0	21
chr9	80099049	80103693	1	1	0	1	0	37
chr9	80101891	80103693	1	1	0	2	0	37
chr9	114597607	114597794	2	2	1	646	0	38
chr9	114597607	114598704	2	2	0	32	0	42
chr9	114597825	114598704	2	2	0	9	0	30
chr9	114597831	114598704	2	2	1	635	0	36
chr10	4089396	4089995	1	1	1	1	0	33
chr10	79863056	79863144	1	1	1	1	0	32
chr11	20201653	20215629	1	1	1	1	0	36
chr11	20218909	20223083	1	1	1	1	0	7
chr11	79006898	79458862	1	1	0	0	4	15
chr11	79458907	79463232	1	1	1	22	0	42
chr11	79458907	79468716	1	1	1	200	4	42
chr11	79463296	79468716	1	1	1	23	0	39
chr11	94112147	94113262	1	1	1	151	0	21
chr11	94112147	94114172	1	1	1	447	1	32
chr11	94113302	94114172	1	1	1	153	0	39
chr11	102310577	102310925	2	2	1	73	0	45
chr11	102310577	102311379	2	2	1	1034	2	47
chr11	102311037	102311379	2	2	1	72	0	45
chr12	71952560	71958746	1	1	1	77	0	27
chr12	71952560	71959805	1	1	1	86	0	44
chr12	71958774	71959805	1	1	1	77	0	29
chr12	83811361	83825258	2	2	1	88	0	38
chr12	83811361	83831921	2	2	1	562	0	41
chr12	83825292	83831921	2	2	1	83	0	33
chr12	83825319	83831921	2	2	0	1	0	38
chr12	83825334	83831921	2	2	0	1	0	38
chr12	112928622	113133308	1	1	0	0	7	13
chr12	113133338	113133495	1	1	0	146	15	44
chr12	113133338	113133540	1	1	1	2740	83	43
chr12	113133338	113133551	1	1	0	1	0	25
chr12	113133338	113135796	1	1	1	22	0	29
chr12	113133577	113134800	1	1	0	9	0	12
chr12	113133577	113135796	1	1	1	2791	97	29
chr12	113134813	113135796	1	1	0	9	0	12
chr13	46778990	46785245	2	2	0	1	0	44
chr13	46778994	46780625	2	2	1	1064	1	43
chr13	46778994	46785245	2	2	1	3076	7	45
chr13	46780665	46785245	2	2	1	1064	1	39
chr13	56084286	56089757	2	2	1	62	0	42
chr13	56084286	56096123	2	2	0	3	0	40
chr13	56089858	56096123	2	2	1	63	0	41
chr14	57643224	57643334	2	2	1	3	0	39
chr14	57643224	57648418	2	2	1	137	0	47
chr14	57643490	57648418	2	2	1	3	0	38
chr14	120389164	120395711	1	1	1	280	2	45
chr14	120389164	120395717	1	1	0	2	0	38
chr14	120389164	120396450	1	1	1	732	2	48
chr14	120395766	120396450	1	1	1	298	2	48
chr15	77102940	77105576	2	2	1	238	0	42
chr15	77102940	77112712	2	2	0	1	0	40
chr15	77102940	77113604	2	2	1	21	0	48
chr15	77105670	77113604	2	2	1	237	0	48
chr15	77112788	77113604	2	2	0	1	0	43
chr15	103242719	103243624	1	1	1	1	2	36
chr16	57178021	57181491	2	2	1	425	1	44
chr16	57178021	57182850	2	2	1	162	0	43
chr16	57181511	57182850	2	2	0	1	0	19
chr16	57181537	57182850	2	2	1	423	1	34
chr16	84831508	84834808	2	2	1	1	0	44
chr17	12979205	13846588	1	1	0	116	3	12
chr17	13846613	13848354	1	1	0	3	0	21
chr17	13846640	13848354	1	1	1	5266	3	22
chr17	13846640	13849107	1	1	1	5514	6	45
chr17	13846640	13849113	1	1	0	30	0	47
chr17	13848376	13849107	1	1	1	5265	3	27
chr17	13848376	13849113	1	1	0	11	0	21
chr17	45570567	45570665	2	2	1	541	1	41
chr17	45570800	45571017	2	2	1	603	1	23
chr17	51783067	51785528	2	2	1	1	0	40
chr17	51785641	51803430	2	2	1	1	0	14
chr17	56578845	56578920	2	2	1	1	0	18
chr17	56578986	56582983	2	2	1	1	0	42
chr18	53948155	53948644	1	1	1	16160	6	33
chr18	53948155	53948651	1	1	0	2	0	17
chr18	53948155	53953244	1	1	1	2476	3	43
chr18	53948155	53953268	1	1	0	2	0	40
chr18	53948666	53953244	1	1	0	12	0	21
chr18	53948669	53949681	1	1	0	1	0	15
chr18	53948669	53953244	1	1	1	16125	6	37
chr18	53948669	53953268	1	1	0	3	0	24
chr18	53948673	53953244	1	1	0	1	0	28
chr18	53949705	53953244	1	1	0	1	0	23
chr18	64515409	64516415	2	2	1	1	0	31
chr19	7281256	7281797	2	4	1	216	0	39
chr19	7281256	7282725	2	2	1	1997	2	36
chr19	7281960	7282725	2	2	1	229	0	35
chrX	73952667	73952825	2	2	1	2	0	10
