chr1	34295537	34296741	1	1	1	118	0	18
chr1	34295537	34299720	1	1	1	22	0	38
chr1	34296760	34299720	1	1	1	118	0	18
chr1	40010678	40011649	1	1	1	41	1	21
chr1	40010678	40011783	1	1	0	1	0	21
chr1	40010678	40011811	1	1	0	1	0	21
chr1	40010678	40014105	1	1	1	9	1	32
chr1	40011842	40014105	1	1	1	36	1	39
chr1	82735508	82750519	1	1	1	46	0	41
chr2	32292216	32293314	1	1	1	12	0	43
chr2	32292216	32296625	1	1	1	41	0	44
chr2	32293396	32296625	1	1	1	13	0	38
chr2	59932171	59933405	2	2	0	39	0	37
chr2	59932171	59933411	2	2	1	269	0	31
chr2	59932171	59933670	2	2	1	2	0	32
chr2	59933439	59933670	2	2	1	304	0	28
chr2	71849507	71851834	1	1	0	1	0	39
chr2	71849507	71853533	1	1	1	690	4	42
chr2	71849507	71853820	1	1	0	3	0	37
chr2	71849507	71853890	1	1	0	1	0	39
chr2	71849507	71855853	1	1	1	2700	1	43
chr2	71852002	71855853	1	1	0	1	0	40
chr2	71853664	71855853	1	1	1	697	4	41
chr2	71853677	71855868	1	1	0	1	0	46
chr2	71853891	71855853	1	1	0	3	0	40
chr2	71853948	71855853	1	1	0	1	0	40
chr2	75662926	75663570	1	1	1	3	0	41
chr2	91001089	91001461	1	1	1	539	2	34
chr2	91001511	91003210	1	1	1	544	2	20
chr2	91003346	91003810	1	1	1	9	0	36
chr2	91159306	91160316	2	2	1	171	0	47
chr2	91159306	91162027	2	2	1	297	2	47
chr2	91160371	91162027	2	2	1	174	0	40
chr2	91681696	91684668	2	2	1	138	0	50
chr2	91681831	91684668	2	2	0	1	0	38
chr3	60201323	60613472	1	1	0	0	5	14
chr3	60422418	60613472	1	1	0	0	4	15
chr3	60613521	60614682	1	1	1	2064	7	46
chr3	60613521	60614688	1	1	0	6	0	42
chr3	60613521	60615619	1	1	1	2239	4	45
chr3	60614737	60615619	1	1	1	2036	7	42
chr3	87733505	87734423	1	1	1	16	0	39
chr3	87733505	87735344	1	1	0	15	0	41
chr3	87734553	87735344	1	1	1	16	0	42
chr3	88483947	88484046	2	2	1	113	0	38
chr3	88483947	88484614	2	2	0	1	0	38
chr3	88484155	88484614	2	2	1	115	0	39
chr3	119724187	119724611	2	2	1	5573	1	34
chr3	119724187	119726065	2	2	1	26	0	29
chr3	119724646	119726065	2	2	1	5780	1	38
chr3	142948246	142963375	2	2	0	0	1	13
chr4	31992517	31994873	1	1	1	171	0	41
chr4	31992517	32002088	1	1	1	2271	4	49
chr4	31994955	32002088	1	1	1	163	0	49
chr4	107009769	107027216	1	1	1	6	0	38
chr4	107009769	107028192	1	1	1	200	0	42
chr4	107027298	107028192	1	1	1	9	0	42
chr5	23565266	23616326	2	2	1	1724	4	46
chr5	72958287	72974530	1	1	1	57	0	41
chr5	116482537	116591333	2	2	1	621	3	50
chr5	149184807	149185484	1	1	1	1	0	43
chr5	149184807	149187707	1	1	1	14	0	43
chr5	149184807	149188344	1	1	1	379	0	44
chr5	149185662	149188344	1	1	0	1	0	39
chr5	149187835	149188344	1	1	1	2	0	39
chr5	149187877	149188344	1	1	1	12	0	40
chr6	47577668	47594893	2	2	1	1	0	24
chr6	72634233	72648800	2	2	1	1	0	36
chr6	72634233	72649119	2	2	1	2	0	40
chr6	72648843	72649119	2	2	1	1	0	40
chr6	98939789	98941535	2	2	1	96	0	47
chr6	98939789	98944618	2	2	0	8	0	45
chr6	98941658	98944618	2	2	1	97	0	36
chr6	125162102	125162211	2	2	1	94	3	36
chr6	128371086	128371967	1	1	1	3274	1	45
chr6	128371086	128371980	1	1	0	2	0	32
chr6	128371086	128372533	1	1	1	10	0	46
chr6	128372013	128372504	1	1	0	12	0	26
chr6	128372013	128372509	1	1	0	9	0	31
chr6	128372013	128372530	1	1	1	401	0	49
chr6	128372013	128372533	1	1	1	2808	1	46
chr6	128372018	128372504	1	1	0	1	0	26
chr6	128372018	128372530	1	1	0	3	0	49
chr6	128372018	128372533	1	1	0	25	0	46
chr7	67240441	67243755	2	2	0	1	0	40
chr7	67240441	67244520	2	2	1	228	0	40
chr7	67240441	67250479	2	2	0	1	0	40
chr7	67240441	67251656	2	2	1	2248	1	45
chr7	67243817	67244520	2	2	0	1	0	14
chr7	67244545	67251656	2	2	1	224	0	24
chr7	67244580	67251656	2	2	0	5	0	38
chr7	67250582	67251656	2	2	0	1	0	38
chr7	102001660	102002294	1	1	1	971	0	43
chr7	102001660	102007485	1	1	1	291	0	43
chr7	102002337	102007485	1	1	1	971	0	42
chr7	112839481	112841887	1	1	1	4	0	41
chr7	112839481	112842039	1	1	1	50	0	41
chr7	112839481	112856052	1	1	1	1	0	12
chr7	112839481	112856797	1	1	1	4	0	41
chr7	112841951	112856052	1	1	1	2	0	12
chr7	112842103	112856052	1	1	1	51	0	12
chr7	112856065	112856797	1	1	1	55	0	14
chr7	127980247	127981190	1	1	1	18	0	30
chr7	127981292	127981410	1	1	1	24	0	6
chr8	25532429	25555507	1	1	1	1	0	44
chr8	25532429	25557730	1	1	1	5	0	44
chr8	25555775	25557730	1	1	1	1	0	37
chr8	95100453	95100646	2	2	1	564	0	31
chr8	95100453	95101408	2	2	0	106	0	46
chr8	95100674	95101408	2	2	1	564	0	41
chr8	123268550	123268744	2	2	1	81	0	46
chr9	43027296	43040539	2	2	1	92	0	38
chr9	43027296	43042590	2	2	1	76	0	46
chr9	43040593	43042590	2	2	0	2	0	43
chr9	43040597	43042590	2	2	1	92	0	46
chr9	80093642	80098885	1	1	1	5998	1	31
chr9	80093642	80098892	1	1	0	189	0	19
chr9	80093642	80103693	1	1	1	222	0	45
chr9	80098907	80101831	1	1	0	4	0	24
chr9	80098907	80103693	1	1	1	6191	1	29
chr9	80099049	80103693	1	1	0	1	0	37
chr9	80101891	80103693	1	1	0	4	0	37
chr9	114597607	114597794	2	2	1	425	0	38
chr9	114597607	114598704	2	2	0	13	0	42
chr9	114597825	114598704	2	2	0	1	0	30
chr9	114597831	114598704	2	2	1	423	0	36
chr11	79458907	79463232	1	1	1	11	0	42
chr11	79458907	79468716	1	1	1	97	0	42
chr11	79463296	79468716	1	1	1	11	0	39
chr11	94112147	94113262	1	1	1	122	0	21
chr11	94112147	94114172	1	1	1	241	0	32
chr11	94113302	94114172	1	1	1	125	0	39
chr11	102310577	102310925	2	2	1	22	0	42
chr11	102310577	102311360	2	2	0	1	0	42
chr11	102310577	102311379	2	2	1	393	0	46
chr11	102311037	102311379	2	2	1	22	0	45
chr12	71952560	71958746	1	1	1	37	0	27
chr12	71952560	71959805	1	1	1	44	0	43
chr12	71958774	71959805	1	1	1	37	0	27
chr12	83811361	83825258	2	2	1	55	0	37
chr12	83811361	83831921	2	2	1	246	0	41
chr12	83825292	83831921	2	2	1	54	0	34
chr12	83825319	83831921	2	2	0	1	0	38
chr12	113133338	113133495	1	1	0	73	12	44
chr12	113133338	113133540	1	1	1	1311	27	43
chr12	113133338	113135796	1	1	1	6	0	29
chr12	113133577	113134761	1	1	0	1	0	21
chr12	113133577	113134800	1	1	0	5	0	12
chr12	113133577	113135796	1	1	1	1315	39	29
chr12	113134813	113135796	1	1	0	6	0	29
chr13	46778994	46780625	2	2	1	664	1	41
chr13	46778994	46785245	2	2	1	1406	1	44
chr13	46780665	46785245	2	2	1	670	1	39
chr13	56084286	56089757	2	2	1	29	0	40
chr13	56089858	56096123	2	2	1	29	0	39
chr14	57643224	57643334	2	2	1	1	0	39
chr14	57643224	57648418	2	2	1	70	0	47
chr14	57643490	57648418	2	2	1	1	0	38
chr14	101654106	101654207	1	1	1	1	0	12
chr14	101654220	101665760	1	1	1	1	0	12
chr14	120389164	120395711	1	1	1	148	0	39
chr14	120389164	120395717	1	1	0	1	0	38
chr14	120389164	120396450	1	1	1	385	1	48
chr14	120395766	120396450	1	1	1	154	0	48
chr15	38048150	38078363	2	2	1	1	0	10
chr15	77102940	77105576	2	2	1	151	0	41
chr15	77102940	77113604	2	2	1	10	0	44
chr15	77105670	77113604	2	2	1	152	0	48
chr15	103242719	103243624	1	1	1	0	2	33
chr16	57178021	57181491	2	2	1	213	1	45
chr16	57178021	57182850	2	2	1	51	0	43
chr16	57181537	57182850	2	2	1	213	1	37
chr17	12979205	13846588	1	1	0	46	0	12
chr17	13846640	13847273	1	1	0	6	0	37
chr17	13846640	13848306	1	1	0	5	0	38
chr17	13846640	13848354	1	1	1	4291	3	22
chr17	13846640	13849107	1	1	1	3335	3	46
chr17	13846640	13849113	1	1	0	2	0	47
chr17	13847311	13849107	1	1	0	6	0	40
chr17	13848376	13849107	1	1	1	4275	3	41
chr17	13848376	13849113	1	1	0	11	0	21
chr17	13848376	13849116	1	1	0	4	0	21
chr17	45570567	45570665	2	2	1	260	1	42
chr17	45570800	45571017	2	2	1	268	0	24
chr17	51783067	51785528	2	2	1	1	0	40
chr18	53948155	53948381	1	1	0	1	0	37
chr18	53948155	53948644	1	1	1	16348	11	33
chr18	53948155	53953244	1	1	1	2254	5	42
chr18	53948447	53948644	1	1	0	1	0	13
chr18	53948666	53953244	1	1	0	8	0	21
chr18	53948669	53953244	1	1	1	16300	8	37
chr18	53948669	53953268	1	1	0	3	0	24
chr18	53948673	53953244	1	1	0	1	0	28
chr19	7281256	7281797	2	4	1	128	0	40
chr19	7281256	7282725	2	2	1	1304	2	36
chr19	7281960	7282725	2	2	1	136	0	29
chr19	23687546	23694320	1	1	1	2	0	37
chrX	159414893	159443922	1	1	1	1	0	35
