chr1	34295537	34296741	1	1	1	121	0	18
chr1	34295537	34299720	1	1	1	22	0	38
chr1	34296760	34299720	1	1	1	121	0	19
chr1	40010678	40011649	1	1	1	118	1	26
chr1	40010678	40011783	1	1	0	1	0	21
chr1	40010678	40011787	1	1	0	2	0	21
chr1	40010678	40011811	1	1	0	1	0	21
chr1	40010678	40014105	1	1	1	38	2	32
chr1	40011842	40014105	1	1	1	117	1	39
chr1	74350704	74351536	1	1	1	1	0	14
chr1	82735508	82750519	1	1	1	61	0	41
chr2	32292216	32293314	1	1	1	21	0	43
chr2	32292216	32296625	1	1	1	87	0	47
chr2	32293396	32296625	1	1	1	21	0	38
chr2	59932171	59933405	2	2	0	92	0	37
chr2	59932171	59933411	2	2	1	458	0	32
chr2	59932171	59933670	2	2	1	2	0	38
chr2	59933439	59933670	2	2	1	543	0	28
chr2	71849507	71853533	1	1	1	846	0	41
chr2	71849507	71853875	1	1	0	1	0	15
chr2	71849507	71855853	1	1	1	2240	4	44
chr2	71849507	71855868	1	1	0	3	0	46
chr2	71853664	71855853	1	1	1	859	0	41
chr2	71853891	71855853	1	1	0	1	0	15
chr2	75662926	75663570	1	1	1	3	1	40
chr2	91001089	91001461	1	1	1	733	0	27
chr2	91001511	91003210	1	1	1	728	0	35
chr2	91003238	91003810	1	1	0	1	0	27
chr2	91003346	91003810	1	1	1	19	0	36
chr2	91159306	91160316	2	2	1	244	0	47
chr2	91159306	91162027	2	2	1	352	0	47
chr2	91160371	91162027	2	2	1	251	0	38
chr2	91681696	91684668	2	2	1	235	0	50
chr2	168752741	168754433	2	2	1	4	0	44
chr3	60422418	60613472	1	1	0	0	4	15
chr3	60613521	60614682	1	1	1	1192	3	45
chr3	60613521	60614688	1	1	0	2	0	38
chr3	60613521	60615619	1	1	1	1264	1	46
chr3	60614737	60615619	1	1	1	1174	3	41
chr3	78904652	78918022	2	2	0	1	0	12
chr3	87733505	87734423	1	1	1	17	0	39
chr3	87733505	87735344	1	1	0	9	0	39
chr3	87734553	87735344	1	1	1	18	0	37
chr3	88483947	88484046	2	2	1	258	0	39
chr3	88484155	88484614	2	2	1	259	0	39
chr3	119724187	119724611	2	2	1	5511	2	34
chr3	119724187	119726065	2	2	1	22	0	29
chr3	119724646	119726065	2	2	1	5660	2	38
chr3	129825617	129826823	2	2	1	1	0	36
chr4	31992517	31994873	1	1	1	263	0	39
chr4	31992517	32002088	1	1	1	3637	7	49
chr4	31992526	32002097	2	4	0	1	0	44
chr4	31994955	32002088	1	1	1	254	0	49
chr4	107009769	107027216	1	1	1	18	0	39
chr4	107009769	107028192	1	1	1	142	0	42
chr4	107027298	107028192	1	1	1	18	0	41
chr5	23565266	23616326	2	2	1	671	2	45
chr5	72958287	72965803	1	1	1	6	0	40
chr5	72958287	72974530	1	1	1	66	0	48
chr5	72965882	72974530	1	1	1	6	0	41
chr5	116482537	116591333	2	2	1	701	2	50
chr5	143098506	143112898	2	2	1	1	0	30
chr5	149184807	149185484	1	1	1	1	0	44
chr5	149184807	149187707	1	1	1	17	0	43
chr5	149184807	149188344	1	1	1	642	1	46
chr5	149185662	149188344	1	1	0	1	0	39
chr5	149187835	149188344	1	1	1	1	0	39
chr5	149187864	149188344	1	1	0	1	0	39
chr5	149187877	149188344	1	1	1	15	0	39
chr6	98939789	98941535	2	2	1	156	1	46
chr6	98939789	98944618	2	2	0	11	0	45
chr6	98941658	98944618	2	2	1	157	1	36
chr6	125162102	125162211	2	2	1	366	9	37
chr6	128371086	128371967	1	1	1	3667	1	44
chr6	128371086	128372530	1	1	1	2	0	49
chr6	128371086	128372533	1	1	1	14	0	46
chr6	128372013	128372504	1	1	0	21	0	26
chr6	128372013	128372509	1	1	0	10	0	31
chr6	128372013	128372530	1	1	1	462	0	47
chr6	128372013	128372533	1	1	1	3127	1	46
chr6	128372013	128372536	1	1	0	1	0	41
chr6	128372013	128372539	1	1	0	1	0	40
chr6	128372018	128372530	1	1	0	2	0	49
chr6	128372018	128372533	1	1	0	35	0	46
chr7	67240441	67244520	2	2	1	207	0	24
chr7	67240441	67251656	2	2	1	1185	1	44
chr7	67244545	67251656	2	2	1	207	0	24
chr7	101288340	102001612	1	3	0	6	0	12
chr7	102001660	102002294	1	1	1	1790	3	43
chr7	102001660	102007485	1	1	1	426	0	45
chr7	102002310	102007485	1	1	0	5	0	15
chr7	102002337	102007485	1	1	1	1783	3	42
chr7	112839481	112841887	1	1	1	5	0	41
chr7	112839481	112842039	1	1	1	126	0	41
chr7	112839481	112856052	1	1	1	5	0	12
chr7	112839481	112856797	1	1	1	7	0	41
chr7	112841951	112856052	1	1	1	1	0	12
chr7	112842103	112856052	1	1	1	121	0	12
chr7	112842103	112856797	1	1	1	4	0	37
chr7	112856065	112856797	1	1	1	130	0	14
chr7	112856065	112856803	1	1	0	1	0	12
chr7	127980247	127981190	1	1	1	3	0	5
chr7	127981292	127981410	1	1	1	5	0	6
chr8	25532429	25557730	1	1	1	2	0	44
chr8	95100453	95100646	2	2	1	926	0	46
chr8	95100453	95101408	2	2	0	94	0	46
chr8	95100674	95101408	2	2	1	925	0	42
chr8	95100785	95101408	2	2	0	1	0	48
chr8	123268550	123268744	2	2	1	177	0	47
chr9	43027296	43040539	2	2	1	134	0	38
chr9	43027296	43042590	2	2	1	101	0	45
chr9	43040593	43042590	2	2	0	1	0	43
chr9	43040597	43042590	2	2	1	133	0	46
chr9	80093642	80098885	1	1	1	6796	6	27
chr9	80093642	80098892	1	1	0	195	0	14
chr9	80093642	80103693	1	1	1	213	0	45
chr9	80098907	80099016	1	1	0	1	0	21
chr9	80098907	80103693	1	1	1	6992	6	24
chr9	80098907	80103698	1	1	0	3	0	21
chr9	80099049	80103693	1	1	0	1	0	32
chr9	80103765	80111310	1	1	1	1	0	22
chr9	114597607	114597794	2	2	1	410	0	39
chr9	114597607	114598704	2	2	0	7	0	42
chr9	114597825	114598704	2	2	0	4	0	30
chr9	114597831	114598704	2	2	1	407	0	36
chr11	26778879	26787397	2	2	0	0	2	13
chr11	79458907	79463232	1	1	1	22	0	42
chr11	79458907	79468113	1	1	1	1	0	40
chr11	79458907	79468716	1	1	1	159	0	43
chr11	79463296	79468716	1	1	1	22	0	39
chr11	79468155	79468716	1	1	1	1	0	38
chr11	94112147	94113262	1	1	1	116	0	21
chr11	94112147	94114172	1	1	1	298	0	32
chr11	94113302	94114172	1	1	1	119	0	39
chr11	102310577	102310925	2	2	1	51	0	42
chr11	102310577	102311379	2	2	1	818	0	46
chr11	102311037	102311379	2	2	1	51	0	45
chr12	71952560	71958746	1	1	1	71	0	27
chr12	71952560	71959805	1	1	1	50	0	43
chr12	71958774	71959805	1	1	1	71	0	29
chr12	83811361	83811669	2	2	0	1	0	37
chr12	83811361	83825258	2	2	1	84	0	37
chr12	83811361	83831921	2	2	1	363	1	44
chr12	83825292	83831921	2	2	1	83	0	35
chr12	83825319	83831921	2	2	0	1	0	38
chr12	113133338	113133495	1	1	0	90	11	45
chr12	113133338	113133540	1	1	1	1500	54	43
chr12	113133338	113135796	1	1	1	7	0	29
chr12	113133577	113134800	1	1	0	13	0	12
chr12	113133577	113135796	1	1	1	1520	65	30
chr12	113134813	113135796	1	1	0	13	0	12
chr13	46778990	46785245	2	2	0	1	0	44
chr13	46778994	46780625	2	2	1	910	2	43
chr13	46778994	46785245	2	2	1	1991	3	45
chr13	46780665	46785245	2	2	1	920	2	39
chr13	56084286	56088251	2	2	1	1	0	40
chr13	56084286	56089757	2	2	1	54	0	41
chr13	56084286	56096123	2	2	0	1	0	41
chr13	56088343	56096123	2	2	1	1	0	41
chr13	56089858	56096123	2	2	1	55	0	41
chr14	57643224	57643334	2	2	1	1	0	39
chr14	57643224	57648418	2	2	1	128	0	47
chr14	57643490	57648418	2	2	1	1	0	38
chr14	120389164	120395711	1	1	1	268	0	39
chr14	120389164	120396450	1	1	1	582	1	48
chr14	120395766	120396450	1	1	1	268	0	48
chr15	77102940	77105576	2	2	1	256	0	41
chr15	77102940	77113604	2	2	1	14	0	48
chr15	77105670	77113604	2	2	1	259	0	48
chr15	103242719	103243624	1	1	1	1	0	33
chr16	57178021	57181491	2	2	1	337	1	44
chr16	57178021	57182850	2	2	1	102	0	44
chr16	57181537	57182850	2	2	1	333	1	37
chr17	12979205	13846588	1	1	0	39	1	12
chr17	13846613	13848354	1	1	0	1	0	21
chr17	13846640	13848354	1	1	1	4783	11	22
chr17	13846640	13849107	1	1	1	3393	2	49
chr17	13846640	13849113	1	1	0	15	0	47
chr17	13848376	13849107	1	1	1	4775	11	29
chr17	13848376	13849113	1	1	0	7	0	23
chr17	45570567	45570665	2	2	1	454	0	39
chr17	45570800	45571017	2	2	1	500	0	24
chr17	56578845	56578920	2	2	1	1	0	18
chr18	10726534	10740982	1	1	1	1	0	15
chr18	53948155	53948644	1	1	1	10866	14	28
chr18	53948155	53953244	1	1	1	1465	5	45
chr18	53948666	53953244	1	1	0	7	0	21
chr18	53948669	53953244	1	1	1	10849	11	37
chr19	7281251	7281793	2	2	0	1	0	43
chr19	7281251	7282725	2	2	0	1	0	26
chr19	7281256	7281797	2	4	1	141	1	40
chr19	7281256	7282725	2	2	1	1054	0	36
chr19	7281960	7282725	2	2	1	148	1	35
chr19	23687546	23694320	1	1	1	1	0	37
