chr1	34295537	34296741	1	1	1	85	0	18
chr1	34295537	34299720	1	1	1	33	0	39
chr1	34296760	34299720	1	1	1	85	0	18
chr1	40010678	40011649	1	1	1	75	0	22
chr1	40010678	40011811	1	1	0	1	0	21
chr1	40010678	40014105	1	1	1	32	2	32
chr1	40011842	40014105	1	1	1	70	0	37
chr1	82735508	82741817	1	1	1	1	0	40
chr1	82735508	82741934	1	1	0	1	0	40
chr1	82735508	82747082	1	1	1	2	0	40
chr1	82735508	82750519	1	1	1	53	0	40
chr1	82747143	82750519	1	1	1	4	0	38
chr2	32292216	32293314	1	1	1	8	0	43
chr2	32292216	32296625	1	1	1	105	0	43
chr2	32293396	32296625	1	1	1	8	0	38
chr2	59926161	59932104	2	2	1	2	0	31
chr2	59932171	59933405	2	2	0	68	0	35
chr2	59932171	59933411	2	2	1	478	0	32
chr2	59932171	59933670	2	2	1	3	0	38
chr2	59933439	59933670	2	2	1	538	0	30
chr2	71849507	71853533	1	1	1	548	3	43
chr2	71849507	71853820	1	1	0	2	0	37
chr2	71849507	71853890	1	1	0	8	0	39
chr2	71849507	71855853	1	1	1	4816	3	47
chr2	71849507	71855868	1	1	0	1	0	46
chr2	71853664	71855853	1	1	1	553	3	42
chr2	71853891	71855853	1	1	0	2	0	40
chr2	71853948	71855853	1	1	0	7	0	40
chr2	75662926	75663570	1	1	1	2	0	39
chr2	91001089	91001461	1	1	1	639	1	34
chr2	91001089	91003299	1	1	0	3	0	33
chr2	91001511	91003210	1	1	1	631	1	21
chr2	91001511	91003299	1	1	0	1	0	46
chr2	91003346	91003810	1	1	1	11	0	36
chr2	91159300	91162027	2	2	0	1	0	41
chr2	91159306	91160316	2	2	1	230	0	47
chr2	91159306	91162027	2	2	1	363	0	47
chr2	91160371	91162027	2	2	1	234	0	39
chr2	91681696	91684668	2	2	1	131	0	50
chr3	60422418	60613472	1	1	0	0	3	15
chr3	60613521	60614682	1	1	1	1194	4	45
chr3	60613521	60615619	1	1	1	717	0	47
chr3	60614737	60615619	1	1	1	1178	4	39
chr3	87733505	87734423	1	1	1	11	0	40
chr3	87733505	87735344	1	1	0	8	0	39
chr3	87734553	87735344	1	1	1	12	0	37
chr3	88483947	88484046	2	2	1	183	0	38
chr3	88484155	88484614	2	2	1	183	0	40
chr3	119724187	119724611	2	2	1	3921	2	34
chr3	119724187	119726065	2	2	1	25	0	29
chr3	119724646	119726065	2	2	1	4085	2	38
chr3	119724646	119726086	2	2	0	1	0	34
chr4	31992517	31994873	1	1	1	296	0	39
chr4	31992517	32002088	1	1	1	2164	3	49
chr4	31994955	32002088	1	1	1	290	0	49
chr4	107009769	107027216	1	1	1	14	0	38
chr4	107009769	107028192	1	1	1	77	0	42
chr4	107027298	107028192	1	1	1	17	0	41
chr5	23565266	23610849	2	2	0	1	0	37
chr5	23565266	23616326	2	2	1	859	2	46
chr5	23610909	23616326	2	2	0	1	0	45
chr5	72958287	72965803	1	1	1	2	0	40
chr5	72958287	72974530	1	1	1	58	0	41
chr5	72965882	72974530	1	1	1	2	0	41
chr5	116482537	116513708	2	2	0	1	0	50
chr5	116482537	116591333	2	2	1	809	2	50
chr5	149184807	149187707	1	1	1	21	0	43
chr5	149184807	149188344	1	1	1	501	0	45
chr5	149187835	149188344	1	1	1	4	0	39
chr5	149187864	149188344	1	1	0	2	0	39
chr5	149187877	149188344	1	1	1	14	0	39
chr6	47577668	47594893	2	2	1	2	0	31
chr6	98939789	98940994	2	2	1	1	0	45
chr6	98939789	98941535	2	2	1	194	0	46
chr6	98939789	98944618	2	2	0	9	0	45
chr6	98941165	98944618	2	2	0	1	0	32
chr6	98941658	98944618	2	2	1	198	0	36
chr6	125162102	125162211	2	2	1	192	4	36
chr6	128371086	128371967	1	1	1	3402	3	45
chr6	128371086	128372530	1	1	1	4	0	49
chr6	128371086	128372533	1	1	1	24	0	46
chr6	128372013	128372504	1	1	0	18	0	26
chr6	128372013	128372509	1	1	0	6	0	31
chr6	128372013	128372530	1	1	1	458	1	49
chr6	128372013	128372533	1	1	1	2865	1	46
chr6	128372013	128372539	1	1	0	1	0	40
chr6	128372018	128372530	1	1	0	7	0	49
chr6	128372018	128372533	1	1	0	31	0	46
chr6	128372208	128372533	1	1	0	1	0	46
chr7	25724845	25725923	2	2	1	1	0	41
chr7	67240441	67244520	2	2	1	124	0	24
chr7	67240441	67251656	2	2	1	1079	0	48
chr7	67244545	67251656	2	2	1	124	0	24
chr7	102001660	102002294	1	1	1	1145	0	43
chr7	102001660	102007485	1	1	1	951	0	45
chr7	102002337	102007485	1	1	1	1130	0	41
chr7	112839481	112841887	1	1	1	4	0	41
chr7	112839481	112842039	1	1	1	107	0	41
chr7	112839481	112856052	1	1	1	2	0	12
chr7	112839481	112856797	1	1	1	6	0	41
chr7	112841951	112856052	1	1	1	1	0	12
chr7	112842103	112856052	1	1	1	104	0	12
chr7	112842103	112856797	1	1	1	1	0	37
chr7	112856065	112856797	1	1	1	107	0	12
chr7	127980247	127981190	1	1	1	5	0	5
chr7	127981292	127981410	1	1	1	7	0	6
chr8	25532429	25557730	1	1	1	2	0	44
chr8	33386064	33386329	1	1	0	1	0	46
chr8	91688606	91932332	1	1	0	4	1	13
chr8	95100453	95100646	2	2	1	612	1	32
chr8	95100453	95101408	2	2	0	172	0	46
chr8	95100674	95101408	2	2	1	612	1	38
chr8	123268550	123268744	2	2	1	136	0	46
chr9	43027296	43040539	2	2	1	76	0	38
chr9	43027296	43042590	2	2	1	131	0	45
chr9	43040593	43042590	2	2	0	1	0	43
chr9	43040597	43042590	2	2	1	76	0	45
chr9	80093642	80098885	1	1	1	7307	7	31
chr9	80093642	80098892	1	1	0	171	0	14
chr9	80093642	80103693	1	1	1	195	0	45
chr9	80098907	80099016	1	1	0	1	0	21
chr9	80098907	80103693	1	1	1	7479	7	24
chr9	80099049	80103693	1	1	0	1	0	37
chr9	114597607	114597794	2	2	1	418	1	38
chr9	114597607	114598704	2	2	0	31	0	42
chr9	114597825	114598704	2	2	0	6	0	30
chr9	114597831	114598704	2	2	1	410	1	38
chr11	79458907	79463232	1	1	1	21	0	42
chr11	79458907	79468716	1	1	1	161	0	43
chr11	79463296	79468716	1	1	1	18	0	38
chr11	94112147	94113262	1	1	1	97	0	21
chr11	94112147	94114172	1	1	1	339	0	32
chr11	94113302	94114172	1	1	1	99	0	39
chr11	102310577	102310925	2	2	1	37	0	42
chr11	102310577	102311379	2	2	1	662	2	46
chr11	102310577	102311403	2	2	0	1	0	21
chr11	102311037	102311379	2	2	1	36	0	45
chr12	71952560	71958746	1	1	1	50	0	27
chr12	71952560	71959805	1	1	1	46	0	43
chr12	71958774	71959805	1	1	1	49	0	29
chr12	71958774	71959809	1	1	0	1	0	27
chr12	83811361	83825258	2	2	1	63	0	37
chr12	83811361	83831921	2	2	1	448	0	41
chr12	83825292	83831921	2	2	1	62	0	33
chr12	83825491	83831921	2	2	0	1	0	38
chr12	113133338	113133495	1	1	0	123	18	43
chr12	113133338	113133540	1	1	1	1605	27	43
chr12	113133338	113135796	1	1	1	66	0	29
chr12	113133577	113134186	1	1	0	1	0	28
chr12	113133577	113134800	1	1	0	9	0	14
chr12	113133577	113135796	1	1	1	1617	45	29
chr12	113134231	113135796	1	1	0	1	0	29
chr12	113134813	113135796	1	1	0	8	0	12
chr13	46778994	46780545	2	2	0	1	0	40
chr13	46778994	46780625	2	2	1	430	0	40
chr13	46778994	46785245	2	2	1	2913	9	44
chr13	46780665	46785245	2	2	1	437	0	39
chr13	56084286	56089757	2	2	1	43	0	40
chr13	56084286	56096123	2	2	0	2	0	40
chr13	56089858	56096123	2	2	1	43	0	41
chr14	57643224	57643334	2	2	1	2	0	39
chr14	57643224	57648418	2	2	1	116	0	40
chr14	57643490	57648418	2	2	1	2	0	38
chr14	120389164	120395711	1	1	1	290	0	39
chr14	120389164	120396450	1	1	1	315	0	48
chr14	120395766	120396450	1	1	1	288	0	48
chr15	77102940	77105576	2	2	1	196	0	42
chr15	77102940	77113604	2	2	1	15	0	44
chr15	77105670	77113604	2	2	1	198	0	48
chr16	57178021	57181491	2	2	1	210	0	45
chr16	57178021	57182850	2	2	1	191	0	44
chr16	57181537	57182850	2	2	1	208	0	37
chr17	12979205	13846588	1	1	0	37	0	12
chr17	13846613	13848354	1	1	0	2	0	21
chr17	13846640	13847291	1	1	0	3	0	19
chr17	13846640	13848354	1	1	1	3396	4	24
chr17	13846640	13849107	1	1	1	4006	8	46
chr17	13846640	13849113	1	1	0	22	0	47
chr17	13847311	13848354	1	1	0	3	0	20
chr17	13848376	13849107	1	1	1	3389	4	29
chr17	13848376	13849113	1	1	0	12	0	21
chr17	45570567	45570665	2	2	1	605	3	37
chr17	45570800	45571017	2	2	1	655	2	24
chr18	53948155	53948644	1	1	1	10984	11	30
chr18	53948155	53948651	1	1	0	1	0	17
chr18	53948155	53953244	1	1	1	2412	4	43
chr18	53948167	53948644	1	1	0	1	0	27
chr18	53948666	53953244	1	1	0	2	0	21
chr18	53948669	53953244	1	1	1	10968	10	37
chr18	53948669	53953268	1	1	0	2	0	24
chr18	53949705	53953244	1	1	0	1	0	24
chr19	7281256	7281797	2	4	1	177	0	39
chr19	7281256	7282725	2	2	1	863	1	35
chr19	7281960	7282725	2	2	1	192	0	35
chrX	151001122	151002173	2	2	1	1	0	9
