chr1	34295537	34296741	1	1	1	36	0	18
chr1	34295537	34299720	1	1	1	125	1	40
chr1	34296760	34299720	1	1	1	36	0	18
chr1	40010678	40011649	1	1	1	24	0	21
chr1	40010678	40014105	1	1	1	45	2	32
chr1	40011842	40014105	1	1	1	23	0	39
chr1	82735508	82741817	1	1	1	1	0	20
chr1	82735508	82747082	1	1	1	1	0	40
chr1	82735508	82750519	1	1	1	36	0	40
chr1	82747143	82750519	1	1	1	1	0	38
chr1	91500911	91501004	1	1	1	2	0	29
chr1	153136904	153137190	2	2	1	1	0	40
chr2	32292216	32293314	1	1	1	2	0	43
chr2	32292216	32296625	1	1	1	47	0	43
chr2	32293396	32296625	1	1	1	2	0	38
chr2	59926161	59932104	2	2	1	2	0	27
chr2	59932171	59933405	2	2	0	5	0	33
chr2	59932171	59933411	2	2	1	56	0	31
chr2	59932171	59933670	2	2	1	10	0	38
chr2	59933439	59933670	2	2	1	60	0	28
chr2	71849507	71853533	1	1	1	40	0	39
chr2	71849507	71855853	1	1	1	1404	0	43
chr2	71853664	71855853	1	1	1	39	0	40
chr2	75662926	75663570	1	1	1	6	1	32
chr2	91001089	91001461	1	1	1	385	1	25
chr2	91001511	91003210	1	1	1	378	1	25
chr2	91001511	91003299	1	1	0	1	0	46
chr2	91003238	91003810	1	1	0	1	0	27
chr2	91003346	91003810	1	1	1	11	0	36
chr2	91159306	91160316	2	2	1	5	0	47
chr2	91159306	91162027	2	2	1	150	0	47
chr2	91160371	91162027	2	2	1	5	0	38
chr2	91681696	91682025	2	2	1	3	0	50
chr2	91681696	91684668	2	2	1	633	0	50
chr2	91682110	91684668	2	2	0	3	0	38
chr2	153670448	153670848	1	1	1	54	0	42
chr2	153670909	153672215	1	1	1	49	0	50
chr2	153670909	153714954	1	1	0	1	0	50
chr2	168752741	168754433	2	2	1	14192	16	49
chr3	60613521	60614682	1	1	1	113	0	44
chr3	60613521	60615619	1	1	1	34	0	44
chr3	60614737	60615619	1	1	1	113	0	38
chr3	87733505	87735344	1	1	0	137	0	41
chr3	88483947	88484046	2	2	1	144	0	39
chr3	88484155	88484614	2	2	1	145	0	39
chr3	119724187	119724611	2	2	1	1258	1	34
chr3	119724187	119726065	2	2	1	9	0	29
chr3	119724646	119726065	2	2	1	1295	1	38
chr3	129825617	129826823	2	2	1	2	0	36
chr4	31992517	31993403	1	1	0	1	0	21
chr4	31992517	31994873	1	1	1	1117	1	39
chr4	31992517	32002088	1	1	1	754	3	49
chr4	31993425	31994873	1	1	0	1	0	17
chr4	31994955	32002088	1	1	1	1096	1	49
chr4	32002154	32010315	1	1	1	0	1	1
chr4	107009769	107027216	1	1	1	52	0	38
chr4	107009769	107028192	1	1	1	242	0	43
chr4	107027298	107028192	1	1	1	59	0	41
chr5	23565266	23616326	2	2	1	117	0	49
chr5	72958287	72965803	1	1	1	4	0	37
chr5	72958287	72974530	1	1	1	23	1	42
chr5	72965882	72974530	1	1	1	4	0	41
chr5	116482537	116591333	2	2	1	4	0	50
chr5	149184807	149185349	1	1	0	1	0	43
chr5	149184807	149185484	1	1	1	1	0	43
chr5	149184807	149187707	1	1	1	38	0	44
chr5	149184807	149188344	1	1	1	200	0	44
chr5	149187835	149188344	1	1	1	2	0	39
chr5	149187864	149188344	1	1	0	1	0	39
chr5	149187877	149188344	1	1	1	37	0	39
chr6	72634233	72648800	2	2	1	2977	3	42
chr6	72634233	72649119	2	2	1	5617	2	50
chr6	72648843	72649119	2	2	1	2973	3	42
chr6	98939789	98940994	2	2	1	2	0	45
chr6	98939789	98941535	2	2	1	57	0	45
chr6	98939789	98944618	2	2	0	15	0	46
chr6	98941165	98944618	2	2	0	2	0	36
chr6	98941658	98944618	2	2	1	58	0	36
chr6	125162102	125162211	2	2	1	357	7	43
chr6	128371086	128371967	1	1	1	1205	0	43
chr6	128371086	128372530	1	1	1	70	0	49
chr6	128371086	128372533	1	1	1	486	0	46
chr6	128372013	128372504	1	1	0	6	0	26
chr6	128372013	128372509	1	1	0	1	0	31
chr6	128372013	128372530	1	1	1	151	0	47
chr6	128372013	128372533	1	1	1	1023	0	46
chr6	128372013	128372539	1	1	0	2	0	40
chr6	128372018	128372530	1	1	0	1	0	49
chr6	128372018	128372533	1	1	0	18	0	46
chr7	16857858	16858378	1	1	1	1	0	42
chr7	28174687	28174784	1	1	1	1	0	16
chr7	67240441	67244520	2	2	1	9	0	24
chr7	67240441	67251656	2	2	1	483	1	44
chr7	67244545	67251656	2	2	1	9	0	24
chr7	102001660	102002294	1	1	1	144	0	42
chr7	102001660	102007485	1	1	1	2395	1	45
chr7	102002337	102007485	1	1	1	144	0	40
chr7	112839481	112841887	1	1	1	15	0	41
chr7	112839481	112842039	1	1	1	112	0	41
chr7	112839481	112856797	1	1	1	28	0	41
chr7	112841951	112856052	1	1	1	1	0	12
chr7	112841951	112856797	1	1	0	8	0	37
chr7	112842103	112856052	1	1	1	4	0	12
chr7	112842103	112856776	1	1	0	1	0	16
chr7	112842103	112856797	1	1	1	110	0	38
chr7	112842103	112856803	1	1	0	1	0	43
chr7	112856065	112856797	1	1	1	8	0	14
chr7	127980247	127981190	1	1	1	13	0	22
chr7	127981292	127981410	1	1	1	11	0	6
chr7	144861833	144862231	1	1	1	1143	0	39
chr7	144861837	144862231	1	1	0	4	0	32
chr7	144862267	144862764	1	1	0	1	0	35
chr7	144862336	144862764	1	1	1	1109	0	46
chr8	25532429	25555507	1	1	1	1	0	44
chr8	25532429	25557730	1	1	1	3	0	44
chr8	25555775	25557730	1	1	1	3	0	37
chr8	95100453	95100646	2	2	1	344	0	31
chr8	95100453	95101408	2	2	0	697	0	46
chr8	95100674	95101408	2	2	1	344	0	42
chr8	121628690	121651724	2	2	1	1	0	20
chr8	123268550	123268744	2	2	1	82	0	46
chr9	43027296	43040539	2	2	1	16	0	38
chr9	43027296	43042590	2	2	1	189	0	45
chr9	43040597	43042590	2	2	1	16	0	45
chr9	80093642	80098885	1	1	1	1175	1	26
chr9	80093642	80098892	1	1	0	37	0	14
chr9	80093642	80103693	1	1	1	6820	4	46
chr9	80093642	80103698	1	1	0	5	0	44
chr9	80098907	80103693	1	1	1	1211	1	24
chr9	107860460	107864917	2	2	1	1	0	30
chr9	114597607	114597794	2	2	1	176	0	38
chr9	114597607	114598704	2	2	0	213	0	42
chr9	114597831	114598704	2	2	1	175	0	36
chr11	79458907	79463232	1	1	1	26	0	42
chr11	79458907	79468716	1	1	1	24	0	42
chr11	79463296	79468716	1	1	1	25	0	39
chr11	94112147	94113262	1	1	1	18	0	21
chr11	94112147	94114172	1	1	1	212	0	32
chr11	94113302	94114172	1	1	1	18	0	39
chr11	102310577	102310925	2	2	1	69	0	42
chr11	102310577	102311379	2	2	1	203	2	46
chr11	102311037	102311379	2	2	1	69	0	45
chr12	71952560	71959805	1	1	1	150	0	44
chr12	83811361	83825258	2	2	1	117	0	33
chr12	83811361	83831921	2	2	1	132	0	41
chr12	83825292	83831921	2	2	1	117	0	33
chr12	113133338	113133495	1	1	0	10	0	43
chr12	113133338	113133540	1	1	1	262	0	38
chr12	113133338	113135796	1	1	1	610	0	29
chr12	113133577	113135796	1	1	1	250	0	29
chr13	46778994	46780625	2	2	1	580	1	41
chr13	46778994	46785245	2	2	1	1868	3	47
chr13	46780665	46785245	2	2	1	588	1	39
chr13	56084286	56089757	2	2	1	16	0	41
chr13	56089858	56096123	2	2	1	16	0	41
chr14	57643224	57643334	2	2	1	1	0	39
chr14	57643224	57648418	2	2	1	95	0	47
chr14	57643490	57648418	2	2	1	1	0	38
chr14	120389164	120395711	1	1	1	321	0	39
chr14	120389164	120395717	1	1	0	3	0	38
chr14	120389164	120396450	1	1	1	72	0	48
chr14	120395766	120396450	1	1	1	325	0	48
chr15	77102940	77105576	2	2	1	79	0	41
chr15	77102940	77113604	2	2	1	13	0	44
chr15	77105670	77113604	2	2	1	79	0	48
chr15	103242719	103242921	1	1	1	1	0	42
chr16	57178021	57181491	2	2	1	25	0	43
chr16	57178021	57182850	2	2	1	755	0	44
chr16	57181537	57182850	2	2	1	24	0	33
chr16	84831508	84834808	2	2	1	1	0	11
chr16	94686604	94691580	1	1	1	3	0	45
chr17	12979205	13846588	1	1	0	30	0	12
chr17	13846613	13848354	1	1	0	8	0	21
chr17	13846640	13848354	1	1	1	637	2	22
chr17	13846640	13849107	1	1	1	11653	10	50
chr17	13846640	13849113	1	1	0	45	0	47
chr17	13848376	13849107	1	1	1	642	2	29
chr17	13848376	13849113	1	1	0	4	0	21
chr17	45570558	45570665	2	2	0	1	0	25
chr17	45570567	45570665	2	2	1	443	0	50
chr17	45570800	45571017	2	2	1	454	0	21
chr17	56578845	56578920	2	2	1	1	0	18
chr17	56578986	56582983	2	2	1	1	0	42
chr18	36641694	36642925	1	1	1	1	0	27
chr18	36643095	36644260	1	1	1	1	0	28
chr18	53948155	53948644	1	1	1	1786	2	28
chr18	53948155	53949213	1	1	0	1	0	39
chr18	53948155	53953244	1	1	1	11593	7	45
chr18	53948666	53953244	1	1	0	1	0	21
chr18	53948669	53953244	1	1	1	1777	2	24
chr18	53949263	53953244	1	1	0	1	0	37
chr18	64512050	64515325	2	2	1	1	0	10
chr18	64515409	64516415	2	2	1	1	0	30
chr18	77150099	77152614	1	1	1	1	0	32
chr19	7281256	7281797	2	4	1	141	0	40
chr19	7281256	7282725	2	2	1	446	0	35
chr19	7281960	7282725	2	2	1	161	0	35
chr19	23687546	23694320	1	1	1	1	0	37
