chr1	34295537	34296741	1	1	1	66	0	18
chr1	34295537	34299720	1	1	1	14	0	38
chr1	34296760	34299720	1	1	1	66	0	18
chr1	40010678	40011649	1	1	1	65	0	21
chr1	40010678	40011733	1	1	0	1	0	21
chr1	40010678	40011811	1	1	0	1	0	21
chr1	40010678	40014105	1	1	1	28	1	32
chr1	40011842	40014105	1	1	1	67	0	39
chr1	82735508	82741817	1	1	1	3	0	42
chr1	82735508	82747082	1	1	1	3	0	40
chr1	82735508	82750519	1	1	1	39	0	41
chr1	82747143	82750519	1	1	1	5	0	38
chr2	32292216	32293314	1	1	1	9	0	43
chr2	32292216	32296625	1	1	1	69	0	43
chr2	32293396	32296625	1	1	1	9	0	38
chr2	59932171	59933405	2	2	0	50	0	33
chr2	59932171	59933411	2	2	1	312	0	31
chr2	59933439	59933670	2	2	1	359	0	32
chr2	71849507	71853533	1	1	1	598	1	42
chr2	71849507	71855853	1	1	1	1869	1	42
chr2	71849507	71855868	1	1	0	7	0	46
chr2	71853664	71855853	1	1	1	613	1	41
chr2	75662926	75663570	1	1	1	4	1	40
chr2	91001089	91001461	1	1	1	459	0	34
chr2	91001511	91003210	1	1	1	449	0	25
chr2	91003238	91003810	1	1	0	1	0	27
chr2	91003346	91003810	1	1	1	10	0	36
chr2	91159300	91162027	2	2	0	3	0	41
chr2	91159306	91160316	2	2	1	173	1	47
chr2	91159306	91162027	2	2	1	304	1	47
chr2	91160371	91162027	2	2	1	177	1	40
chr2	91681696	91682025	2	2	1	1	0	50
chr2	91681696	91684668	2	2	1	154	0	50
chr2	91682137	91684668	2	2	1	1	0	38
chr2	119692227	119701117	1	1	1	1	0	2
chr2	153670448	153670848	1	1	1	2	0	42
chr2	153670448	153672215	1	1	1	4	0	50
chr2	153670909	153672215	1	1	1	2	0	50
chr3	60613521	60614682	1	1	1	1097	1	45
chr3	60613521	60615619	1	1	1	1164	1	45
chr3	60614737	60615619	1	1	1	1096	1	44
chr3	87733505	87734423	1	1	1	5	0	39
chr3	87733505	87735344	1	1	0	11	0	39
chr3	87734553	87735344	1	1	1	6	0	37
chr3	88483947	88484046	2	2	1	298	0	42
chr3	88484155	88484614	2	2	1	297	0	39
chr3	119724187	119724611	2	2	1	5206	4	34
chr3	119724187	119726065	2	2	1	3	0	29
chr3	119724646	119726065	2	2	1	5294	4	38
chr3	129825617	129826823	2	2	1	1	0	36
chr3	142948246	142963375	2	2	0	0	1	13
chr4	31992517	31994873	1	1	1	167	0	40
chr4	31992517	32002088	1	1	1	2299	4	49
chr4	31994955	32002088	1	1	1	167	0	49
chr4	107009769	107027216	1	1	1	11	0	38
chr4	107009769	107028192	1	1	1	106	0	43
chr4	107027298	107028192	1	1	1	14	0	41
chr4	139473637	139476130	1	1	1	1	0	8
chr5	23565266	23616326	2	2	1	549	2	46
chr5	72958287	72965803	1	1	1	4	0	40
chr5	72958287	72974530	1	1	1	106	0	42
chr5	72965882	72974530	1	1	1	4	0	41
chr5	116482537	116591333	2	2	1	651	3	50
chr5	149184807	149185349	1	1	0	2	0	31
chr5	149184807	149185484	1	1	1	1	0	43
chr5	149184807	149187707	1	1	1	24	0	43
chr5	149184807	149188344	1	1	1	500	1	45
chr5	149185381	149188344	1	1	0	2	0	35
chr5	149185662	149188344	1	1	0	1	0	39
chr5	149187835	149188344	1	1	1	3	0	39
chr5	149187877	149188344	1	1	1	21	0	39
chr6	98939789	98941535	2	2	1	97	0	46
chr6	98939789	98944618	2	2	0	5	0	45
chr6	98941658	98944618	2	2	1	98	0	36
chr6	125162102	125162211	2	2	1	233	9	42
chr6	128371086	128371967	1	1	1	2462	0	43
chr6	128371086	128372530	1	1	1	1	0	49
chr6	128371086	128372533	1	1	1	7	0	46
chr6	128372013	128372278	1	1	0	1	0	27
chr6	128372013	128372504	1	1	0	10	0	26
chr6	128372013	128372509	1	1	0	2	0	31
chr6	128372013	128372530	1	1	1	317	0	49
chr6	128372013	128372533	1	1	1	2099	0	46
chr6	128372013	128372536	1	1	0	1	0	43
chr6	128372013	128372539	1	1	0	2	0	40
chr6	128372018	128372530	1	1	0	5	0	49
chr6	128372018	128372533	1	1	0	29	0	46
chr6	128372306	128372533	1	1	0	1	0	27
chr7	25724845	25725923	2	2	1	1	0	39
chr7	67240441	67244520	2	2	1	90	0	24
chr7	67240441	67251656	2	2	1	770	1	46
chr7	67244545	67251656	2	2	1	90	0	24
chr7	102001660	102002294	1	1	1	1123	0	43
chr7	102001660	102007485	1	1	1	306	0	45
chr7	102002337	102007485	1	1	1	1126	0	42
chr7	112839481	112841887	1	1	1	5	1	41
chr7	112839481	112842039	1	1	1	97	1	41
chr7	112839481	112856052	1	1	1	7	0	12
chr7	112839481	112856797	1	1	1	9	0	41
chr7	112841906	112842057	1	1	0	0	1	18
chr7	112841951	112856052	1	1	1	2	0	12
chr7	112842103	112856052	1	1	1	96	1	12
chr7	112842103	112856797	1	1	1	1	0	37
chr7	112856065	112856797	1	1	1	108	1	14
chr7	127980247	127981190	1	1	1	4	0	8
chr7	127981292	127981410	1	1	1	4	0	6
chr8	25532429	25557730	1	1	1	2	0	44
chr8	72219861	72219940	1	1	1	1	0	30
chr8	95100453	95100646	2	2	1	774	1	32
chr8	95100453	95101408	2	2	0	74	0	46
chr8	95100674	95101408	2	2	1	775	1	44
chr8	95101447	95139983	2	2	0	0	1	15
chr8	121628690	121651724	2	2	1	1	0	20
chr8	123268550	123268744	2	2	1	149	0	47
chr9	43027296	43040539	2	2	1	109	0	38
chr9	43027296	43042590	2	2	1	90	0	45
chr9	43040593	43042590	2	2	0	2	0	45
chr9	43040597	43042590	2	2	1	105	0	46
chr9	80093642	80098885	1	1	1	5589	3	27
chr9	80093642	80098892	1	1	0	127	0	18
chr9	80093642	80103693	1	1	1	177	0	44
chr9	80098907	80103693	1	1	1	5720	3	24
chr9	80098907	80103698	1	1	0	1	0	21
chr9	114597607	114597794	2	2	1	328	0	38
chr9	114597607	114598704	2	2	0	4	0	40
chr9	114597825	114598704	2	2	0	2	0	30
chr9	114597831	114598704	2	2	1	325	0	38
chr11	79458907	79463232	1	1	1	11	0	42
chr11	79458907	79468716	1	1	1	116	1	43
chr11	79463296	79468716	1	1	1	11	0	39
chr11	94112147	94113262	1	1	1	82	1	21
chr11	94112147	94114172	1	1	1	248	0	32
chr11	94113302	94114172	1	1	1	84	1	39
chr11	102310577	102310925	2	2	1	30	0	42
chr11	102310577	102311379	2	2	1	606	0	47
chr11	102311037	102311379	2	2	1	30	0	45
chr12	71952560	71958746	1	1	1	38	0	27
chr12	71952560	71959805	1	1	1	37	0	43
chr12	71958774	71959805	1	1	1	38	0	27
chr12	83811361	83825258	2	2	1	32	0	33
chr12	83811361	83831921	2	2	1	247	0	41
chr12	83825292	83831921	2	2	1	32	0	33
chr12	113133331	113133540	1	1	0	1	0	36
chr12	113133338	113133495	1	1	0	77	11	43
chr12	113133338	113133540	1	1	1	1415	53	42
chr12	113133338	113135796	1	1	1	7	0	29
chr12	113133577	113134800	1	1	0	15	0	14
chr12	113133577	113135796	1	1	1	1435	64	29
chr12	113134813	113135796	1	1	0	14	0	12
chr13	46778994	46780625	2	2	1	671	0	42
chr13	46778994	46785245	2	2	1	1594	4	44
chr13	46780663	46785245	2	2	0	1	0	37
chr13	46780665	46785245	2	2	1	674	0	39
chr13	56084286	56089757	2	2	1	27	0	40
chr13	56089858	56096123	2	2	1	27	0	41
chr14	57643224	57648418	2	2	1	78	0	39
chr14	120389164	120395711	1	1	1	133	0	44
chr14	120389164	120395717	1	1	0	1	0	38
chr14	120389164	120396450	1	1	1	351	2	48
chr14	120395766	120396450	1	1	1	136	0	48
chr15	77102940	77105576	2	2	1	164	0	45
chr15	77102940	77113604	2	2	1	10	0	48
chr15	77105670	77113604	2	2	1	165	0	48
chr15	103242719	103243624	1	1	1	0	2	33
chr16	57178021	57181491	2	2	1	233	0	45
chr16	57178021	57182850	2	2	1	81	0	43
chr16	57181537	57182850	2	2	1	234	0	33
chr17	12979205	13846588	1	1	0	24	0	12
chr17	13846613	13848354	1	1	0	3	0	21
chr17	13846640	13848020	1	1	0	2	0	36
chr17	13846640	13848354	1	1	1	3744	4	22
chr17	13846640	13848361	1	1	0	2	0	14
chr17	13846640	13849107	1	1	1	2924	5	45
chr17	13846640	13849113	1	1	0	20	0	47
chr17	13848057	13849107	1	1	0	2	0	38
chr17	13848376	13849107	1	1	1	3753	4	29
chr17	45570567	45570665	2	2	1	274	2	34
chr17	45570800	45571017	2	2	1	309	0	23
chr17	56578845	56578920	2	2	1	1	0	18
chr17	56578986	56582983	2	2	1	1	0	42
chr18	10726534	10740982	1	1	1	3	0	15
chr18	53948155	53948644	1	1	1	10062	11	30
chr18	53948155	53948651	1	1	0	1	0	17
chr18	53948155	53953244	1	1	1	1554	1	44
chr18	53948666	53953244	1	1	0	2	0	21
chr18	53948669	53953244	1	1	1	10053	10	27
chr19	7281251	7282725	2	2	0	3	0	26
chr19	7281256	7281797	2	4	1	169	0	43
chr19	7281256	7282725	2	2	1	1171	0	36
chr19	7281960	7282725	2	2	1	172	0	35
