chr1	34295537	34296741	1	1	1	178	0	18
chr1	34295537	34299720	1	1	1	30	0	38
chr1	34296760	34299720	1	1	1	177	0	19
chr1	40010678	40011649	1	1	1	160	0	21
chr1	40010678	40011783	1	1	0	2	0	21
chr1	40010678	40011811	1	1	0	4	0	21
chr1	40010678	40014105	1	1	1	53	2	32
chr1	40011842	40014105	1	1	1	165	0	38
chr1	82735508	82741817	1	1	1	4	0	40
chr1	82735508	82741934	1	1	0	2	0	40
chr1	82735508	82747082	1	1	1	1	0	40
chr1	82735508	82750519	1	1	1	71	0	40
chr1	82741977	82750519	1	1	1	1	0	38
chr1	82747143	82750519	1	1	1	3	0	38
chr2	30066894	30068268	1	1	1	2	0	20
chr2	32292216	32293314	1	1	1	26	0	43
chr2	32292216	32296625	1	1	1	82	0	44
chr2	32293396	32296625	1	1	1	26	0	38
chr2	59926161	59932104	2	2	1	2	0	20
chr2	59932171	59933405	2	2	0	98	0	37
chr2	59932171	59933411	2	2	1	480	0	31
chr2	59932171	59933670	2	2	1	1	0	35
chr2	59933439	59933670	2	2	1	567	0	28
chr2	71849507	71853533	1	1	1	1246	1	40
chr2	71849507	71853890	1	1	0	1	0	39
chr2	71849507	71855853	1	1	1	4409	4	42
chr2	71849507	71855868	1	1	0	3	0	46
chr2	71853664	71855853	1	1	1	1271	1	42
chr2	71853891	71855853	1	1	0	2	0	40
chr2	71853948	71855853	1	1	0	1	0	40
chr2	75662926	75663570	1	1	1	7	0	36
chr2	91001089	91001461	1	1	1	955	2	34
chr2	91001089	91003299	1	1	0	5	0	33
chr2	91001511	91003210	1	1	1	947	2	25
chr2	91001511	91003299	1	1	0	1	0	46
chr2	91003238	91003810	1	1	0	1	0	27
chr2	91003346	91003810	1	1	1	26	0	37
chr2	91159300	91162027	2	2	0	4	0	41
chr2	91159306	91160316	2	2	1	308	0	47
chr2	91159306	91162027	2	2	1	475	0	47
chr2	91160371	91162027	2	2	1	308	0	38
chr2	91681696	91682025	2	2	1	2	0	50
chr2	91681696	91684668	2	2	1	213	0	50
chr2	91682137	91684668	2	2	1	2	0	38
chr2	153670448	153672215	1	1	1	1	0	50
chr2	168752741	168754433	2	2	1	2	0	44
chr3	60357579	60613472	1	1	0	4	0	15
chr3	60422418	60613472	1	1	0	0	4	15
chr3	60613521	60614682	1	1	1	1733	4	45
chr3	60613521	60615619	1	1	1	1305	2	45
chr3	60614737	60615619	1	1	1	1726	4	39
chr3	87733505	87734423	1	1	1	15	0	39
chr3	87733505	87735344	1	1	0	19	0	41
chr3	87734553	87735344	1	1	1	14	0	37
chr3	88483947	88484046	2	2	1	321	0	40
chr3	88483947	88484614	2	2	0	2	0	38
chr3	88484155	88484614	2	2	1	319	0	40
chr3	119724187	119724611	2	2	1	4884	3	34
chr3	119724187	119726065	2	2	1	20	0	29
chr3	119724629	119726065	2	2	0	3	0	17
chr3	119724646	119726065	2	2	1	4971	3	38
chr3	129825617	129826823	2	2	1	1	0	36
chr4	31992517	31994873	1	1	1	292	0	40
chr4	31992517	32002088	1	1	1	3873	2	50
chr4	31994955	32002088	1	1	1	289	0	49
chr4	107009769	107027216	1	1	1	21	0	39
chr4	107009769	107028192	1	1	1	223	0	42
chr4	107027298	107028192	1	1	1	24	0	41
chr4	139473637	139476130	1	1	1	2	0	13
chr4	149222365	149223229	2	2	1	1	0	32
chr5	23565266	23616326	2	2	1	704	1	46
chr5	23575717	23616326	2	2	0	1	0	45
chr5	72958287	72965803	1	1	1	2	0	40
chr5	72958287	72974530	1	1	1	74	0	42
chr5	72965882	72974530	1	1	1	2	0	41
chr5	116477146	116482389	2	2	1	2	0	33
chr5	116482537	116591333	2	2	1	1135	0	50
chr5	149184807	149185484	1	1	1	1	0	43
chr5	149184807	149187707	1	1	1	28	0	44
chr5	149184807	149188344	1	1	1	602	1	44
chr5	149185662	149188344	1	1	0	1	0	39
chr5	149187877	149188344	1	1	1	28	0	39
chr6	47577668	47594893	2	2	1	1	0	34
chr6	98939789	98940994	2	2	1	3	0	45
chr6	98939789	98941535	2	2	1	315	0	46
chr6	98939789	98944618	2	2	0	10	0	45
chr6	98941165	98944618	2	2	0	2	0	36
chr6	98941658	98944618	2	2	1	314	0	37
chr6	125162102	125162211	2	2	1	402	13	37
chr6	128371086	128371967	1	1	1	4485	3	44
chr6	128371086	128372530	1	1	1	2	0	49
chr6	128371086	128372533	1	1	1	12	0	46
chr6	128372013	128372504	1	1	0	23	0	26
chr6	128372013	128372509	1	1	0	10	0	31
chr6	128372013	128372530	1	1	1	586	1	49
chr6	128372013	128372533	1	1	1	3810	3	46
chr6	128372013	128372539	1	1	0	1	0	40
chr6	128372018	128372504	1	1	0	1	0	26
chr6	128372018	128372530	1	1	0	3	0	49
chr6	128372018	128372533	1	1	0	55	0	46
chr7	30192593	30192866	2	2	1	1	0	32
chr7	30192901	30193877	2	2	1	1	0	26
chr7	67240441	67244520	2	2	1	248	1	24
chr7	67240441	67251656	2	2	1	1625	2	45
chr7	67244545	67251656	2	2	1	248	1	24
chr7	99849060	99858763	2	2	1	1	0	44
chr7	102001660	102002294	1	1	1	1798	1	43
chr7	102001660	102007485	1	1	1	651	0	45
chr7	102001665	102002300	1	1	0	1	0	36
chr7	102002337	102007485	1	1	1	1805	1	41
chr7	102003812	102007485	1	1	0	1	0	39
chr7	112839481	112841887	1	1	1	7	1	41
chr7	112839481	112842039	1	1	1	190	3	41
chr7	112839481	112856052	1	1	1	1	0	12
chr7	112839481	112856797	1	1	1	14	0	41
chr7	112841906	112842057	1	1	0	0	1	18
chr7	112841951	112856052	1	1	1	3	0	12
chr7	112842103	112856052	1	1	1	190	1	12
chr7	112842103	112856797	1	1	1	3	1	37
chr7	112856065	112856797	1	1	1	198	1	14
chr7	127980247	127981190	1	1	1	24	0	5
chr7	127981292	127981410	1	1	1	25	0	6
chr8	25532429	25557730	1	1	1	4	0	44
chr8	25555775	25557730	1	1	1	1	0	37
chr8	91688606	91932332	1	1	0	4	0	13
chr8	95100453	95100646	2	2	1	1104	3	31
chr8	95100453	95101408	2	2	0	126	0	46
chr8	95100674	95101408	2	2	1	1104	3	43
chr8	95101447	95139983	2	2	0	0	2	15
chr8	120566541	120566926	1	1	1	1	0	5
chr8	123268550	123268744	2	2	1	223	0	46
chr9	43027296	43040539	2	2	1	172	0	44
chr9	43027296	43042590	2	2	1	161	0	45
chr9	43040597	43042590	2	2	1	171	0	46
chr9	59454470	59485978	2	2	1	1	0	36
chr9	80093642	80098885	1	1	1	8249	3	30
chr9	80093642	80098892	1	1	0	184	0	19
chr9	80093642	80103693	1	1	1	210	0	45
chr9	80098907	80099016	1	1	0	3	0	21
chr9	80098907	80103693	1	1	1	8430	3	27
chr9	80098907	80103698	1	1	0	1	0	21
chr9	80099049	80103693	1	1	0	3	0	37
chr9	114597607	114597794	2	2	1	562	0	39
chr9	114597607	114598704	2	2	0	32	0	42
chr9	114597825	114598704	2	2	0	8	0	30
chr9	114597831	114598704	2	2	1	553	0	36
chr11	26778879	26787397	2	2	0	1	2	13
chr11	79458907	79463232	1	1	1	10	0	42
chr11	79458907	79468716	1	1	1	217	0	42
chr11	79463296	79468716	1	1	1	9	0	38
chr11	94112147	94113262	1	1	1	116	1	23
chr11	94112147	94114172	1	1	1	447	0	32
chr11	94113302	94114172	1	1	1	118	1	39
chr11	102310577	102310925	2	2	1	66	1	42
chr11	102310577	102311379	2	2	1	851	0	45
chr11	102311037	102311379	2	2	1	65	0	45
chr12	71952560	71958746	1	1	1	61	0	27
chr12	71952560	71959805	1	1	1	34	0	43
chr12	71958774	71959805	1	1	1	61	0	29
chr12	83811361	83811669	2	2	0	1	0	37
chr12	83811361	83825258	2	2	1	50	0	37
chr12	83811361	83831921	2	2	1	407	0	42
chr12	83811744	83831921	2	2	0	1	0	38
chr12	83825292	83831921	2	2	1	47	0	33
chr12	83825319	83831921	2	2	0	3	0	38
chr12	113133338	113133495	1	1	0	140	14	44
chr12	113133338	113133540	1	1	1	1885	72	43
chr12	113133338	113135796	1	1	1	8	0	29
chr12	113133577	113134800	1	1	0	12	0	12
chr12	113133577	113135796	1	1	1	1964	85	29
chr12	113134813	113135796	1	1	0	12	0	12
chr13	46778990	46785245	2	2	0	1	0	44
chr13	46778994	46780625	2	2	1	714	2	40
chr13	46778994	46785245	2	2	1	3247	3	50
chr13	46780665	46785245	2	2	1	716	2	39
chr13	56084286	56089757	2	2	1	75	0	40
chr13	56084286	56096123	2	2	0	2	0	40
chr13	56089858	56096123	2	2	1	73	0	38
chr14	8171531	8172763	2	2	1	1	0	11
chr14	8172818	8172890	2	2	1	1	0	41
chr14	57643224	57643334	2	2	1	4	0	39
chr14	57643224	57648418	2	2	1	166	0	40
chr14	57643490	57648418	2	2	1	4	0	38
chr14	120389164	120395711	1	1	1	320	0	39
chr14	120389164	120395717	1	1	0	1	0	38
chr14	120389164	120396450	1	1	1	498	0	48
chr14	120395766	120396450	1	1	1	326	0	48
chr15	77102940	77105576	2	2	1	302	0	43
chr15	77102940	77113604	2	2	1	18	0	48
chr15	77105670	77113604	2	2	1	300	0	48
chr15	77112788	77113604	2	2	0	1	0	44
chr15	103242719	103242921	1	1	1	0	1	33
chr15	103242719	103243624	1	1	1	0	2	33
chr16	57178021	57181491	2	2	1	332	0	44
chr16	57178021	57182850	2	2	1	148	0	43
chr16	57181507	57182850	2	2	0	2	0	15
chr16	57181537	57182850	2	2	1	326	0	37
chr17	12979205	13846588	1	1	0	38	2	12
chr17	13846613	13849107	1	1	0	1	0	29
chr17	13846640	13848354	1	1	1	4938	6	22
chr17	13846640	13849107	1	1	1	4598	7	46
chr17	13846640	13849113	1	1	0	8	0	48
chr17	13848376	13849107	1	1	1	4923	6	29
chr17	13848376	13849113	1	1	0	14	0	21
chr17	45570567	45570665	2	2	1	601	1	44
chr17	45570800	45571017	2	2	1	687	1	21
chr17	56578845	56578920	2	2	1	2	0	31
chr17	56578986	56582983	2	2	1	2	0	42
chr18	10726534	10740982	1	1	1	1	0	15
chr18	53948155	53948644	1	1	1	12665	12	28
chr18	53948155	53948655	1	1	0	1	0	13
chr18	53948155	53953244	1	1	1	1927	3	45
chr18	53948666	53953244	1	1	0	9	0	21
chr18	53948669	53953244	1	1	1	12650	11	37
chr18	53948669	53953268	1	1	0	3	0	24
chr19	7281251	7282725	2	2	0	1	0	26
chr19	7281256	7281797	2	4	1	260	1	42
chr19	7281256	7282725	2	2	1	1235	0	35
chr19	7281960	7282725	2	2	1	271	2	31
