chr1	34295537	34296741	1	1	1	83	0	18
chr1	34295537	34299720	1	1	1	9	0	38
chr1	34296760	34299720	1	1	1	83	0	19
chr1	37885317	37890159	2	2	1	1	0	37
chr1	40010678	40011649	1	1	1	87	0	21
chr1	40010678	40011783	1	1	0	2	0	21
chr1	40010678	40014105	1	1	1	48	3	32
chr1	40011842	40014105	1	1	1	85	0	37
chr1	55088413	55089050	1	1	1	1	0	30
chr1	82735508	82747082	1	1	1	1	0	40
chr1	82735508	82750519	1	1	1	66	0	40
chr1	82747143	82750519	1	1	1	1	0	38
chr1	86356458	86356555	2	2	1	6	0	22
chr2	32292216	32293314	1	1	1	14	0	43
chr2	32292216	32296625	1	1	1	64	0	43
chr2	32293396	32296625	1	1	1	14	0	38
chr2	59926161	59932104	2	2	1	1	0	23
chr2	59932171	59933405	2	2	0	78	0	37
chr2	59932171	59933411	2	2	1	483	0	31
chr2	59932171	59933670	2	2	1	2	0	38
chr2	59933439	59933670	2	2	1	556	0	31
chr2	71849507	71853533	1	1	1	703	0	40
chr2	71849507	71853890	1	1	0	2	0	39
chr2	71849507	71855853	1	1	1	2586	3	42
chr2	71853664	71855853	1	1	1	724	0	43
chr2	71853948	71855853	1	1	0	2	0	40
chr2	75662926	75663570	1	1	1	7	1	39
chr2	91001089	91001461	1	1	1	602	2	34
chr2	91001511	91003210	1	1	1	601	2	28
chr2	91003346	91003810	1	1	1	10	0	36
chr2	91159300	91162027	2	2	0	1	0	41
chr2	91159306	91160316	2	2	1	190	0	47
chr2	91159306	91162027	2	2	1	521	0	47
chr2	91160371	91162027	2	2	1	187	0	39
chr2	91681696	91684668	2	2	1	265	0	50
chr2	125848285	125849739	2	2	1	1	0	39
chr2	153670448	153672215	1	1	1	1	0	50
chr3	60422418	60613472	1	1	0	0	6	15
chr3	60613521	60614682	1	1	1	1276	6	45
chr3	60613521	60615619	1	1	1	1482	5	45
chr3	60614737	60615619	1	1	1	1286	6	43
chr3	87733505	87734423	1	1	1	8	1	39
chr3	87733505	87735344	1	1	0	9	0	39
chr3	87734553	87735344	1	1	1	8	1	37
chr3	88483947	88484046	2	2	1	224	0	38
chr3	88484155	88484614	2	2	1	224	0	41
chr3	119724187	119724611	2	2	1	5358	4	34
chr3	119724187	119726065	2	2	1	11	0	29
chr3	119724646	119726065	2	2	1	5460	4	38
chr3	129825617	129826823	2	2	1	3	0	36
chr3	139632407	139650143	2	2	0	0	1	13
chr4	31992517	31994873	1	1	1	298	1	39
chr4	31992517	32002088	1	1	1	3628	3	49
chr4	31994955	32002088	1	1	1	293	1	49
chr4	107009769	107027216	1	1	1	10	0	38
chr4	107009769	107028192	1	1	1	128	0	42
chr4	107027298	107028192	1	1	1	14	0	41
chr5	13042670	13661475	1	1	0	5	0	13
chr5	23565266	23615740	2	2	0	2	0	37
chr5	23565266	23616326	2	2	1	738	1	46
chr5	23615795	23616326	2	2	0	2	0	45
chr5	72958287	72974530	1	1	1	67	0	42
chr5	86804592	86815628	1	1	1	1	0	33
chr5	86815731	86816463	1	1	1	1	0	21
chr5	116477146	116482389	2	2	1	1	0	28
chr5	116482537	116591333	2	2	1	924	3	50
chr5	135168599	135171086	1	1	1	1	0	43
chr5	135177226	135179949	1	1	1	1	0	18
chr5	149184807	149187707	1	1	1	11	0	43
chr5	149184807	149188344	1	1	1	620	0	45
chr5	149187835	149188344	1	1	1	1	0	39
chr5	149187864	149188344	1	1	0	1	0	39
chr5	149187877	149188344	1	1	1	10	0	39
chr6	47577668	47594893	2	2	1	4	0	38
chr6	51465242	51466141	2	2	1	1	0	25
chr6	98939789	98941535	2	2	1	149	1	46
chr6	98939789	98944618	2	2	0	33	0	45
chr6	98941658	98944618	2	2	1	148	1	36
chr6	125162102	125162211	2	2	1	335	8	36
chr6	128371086	128371967	1	1	1	3558	4	43
chr6	128371086	128372533	1	1	1	15	0	46
chr6	128372013	128372504	1	1	0	15	0	26
chr6	128372013	128372509	1	1	0	8	0	31
chr6	128372013	128372530	1	1	1	431	0	49
chr6	128372013	128372533	1	1	1	3063	4	46
chr6	128372013	128372536	1	1	0	1	0	43
chr6	128372013	128372539	1	1	0	1	0	40
chr6	128372018	128372530	1	1	0	4	0	49
chr6	128372018	128372533	1	1	0	38	0	46
chr7	25724845	25725923	2	2	1	2	0	37
chr7	67240441	67244520	2	2	1	112	0	24
chr7	67240441	67251656	2	2	1	1107	0	45
chr7	67244545	67251656	2	2	1	112	0	24
chr7	102001660	102002294	1	1	1	1649	3	43
chr7	102001660	102007485	1	1	1	470	1	45
chr7	102001665	102002300	1	1	0	0	1	36
chr7	102002337	102007485	1	1	1	1642	4	40
chr7	102003812	102007485	1	1	0	1	0	38
chr7	112839481	112841887	1	1	1	9	0	41
chr7	112839481	112842039	1	1	1	137	0	49
chr7	112839481	112856052	1	1	1	6	0	12
chr7	112839481	112856797	1	1	1	15	0	41
chr7	112841951	112856052	1	1	1	3	0	12
chr7	112842103	112856052	1	1	1	144	0	12
chr7	112842103	112856797	1	1	1	1	0	37
chr7	112856065	112856797	1	1	1	154	0	14
chr7	127980247	127981190	1	1	1	11	0	5
chr7	127981292	127981410	1	1	1	10	0	6
chr8	25532429	25557730	1	1	1	2	0	44
chr8	25555775	25557730	1	1	1	2	0	38
chr8	47528031	47529328	2	2	1	1	0	4
chr8	91688606	91932332	1	1	0	4	0	13
chr8	95100453	95100646	2	2	1	963	1	31
chr8	95100453	95101408	2	2	0	154	0	46
chr8	95100674	95101408	2	2	1	963	1	44
chr8	123268550	123268744	2	2	1	249	0	48
chr9	43027296	43040539	2	2	1	102	0	46
chr9	43027296	43042590	2	2	1	101	0	45
chr9	43040593	43042590	2	2	0	1	0	43
chr9	43040597	43042590	2	2	1	100	0	45
chr9	80093642	80098885	1	1	1	7133	4	30
chr9	80093642	80098892	1	1	0	174	0	14
chr9	80093642	80103693	1	1	1	330	0	45
chr9	80098907	80101831	1	1	0	1	0	21
chr9	80098907	80103693	1	1	1	7305	4	29
chr9	80098907	80103698	1	1	0	4	0	21
chr9	80101891	80103693	1	1	0	1	0	37
chr9	114597607	114597790	2	2	0	4	0	40
chr9	114597607	114597794	2	2	1	413	0	39
chr9	114597607	114598704	2	2	0	16	0	42
chr9	114597831	114598704	2	2	1	417	0	40
chr11	78233684	78245547	2	2	1	1	0	27
chr11	79458907	79463232	1	1	1	10	0	43
chr11	79458907	79468716	1	1	1	158	0	44
chr11	79463296	79468716	1	1	1	10	0	39
chr11	94112147	94113262	1	1	1	110	0	21
chr11	94112147	94114172	1	1	1	315	0	32
chr11	94113302	94114172	1	1	1	117	0	39
chr11	98204411	98210360	1	1	1	1	0	36
chr11	100479298	100481376	2	2	1	1	0	30
chr11	100481848	100482144	2	2	1	2	0	36
chr11	102310577	102310925	2	2	1	53	0	42
chr11	102310577	102311379	2	2	1	805	0	46
chr11	102310577	102311403	2	2	0	4	0	21
chr11	102311037	102311379	2	2	1	52	0	45
chr12	71952560	71958746	1	1	1	46	0	27
chr12	71952560	71959805	1	1	1	61	0	43
chr12	71958774	71959805	1	1	1	46	0	27
chr12	83811361	83811669	2	2	0	1	0	37
chr12	83811361	83825258	2	2	1	43	0	33
chr12	83811361	83831921	2	2	1	365	0	41
chr12	83811744	83831921	2	2	0	1	0	38
chr12	83825292	83831921	2	2	1	42	0	33
chr12	113133338	113133495	1	1	0	101	11	44
chr12	113133338	113133540	1	1	1	2026	54	43
chr12	113133338	113135796	1	1	1	6	0	29
chr12	113133577	113134761	1	1	0	2	0	21
chr12	113133577	113134800	1	1	0	14	0	12
chr12	113133577	113135796	1	1	1	2045	65	29
chr12	113134813	113135796	1	1	0	16	0	29
chr13	46778990	46785245	2	2	0	1	0	44
chr13	46778994	46780625	2	2	1	762	0	44
chr13	46778994	46785245	2	2	1	2367	5	46
chr13	46780663	46785245	2	2	0	1	0	37
chr13	46780665	46785245	2	2	1	761	0	40
chr13	56084286	56088251	2	2	1	1	0	40
chr13	56084286	56089757	2	2	1	56	0	42
chr13	56084286	56096123	2	2	0	1	0	40
chr13	56088343	56096123	2	2	1	1	0	38
chr13	56089858	56096123	2	2	1	54	0	41
chr14	57643224	57643334	2	2	1	1	0	39
chr14	57643224	57648418	2	2	1	116	0	39
chr14	57643490	57648418	2	2	1	1	0	38
chr14	120389164	120395711	1	1	1	163	0	39
chr14	120389164	120396450	1	1	1	574	2	48
chr14	120395766	120396450	1	1	1	169	0	48
chr15	77102940	77105576	2	2	1	202	0	41
chr15	77102940	77113604	2	2	1	16	0	48
chr15	77105670	77113604	2	2	1	200	0	48
chr15	77110206	77113604	2	2	0	1	0	42
chr16	57178021	57181491	2	2	1	321	1	44
chr16	57178021	57182850	2	2	1	100	1	43
chr16	57181537	57182850	2	2	1	319	1	33
chr17	12979205	13846588	1	1	0	50	2	12
chr17	13846640	13848354	1	1	1	4562	7	24
chr17	13846640	13849107	1	1	1	4106	1	50
chr17	13846640	13849113	1	1	0	32	0	47
chr17	13848376	13849107	1	1	1	4549	7	29
chr17	13848376	13849113	1	1	0	9	0	21
chr17	45570567	45570665	2	2	1	602	1	39
chr17	45570800	45571017	2	2	1	661	0	23
chr18	53948155	53948644	1	1	1	13295	10	28
chr18	53948155	53948651	1	1	0	1	0	17
chr18	53948155	53953244	1	1	1	1935	2	45
chr18	53948155	53953268	1	1	0	1	0	40
chr18	53948666	53953244	1	1	0	8	0	21
chr18	53948669	53949213	1	1	0	1	0	15
chr18	53948669	53953244	1	1	1	13276	9	37
chr18	53948669	53953268	1	1	0	2	0	24
chr18	53948669	53953274	1	1	0	1	0	24
chr18	53949263	53953244	1	1	0	1	0	37
chr18	64515409	64516415	2	2	1	1	0	39
chr19	7281256	7281797	2	4	1	153	0	39
chr19	7281256	7282725	2	2	1	1442	0	36
chr19	7281960	7282725	2	2	1	157	0	35
