chr1	34295537	34296741	1	1	1	84	1	18
chr1	34295537	34299720	1	1	1	19	0	38
chr1	34296760	34299720	1	1	1	84	1	19
chr1	40010678	40011649	1	1	1	28	0	28
chr1	40010678	40011811	1	1	0	1	0	21
chr1	40010678	40014105	1	1	1	11	0	32
chr1	40011842	40014105	1	1	1	26	0	37
chr1	82735508	82750519	1	1	1	24	0	41
chr2	32292216	32293314	1	1	1	4	0	43
chr2	32292216	32296625	1	1	1	45	0	45
chr2	32293396	32296625	1	1	1	4	0	38
chr2	59932171	59933405	2	2	0	29	0	37
chr2	59932171	59933411	2	2	1	205	0	31
chr2	59933439	59933670	2	2	1	228	0	28
chr2	71849507	71853533	1	1	1	579	1	39
chr2	71849507	71853890	1	1	0	1	0	39
chr2	71849507	71855853	1	1	1	2791	3	43
chr2	71849507	71855868	1	1	0	12	0	46
chr2	71853664	71855853	1	1	1	582	1	46
chr2	71853948	71855853	1	1	0	1	0	40
chr2	91001089	91001461	1	1	1	432	1	34
chr2	91001089	91003299	1	1	0	1	0	33
chr2	91001511	91003210	1	1	1	434	1	20
chr2	91001511	91003299	1	1	0	1	0	46
chr2	91003346	91003810	1	1	1	5	0	36
chr2	91159300	91160316	2	2	0	1	0	41
chr2	91159300	91162027	2	2	0	1	0	41
chr2	91159306	91160316	2	2	1	131	0	47
chr2	91159306	91162027	2	2	1	238	0	47
chr2	91160371	91162027	2	2	1	135	0	40
chr2	91681696	91684668	2	2	1	96	0	50
chr2	153670448	153672215	1	1	1	2	0	50
chr3	60422418	60613472	1	1	0	0	4	15
chr3	60613521	60614682	1	1	1	2025	3	45
chr3	60613521	60614688	1	1	0	3	0	44
chr3	60613521	60615619	1	1	1	1454	2	46
chr3	60614737	60615619	1	1	1	2026	3	39
chr3	87733505	87734423	1	1	1	4	0	39
chr3	87733505	87735344	1	1	0	8	0	39
chr3	87734553	87735344	1	1	1	4	0	37
chr3	88483947	88484046	2	2	1	114	0	37
chr3	88483947	88484614	2	2	0	1	0	39
chr3	88484155	88484614	2	2	1	113	0	39
chr3	119724187	119724611	2	2	1	4878	2	34
chr3	119724187	119726065	2	2	1	35	0	29
chr3	119724629	119726065	2	2	0	1	0	17
chr3	119724646	119726065	2	2	1	5035	2	38
chr3	142948246	142963375	2	2	0	0	1	13
chr4	31992517	31994873	1	1	1	243	0	39
chr4	31992517	32002088	1	1	1	1578	3	49
chr4	31994955	32002088	1	1	1	245	0	48
chr4	107009769	107027216	1	1	1	18	0	38
chr4	107009769	107028192	1	1	1	181	0	42
chr4	107027298	107028192	1	1	1	19	0	41
chr5	23565266	23568151	2	2	0	1	0	37
chr5	23565266	23616326	2	2	1	1770	1	49
chr5	23568264	23616326	2	2	0	1	0	45
chr5	72958287	72974530	1	1	1	66	0	42
chr5	116477146	116482389	2	2	1	2	0	33
chr5	116482537	116591333	2	2	1	672	1	50
chr5	149184807	149187707	1	1	1	8	0	43
chr5	149184807	149188344	1	1	1	354	0	44
chr5	149187835	149188344	1	1	1	2	0	39
chr5	149187877	149188344	1	1	1	6	0	39
chr6	47577668	47594893	2	2	1	1	0	11
chr6	98939789	98941535	2	2	1	93	0	46
chr6	98939789	98944618	2	2	0	4	0	45
chr6	98941658	98944618	2	2	1	93	0	36
chr6	125162102	125162211	2	2	1	82	2	37
chr6	128371086	128371967	1	1	1	2675	0	44
chr6	128371086	128372509	1	1	0	1	0	39
chr6	128371086	128372530	1	1	1	2	0	49
chr6	128371086	128372533	1	1	1	22	0	46
chr6	128372013	128372504	1	1	0	15	0	26
chr6	128372013	128372509	1	1	0	5	0	31
chr6	128372013	128372530	1	1	1	330	0	49
chr6	128372013	128372533	1	1	1	2281	0	46
chr6	128372013	128372536	1	1	0	1	0	43
chr6	128372018	128372530	1	1	0	3	0	49
chr6	128372018	128372533	1	1	0	38	0	46
chr7	67240441	67244520	2	2	1	125	0	24
chr7	67240441	67251656	2	2	1	1559	2	45
chr7	67244545	67251656	2	2	1	125	0	24
chr7	102001660	102002294	1	1	1	567	0	42
chr7	102001660	102007485	1	1	1	333	0	44
chr7	102002337	102007485	1	1	1	569	0	42
chr7	112839481	112841887	1	1	1	2	0	41
chr7	112839481	112842039	1	1	1	52	1	41
chr7	112839481	112856797	1	1	1	1	0	41
chr7	112842103	112856052	1	1	1	50	1	12
chr7	112842103	112856797	1	1	1	2	0	37
chr7	112856065	112856797	1	1	1	51	1	14
chr7	127980247	127981190	1	1	1	12	0	5
chr7	127981292	127981410	1	1	1	12	0	9
chr8	25532429	25555507	1	1	1	1	0	44
chr8	25532429	25557730	1	1	1	3	0	44
chr8	25555775	25557730	1	1	1	1	0	37
chr8	95100453	95100646	2	2	1	340	1	31
chr8	95100453	95101408	2	2	0	73	0	46
chr8	95100674	95101408	2	2	1	340	1	42
chr8	123268550	123268744	2	2	1	63	0	46
chr9	43027296	43040539	2	2	1	56	0	38
chr9	43027296	43042590	2	2	1	76	0	45
chr9	43040593	43042590	2	2	0	1	0	45
chr9	43040597	43042590	2	2	1	55	0	45
chr9	80093642	80098885	1	1	1	4836	3	26
chr9	80093642	80098892	1	1	0	97	0	19
chr9	80093642	80103693	1	1	1	197	0	44
chr9	80098907	80099016	1	1	0	3	0	21
chr9	80098907	80101831	1	1	0	1	0	21
chr9	80098907	80103693	1	1	1	4931	3	24
chr9	80098907	80103698	1	1	0	3	0	21
chr9	80099049	80103693	1	1	0	3	0	37
chr9	80101891	80103693	1	1	0	1	0	37
chr9	114597607	114597794	2	2	1	325	0	38
chr9	114597607	114598704	2	2	0	3	0	42
chr9	114597825	114598704	2	2	0	1	0	30
chr9	114597831	114598704	2	2	1	324	0	36
chr11	79458907	79463232	1	1	1	11	0	42
chr11	79458907	79468716	1	1	1	58	0	42
chr11	79463296	79468716	1	1	1	10	0	39
chr11	94112147	94113262	1	1	1	52	0	21
chr11	94112147	94113279	1	1	0	1	0	21
chr11	94112147	94114172	1	1	1	263	0	32
chr11	94113302	94114172	1	1	1	57	0	39
chr11	102310577	102310925	2	2	1	26	0	42
chr11	102310577	102311379	2	2	1	347	0	46
chr11	102311037	102311379	2	2	1	25	0	45
chr12	71952560	71958746	1	1	1	19	0	27
chr12	71952560	71959805	1	1	1	28	0	43
chr12	71958774	71959805	1	1	1	19	0	27
chr12	83811361	83825258	2	2	1	22	0	36
chr12	83811361	83831921	2	2	1	224	0	41
chr12	83825292	83831921	2	2	1	21	0	33
chr12	83825319	83831921	2	2	0	1	0	38
chr12	113133338	113133495	1	1	0	76	11	45
chr12	113133338	113133540	1	1	1	1372	45	43
chr12	113133338	113134186	1	1	0	1	0	42
chr12	113133338	113135796	1	1	1	17	0	29
chr12	113133577	113134800	1	1	0	6	0	12
chr12	113133577	113135796	1	1	1	1392	56	29
chr12	113134231	113135796	1	1	0	1	0	29
chr12	113134813	113135796	1	1	0	6	0	12
chr13	46778994	46780625	2	2	1	276	0	40
chr13	46778994	46785245	2	2	1	1568	5	45
chr13	46780665	46785245	2	2	1	275	0	39
chr13	56084286	56089757	2	2	1	27	0	40
chr13	56089858	56096123	2	2	1	27	0	38
chr14	57643224	57648418	2	2	1	56	0	47
chr14	120389164	120395711	1	1	1	97	0	39
chr14	120389164	120396450	1	1	1	210	1	48
chr14	120395766	120396450	1	1	1	102	0	48
chr15	77102940	77105576	2	2	1	85	0	40
chr15	77102940	77113604	2	2	1	5	0	48
chr15	77105670	77113604	2	2	1	85	0	48
chr16	14314014	14317293	2	2	1	1	0	29
chr16	57178021	57181491	2	2	1	139	0	43
chr16	57178021	57182850	2	2	1	77	0	43
chr16	57181537	57182850	2	2	1	139	0	34
chr17	12979205	13846588	1	1	0	60	4	12
chr17	13846613	13848354	1	1	0	4	0	21
chr17	13846640	13848354	1	1	1	3272	5	22
chr17	13846640	13849107	1	1	1	3417	5	49
chr17	13846640	13849113	1	1	0	2	0	47
chr17	13848376	13849107	1	1	1	3259	5	37
chr17	13848376	13849113	1	1	0	20	0	21
chr17	45570567	45570665	2	2	1	203	0	37
chr17	45570800	45571017	2	2	1	237	0	21
chr18	53948155	53948644	1	1	1	11077	4	28
chr18	53948155	53948651	1	1	0	1	0	17
chr18	53948155	53953244	1	1	1	2986	3	44
chr18	53948162	53948644	1	1	0	1	0	24
chr18	53948666	53953244	1	1	0	8	0	21
chr18	53948669	53953244	1	1	1	11068	3	37
chr19	7281251	7282721	2	2	0	0	1	30
chr19	7281256	7281797	2	4	1	101	0	39
chr19	7281256	7282725	2	2	1	1180	1	36
chr19	7281960	7282725	2	2	1	103	0	35
