chr1	34295537	34296741	1	1	1	8	0	18
chr1	34295537	34299720	1	1	1	24	0	38
chr1	34296760	34299720	1	1	1	8	0	18
chr1	40010678	40011649	1	1	1	5	0	21
chr1	40010678	40014105	1	1	1	24	0	32
chr1	40011842	40014105	1	1	1	5	0	37
chr1	82735508	82741934	1	1	0	1	0	40
chr1	82735508	82747082	1	1	1	5	0	40
chr1	82735508	82750519	1	1	1	77	0	40
chr1	82747143	82750519	1	1	1	6	0	38
chr2	32292216	32296625	1	1	1	45	0	43
chr2	59932171	59933405	2	2	0	1	0	33
chr2	59932171	59933411	2	2	1	38	0	31
chr2	59932171	59933670	2	2	1	8	0	39
chr2	59933439	59933670	2	2	1	38	0	28
chr2	71849507	71853533	1	1	1	25	0	39
chr2	71849507	71855853	1	1	1	1996	5	43
chr2	71853664	71855853	1	1	1	27	0	41
chr2	91001089	91001461	1	1	1	583	0	33
chr2	91001089	91003299	1	1	0	3	1	33
chr2	91001511	91003210	1	1	1	571	0	20
chr2	91003346	91003810	1	1	1	14	0	36
chr2	91159306	91160316	2	2	1	5	0	47
chr2	91159306	91162027	2	2	1	132	0	47
chr2	91160371	91162027	2	2	1	5	0	38
chr2	91681696	91682025	2	2	1	1	0	29
chr2	91681696	91684668	2	2	1	489	0	50
chr2	91682137	91684668	2	2	1	1	0	38
chr2	153670448	153670848	1	1	1	60	1	42
chr2	153670909	153672215	1	1	1	60	1	50
chr2	153670909	153714954	1	1	0	0	1	48
chr2	168752741	168754433	2	2	1	6016	2	46
chr3	60613521	60614682	1	1	1	48	0	44
chr3	60613521	60615619	1	1	1	19	0	44
chr3	60614737	60615619	1	1	1	48	0	37
chr3	78904652	78918022	2	2	0	1	0	12
chr3	87733505	87734423	1	1	1	1	0	38
chr3	87733505	87735344	1	1	0	92	1	41
chr3	87734553	87735344	1	1	1	1	0	37
chr3	88483947	88484046	2	2	1	107	0	37
chr3	88483947	88484614	2	2	0	1	0	38
chr3	88484155	88484614	2	2	1	105	0	39
chr3	119724187	119724611	2	2	1	1669	1	34
chr3	119724187	119726065	2	2	1	3	0	29
chr3	119724646	119726065	2	2	1	1714	1	38
chr3	139632407	139650143	2	2	0	0	2	13
chr4	31992517	31994873	1	1	1	1591	2	41
chr4	31992517	32002088	1	1	1	547	1	49
chr4	31994955	32002088	1	1	1	1586	2	50
chr4	107009769	107027216	1	1	1	13	0	38
chr4	107009769	107028192	1	1	1	89	0	43
chr4	107027298	107028192	1	1	1	15	0	41
chr5	23565266	23616326	2	2	1	117	0	45
chr5	23568264	23616326	2	2	0	1	0	45
chr5	72958287	72974530	1	1	1	5	0	41
chr5	116482537	116591333	2	2	1	2	0	42
chr5	149184807	149187707	1	1	1	35	0	43
chr5	149184807	149188344	1	1	1	242	2	45
chr5	149187835	149188344	1	1	1	5	0	39
chr5	149187877	149188344	1	1	1	29	0	39
chr6	22343320	22355994	2	2	1	1	0	42
chr6	72633011	72633215	2	2	1	1	0	6
chr6	72634233	72648800	2	2	1	1146	0	42
chr6	72634233	72649119	2	2	1	2488	2	43
chr6	72648843	72649119	2	2	1	1135	0	42
chr6	98939789	98940994	2	2	1	1	0	45
chr6	98939789	98941535	2	2	1	51	0	45
chr6	98939789	98944618	2	2	0	27	0	45
chr6	98941165	98944618	2	2	0	1	0	36
chr6	98941658	98944618	2	2	1	51	0	36
chr6	125162102	125162211	2	2	1	312	14	36
chr6	128371086	128371967	1	1	1	947	1	44
chr6	128371086	128372504	1	1	0	2	0	39
chr6	128371086	128372509	1	1	0	2	0	39
chr6	128371086	128372530	1	1	1	44	0	49
chr6	128371086	128372533	1	1	1	531	0	46
chr6	128371086	128372536	1	1	0	1	0	43
chr6	128371086	128372539	1	1	0	1	0	40
chr6	128372013	128372504	1	1	0	2	0	26
chr6	128372013	128372509	1	1	0	1	0	31
chr6	128372013	128372530	1	1	1	105	0	49
chr6	128372013	128372533	1	1	1	823	1	46
chr6	128372018	128372530	1	1	0	3	0	49
chr6	128372018	128372533	1	1	0	19	0	46
chr7	16857858	16858378	1	1	1	1	0	42
chr7	67240441	67244520	2	2	1	8	0	24
chr7	67240441	67251656	2	2	1	370	0	44
chr7	67244545	67251656	2	2	1	8	0	24
chr7	102001660	102002294	1	1	1	99	0	42
chr7	102001660	102007485	1	1	1	1328	0	44
chr7	102002337	102007485	1	1	1	98	0	39
chr7	112839481	112841887	1	1	1	6	0	41
chr7	112839481	112842039	1	1	1	139	2	41
chr7	112839481	112856052	1	1	1	2	0	12
chr7	112839481	112856797	1	1	1	21	0	41
chr7	112839481	112856803	1	1	0	2	0	43
chr7	112841951	112856052	1	1	1	2	0	12
chr7	112841951	112856797	1	1	0	4	0	37
chr7	112842103	112856052	1	1	1	11	0	12
chr7	112842103	112856797	1	1	1	133	2	45
chr7	112856065	112856797	1	1	1	15	0	12
chr7	127980247	127981190	1	1	1	3	0	2
chr7	127981292	127981410	1	1	1	3	0	6
chr7	144861833	144862231	1	1	1	481	1	29
chr7	144861837	144862231	1	1	0	1	0	32
chr7	144862267	144862764	1	1	0	3	0	35
chr7	144862336	144862764	1	1	1	475	1	45
chr8	25532429	25555507	1	1	1	1	0	44
chr8	25532429	25557730	1	1	1	2	0	44
chr8	25555775	25557730	1	1	1	2	0	37
chr8	57305349	57551066	2	2	0	0	4	13
chr8	95100453	95100646	2	2	1	159	0	30
chr8	95100453	95101408	2	2	0	111	0	46
chr8	95100674	95101408	2	2	1	159	0	42
chr8	123268550	123268744	2	2	1	85	0	46
chr9	43027296	43040539	2	2	1	9	0	38
chr9	43027296	43042590	2	2	1	186	0	46
chr9	43040593	43042590	2	2	0	1	0	43
chr9	43040597	43042590	2	2	1	8	0	43
chr9	80093642	80098885	1	1	1	1651	3	26
chr9	80093642	80098892	1	1	0	28	0	14
chr9	80093642	80101831	1	1	0	1	0	44
chr9	80093642	80103693	1	1	1	4928	2	46
chr9	80098907	80103693	1	1	1	1678	3	24
chr9	80101891	80103693	1	1	0	1	0	37
chr9	114597607	114597794	2	2	1	332	0	38
chr9	114597607	114598704	2	2	0	438	1	42
chr9	114597825	114598704	2	2	0	1	0	30
chr9	114597831	114598704	2	2	1	331	0	38
chr11	79458907	79463232	1	1	1	12	0	42
chr11	79458907	79468716	1	1	1	30	0	42
chr11	79463296	79468716	1	1	1	13	0	39
chr11	94112147	94113262	1	1	1	15	0	21
chr11	94112147	94114172	1	1	1	256	0	32
chr11	94113302	94114172	1	1	1	17	0	39
chr11	102310577	102310925	2	2	1	78	0	42
chr11	102310577	102311379	2	2	1	262	0	45
chr11	102311037	102311379	2	2	1	76	0	45
chr12	71952560	71959805	1	1	1	205	0	46
chr12	83811361	83825258	2	2	1	232	0	33
chr12	83811361	83831921	2	2	1	208	0	41
chr12	83825292	83831921	2	2	1	233	0	33
chr12	113133338	113133495	1	1	0	11	0	42
chr12	113133338	113133540	1	1	1	269	1	39
chr12	113133338	113135796	1	1	1	722	0	29
chr12	113133577	113135796	1	1	1	262	1	29
chr13	46778990	46785245	2	2	0	2	0	44
chr13	46778994	46780625	2	2	1	320	0	40
chr13	46778994	46785245	2	2	1	1268	3	44
chr13	46780665	46785245	2	2	1	321	0	40
chr13	56084286	56089757	2	2	1	15	0	40
chr13	56089858	56096123	2	2	1	14	0	38
chr14	57643191	57648418	2	2	0	1	0	29
chr14	57643224	57643334	2	2	1	4	0	39
chr14	57643224	57648418	2	2	1	174	0	40
chr14	57643490	57648418	2	2	1	4	0	38
chr14	120389164	120395711	1	1	1	263	1	39
chr14	120389164	120395717	1	1	0	4	0	39
chr14	120389164	120396450	1	1	1	58	0	48
chr14	120395766	120396450	1	1	1	284	1	48
chr15	77102940	77105576	2	2	1	178	0	41
chr15	77102940	77113604	2	2	1	12	0	44
chr15	77105670	77113604	2	2	1	177	0	48
chr15	103242719	103243624	1	1	1	0	1	33
chr16	57178021	57181491	2	2	1	23	0	43
chr16	57178021	57182850	2	2	1	1088	0	44
chr16	57181537	57182850	2	2	1	23	0	34
chr16	94686604	94691580	1	1	1	2	0	45
chr17	12979205	13846588	1	1	0	16	1	12
chr17	13846613	13849107	1	1	0	1	0	37
chr17	13846640	13848354	1	1	1	223	2	21
chr17	13846640	13849107	1	1	1	8160	7	46
chr17	13846640	13849113	1	1	0	38	0	47
chr17	13848376	13849107	1	1	1	224	2	27
chr17	45570567	45570665	2	2	1	607	1	39
chr17	45570800	45571017	2	2	1	639	0	23
chr18	10726534	10740982	1	1	1	2	0	15
chr18	53948155	53948644	1	1	1	1519	3	28
chr18	53948155	53953244	1	1	1	9975	9	45
chr18	53948167	53953244	1	1	0	3	0	37
chr18	53948666	53953244	1	1	0	2	0	21
chr18	53948669	53953244	1	1	1	1514	3	26
chr18	53948669	53953268	1	1	0	2	0	24
chr19	7281256	7281797	2	4	1	42	0	39
chr19	7281256	7282725	2	2	1	174	1	35
chr19	7281960	7282725	2	2	1	46	0	26
KV575235.1	147143	149353	1	1	0	0	1	33
