chr1	34295537	34296741	1	1	1	114	0	18
chr1	34295537	34299720	1	1	1	20	0	38
chr1	34296760	34299720	1	1	1	114	0	18
chr1	40010678	40011649	1	1	1	84	0	21
chr1	40010678	40011783	1	1	0	2	0	21
chr1	40010678	40011787	1	1	0	1	0	21
chr1	40010678	40011811	1	1	0	1	0	21
chr1	40010678	40014105	1	1	1	24	1	32
chr1	40011842	40014105	1	1	1	81	0	39
chr1	82735508	82741817	1	1	1	2	0	40
chr1	82735508	82747082	1	1	1	2	0	40
chr1	82735508	82750519	1	1	1	50	0	40
chr1	82747143	82750519	1	1	1	3	0	38
chr2	30066894	30068268	1	1	1	1	0	20
chr2	32292216	32293314	1	1	1	13	0	43
chr2	32292216	32296625	1	1	1	56	0	43
chr2	32293396	32296625	1	1	1	11	0	38
chr2	59932171	59933405	2	2	0	60	0	33
chr2	59932171	59933411	2	2	1	340	0	32
chr2	59932171	59933670	2	2	1	1	0	34
chr2	59933439	59933670	2	2	1	397	0	28
chr2	71849507	71853533	1	1	1	717	0	40
chr2	71849507	71853890	1	1	0	3	0	39
chr2	71849507	71855853	1	1	1	1884	3	47
chr2	71849507	71855868	1	1	0	3	0	46
chr2	71853664	71855853	1	1	1	739	0	41
chr2	71853948	71855853	1	1	0	3	0	40
chr2	75662926	75663570	1	1	1	1	0	36
chr2	91001089	91001461	1	1	1	588	0	34
chr2	91001511	91003210	1	1	1	591	0	25
chr2	91001511	91003299	1	1	0	1	0	46
chr2	91003238	91003810	1	1	0	3	0	27
chr2	91003346	91003810	1	1	1	16	0	36
chr2	91159300	91162027	2	2	0	1	0	41
chr2	91159306	91160316	2	2	1	180	0	47
chr2	91159306	91162027	2	2	1	354	0	47
chr2	91160371	91162027	2	2	1	180	0	39
chr2	91681696	91684668	2	2	1	200	0	50
chr2	157884501	157890904	1	1	1	1	0	25
chr2	168752741	168754433	2	2	1	2	0	44
chr3	60422418	60613472	1	1	0	0	7	15
chr3	60613521	60614682	1	1	1	1337	4	45
chr3	60613521	60615619	1	1	1	1251	4	45
chr3	60614737	60615619	1	1	1	1335	5	38
chr3	87733505	87734423	1	1	1	13	0	39
chr3	87733505	87735344	1	1	0	9	0	39
chr3	87734553	87735344	1	1	1	13	0	37
chr3	88483947	88484046	2	2	1	202	2	38
chr3	88483947	88484614	2	2	0	1	0	38
chr3	88484155	88484614	2	2	1	206	2	39
chr3	88484666	88537145	2	2	0	0	2	12
chr3	119724187	119724611	2	2	1	4239	2	34
chr3	119724187	119726065	2	2	1	11	0	29
chr3	119724646	119726065	2	2	1	4317	2	39
chr3	129825617	129826823	2	2	1	1	0	36
chr4	31992517	31994873	1	1	1	297	1	40
chr4	31992517	32002088	1	1	1	2708	4	49
chr4	31994955	32002088	1	1	1	298	1	49
chr4	107009769	107027216	1	1	1	17	0	38
chr4	107009769	107028192	1	1	1	117	0	41
chr4	107027298	107028192	1	1	1	20	0	42
chr5	23565266	23610849	2	2	0	2	0	37
chr5	23565266	23616326	2	2	1	597	0	50
chr5	23610909	23616326	2	2	0	2	0	45
chr5	72958287	72965803	1	1	1	3	0	40
chr5	72958287	72974530	1	1	1	63	0	42
chr5	72965882	72974530	1	1	1	3	0	41
chr5	74540990	74542008	1	1	1	1	0	15
chr5	116477146	116482389	2	2	1	1	0	27
chr5	116482537	116566719	2	2	0	2	0	50
chr5	116482537	116591333	2	2	1	765	1	50
chr5	116566843	116591333	2	2	0	2	0	43
chr5	149184807	149185349	1	1	0	2	0	43
chr5	149184807	149185484	1	1	1	1	0	43
chr5	149184807	149187707	1	1	1	11	0	44
chr5	149184807	149188344	1	1	1	625	0	45
chr5	149185405	149188344	1	1	0	2	0	39
chr5	149187877	149188344	1	1	1	13	0	39
chr6	98939789	98941535	2	2	1	120	0	45
chr6	98939789	98944618	2	2	0	21	0	45
chr6	98941658	98944618	2	2	1	121	0	47
chr6	125162102	125162211	2	2	1	320	12	36
chr6	128371086	128371967	1	1	1	3268	2	42
chr6	128371086	128372530	1	1	1	1	0	49
chr6	128371086	128372533	1	1	1	14	0	46
chr6	128372013	128372504	1	1	0	27	0	26
chr6	128372013	128372509	1	1	0	5	0	35
chr6	128372013	128372530	1	1	1	433	1	47
chr6	128372013	128372533	1	1	1	2754	1	46
chr6	128372013	128372536	1	1	0	1	0	43
chr6	128372018	128372530	1	1	0	4	0	49
chr6	128372018	128372533	1	1	0	45	0	46
chr7	67240441	67244520	2	2	1	146	0	38
chr7	67240441	67251656	2	2	1	1272	2	49
chr7	67244545	67251656	2	2	1	146	0	24
chr7	102001660	102002294	1	1	1	1179	0	42
chr7	102001660	102007485	1	1	1	370	0	43
chr7	102002337	102007485	1	1	1	1183	0	42
chr7	112839481	112841887	1	1	1	2	0	41
chr7	112839481	112842039	1	1	1	106	0	42
chr7	112839481	112856052	1	1	1	5	0	12
chr7	112839481	112856797	1	1	1	9	0	41
chr7	112842103	112856052	1	1	1	106	0	12
chr7	112842103	112856797	1	1	1	1	0	37
chr7	112856065	112856797	1	1	1	114	0	14
chr7	127980247	127981190	1	1	1	18	0	5
chr7	127981292	127981410	1	1	1	19	0	6
chr8	25532429	25557730	1	1	1	3	0	44
chr8	33386064	33386329	1	1	0	1	0	46
chr8	95100453	95100646	2	2	1	674	1	31
chr8	95100453	95101408	2	2	0	90	0	46
chr8	95100674	95101408	2	2	1	674	1	43
chr8	123268550	123268744	2	2	1	156	0	49
chr9	43027296	43040539	2	2	1	136	0	41
chr9	43027296	43042590	2	2	1	128	0	45
chr9	43040593	43042590	2	2	0	3	0	43
chr9	43040597	43042590	2	2	1	134	0	45
chr9	80093642	80098885	1	1	1	6058	3	26
chr9	80093642	80098892	1	1	0	135	0	14
chr9	80093642	80103693	1	1	1	193	0	44
chr9	80098907	80099016	1	1	0	1	0	21
chr9	80098907	80101831	1	1	0	1	0	21
chr9	80098907	80103693	1	1	1	6196	3	24
chr9	80099049	80103693	1	1	0	1	0	37
chr9	80101891	80103693	1	1	0	1	0	37
chr9	114597607	114597794	2	2	1	397	0	39
chr9	114597607	114598704	2	2	0	20	0	42
chr9	114597825	114598704	2	2	0	4	0	30
chr9	114597831	114598704	2	2	1	393	0	36
chr11	79458907	79463232	1	1	1	17	0	43
chr11	79458907	79468716	1	1	1	137	0	45
chr11	79463296	79468716	1	1	1	17	0	39
chr11	94112147	94113262	1	1	1	80	0	21
chr11	94112147	94114172	1	1	1	253	0	32
chr11	94113302	94114172	1	1	1	82	0	39
chr11	102310577	102310925	2	2	1	54	0	42
chr11	102310577	102311379	2	2	1	656	0	46
chr11	102311025	102311379	2	2	0	1	0	44
chr11	102311037	102311379	2	2	1	54	0	45
chr12	71952560	71958746	1	1	1	44	1	27
chr12	71952560	71959805	1	1	1	38	0	45
chr12	71958774	71959805	1	1	1	44	1	29
chr12	83811361	83825258	2	2	1	31	0	33
chr12	83811361	83831921	2	2	1	323	0	41
chr12	83825292	83831921	2	2	1	31	0	33
chr12	113133338	113133495	1	1	0	80	8	44
chr12	113133338	113133540	1	1	1	1564	54	43
chr12	113133338	113135796	1	1	1	10	0	29
chr12	113133577	113134186	1	1	0	3	0	28
chr12	113133577	113134800	1	1	0	16	0	12
chr12	113133577	113135796	1	1	1	1582	62	29
chr12	113134231	113135796	1	1	0	3	0	29
chr12	113134813	113135796	1	1	0	16	0	12
chr13	46778990	46785245	2	2	0	2	0	44
chr13	46778994	46780625	2	2	1	609	1	41
chr13	46778994	46785245	2	2	1	2122	2	46
chr13	46780665	46785245	2	2	1	608	1	39
chr13	56084286	56089757	2	2	1	54	0	40
chr13	56089858	56096123	2	2	1	53	0	41
chr14	57643224	57643334	2	2	1	1	0	39
chr14	57643224	57648418	2	2	1	126	0	47
chr14	57643490	57648418	2	2	1	1	0	38
chr14	120389164	120395711	1	1	1	170	1	39
chr14	120389164	120395717	1	1	0	1	0	38
chr14	120389164	120396450	1	1	1	441	0	48
chr14	120395766	120396450	1	1	1	175	2	48
chr15	77102940	77105576	2	2	1	199	0	45
chr15	77102940	77113604	2	2	1	8	0	48
chr15	77105670	77113604	2	2	1	196	0	48
chr16	57178021	57181491	2	2	1	243	1	43
chr16	57178021	57182850	2	2	1	100	0	43
chr16	57181537	57182850	2	2	1	241	1	33
chr17	12979205	13846588	1	1	0	31	0	12
chr17	13846613	13848354	1	1	0	4	0	21
chr17	13846640	13848354	1	1	1	3718	2	22
chr17	13846640	13849107	1	1	1	3420	6	44
chr17	13846640	13849113	1	1	0	24	0	47
chr17	13848376	13849107	1	1	1	3720	2	29
chr17	45570567	45570665	2	2	1	562	1	40
chr17	45570800	45571017	2	2	1	616	0	23
chr18	53948155	53948644	1	1	1	10709	17	28
chr18	53948155	53948651	1	1	0	2	0	17
chr18	53948155	53953244	1	1	1	1690	2	43
chr18	53948666	53953244	1	1	0	7	0	21
chr18	53948669	53953244	1	1	1	10693	15	37
chr19	7281256	7281797	2	4	1	155	0	41
chr19	7281256	7282725	2	2	1	1167	0	36
chr19	7281960	7282725	2	2	1	167	0	35
