chr1	34295537	34296741	1	1	1	36	0	18
chr1	34295537	34299720	1	1	1	228	0	44
chr1	34296760	34299720	1	1	1	36	0	19
chr1	40010678	40011649	1	1	1	22	0	21
chr1	40010678	40011811	1	1	0	1	0	21
chr1	40010678	40014105	1	1	1	56	2	32
chr1	40011842	40014105	1	1	1	23	0	37
chr1	82735508	82747082	1	1	1	3	0	40
chr1	82735508	82750519	1	1	1	77	0	41
chr1	82747143	82750519	1	1	1	3	0	38
chr2	32292216	32296625	1	1	1	85	0	43
chr2	59932171	59933405	2	2	0	13	0	33
chr2	59932171	59933411	2	2	1	47	0	31
chr2	59932171	59933670	2	2	1	19	0	38
chr2	59933439	59933670	2	2	1	58	0	28
chr2	71849507	71853533	1	1	1	15	0	39
chr2	71849507	71855853	1	1	1	1833	0	43
chr2	71853664	71855853	1	1	1	14	0	40
chr2	75662926	75663570	1	1	1	9	0	29
chr2	91001089	91001461	1	1	1	499	0	34
chr2	91001511	91003210	1	1	1	495	0	25
chr2	91003238	91003810	1	1	0	4	0	27
chr2	91003346	91003810	1	1	1	10	0	36
chr2	91159306	91160316	2	2	1	5	0	47
chr2	91159306	91162027	2	2	1	167	0	47
chr2	91160371	91162027	2	2	1	6	0	38
chr2	91681696	91684668	2	2	1	610	0	50
chr2	153670448	153670848	1	1	1	81	0	43
chr2	153670448	153672215	1	1	1	0	1	50
chr2	153670909	153672215	1	1	1	80	0	50
chr2	153713625	153714954	1	1	1	0	1	50
chr2	168752741	168754433	2	2	1	13104	12	46
chr3	60613521	60614682	1	1	1	89	0	44
chr3	60613521	60614688	1	1	0	1	0	39
chr3	60613521	60615619	1	1	1	21	0	44
chr3	60614737	60615619	1	1	1	89	0	37
chr3	87733505	87734423	1	1	1	3	0	39
chr3	87733505	87735344	1	1	0	153	0	43
chr3	87734553	87735344	1	1	1	3	0	37
chr3	88483947	88484046	2	2	1	110	0	38
chr3	88483947	88484614	2	2	0	1	0	38
chr3	88484155	88484614	2	2	1	109	0	39
chr3	119724187	119724611	2	2	1	1858	2	34
chr3	119724187	119726065	2	2	1	5	0	29
chr3	119724646	119726065	2	2	1	1890	2	38
chr3	142948246	142963375	2	2	0	1	0	13
chr4	31992517	31994873	1	1	1	1340	0	40
chr4	31992517	32002088	1	1	1	477	1	49
chr4	31994955	32002088	1	1	1	1334	0	49
chr4	46468788	46469882	1	1	1	2	0	10
chr4	107009769	107027216	1	1	1	34	0	38
chr4	107009769	107028192	1	1	1	175	0	43
chr4	107027298	107028192	1	1	1	38	0	44
chr5	23565266	23616326	2	2	1	180	0	45
chr5	72958287	72974530	1	1	1	21	0	41
chr5	116482537	116591333	2	2	1	7	0	50
chr5	149184807	149185484	1	1	1	1	0	43
chr5	149184807	149187707	1	1	1	26	0	43
chr5	149184807	149188344	1	1	1	264	0	45
chr5	149185662	149188344	1	1	0	1	0	39
chr5	149187806	149188344	1	1	0	1	0	39
chr5	149187835	149188344	1	1	1	6	0	39
chr5	149187877	149188344	1	1	1	19	0	39
chr6	72634233	72648800	2	2	1	3081	3	42
chr6	72634233	72649115	2	2	0	1	0	44
chr6	72634233	72649119	2	2	1	5965	5	50
chr6	72648843	72649119	2	2	1	3064	3	42
chr6	98939789	98940994	2	2	1	6	0	45
chr6	98939789	98941535	2	2	1	68	2	46
chr6	98939789	98944618	2	2	0	15	0	45
chr6	98941165	98944618	2	2	0	6	0	36
chr6	98941658	98944618	2	2	1	68	2	36
chr6	125162102	125162211	2	2	1	514	15	38
chr6	128371086	128371967	1	1	1	1326	2	44
chr6	128371086	128372530	1	1	1	80	0	49
chr6	128371086	128372533	1	1	1	672	0	46
chr6	128371086	128372536	1	1	0	3	0	43
chr6	128372013	128372278	1	1	0	1	0	27
chr6	128372013	128372504	1	1	0	1	0	26
chr6	128372013	128372509	1	1	0	2	0	31
chr6	128372013	128372530	1	1	1	191	0	48
chr6	128372013	128372533	1	1	1	1112	2	46
chr6	128372018	128372530	1	1	0	1	0	49
chr6	128372018	128372533	1	1	0	18	0	46
chr6	128372208	128372533	1	1	0	1	0	46
chr6	128372306	128372533	1	1	0	1	0	27
chr7	25724845	25725923	2	2	1	1	0	39
chr7	67240441	67244520	2	2	1	7	0	24
chr7	67240441	67251656	2	2	1	419	1	44
chr7	67244545	67251656	2	2	1	7	0	24
chr7	101474369	102001612	1	1	0	4	0	12
chr7	102001660	102002294	1	1	1	198	0	42
chr7	102001660	102007485	1	1	1	3539	4	45
chr7	102001665	102007485	1	1	0	1	0	38
chr7	102002337	102007485	1	1	1	197	0	40
chr7	112839481	112841887	1	1	1	4	1	41
chr7	112839481	112842039	1	1	1	131	1	49
chr7	112839481	112856052	1	1	1	5	0	12
chr7	112839481	112856797	1	1	1	30	0	41
chr7	112841906	112842057	1	1	0	0	1	18
chr7	112841951	112856052	1	1	1	1	0	12
chr7	112841951	112856797	1	1	0	1	0	37
chr7	112842103	112856052	1	1	1	4	0	12
chr7	112842103	112856797	1	1	1	129	1	45
chr7	112856065	112856797	1	1	1	9	0	12
chr7	112856065	112856803	1	1	0	1	0	12
chr7	127980247	127981190	1	1	1	10	0	33
chr7	127981292	127981410	1	1	1	10	0	6
chr7	144861833	144862231	1	1	1	1558	4	39
chr7	144861837	144862231	1	1	0	1	0	32
chr7	144862336	144862764	1	1	1	1551	5	44
chr8	25532429	25557730	1	1	1	2	0	44
chr8	72219861	72219940	1	1	1	1	0	28
chr8	95100448	95100642	2	2	0	1	0	31
chr8	95100453	95100646	2	2	1	247	0	31
chr8	95100453	95101408	2	2	0	747	0	46
chr8	95100674	95101408	2	2	1	249	0	42
chr8	123268550	123268744	2	2	1	95	0	47
chr9	43027296	43040539	2	2	1	23	0	38
chr9	43027296	43042590	2	2	1	267	0	45
chr9	43040597	43042590	2	2	1	23	0	46
chr9	80093642	80098885	1	1	1	1492	4	26
chr9	80093642	80098892	1	1	0	19	0	14
chr9	80093642	80103693	1	1	1	6751	4	47
chr9	80093642	80103698	1	1	0	2	0	44
chr9	80098907	80099016	1	1	0	2	0	21
chr9	80098907	80103648	1	1	0	1	0	14
chr9	80098907	80103693	1	1	1	1504	4	23
chr9	80099049	80103693	1	1	0	3	0	37
chr9	114597607	114597794	2	2	1	247	0	38
chr9	114597607	114598704	2	2	0	343	0	42
chr9	114597825	114598704	2	2	0	3	0	30
chr9	114597831	114598704	2	2	1	244	0	36
chr11	26778879	26787397	2	2	0	0	1	13
chr11	79458907	79463232	1	1	1	20	0	43
chr11	79458907	79468716	1	1	1	29	0	42
chr11	79463296	79468716	1	1	1	20	0	39
chr11	94112147	94113262	1	1	1	24	0	21
chr11	94112147	94114172	1	1	1	224	0	32
chr11	94113302	94114172	1	1	1	24	0	39
chr11	102310577	102310925	2	2	1	92	0	42
chr11	102310577	102311379	2	2	1	301	0	45
chr11	102311037	102311379	2	2	1	92	0	45
chr12	71952560	71959805	1	1	1	189	0	44
chr12	83811361	83825258	2	2	1	133	0	33
chr12	83811361	83831921	2	2	1	133	0	41
chr12	83825292	83831921	2	2	1	135	0	34
chr12	104697145	104700364	2	2	1	1	0	39
chr12	113133338	113133495	1	1	0	7	0	42
chr12	113133338	113133540	1	1	1	207	1	38
chr12	113133338	113135796	1	1	1	749	0	29
chr12	113133577	113135796	1	1	1	204	1	29
chr13	46778990	46785245	2	2	0	1	0	44
chr13	46778994	46780625	2	2	1	556	1	40
chr13	46778994	46785245	2	2	1	2562	6	47
chr13	46780665	46785245	2	2	1	559	1	40
chr13	56084286	56089757	2	2	1	11	0	40
chr13	56089858	56096123	2	2	1	12	0	41
chr14	57643224	57648418	2	2	1	144	0	47
chr14	120389164	120395711	1	1	1	221	0	42
chr14	120389164	120396450	1	1	1	59	0	48
chr14	120395766	120396450	1	1	1	226	0	48
chr15	77102940	77105576	2	2	1	92	0	42
chr15	77102940	77113604	2	2	1	17	0	44
chr15	77105670	77113604	2	2	1	92	0	46
chr16	57178021	57181491	2	2	1	20	0	43
chr16	57178021	57182850	2	2	1	953	2	44
chr16	57181537	57182850	2	2	1	20	0	33
chr16	94686604	94691580	1	1	1	1	0	45
chr17	12979205	13846588	1	1	0	9	0	12
chr17	13846640	13848354	1	1	1	345	1	21
chr17	13846640	13849107	1	1	1	11766	21	46
chr17	13846640	13849113	1	1	0	62	0	47
chr17	13848376	13849107	1	1	1	339	1	27
chr17	45570567	45570665	2	2	1	633	2	41
chr17	45570800	45571017	2	2	1	678	1	24
chr17	47468854	47469275	1	1	1	1	0	16
chr17	56578845	56578920	2	2	1	1	0	18
chr17	56578986	56582983	2	2	1	1	0	42
chr18	10726534	10740982	1	1	1	1	0	15
chr18	53948155	53948644	1	1	1	1244	1	28
chr18	53948155	53953244	1	1	1	10124	11	45
chr18	53948666	53953244	1	1	0	3	0	21
chr18	53948669	53953244	1	1	1	1239	1	24
chr19	7281256	7281797	2	4	1	112	0	42
chr19	7281256	7282725	2	2	1	397	0	36
chr19	7281960	7282725	2	2	1	120	0	26
