chr1	34295537	34296741	1	1	1	87	0	18
chr1	34295537	34299720	1	1	1	18	0	39
chr1	34296760	34299720	1	1	1	87	0	18
chr1	40010678	40011649	1	1	1	158	0	28
chr1	40010678	40011787	1	1	0	1	0	21
chr1	40010678	40014105	1	1	1	34	1	32
chr1	40011842	40014105	1	1	1	155	0	37
chr1	82735508	82741934	1	1	0	1	0	40
chr1	82735508	82747082	1	1	1	2	0	40
chr1	82735508	82750519	1	1	1	60	0	40
chr1	82747143	82750519	1	1	1	3	0	38
chr2	32292216	32293314	1	1	1	17	0	43
chr2	32292216	32296625	1	1	1	73	0	44
chr2	32293396	32296625	1	1	1	17	0	38
chr2	59932171	59933405	2	2	0	78	0	37
chr2	59932171	59933411	2	2	1	353	0	31
chr2	59932171	59933670	2	2	1	1	0	36
chr2	59933436	59933670	2	2	0	1	0	24
chr2	59933439	59933670	2	2	1	418	0	30
chr2	71849507	71851834	1	1	0	1	0	39
chr2	71849507	71853533	1	1	1	614	0	40
chr2	71849507	71853820	1	1	0	2	0	37
chr2	71849507	71853890	1	1	0	1	0	39
chr2	71849507	71855853	1	1	1	2685	5	46
chr2	71849507	71855868	1	1	0	3	0	46
chr2	71853664	71855853	1	1	1	636	0	41
chr2	71853891	71855853	1	1	0	2	0	40
chr2	71853948	71855853	1	1	0	1	0	40
chr2	75662926	75663570	1	1	1	3	1	19
chr2	91001089	91001461	1	1	1	765	2	34
chr2	91001511	91003210	1	1	1	757	2	22
chr2	91003346	91003810	1	1	1	24	0	37
chr2	91159300	91162027	2	2	0	2	0	41
chr2	91159306	91160316	2	2	1	209	1	47
chr2	91159306	91162027	2	2	1	402	2	48
chr2	91160371	91162027	2	2	1	209	1	39
chr2	91681696	91682025	2	2	1	1	0	50
chr2	91681696	91684668	2	2	1	277	1	50
chr2	91681831	91684668	2	2	0	1	0	38
chr2	91682110	91684668	2	2	0	1	0	38
chr2	153670448	153672215	1	1	1	1	0	50
chr3	60613521	60614682	1	1	1	1502	0	45
chr3	60613521	60615619	1	1	1	1643	1	45
chr3	60614737	60615619	1	1	1	1501	0	38
chr3	87733505	87734423	1	1	1	18	0	39
chr3	87733505	87735344	1	1	0	11	0	44
chr3	87734553	87735344	1	1	1	18	0	37
chr3	88483947	88484046	2	2	1	339	3	39
chr3	88483947	88484614	2	2	0	1	0	38
chr3	88484155	88484614	2	2	1	334	3	39
chr3	88484666	88537145	2	2	0	0	3	12
chr3	119724187	119724611	2	2	1	5656	3	34
chr3	119724187	119726065	2	2	1	15	0	29
chr3	119724646	119726065	2	2	1	5796	3	39
chr3	142948246	142963375	2	2	0	0	1	13
chr4	31992517	31994873	1	1	1	280	0	40
chr4	31992517	32002088	1	1	1	3503	1	49
chr4	31994955	32002088	1	1	1	279	0	49
chr4	57371190	57374233	1	1	0	0	1	18
chr4	107009769	107027216	1	1	1	19	0	38
chr4	107009769	107028192	1	1	1	195	0	41
chr4	107027298	107028192	1	1	1	22	0	41
chr5	23565266	23616326	2	2	1	808	0	49
chr5	72958287	72965803	1	1	1	5	0	40
chr5	72958287	72974530	1	1	1	72	0	42
chr5	72965882	72974530	1	1	1	5	0	41
chr5	116477146	116482389	2	2	1	1	0	33
chr5	116482537	116591333	2	2	1	690	5	50
chr5	122284910	122308130	1	1	1	1	0	37
chr5	149184807	149187707	1	1	1	34	0	44
chr5	149184807	149188344	1	1	1	687	0	45
chr5	149187877	149188344	1	1	1	34	0	39
chr6	47577668	47594893	2	2	1	2	0	36
chr6	85467786	85468052	1	1	1	1	0	17
chr6	98939789	98940994	2	2	1	1	0	45
chr6	98939789	98941535	2	2	1	168	0	45
chr6	98939789	98944618	2	2	0	7	0	46
chr6	98941165	98944618	2	2	0	1	0	36
chr6	98941658	98944618	2	2	1	169	0	36
chr6	125162102	125162211	2	2	1	333	9	37
chr6	128371086	128371967	1	1	1	2973	5	45
chr6	128371086	128371980	1	1	0	2	0	37
chr6	128371086	128372530	1	1	1	3	0	49
chr6	128371086	128372533	1	1	1	7	0	46
chr6	128372013	128372504	1	1	0	17	0	26
chr6	128372013	128372509	1	1	0	4	0	31
chr6	128372013	128372530	1	1	1	366	2	49
chr6	128372013	128372533	1	1	1	2544	3	46
chr6	128372018	128372530	1	1	0	2	0	49
chr6	128372018	128372533	1	1	0	45	0	46
chr7	30192593	30192866	2	2	1	1	0	32
chr7	30192901	30193877	2	2	1	1	0	26
chr7	45377279	45377355	2	2	1	1	0	28
chr7	67240441	67244520	2	2	1	125	0	24
chr7	67240441	67251656	2	2	1	943	0	45
chr7	67244545	67251656	2	2	1	125	0	24
chr7	102001660	102002294	1	1	1	1222	0	44
chr7	102001660	102007485	1	1	1	415	1	45
chr7	102002337	102007485	1	1	1	1224	0	40
chr7	112839481	112841887	1	1	1	10	0	41
chr7	112839481	112842039	1	1	1	168	0	42
chr7	112839481	112856052	1	1	1	8	0	12
chr7	112839481	112856797	1	1	1	6	0	41
chr7	112841951	112856052	1	1	1	3	0	12
chr7	112842103	112856052	1	1	1	170	0	12
chr7	112842103	112856797	1	1	1	5	0	37
chr7	112856065	112856797	1	1	1	181	0	12
chr7	127980247	127981190	1	1	1	12	0	2
chr7	127981292	127981410	1	1	1	12	0	6
chr8	25532429	25557730	1	1	1	5	0	44
chr8	72219861	72219940	1	1	1	1	0	30
chr8	91688606	91932332	1	1	0	6	0	13
chr8	95100453	95100646	2	2	1	970	0	31
chr8	95100453	95101408	2	2	0	76	0	46
chr8	95100674	95101408	2	2	1	970	0	42
chr8	121628690	121651724	2	2	1	1	0	20
chr8	123268550	123268744	2	2	1	219	0	49
chr9	43027296	43040539	2	2	1	144	0	38
chr9	43027296	43042590	2	2	1	113	0	45
chr9	43040597	43042590	2	2	1	143	0	45
chr9	80093642	80098847	1	1	0	1	0	44
chr9	80093642	80098885	1	1	1	6285	4	31
chr9	80093642	80098892	1	1	0	147	0	19
chr9	80093642	80103693	1	1	1	251	0	45
chr9	80098907	80101831	1	1	0	2	0	21
chr9	80098907	80103693	1	1	1	6430	4	37
chr9	80098907	80103698	1	1	0	1	0	21
chr9	80098907	80103722	1	1	0	3	0	21
chr9	80101891	80103693	1	1	0	3	0	37
chr9	114597607	114597794	2	2	1	508	0	38
chr9	114597607	114598704	2	2	0	17	0	46
chr9	114597825	114598704	2	2	0	9	0	30
chr9	114597831	114598704	2	2	1	499	0	36
chr11	26778879	26787397	2	2	0	0	1	13
chr11	79458907	79463232	1	1	1	11	0	42
chr11	79458907	79468113	1	1	1	2	0	41
chr11	79458907	79468716	1	1	1	178	1	43
chr11	79463296	79468716	1	1	1	11	0	38
chr11	79468155	79468716	1	1	1	2	0	38
chr11	94112147	94113262	1	1	1	115	0	23
chr11	94112147	94114172	1	1	1	332	0	32
chr11	94113302	94114172	1	1	1	117	0	39
chr11	102310333	102310442	2	2	1	1	0	36
chr11	102310577	102310925	2	2	1	57	0	42
chr11	102310577	102311379	2	2	1	762	0	46
chr11	102311037	102311379	2	2	1	57	0	45
chr12	71952560	71958746	1	1	1	49	0	27
chr12	71952560	71959805	1	1	1	48	0	43
chr12	71958774	71959805	1	1	1	49	0	29
chr12	83811361	83825258	2	2	1	63	0	33
chr12	83811361	83831921	2	2	1	393	0	41
chr12	83825292	83831921	2	2	1	63	0	33
chr12	113133338	113133495	1	1	0	108	13	45
chr12	113133338	113133540	1	1	1	1624	43	43
chr12	113133338	113135796	1	1	1	7	0	29
chr12	113133577	113134761	1	1	0	2	0	21
chr12	113133577	113134800	1	1	0	7	0	12
chr12	113133577	113135796	1	1	1	1675	56	29
chr12	113134813	113135796	1	1	0	9	0	29
chr13	46778990	46780625	2	2	0	1	0	39
chr13	46778994	46780625	2	2	1	751	2	42
chr13	46778994	46785245	2	2	1	1946	3	45
chr13	46780665	46785245	2	2	1	756	2	39
chr13	56084286	56088251	2	2	1	2	0	40
chr13	56084286	56089757	2	2	1	67	0	40
chr13	56088343	56096123	2	2	1	2	0	38
chr13	56089858	56096123	2	2	1	67	0	41
chr14	57643224	57643334	2	2	1	5	0	39
chr14	57643224	57648418	2	2	1	109	0	40
chr14	57643490	57648418	2	2	1	5	0	38
chr14	120389164	120395711	1	1	1	245	0	39
chr14	120389164	120396450	1	1	1	532	1	48
chr14	120395766	120396450	1	1	1	255	0	48
chr15	77102940	77105576	2	2	1	225	1	42
chr15	77102940	77113604	2	2	1	8	0	48
chr15	77105670	77113604	2	2	1	226	1	48
chr15	103242719	103243624	1	1	1	0	1	33
chr16	57178021	57181491	2	2	1	351	0	45
chr16	57178021	57182850	2	2	1	107	0	43
chr16	57181537	57182850	2	2	1	348	0	34
chr17	12979205	13846588	1	1	0	44	0	12
chr17	13846640	13848354	1	1	1	3173	1	22
chr17	13846640	13849107	1	1	1	2884	3	44
chr17	13846640	13849113	1	1	0	15	0	47
chr17	13848376	13849107	1	1	1	3159	1	29
chr17	13848376	13849113	1	1	0	6	0	21
chr17	45570567	45570665	2	2	1	506	0	42
chr17	45570800	45571017	2	2	1	559	0	21
chr18	10726534	10740982	1	1	1	1	0	15
chr18	53948155	53948644	1	1	1	10599	10	28
chr18	53948155	53948651	1	1	0	1	0	17
chr18	53948155	53953244	1	1	1	1682	3	43
chr18	53948666	53953244	1	1	0	9	0	21
chr18	53948669	53953244	1	1	1	10586	9	37
chr18	53948669	53953268	1	1	0	4	0	24
chr18	64515406	64516415	2	2	1	1	0	42
chr19	7281256	7281797	2	4	1	215	0	39
chr19	7281256	7282725	2	2	1	1165	0	36
chr19	7281960	7282725	2	2	1	224	0	35
