chr1	34295537	34296741	1	1	1	100	0	18
chr1	34295537	34299720	1	1	1	14	0	39
chr1	34296760	34299720	1	1	1	100	0	19
chr1	40010678	40011649	1	1	1	67	0	22
chr1	40010678	40011811	1	1	0	2	0	21
chr1	40010678	40014105	1	1	1	35	0	32
chr1	40011842	40014105	1	1	1	64	0	37
chr1	82735508	82741817	1	1	1	2	0	40
chr1	82735508	82747082	1	1	1	1	0	40
chr1	82735508	82750519	1	1	1	68	1	41
chr1	82747143	82750519	1	1	1	1	0	38
chr2	30066894	30068268	1	1	1	1	0	20
chr2	32292216	32293314	1	1	1	14	0	43
chr2	32292216	32296625	1	1	1	99	0	44
chr2	32293396	32296625	1	1	1	14	0	39
chr2	59932171	59933405	2	2	0	77	0	37
chr2	59932171	59933411	2	2	1	486	1	32
chr2	59932171	59933670	2	2	1	1	0	25
chr2	59933439	59933670	2	2	1	553	1	31
chr2	71849507	71853533	1	1	1	621	0	40
chr2	71849507	71853890	1	1	0	2	0	39
chr2	71849507	71855853	1	1	1	2236	2	44
chr2	71849507	71855868	1	1	0	6	0	46
chr2	71853664	71855853	1	1	1	643	0	41
chr2	71853948	71855853	1	1	0	2	0	40
chr2	75662926	75663570	1	1	1	2	1	40
chr2	91001089	91001461	1	1	1	517	1	24
chr2	91001089	91003299	1	1	0	2	0	33
chr2	91001511	91003210	1	1	1	515	2	25
chr2	91003238	91003810	1	1	0	2	0	27
chr2	91003346	91003810	1	1	1	8	0	36
chr2	91159300	91162027	2	2	0	1	0	41
chr2	91159306	91160316	2	2	1	200	0	47
chr2	91159306	91162027	2	2	1	452	0	47
chr2	91160371	91162027	2	2	1	198	0	41
chr2	91681696	91684668	2	2	1	206	0	50
chr2	153670448	153672215	1	1	1	1	0	50
chr3	60422418	60613472	1	1	0	0	6	15
chr3	60613521	60614682	1	1	1	1354	5	46
chr3	60613521	60614688	1	1	0	1	0	38
chr3	60613521	60615619	1	1	1	1625	6	45
chr3	60614737	60615619	1	1	1	1358	5	39
chr3	87733505	87734423	1	1	1	9	0	39
chr3	87733505	87735344	1	1	0	17	0	39
chr3	87734553	87735344	1	1	1	9	0	37
chr3	88483947	88484046	2	2	1	235	0	41
chr3	88483947	88484055	2	2	0	1	0	37
chr3	88484155	88484614	2	2	1	233	0	39
chr3	119724187	119724611	2	2	1	4702	0	34
chr3	119724187	119726065	2	2	1	24	1	29
chr3	119724646	119726065	2	2	1	4787	0	38
chr3	129825617	129826823	2	2	1	1	0	36
chr3	139632407	139650143	2	2	0	0	1	13
chr3	142948246	142963375	2	2	0	0	1	13
chr4	31992517	31994873	1	1	1	256	1	40
chr4	31992517	32002088	1	1	1	3991	4	49
chr4	31994955	32002088	1	1	1	255	1	49
chr4	107009769	107027216	1	1	1	8	0	38
chr4	107009769	107028192	1	1	1	108	0	44
chr4	107027298	107028192	1	1	1	9	0	41
chr5	23565266	23567263	2	2	0	1	0	37
chr5	23565266	23616326	2	2	1	752	0	46
chr5	23567323	23616326	2	2	0	1	0	45
chr5	72958287	72965803	1	1	1	3	0	40
chr5	72958287	72974530	1	1	1	107	1	43
chr5	72965882	72974530	1	1	1	3	0	41
chr5	116482532	116591333	2	2	0	4	0	45
chr5	116482537	116513793	2	2	0	2	0	50
chr5	116482537	116591333	2	2	1	807	0	50
chr5	116513877	116591333	2	2	0	2	0	43
chr5	149184807	149187707	1	1	1	11	0	43
chr5	149184807	149188344	1	1	1	566	2	46
chr5	149187835	149188344	1	1	1	2	0	39
chr5	149187877	149188344	1	1	1	9	0	39
chr6	72634233	72649119	2	2	1	2	0	40
chr6	98939789	98941535	2	2	1	142	0	46
chr6	98939789	98944618	2	2	0	12	0	45
chr6	98941658	98944618	2	2	1	144	0	36
chr6	125162102	125162211	2	2	1	265	14	39
chr6	128371086	128371967	1	1	1	4093	3	45
chr6	128371086	128371980	1	1	0	1	0	32
chr6	128371086	128372533	1	1	1	17	0	46
chr6	128372013	128372278	1	1	0	2	0	27
chr6	128372013	128372504	1	1	0	24	0	26
chr6	128372013	128372509	1	1	0	11	0	31
chr6	128372013	128372530	1	1	1	525	1	49
chr6	128372013	128372533	1	1	1	3482	2	46
chr6	128372013	128372539	1	1	0	3	0	40
chr6	128372018	128372509	1	1	0	1	0	31
chr6	128372018	128372530	1	1	0	11	0	49
chr6	128372018	128372533	1	1	0	46	0	46
chr6	128372306	128372533	1	1	0	2	0	27
chr7	67240441	67244520	2	2	1	158	0	24
chr7	67240441	67251656	2	2	1	1236	3	44
chr7	67244545	67251656	2	2	1	158	0	24
chr7	101405603	102001614	1	1	0	5	0	13
chr7	101445671	102001612	1	1	0	4	0	12
chr7	102001660	102002294	1	1	1	1341	0	43
chr7	102001660	102007485	1	1	1	518	0	46
chr7	102002337	102007485	1	1	1	1347	0	42
chr7	112839481	112841887	1	1	1	5	0	41
chr7	112839481	112842039	1	1	1	81	0	41
chr7	112839481	112856052	1	1	1	3	0	12
chr7	112839481	112856797	1	1	1	2	0	41
chr7	112841951	112856052	1	1	1	1	0	12
chr7	112842103	112856052	1	1	1	83	0	12
chr7	112842103	112856797	1	1	1	1	0	37
chr7	112856065	112856797	1	1	1	87	0	12
chr7	127980247	127981190	1	1	1	6	0	5
chr7	127981292	127981410	1	1	1	5	0	6
chr8	25532429	25557730	1	1	1	3	0	44
chr8	47528031	47529328	2	2	1	1	0	6
chr8	91688606	91932332	1	1	0	5	0	13
chr8	95100453	95100646	2	2	1	815	2	31
chr8	95100453	95101408	2	2	0	80	0	46
chr8	95100674	95101408	2	2	1	815	2	42
chr8	95101447	95139983	2	2	0	0	1	15
chr8	123268550	123268744	2	2	1	231	0	48
chr9	43027296	43040539	2	2	1	82	0	38
chr9	43027296	43042590	2	2	1	149	0	46
chr9	43040597	43042590	2	2	1	82	0	45
chr9	67323182	67330547	2	2	1	1	0	4
chr9	80093642	80098885	1	1	1	7236	6	31
chr9	80093642	80098892	1	1	0	188	0	14
chr9	80093642	80099016	1	1	0	1	0	33
chr9	80093642	80103693	1	1	1	248	0	44
chr9	80098907	80103693	1	1	1	7421	6	24
chr9	80098907	80103698	1	1	0	2	0	21
chr9	80099049	80103693	1	1	0	1	0	34
chr9	114597607	114597794	2	2	1	425	0	38
chr9	114597607	114598704	2	2	0	11	0	40
chr9	114597825	114598704	2	2	0	4	0	30
chr9	114597831	114598704	2	2	1	421	0	36
chr9	123011638	123013939	1	1	1	3	0	29
chr11	60105395	60140240	1	1	1	1	0	28
chr11	79458907	79463232	1	1	1	7	0	42
chr11	79458907	79468716	1	1	1	195	0	43
chr11	79463296	79468716	1	1	1	7	0	38
chr11	94112147	94113262	1	1	1	110	0	21
chr11	94112147	94114172	1	1	1	338	0	32
chr11	94113302	94114172	1	1	1	111	0	39
chr11	100481848	100482144	2	2	1	1	0	39
chr11	102310577	102310925	2	2	1	49	0	42
chr11	102310577	102311379	2	2	1	737	0	46
chr11	102310577	102311403	2	2	0	1	0	21
chr11	102311037	102311379	2	2	1	49	0	45
chr12	71952560	71958746	1	1	1	66	0	27
chr12	71952560	71959805	1	1	1	64	0	46
chr12	71958774	71959805	1	1	1	66	0	27
chr12	83811361	83825258	2	2	1	58	0	33
chr12	83811361	83831921	2	2	1	410	0	41
chr12	83825292	83831921	2	2	1	58	0	33
chr12	113133338	113133495	1	1	0	78	8	45
chr12	113133338	113133540	1	1	1	1580	45	40
chr12	113133338	113135796	1	1	1	16	0	29
chr12	113133577	113134761	1	1	0	1	0	21
chr12	113133577	113134800	1	1	0	8	0	12
chr12	113133577	113135796	1	1	1	1612	53	29
chr12	113134813	113135796	1	1	0	11	0	29
chr13	46778994	46780545	2	2	0	1	0	40
chr13	46778994	46780625	2	2	1	626	0	43
chr13	46778994	46785245	2	2	1	2641	1	45
chr13	46780663	46785245	2	2	0	1	0	37
chr13	46780665	46785245	2	2	1	626	0	40
chr13	56084286	56089757	2	2	1	38	0	40
chr13	56089858	56096123	2	2	1	39	0	41
chr14	57643224	57643334	2	2	1	1	0	31
chr14	57643224	57648418	2	2	1	105	0	47
chr14	57643365	57648418	2	2	0	1	0	30
chr14	120389164	120395711	1	1	1	127	0	38
chr14	120389164	120395717	1	1	0	1	0	38
chr14	120389164	120396450	1	1	1	444	0	48
chr14	120395766	120396450	1	1	1	134	0	48
chr15	77102940	77105576	2	2	1	166	1	41
chr15	77102940	77113604	2	2	1	11	0	44
chr15	77105670	77113604	2	2	1	166	1	48
chr15	103242719	103243624	1	1	1	1	1	33
chr16	57178021	57181491	2	2	1	360	1	44
chr16	57178021	57182850	2	2	1	159	1	44
chr16	57181507	57182850	2	2	0	1	0	15
chr16	57181537	57182850	2	2	1	356	1	33
chr17	12979205	13846588	1	1	0	40	0	12
chr17	13846640	13848020	1	1	0	2	0	37
chr17	13846640	13848354	1	1	1	4851	4	22
chr17	13846640	13848358	1	1	0	2	0	17
chr17	13846640	13849107	1	1	1	3151	6	46
chr17	13846640	13849113	1	1	0	10	0	48
chr17	13848057	13848354	1	1	0	2	0	20
chr17	13848376	13849107	1	1	1	4830	4	26
chr17	13848376	13849113	1	1	0	13	0	21
chr17	13848376	13849116	1	1	0	1	0	21
chr17	45570567	45570665	2	2	1	396	2	42
chr17	45570800	45571017	2	2	1	436	1	21
chr18	10726534	10740982	1	1	1	4	0	15
chr18	53948155	53948644	1	1	1	12913	12	30
chr18	53948155	53948651	1	1	0	2	0	17
chr18	53948155	53953244	1	1	1	1992	1	43
chr18	53948666	53953244	1	1	0	5	0	21
chr18	53948669	53949213	1	1	0	1	0	15
chr18	53948669	53949681	1	1	0	2	0	15
chr18	53948669	53953244	1	1	1	12889	12	37
chr18	53949263	53953244	1	1	0	1	0	37
chr18	53949705	53953244	1	1	0	2	0	23
chr19	7281251	7282725	2	2	0	3	0	26
chr19	7281256	7281797	2	4	1	132	0	39
chr19	7281256	7282725	2	2	1	1526	0	36
chr19	7281960	7282725	2	2	1	137	0	35
