chr1	34295537	34296741	1	1	1	116	0	18
chr1	34295537	34299720	1	1	1	22	0	38
chr1	34296760	34299720	1	1	1	116	0	19
chr1	40010678	40011649	1	1	1	167	0	32
chr1	40010678	40011783	1	1	0	2	0	21
chr1	40010678	40011811	1	1	0	1	0	21
chr1	40010678	40014105	1	1	1	68	2	32
chr1	40011842	40014105	1	1	1	166	0	38
chr1	58558058	58565856	2	2	1	1	0	23
chr1	58565955	58586211	2	2	1	1	0	46
chr1	82735508	82741817	1	1	1	3	0	40
chr1	82735508	82747082	1	1	1	7	0	40
chr1	82735508	82750519	1	1	1	84	0	42
chr1	82747143	82750519	1	1	1	9	0	38
chr1	128186910	128193459	1	1	1	1	0	34
chr2	32292216	32293314	1	1	1	27	0	43
chr2	32292216	32296625	1	1	1	143	0	48
chr2	32293396	32296625	1	1	1	27	0	39
chr2	59926161	59932104	2	2	1	2	0	33
chr2	59932171	59933405	2	2	0	74	0	37
chr2	59932171	59933411	2	2	1	496	0	31
chr2	59933439	59933670	2	2	1	554	0	30
chr2	71849507	71853533	1	1	1	1060	1	41
chr2	71849507	71853820	1	1	0	2	0	37
chr2	71849507	71855853	1	1	1	4068	5	45
chr2	71853664	71855853	1	1	1	1084	1	41
chr2	71853677	71855868	1	1	0	1	0	46
chr2	71853891	71855853	1	1	0	2	0	40
chr2	75662926	75663570	1	1	1	4	1	27
chr2	91001089	91001461	1	1	1	1027	1	25
chr2	91001511	91003210	1	1	1	1033	1	25
chr2	91001511	91003299	1	1	0	3	0	46
chr2	91003238	91003810	1	1	0	3	0	27
chr2	91003346	91003810	1	1	1	27	0	36
chr2	91159300	91162027	2	2	0	4	0	41
chr2	91159306	91160316	2	2	1	325	0	47
chr2	91159306	91162027	2	2	1	659	1	47
chr2	91160371	91162027	2	2	1	333	0	38
chr2	91681696	91682025	2	2	1	2	0	50
chr2	91681696	91684668	2	2	1	309	0	50
chr2	91682110	91684668	2	2	0	2	0	38
chr2	153670448	153670848	1	1	1	1	0	42
chr2	153670448	153672215	1	1	1	9	1	50
chr2	153670909	153672215	1	1	1	1	0	50
chr2	153713625	153714954	1	1	1	0	1	50
chr3	52174058	52613599	2	2	0	0	4	13
chr3	60613521	60614682	1	1	1	1951	2	46
chr3	60613521	60614688	1	1	0	2	0	44
chr3	60613521	60615619	1	1	1	1728	2	46
chr3	60614737	60615619	1	1	1	1955	2	41
chr3	87733505	87734423	1	1	1	32	0	40
chr3	87733505	87735344	1	1	0	14	0	39
chr3	87734553	87735344	1	1	1	30	0	37
chr3	88483947	88484046	2	2	1	368	0	38
chr3	88484077	88484614	2	2	0	1	0	30
chr3	88484155	88484614	2	2	1	367	0	39
chr3	119724187	119724611	2	2	1	7966	3	34
chr3	119724187	119724629	2	2	0	1	0	16
chr3	119724187	119726065	2	2	1	22	0	29
chr3	119724646	119726065	2	2	1	8170	4	38
chr3	119726116	119820407	2	2	0	2	0	13
chr3	129825617	129826823	2	2	1	1	0	36
chr4	31992517	31994873	1	1	1	367	0	40
chr4	31992517	32002088	1	1	1	4734	7	50
chr4	31992526	32002097	2	4	0	1	0	44
chr4	31994955	32002088	1	1	1	365	0	49
chr4	107009769	107027216	1	1	1	31	0	38
chr4	107009769	107028192	1	1	1	211	0	42
chr4	107027298	107028192	1	1	1	35	0	46
chr5	23565266	23616326	2	2	1	1239	0	46
chr5	72958287	72965803	1	1	1	7	0	40
chr5	72958287	72974530	1	1	1	109	0	42
chr5	72965882	72974530	1	1	1	7	0	41
chr5	116475248	116477058	2	2	1	2	0	21
chr5	116477146	116482389	2	2	1	2	0	33
chr5	116482537	116591333	2	2	1	786	2	50
chr5	149184807	149185484	1	1	1	1	0	42
chr5	149184807	149187707	1	1	1	30	0	44
chr5	149184807	149188344	1	1	1	960	1	45
chr5	149187806	149188344	1	1	0	1	0	39
chr5	149187864	149188344	1	1	0	1	0	39
chr5	149187877	149188344	1	1	1	28	0	39
chr6	47577668	47594893	2	2	1	1	0	24
chr6	98939789	98940994	2	2	1	2	0	45
chr6	98939789	98941535	2	2	1	225	0	46
chr6	98939789	98944618	2	2	0	16	0	45
chr6	98941165	98944618	2	2	0	2	0	36
chr6	98941658	98944618	2	2	1	225	0	39
chr6	125162102	125162211	2	2	1	523	15	36
chr6	128371086	128371967	1	1	1	4583	2	45
chr6	128371086	128371980	1	1	0	1	0	32
chr6	128371086	128372530	1	1	1	1	0	49
chr6	128371086	128372533	1	1	1	22	0	46
chr6	128372013	128372144	1	1	0	1	0	30
chr6	128372013	128372504	1	1	0	35	0	26
chr6	128372013	128372509	1	1	0	9	0	31
chr6	128372013	128372530	1	1	1	533	0	49
chr6	128372013	128372533	1	1	1	3951	2	46
chr6	128372013	128372536	1	1	0	1	0	43
chr6	128372018	128372530	1	1	0	13	0	49
chr6	128372018	128372533	1	1	0	49	0	46
chr7	67240441	67244520	2	2	1	246	0	24
chr7	67240441	67251656	2	2	1	1933	0	44
chr7	67240443	67251659	1	1	0	1	0	41
chr7	67244545	67251656	2	2	1	246	0	24
chr7	99849060	99858763	2	2	1	1	0	44
chr7	102001660	102002294	1	1	1	1709	1	43
chr7	102001660	102007485	1	1	1	607	0	45
chr7	102002337	102007485	1	1	1	1722	1	42
chr7	112839481	112841887	1	1	1	6	0	41
chr7	112839481	112842039	1	1	1	182	0	46
chr7	112839481	112856052	1	1	1	6	0	12
chr7	112839481	112856797	1	1	1	13	0	41
chr7	112841951	112856052	1	1	1	1	0	12
chr7	112842103	112856052	1	1	1	180	0	12
chr7	112842103	112856797	1	1	1	6	0	37
chr7	112856065	112856797	1	1	1	188	0	14
chr7	127980247	127981190	1	1	1	25	0	47
chr7	127981292	127981410	1	1	1	24	0	6
chr8	25532429	25555507	1	1	1	1	0	44
chr8	25532429	25557730	1	1	1	7	0	44
chr8	25555775	25557730	1	1	1	3	0	37
chr8	72219861	72219940	1	1	1	1	0	30
chr8	95100443	95100636	2	2	0	1	0	36
chr8	95100453	95100646	2	2	1	1203	1	31
chr8	95100453	95101408	2	2	0	164	0	46
chr8	95100674	95101408	2	2	1	1204	1	44
chr8	95101447	95139983	2	2	0	0	1	15
chr8	121628690	121651724	2	2	1	1	0	20
chr8	123268550	123268744	2	2	1	255	0	46
chr9	43027296	43040539	2	2	1	174	0	39
chr9	43027296	43042590	2	2	1	194	0	45
chr9	43040597	43042590	2	2	1	171	0	46
chr9	55500165	55512030	2	2	1	1	0	28
chr9	80093642	80098885	1	1	1	8533	6	26
chr9	80093642	80098892	1	1	0	209	1	19
chr9	80093642	80101831	1	1	0	1	0	43
chr9	80093642	80103693	1	1	1	362	0	45
chr9	80098907	80101831	1	1	0	1	0	21
chr9	80098907	80103693	1	1	1	8749	7	27
chr9	80101891	80103693	1	1	0	2	0	37
chr9	80103765	80116531	1	1	1	1	0	40
chr9	114597607	114597794	2	2	1	668	1	39
chr9	114597607	114598704	2	2	0	25	0	40
chr9	114597825	114598704	2	2	0	5	0	30
chr9	114597831	114598704	2	2	1	662	1	36
chr11	26778879	26787397	2	2	0	0	2	13
chr11	79458907	79463232	1	1	1	29	0	43
chr11	79458907	79468716	1	1	1	270	2	42
chr11	79463296	79468716	1	1	1	29	0	39
chr11	94112147	94113262	1	1	1	163	0	21
chr11	94112147	94114172	1	1	1	505	0	32
chr11	94113302	94114172	1	1	1	164	0	39
chr11	100479298	100481376	2	2	1	1	0	30
chr11	100481848	100482144	2	2	1	1	0	35
chr11	102310577	102310925	2	2	1	81	0	42
chr11	102310577	102311379	2	2	1	933	2	46
chr11	102311037	102311379	2	2	1	82	0	45
chr12	71952560	71958746	1	1	1	81	0	27
chr12	71952560	71959805	1	1	1	78	0	44
chr12	71958774	71959805	1	1	1	80	0	27
chr12	71958774	71959809	1	1	0	1	0	27
chr12	83811361	83811669	2	2	0	1	0	37
chr12	83811361	83825258	2	2	1	74	0	33
chr12	83811361	83831921	2	2	1	444	0	41
chr12	83811744	83831921	2	2	0	1	0	38
chr12	83825292	83831921	2	2	1	74	0	33
chr12	113133338	113133495	1	1	0	171	17	44
chr12	113133338	113133540	1	1	1	2653	83	43
chr12	113133338	113133551	1	1	0	1	0	25
chr12	113133338	113135796	1	1	1	17	0	29
chr12	113133577	113134761	1	1	0	4	0	21
chr12	113133577	113134800	1	1	0	12	0	12
chr12	113133577	113135796	1	1	1	2701	99	29
chr12	113134813	113135796	1	1	0	16	0	29
chr13	46778994	46780625	2	2	1	814	1	40
chr13	46778994	46785245	2	2	1	2963	2	46
chr13	46780665	46785245	2	2	1	808	1	39
chr13	46780708	46785245	2	2	0	1	0	39
chr13	56084269	56096123	2	2	0	1	0	44
chr13	56084286	56089757	2	2	1	78	1	40
chr13	56089858	56096123	2	2	1	79	1	41
chr13	119381864	119386578	2	2	1	1	0	20
chr14	57643224	57643334	2	2	1	4	0	39
chr14	57643224	57648418	2	2	1	155	0	47
chr14	57643490	57648418	2	2	1	4	0	38
chr14	120389164	120395711	1	1	1	317	0	41
chr14	120389164	120396450	1	1	1	715	1	48
chr14	120395766	120396450	1	1	1	332	0	48
chr15	77102940	77104480	2	2	0	2	0	40
chr15	77102940	77105576	2	2	1	240	0	41
chr15	77102940	77113604	2	2	1	18	0	47
chr15	77105641	77113604	2	2	0	1	0	44
chr15	77105670	77113604	2	2	1	239	0	48
chr15	103242473	103242643	1	1	1	1	0	30
chr15	103242719	103243624	1	1	1	0	1	33
chr16	57178021	57181491	2	2	1	475	0	44
chr16	57178021	57182850	2	2	1	138	1	44
chr16	57181537	57182850	2	2	1	472	0	34
chr17	12979205	13846588	1	1	0	107	3	12
chr17	13846640	13848354	1	1	1	4641	8	22
chr17	13846640	13848361	1	1	0	5	0	14
chr17	13846640	13849107	1	1	1	4524	3	50
chr17	13846640	13849113	1	1	0	23	0	47
chr17	13848376	13849107	1	1	1	4652	9	29
chr17	45570567	45570665	2	2	1	821	7	37
chr17	45570800	45571017	2	2	1	915	4	21
chr18	10726534	10740982	1	1	1	1	0	15
chr18	53948155	53948644	1	1	1	16349	15	33
chr18	53948155	53948651	1	1	0	1	0	17
chr18	53948155	53953244	1	1	1	2627	11	45
chr18	53948666	53953244	1	1	0	4	0	21
chr18	53948669	53953244	1	1	1	16334	7	39
chr18	53948669	53953268	1	1	0	2	0	24
chr18	53948673	53953244	1	1	0	1	0	28
chr18	64512050	64515325	2	2	1	1	0	16
chr18	64515409	64516415	2	2	1	1	0	30
chr19	7281251	7282725	2	2	0	1	0	26
chr19	7281256	7281797	2	4	1	294	1	39
chr19	7281256	7282725	2	2	1	1774	1	36
chr19	7281960	7282725	2	2	1	296	1	29
