chr1	34295537	34296741	1	1	1	92	0	18
chr1	34295537	34299720	1	1	1	53	0	39
chr1	34296760	34299720	1	1	1	92	0	19
chr1	40010678	40011649	1	1	1	101	0	28
chr1	40010678	40011783	1	1	0	1	0	21
chr1	40010678	40011787	1	1	0	2	0	21
chr1	40010678	40011811	1	1	0	4	0	21
chr1	40010678	40014105	1	1	1	31	1	32
chr1	40011842	40014105	1	1	1	103	0	39
chr1	58565955	58586211	2	2	1	1	0	46
chr1	82735508	82747082	1	1	1	1	0	40
chr1	82735508	82750519	1	1	1	55	0	43
chr1	82747143	82750519	1	1	1	1	0	38
chr2	32292216	32293314	1	1	1	9	0	43
chr2	32292216	32296625	1	1	1	78	0	44
chr2	32293396	32296625	1	1	1	9	0	38
chr2	59926161	59932104	2	2	1	1	0	20
chr2	59932171	59933405	2	2	0	54	0	33
chr2	59932171	59933411	2	2	1	375	0	32
chr2	59932171	59933670	2	2	1	1	0	38
chr2	59933439	59933670	2	2	1	423	0	32
chr2	71849507	71853533	1	1	1	545	0	41
chr2	71849507	71853875	1	1	0	3	0	15
chr2	71849507	71855853	1	1	1	7157	3	45
chr2	71853664	71855853	1	1	1	545	0	42
chr2	71853677	71855868	1	1	0	1	0	46
chr2	71853891	71855853	1	1	0	3	0	15
chr2	71854612	71855853	1	1	0	2	0	36
chr2	75662926	75663570	1	1	1	3	1	42
chr2	91001089	91001461	1	1	1	810	1	34
chr2	91001089	91003210	1	1	0	0	1	24
chr2	91001089	91003299	1	1	0	4	0	33
chr2	91001511	91003210	1	1	1	801	1	43
chr2	91001511	91003299	1	1	0	1	0	46
chr2	91003238	91003810	1	1	0	1	0	27
chr2	91003346	91003810	1	1	1	16	0	36
chr2	91159300	91162027	2	2	0	5	0	41
chr2	91159306	91160316	2	2	1	302	1	47
chr2	91159306	91162027	2	2	1	349	0	47
chr2	91160371	91162027	2	2	1	306	1	40
chr2	91681696	91684668	2	2	1	169	0	50
chr2	153670448	153672215	1	1	1	7	0	50
chr3	60607681	60613472	1	1	0	1	0	14
chr3	60613521	60614682	1	1	1	1519	0	45
chr3	60613521	60615619	1	1	1	693	1	44
chr3	60614737	60615619	1	1	1	1498	0	39
chr3	87733505	87734423	1	1	1	21	0	39
chr3	87733505	87735344	1	1	0	6	0	39
chr3	87734553	87735344	1	1	1	20	0	37
chr3	88483947	88484046	2	2	1	180	0	39
chr3	88484155	88484614	2	2	1	179	0	41
chr3	119724187	119724611	2	2	1	7094	1	34
chr3	119724187	119726065	2	2	1	24	0	29
chr3	119724646	119726065	2	2	1	7395	1	38
chr3	119726206	119740314	2	2	1	1	0	40
chr3	129825617	129826823	2	2	1	1	0	28
chr4	31992517	31994873	1	1	1	239	2	39
chr4	31992517	32002088	1	1	1	3088	3	49
chr4	31994955	32002088	1	1	1	233	2	49
chr4	46468788	46469882	1	1	1	1	0	6
chr4	107009769	107027216	1	1	1	24	0	38
chr4	107009769	107028192	1	1	1	143	0	42
chr4	107027298	107028192	1	1	1	26	0	41
chr4	107031092	107036935	1	1	1	1	0	19
chr4	156177151	156177222	2	2	1	1	0	28
chr5	23565266	23616326	2	2	1	1164	2	46
chr5	23615795	23616326	2	2	0	1	0	45
chr5	72958287	72965803	1	1	1	1	0	37
chr5	72958287	72974530	1	1	1	57	0	42
chr5	72965882	72974530	1	1	1	1	0	41
chr5	74540990	74542008	1	1	1	1	0	15
chr5	116477146	116482389	2	2	1	1	0	32
chr5	116482537	116591333	2	2	1	874	5	50
chr5	149184807	149187707	1	1	1	30	0	45
chr5	149184807	149188344	1	1	1	755	2	45
chr5	149187835	149188344	1	1	1	3	0	39
chr5	149187877	149188344	1	1	1	27	0	39
chr6	47577668	47594893	2	2	1	1	0	35
chr6	98939789	98941535	2	2	1	138	0	46
chr6	98939789	98944618	2	2	0	9	0	45
chr6	98941658	98944618	2	2	1	139	0	36
chr6	125162102	125162211	2	2	1	209	6	36
chr6	128371086	128371967	1	1	1	4505	4	45
chr6	128371086	128372530	1	1	1	4	0	49
chr6	128371086	128372533	1	1	1	31	0	46
chr6	128372013	128372504	1	1	0	26	0	26
chr6	128372013	128372509	1	1	0	6	0	31
chr6	128372013	128372530	1	1	1	562	0	47
chr6	128372013	128372533	1	1	1	3823	4	46
chr6	128372013	128372536	1	1	0	1	0	43
chr6	128372018	128372530	1	1	0	3	0	49
chr6	128372018	128372533	1	1	0	45	0	46
chr7	30192593	30192866	2	2	1	1	0	26
chr7	30192901	30193877	2	2	1	1	0	26
chr7	67240441	67244520	2	2	1	206	0	24
chr7	67240441	67251656	2	2	1	1696	1	45
chr7	67244545	67251656	2	2	1	207	0	24
chr7	102001660	102002294	1	1	1	1039	1	43
chr7	102001660	102007485	1	1	1	1092	0	45
chr7	102002337	102007485	1	1	1	1030	1	42
chr7	112839481	112841887	1	1	1	5	1	41
chr7	112839481	112842039	1	1	1	111	2	41
chr7	112839481	112856797	1	1	1	1	0	41
chr7	112841906	112842057	1	1	0	0	1	18
chr7	112841951	112856052	1	1	1	2	0	12
chr7	112842103	112856052	1	1	1	106	2	12
chr7	112842103	112856797	1	1	1	6	0	37
chr7	112856065	112856797	1	1	1	110	2	14
chr7	127980247	127981190	1	1	1	9	0	5
chr7	127981292	127981410	1	1	1	12	0	6
chr8	25532429	25555507	1	1	1	2	0	44
chr8	25555775	25557730	1	1	1	3	0	38
chr8	72219861	72219940	1	1	1	1	0	30
chr8	91688606	91932332	1	1	0	5	1	13
chr8	95100453	95100646	2	2	1	548	0	31
chr8	95100453	95101408	2	2	0	254	0	46
chr8	95100674	95101408	2	2	1	548	0	38
chr8	121628690	121651724	2	2	1	1	0	19
chr8	123268550	123268744	2	2	1	116	0	46
chr9	43027296	43040539	2	2	1	98	0	39
chr9	43027296	43042590	2	2	1	206	0	46
chr9	43040593	43042590	2	2	0	1	0	43
chr9	43040597	43042590	2	2	1	98	0	45
chr9	47813946	47818733	1	1	1	1	0	38
chr9	80067573	80103693	1	1	1	1	0	6
chr9	80093642	80098885	1	1	1	9222	7	26
chr9	80093642	80098892	1	1	0	168	2	19
chr9	80093642	80103693	1	1	1	298	0	45
chr9	80093656	80103693	1	1	0	0	1	37
chr9	80098907	80103693	1	1	1	9394	9	24
chr9	80098907	80103698	1	1	0	3	0	21
chr9	80103765	80111310	1	1	1	1	0	23
chr9	114597607	114597794	2	2	1	448	0	38
chr9	114597607	114598704	2	2	0	18	0	42
chr9	114597825	114598704	2	2	0	3	0	30
chr9	114597831	114598704	2	2	1	446	0	36
chr11	26778879	26787397	2	2	0	0	1	13
chr11	75402251	75403108	1	1	1	1	0	10
chr11	79458907	79463232	1	1	1	15	0	42
chr11	79458907	79468716	1	1	1	159	1	43
chr11	79463296	79468716	1	1	1	15	0	38
chr11	83497297	83497893	1	1	1	1	0	16
chr11	83497927	83499072	1	1	1	1	0	33
chr11	94112147	94113262	1	1	1	62	0	21
chr11	94112147	94114172	1	1	1	435	1	32
chr11	94113302	94114172	1	1	1	64	0	39
chr11	102310577	102310925	2	2	1	43	0	42
chr11	102310577	102311379	2	2	1	692	1	45
chr11	102311037	102311379	2	2	1	43	0	45
chr12	71952560	71958746	1	1	1	51	0	27
chr12	71952560	71959805	1	1	1	37	0	44
chr12	71958774	71959805	1	1	1	51	0	27
chr12	83811361	83825258	2	2	1	59	0	33
chr12	83811361	83831921	2	2	1	331	3	41
chr12	83825292	83831921	2	2	1	59	0	33
chr12	112928622	113133308	1	1	0	0	7	13
chr12	113133338	113133495	1	1	0	116	15	43
chr12	113133338	113133540	1	1	1	1972	66	43
chr12	113133338	113135796	1	1	1	47	0	29
chr12	113133577	113134761	1	1	0	3	0	21
chr12	113133577	113134800	1	1	0	7	0	14
chr12	113133577	113135796	1	1	1	1949	81	29
chr12	113134813	113135796	1	1	0	9	0	29
chr13	46778990	46785245	2	2	0	1	0	44
chr13	46778994	46780545	2	2	0	1	0	40
chr13	46778994	46780625	2	2	1	334	0	41
chr13	46778994	46785245	2	2	1	2590	5	45
chr13	46780665	46785245	2	2	1	338	0	39
chr13	56084286	56089757	2	2	1	62	0	41
chr13	56089858	56096123	2	2	1	61	0	41
chr14	57643224	57648418	2	2	1	111	0	47
chr14	120389164	120395711	1	1	1	261	0	38
chr14	120389164	120396450	1	1	1	288	0	48
chr14	120395766	120396450	1	1	1	261	0	48
chr15	77102940	77105576	2	2	1	197	0	44
chr15	77102940	77113604	2	2	1	16	0	44
chr15	77105670	77113604	2	2	1	198	0	48
chr15	103242719	103243624	1	1	1	0	1	33
chr16	57178021	57181491	2	2	1	261	0	44
chr16	57178021	57182850	2	2	1	192	0	44
chr16	57181537	57182850	2	2	1	260	0	37
chr17	12979205	13846588	1	1	0	53	0	12
chr17	13846640	13848306	1	1	0	2	0	38
chr17	13846640	13848354	1	1	1	4064	6	22
chr17	13846640	13849107	1	1	1	6979	7	48
chr17	13846640	13849113	1	1	0	14	0	47
chr17	13848376	13849107	1	1	1	4044	5	41
chr17	13848376	13849113	1	1	0	15	1	21
chr17	45570567	45570665	2	2	1	619	1	39
chr17	45570800	45571017	2	2	1	646	1	21
chr18	53948155	53948644	1	1	1	18257	15	33
chr18	53948155	53948651	1	1	0	1	0	17
chr18	53948155	53953244	1	1	1	4839	3	45
chr18	53948666	53953244	1	1	0	12	0	21
chr18	53948669	53953244	1	1	1	18212	15	37
chr18	53948673	53953244	1	1	0	6	0	28
chr19	7281251	7282725	2	2	0	1	0	26
chr19	7281256	7281797	2	4	1	248	0	41
chr19	7281256	7282725	2	2	1	1141	1	36
chr19	7281960	7282725	2	2	1	267	0	35
KV575235.1	147143	149264	1	1	0	0	1	24
