chr1	34295537	34296741	1	1	1	177	0	18
chr1	34295537	34299720	1	1	1	29	0	38
chr1	34296760	34299720	1	1	1	177	0	19
chr1	40010678	40011649	1	1	1	131	1	24
chr1	40010678	40011783	1	1	0	1	0	21
chr1	40010678	40011811	1	1	0	6	0	21
chr1	40010678	40014105	1	1	1	64	5	32
chr1	40011842	40014105	1	1	1	139	2	37
chr1	82735508	82741817	1	1	1	2	0	40
chr1	82735508	82747082	1	1	1	5	0	40
chr1	82735508	82750519	1	1	1	139	0	41
chr1	82747143	82750519	1	1	1	6	0	38
chr2	32292216	32293314	1	1	1	46	0	43
chr2	32292216	32296625	1	1	1	176	0	43
chr2	32293396	32296625	1	1	1	44	0	38
chr2	59932171	59933405	2	2	0	131	0	37
chr2	59932171	59933411	2	2	1	688	0	31
chr2	59932171	59933670	2	2	1	2	0	37
chr2	59933439	59933670	2	2	1	804	0	28
chr2	71849507	71853533	1	1	1	1169	2	40
chr2	71849507	71853890	1	1	0	2	0	39
chr2	71849507	71855853	1	1	1	3229	8	45
chr2	71849507	71855868	1	1	0	1	0	46
chr2	71853664	71855853	1	1	1	1229	2	42
chr2	71853677	71855868	1	1	0	1	0	46
chr2	71853948	71855853	1	1	0	2	0	40
chr2	75662926	75663570	1	1	1	8	1	30
chr2	91001089	91001461	1	1	1	1261	1	34
chr2	91001089	91003299	1	1	0	1	1	33
chr2	91001511	91003210	1	1	1	1226	1	25
chr2	91003238	91003810	1	1	0	6	0	27
chr2	91003346	91003810	1	1	1	38	0	36
chr2	91159300	91162027	2	2	0	1	0	41
chr2	91159306	91160316	2	2	1	417	0	47
chr2	91159306	91162027	2	2	1	674	0	47
chr2	91160371	91162027	2	2	1	416	0	41
chr2	91681696	91682025	2	2	1	1	0	45
chr2	91681696	91684668	2	2	1	293	0	50
chr2	153670448	153670848	1	1	1	1	0	42
chr2	153670909	153672215	1	1	1	1	0	50
chr3	60422418	60613472	1	1	0	0	3	15
chr3	60613521	60614682	1	1	1	1354	1	45
chr3	60613521	60614688	1	1	0	4	0	44
chr3	60613521	60615619	1	1	1	1359	4	46
chr3	60614737	60615619	1	1	1	1359	1	44
chr3	78904652	78918022	2	2	0	1	0	12
chr3	87733505	87734423	1	1	1	21	0	39
chr3	87733505	87735344	1	1	0	16	0	39
chr3	87734553	87735344	1	1	1	21	0	37
chr3	88483947	88484046	2	2	1	585	0	41
chr3	88484155	88484614	2	2	1	579	0	41
chr3	119724187	119724611	2	2	1	10280	2	34
chr3	119724187	119726065	2	2	1	18	0	29
chr3	119724646	119726065	2	2	1	10493	2	39
chr3	119726116	120643502	2	2	0	7	0	13
chr3	119726206	119740314	2	2	1	1	0	40
chr3	129825617	129826823	2	2	1	2	0	36
chr3	139632407	139650143	2	2	0	0	1	13
chr3	142948246	142963375	2	2	0	0	1	13
chr4	31992517	31994873	1	1	1	438	0	39
chr4	31992517	32002088	1	1	1	5664	5	49
chr4	31994955	32002088	1	1	1	438	0	49
chr4	107009769	107027216	1	1	1	12	0	40
chr4	107009769	107028192	1	1	1	109	0	42
chr4	107027298	107028192	1	1	1	15	0	41
chr5	13042670	13661475	1	1	0	5	0	13
chr5	23565266	23616326	2	2	1	990	1	46
chr5	65388442	65388561	2	2	1	7	0	29
chr5	72958287	72965803	1	1	1	1	0	37
chr5	72958287	72974530	1	1	1	95	0	42
chr5	72965882	72974530	1	1	1	1	0	41
chr5	110265643	110265739	2	2	1	1	0	8
chr5	116477146	116482389	2	2	1	2	0	33
chr5	116482537	116591333	2	2	1	1277	6	50
chr5	149184807	149187707	1	1	1	24	0	43
chr5	149184807	149188344	1	1	1	992	4	45
chr5	149187877	149188344	1	1	1	25	0	40
chr6	72957653	72957912	2	2	1	1	0	20
chr6	83874616	84207760	1	1	0	0	4	12
chr6	98939789	98941535	2	2	1	270	0	46
chr6	98939789	98944618	2	2	0	14	0	46
chr6	98941658	98944618	2	2	1	269	0	47
chr6	125121682	125121931	1	1	1	1	0	21
chr6	125162102	125162211	2	2	1	690	29	38
chr6	128371086	128371967	1	1	1	4384	3	43
chr6	128371086	128372278	1	1	0	2	0	27
chr6	128371086	128372533	1	1	1	9	0	46
chr6	128372013	128372504	1	1	0	14	0	26
chr6	128372013	128372509	1	1	0	5	0	31
chr6	128372013	128372530	1	1	1	528	1	49
chr6	128372013	128372533	1	1	1	3775	2	46
chr6	128372013	128372536	1	1	0	1	0	43
chr6	128372018	128372530	1	1	0	6	0	49
chr6	128372018	128372533	1	1	0	54	0	46
chr6	128372018	128372536	1	1	0	1	0	43
chr6	128372306	128372533	1	1	0	2	0	27
chr7	67240441	67244520	2	2	1	227	0	24
chr7	67240441	67251656	2	2	1	1551	2	45
chr7	67244545	67251656	2	2	1	227	0	24
chr7	101288340	102001612	1	3	0	5	0	12
chr7	102001660	102002294	1	1	1	2549	0	43
chr7	102001660	102007485	1	1	1	693	0	45
chr7	102001665	102002300	1	1	0	1	0	36
chr7	102002310	102007485	1	1	0	3	0	15
chr7	102002337	102007485	1	1	1	2565	0	42
chr7	112839481	112841887	1	1	1	11	1	41
chr7	112839481	112842039	1	1	1	230	2	41
chr7	112839481	112856052	1	1	1	6	0	12
chr7	112839481	112856797	1	1	1	21	0	41
chr7	112841906	112842057	1	1	0	0	1	18
chr7	112841951	112856052	1	1	1	4	0	12
chr7	112842103	112856052	1	1	1	226	1	12
chr7	112842103	112856797	1	1	1	8	1	37
chr7	112856065	112856797	1	1	1	237	1	14
chr7	112856065	112856803	1	1	0	1	0	12
chr7	127980247	127981190	1	1	1	8	0	47
chr7	127981292	127981410	1	1	1	9	0	6
chr8	11423625	11423716	1	1	1	1	0	39
chr8	25532429	25557730	1	1	1	5	0	44
chr8	25555775	25557730	1	1	1	2	0	38
chr8	91688606	91932332	1	1	0	9	0	13
chr8	95100443	95100636	2	2	0	1	0	36
chr8	95100453	95100646	2	2	1	1360	2	46
chr8	95100453	95101408	2	2	0	135	0	46
chr8	95100674	95101408	2	2	1	1360	2	44
chr8	95100785	95101408	2	2	0	1	0	44
chr8	123268550	123268744	2	2	1	315	1	47
chr9	43027296	43040539	2	2	1	250	1	38
chr9	43027296	43042590	2	2	1	241	3	46
chr9	43040593	43042590	2	2	0	2	0	43
chr9	43040597	43042590	2	2	1	245	1	45
chr9	80093642	80094508	1	1	0	1	0	44
chr9	80093642	80098885	1	1	1	9788	11	27
chr9	80093642	80098892	1	1	0	223	0	19
chr9	80093642	80103648	1	1	0	1	0	44
chr9	80093642	80103693	1	1	1	272	0	45
chr9	80098907	80099016	1	1	0	1	0	21
chr9	80098907	80103693	1	1	1	10028	11	29
chr9	114597607	114597794	2	2	1	606	0	38
chr9	114597607	114598704	2	2	0	19	0	41
chr9	114597825	114598704	2	2	0	4	0	30
chr9	114597831	114598704	2	2	1	595	0	38
chr11	20335249	20831974	1	1	0	1	4	13
chr11	26778879	26787397	2	2	0	1	0	13
chr11	79458907	79463232	1	1	1	47	0	42
chr11	79458907	79468716	1	1	1	345	0	43
chr11	79463296	79468716	1	1	1	47	0	39
chr11	84994578	85005807	2	2	1	1	0	17
chr11	85005929	85006992	2	2	1	2	0	14
chr11	94112147	94113262	1	1	1	143	0	21
chr11	94112147	94114172	1	1	1	461	0	32
chr11	94113302	94114172	1	1	1	148	0	39
chr11	102310577	102310925	2	2	1	101	0	42
chr11	102310577	102311379	2	2	1	1251	0	46
chr11	102310577	102311403	2	2	0	1	0	21
chr11	102311037	102311379	2	2	1	99	0	45
chr12	71952560	71958746	1	1	1	113	0	27
chr12	71952560	71959805	1	1	1	63	0	44
chr12	71958774	71959805	1	1	1	113	0	27
chr12	83811361	83811669	2	2	0	2	0	37
chr12	83811361	83825258	2	2	1	99	0	33
chr12	83811361	83831921	2	2	1	615	1	41
chr12	83811744	83831921	2	2	0	2	0	38
chr12	83825292	83831921	2	2	1	99	0	33
chr12	113133338	113133495	1	1	0	143	21	45
chr12	113133338	113133540	1	1	1	2126	66	43
chr12	113133338	113135796	1	1	1	14	0	29
chr12	113133577	113134761	1	1	0	1	0	21
chr12	113133577	113134800	1	1	0	7	0	12
chr12	113133577	113135796	1	1	1	2215	87	29
chr12	113134813	113135796	1	1	0	8	0	29
chr13	46778994	46780625	2	2	1	976	0	44
chr13	46778994	46785245	2	2	1	3804	6	46
chr13	46780665	46785245	2	2	1	971	0	40
chr13	56084286	56089757	2	2	1	79	0	41
chr13	56084286	56096123	2	2	0	3	0	40
chr13	56089858	56096123	2	2	1	77	0	41
chr14	57643224	57643334	2	2	1	2	0	39
chr14	57643224	57648418	2	2	1	257	0	47
chr14	57643490	57648418	2	2	1	2	0	38
chr14	120389164	120395711	1	1	1	390	2	44
chr14	120389164	120396450	1	1	1	854	0	48
chr14	120395766	120396450	1	1	1	401	2	48
chr15	77102940	77105576	2	2	1	472	0	41
chr15	77102940	77113604	2	2	1	17	0	48
chr15	77105670	77113604	2	2	1	475	0	48
chr15	103242719	103243624	1	1	1	2	0	43
chr16	57178021	57181491	2	2	1	690	2	44
chr16	57178021	57182850	2	2	1	175	0	44
chr16	57181507	57182850	2	2	0	7	0	15
chr16	57181537	57182850	2	2	1	680	2	34
chr17	12979205	13846588	1	1	0	39	1	12
chr17	13846613	13848354	1	1	0	9	0	21
chr17	13846640	13848354	1	1	1	5930	13	24
chr17	13846640	13848358	1	1	0	1	0	17
chr17	13846640	13849107	1	1	1	5341	6	48
chr17	13846640	13849113	1	1	0	39	0	47
chr17	13848376	13849107	1	1	1	5909	13	29
chr17	13848376	13849113	1	1	0	20	0	21
chr17	45570558	45570665	2	2	0	1	0	36
chr17	45570567	45570665	2	2	1	728	1	39
chr17	45570800	45571017	2	2	1	817	1	21
chr17	51783067	51785528	2	2	1	2	0	40
chr17	51785641	51803430	2	2	1	2	0	14
chr18	10726534	10740982	1	1	1	1	0	15
chr18	53948155	53948644	1	1	1	13953	17	31
chr18	53948155	53953244	1	1	1	2083	5	44
chr18	53948666	53953244	1	1	0	13	0	21
chr18	53948669	53953244	1	1	1	13926	14	37
chr18	53948669	53953268	1	1	0	1	0	24
chr19	7281251	7282725	2	2	0	2	0	26
chr19	7281256	7281797	2	4	1	221	1	40
chr19	7281256	7282725	2	2	1	1405	1	36
chr19	7281960	7282725	2	2	1	223	1	35
KV575235.1	147143	149353	1	1	0	0	1	33
