chr1	34295537	34296741	1	1	1	43	0	18
chr1	34295537	34299720	1	1	1	173	0	44
chr1	34296760	34299720	1	1	1	43	0	18
chr1	40010678	40011649	1	1	1	19	0	21
chr1	40010678	40014105	1	1	1	46	2	32
chr1	40011842	40014105	1	1	1	17	0	37
chr1	55088413	55089050	1	1	1	1	0	30
chr1	82735508	82741817	1	1	1	2	0	20
chr1	82735508	82747082	1	1	1	5	0	40
chr1	82735508	82750519	1	1	1	62	0	40
chr1	82747143	82750519	1	1	1	5	0	38
chr2	32292216	32296625	1	1	1	46	0	43
chr2	59932171	59933405	2	2	0	9	0	33
chr2	59932171	59933411	2	2	1	54	0	29
chr2	59932171	59933670	2	2	1	2	0	34
chr2	59933439	59933670	2	2	1	63	0	28
chr2	71849507	71853533	1	1	1	26	0	39
chr2	71849507	71853820	1	1	0	1	0	26
chr2	71849507	71855853	1	1	1	1497	2	43
chr2	71849507	71855876	1	1	0	2	0	38
chr2	71853664	71855853	1	1	1	27	0	40
chr2	71853891	71855853	1	1	0	1	0	40
chr2	75662926	75663570	1	1	1	10	1	39
chr2	91001089	91001461	1	1	1	399	0	34
chr2	91001511	91003210	1	1	1	390	0	21
chr2	91003346	91003810	1	1	1	16	0	36
chr2	91159306	91160316	2	2	1	3	0	47
chr2	91159306	91162027	2	2	1	96	1	47
chr2	91160371	91162027	2	2	1	3	0	38
chr2	91681696	91684668	2	2	1	498	0	50
chr2	153670448	153670848	1	1	1	38	0	42
chr2	153670909	153672215	1	1	1	38	0	50
chr2	168752741	168754433	2	2	1	8950	15	48
chr2	168754471	168860933	2	2	0	0	3	20
chr3	60613521	60614682	1	1	1	87	0	44
chr3	60613521	60615619	1	1	1	29	0	44
chr3	60614737	60615619	1	1	1	88	0	38
chr3	87733505	87734423	1	1	1	1	0	39
chr3	87733505	87735344	1	1	0	122	0	41
chr3	87734553	87735344	1	1	1	1	0	37
chr3	88483947	88484046	2	2	1	102	0	37
chr3	88484155	88484614	2	2	1	101	0	39
chr3	119724187	119724611	2	2	1	1409	0	34
chr3	119724187	119726065	2	2	1	6	0	29
chr3	119724646	119726065	2	2	1	1434	0	38
chr4	31992517	31994873	1	1	1	991	0	43
chr4	31992517	32002088	1	1	1	388	0	49
chr4	31994955	32002088	1	1	1	992	0	49
chr4	107009769	107027216	1	1	1	24	0	38
chr4	107009769	107028192	1	1	1	125	1	42
chr4	107027298	107028192	1	1	1	30	0	41
chr5	23565266	23616326	2	2	1	153	0	46
chr5	72958287	72974530	1	1	1	17	1	41
chr5	149184807	149185484	1	1	1	2	0	42
chr5	149184807	149187707	1	1	1	28	0	43
chr5	149184807	149188344	1	1	1	163	0	45
chr5	149185662	149188344	1	1	0	2	0	39
chr5	149187835	149188344	1	1	1	6	0	39
chr5	149187877	149188344	1	1	1	22	0	39
chr6	47577668	47594893	2	2	1	2	0	32
chr6	72634233	72648800	2	2	1	2089	1	41
chr6	72634233	72649119	2	2	1	4113	2	45
chr6	72648843	72649119	2	2	1	2075	1	42
chr6	98939789	98940994	2	2	1	5	0	45
chr6	98939789	98941535	2	2	1	56	0	45
chr6	98939789	98944618	2	2	0	4	0	45
chr6	98941165	98944618	2	2	0	5	0	36
chr6	98941658	98944618	2	2	1	55	0	37
chr6	125162102	125162211	2	2	1	386	10	43
chr6	128371086	128371967	1	1	1	956	1	42
chr6	128371086	128372530	1	1	1	70	0	49
chr6	128371086	128372533	1	1	1	486	0	46
chr6	128371086	128372536	1	1	0	1	0	43
chr6	128372013	128372504	1	1	0	1	0	26
chr6	128372013	128372530	1	1	1	115	1	49
chr6	128372013	128372533	1	1	1	831	1	46
chr6	128372013	128372536	1	1	0	2	0	43
chr6	128372018	128372533	1	1	0	11	0	46
chr7	67240441	67244520	2	2	1	1	0	14
chr7	67240441	67251656	2	2	1	382	2	45
chr7	67244545	67251656	2	2	1	1	0	24
chr7	101288340	102001612	1	3	0	7	0	12
chr7	102001660	102002294	1	1	1	177	0	42
chr7	102001660	102007485	1	1	1	2610	2	45
chr7	102001665	102002300	1	1	0	1	0	36
chr7	102002337	102007485	1	1	1	180	0	42
chr7	112839481	112841887	1	1	1	3	1	41
chr7	112839481	112842039	1	1	1	117	1	41
chr7	112839481	112856052	1	1	1	1	0	12
chr7	112839481	112856797	1	1	1	18	0	49
chr7	112841906	112842057	1	1	0	0	1	18
chr7	112841951	112856797	1	1	0	1	0	37
chr7	112842103	112856052	1	1	1	8	0	12
chr7	112842103	112856797	1	1	1	112	1	40
chr7	112856065	112856797	1	1	1	9	0	12
chr7	127980247	127981190	1	1	1	6	0	5
chr7	127981292	127981410	1	1	1	6	0	6
chr7	144861833	144862231	1	1	1	1218	2	39
chr7	144861837	144862231	1	1	0	3	0	32
chr7	144862267	144862764	1	1	0	7	0	35
chr7	144862336	144862764	1	1	1	1192	2	44
chr8	25532429	25557730	1	1	1	2	0	44
chr8	95100453	95100646	2	2	1	214	0	31
chr8	95100453	95101408	2	2	0	443	0	46
chr8	95100674	95101408	2	2	1	214	0	42
chr8	123268550	123268744	2	2	1	79	0	46
chr9	43027296	43040539	2	2	1	13	0	38
chr9	43027296	43042590	2	2	1	211	0	46
chr9	43040597	43042590	2	2	1	14	0	45
chr9	80093642	80098885	1	1	1	1141	0	27
chr9	80093642	80098892	1	1	0	17	1	14
chr9	80093642	80103693	1	1	1	5146	1	46
chr9	80098907	80103693	1	1	1	1157	1	23
chr9	80098907	80103698	1	1	0	2	0	21
chr9	114597607	114597794	2	2	1	220	0	39
chr9	114597607	114598704	2	2	0	299	0	46
chr9	114597831	114598704	2	2	1	220	0	38
chr11	20201653	20215629	1	1	1	1	0	41
chr11	20215703	20218812	1	1	1	1	0	14
chr11	79458907	79463232	1	1	1	24	0	42
chr11	79458907	79468716	1	1	1	48	0	42
chr11	79463296	79468716	1	1	1	22	0	39
chr11	79468155	79468716	1	1	1	2	0	38
chr11	94112147	94113262	1	1	1	11	0	21
chr11	94112147	94114172	1	1	1	175	0	32
chr11	94113302	94114172	1	1	1	12	0	39
chr11	102310577	102310925	2	2	1	109	0	43
chr11	102310577	102311379	2	2	1	212	0	45
chr11	102311037	102311379	2	2	1	108	0	45
chr12	71952560	71959805	1	1	1	120	0	44
chr12	83811361	83825258	2	2	1	117	0	37
chr12	83811361	83831921	2	2	1	128	0	39
chr12	83825292	83831921	2	2	1	117	0	33
chr12	83825319	83831921	2	2	0	1	0	38
chr12	113133338	113133495	1	1	0	3	0	42
chr12	113133338	113133540	1	1	1	163	0	38
chr12	113133338	113135796	1	1	1	592	0	29
chr12	113133577	113135796	1	1	1	157	0	29
chr13	46778994	46780625	2	2	1	427	0	40
chr13	46778994	46785245	2	2	1	2003	6	45
chr13	46780665	46785245	2	2	1	427	0	39
chr13	56084286	56089757	2	2	1	8	0	40
chr13	56084286	56096123	2	2	0	1	0	40
chr13	56089858	56096123	2	2	1	8	0	41
chr14	57643224	57648418	2	2	1	122	1	40
chr14	120389164	120395711	1	1	1	187	0	39
chr14	120389164	120395717	1	1	0	1	0	38
chr14	120389164	120396450	1	1	1	65	0	48
chr14	120395766	120396450	1	1	1	195	0	48
chr15	77102940	77105576	2	2	1	84	1	40
chr15	77102940	77110164	2	2	0	1	0	40
chr15	77102940	77113604	2	2	1	15	0	44
chr15	77105670	77113604	2	2	1	84	1	48
chr15	77110206	77113604	2	2	0	1	0	44
chr15	103242719	103243624	1	1	1	2	1	43
chr16	57178021	57181491	2	2	1	23	0	43
chr16	57178021	57182850	2	2	1	683	1	44
chr16	57181537	57182850	2	2	1	23	0	33
chr16	94686604	94691580	1	1	1	2	0	45
chr17	12979205	13846588	1	1	0	8	0	12
chr17	13846613	13849107	1	1	0	1	0	37
chr17	13846640	13848354	1	1	1	296	1	22
chr17	13846640	13849107	1	1	1	9108	7	49
chr17	13846640	13849113	1	1	0	29	0	47
chr17	13848376	13849107	1	1	1	295	1	26
chr17	45570567	45570665	2	2	1	591	0	42
chr17	45570800	45571017	2	2	1	645	0	24
chr17	56578845	56578920	2	2	1	1	0	18
chr17	56578986	56582983	2	2	1	1	0	42
chr18	10726534	10740982	1	1	1	1	0	15
chr18	53948155	53948644	1	1	1	1081	1	28
chr18	53948155	53953244	1	1	1	7676	3	42
chr18	53948669	53953244	1	1	1	1079	1	37
chr19	7281256	7281797	2	4	1	94	0	38
chr19	7281256	7282725	2	2	1	263	0	35
chr19	7281960	7282725	2	2	1	99	0	33
