chr1	34295537	34296741	1	1	1	83	0	18
chr1	34295537	34299720	1	1	1	18	0	38
chr1	34296760	34299720	1	1	1	83	0	19
chr1	40010678	40011649	1	1	1	34	0	21
chr1	40010678	40014105	1	1	1	14	0	32
chr1	40011842	40014105	1	1	1	32	0	37
chr1	82735508	82741817	1	1	1	1	0	40
chr1	82735508	82750519	1	1	1	31	0	41
chr1	82747143	82750519	1	1	1	1	0	38
chr2	32292216	32293314	1	1	1	2	0	43
chr2	32292216	32296625	1	1	1	37	0	43
chr2	32293396	32296625	1	1	1	2	0	38
chr2	59932171	59933405	2	2	0	23	0	37
chr2	59932171	59933411	2	2	1	196	0	31
chr2	59933439	59933670	2	2	1	212	0	28
chr2	71849507	71853533	1	1	1	592	1	41
chr2	71849507	71855853	1	1	1	2468	1	43
chr2	71853664	71855853	1	1	1	605	1	42
chr2	91001089	91001461	1	1	1	371	0	24
chr2	91001511	91003210	1	1	1	370	0	21
chr2	91001511	91003299	1	1	0	1	0	46
chr2	91003346	91003810	1	1	1	5	0	36
chr2	91159306	91160316	2	2	1	120	0	47
chr2	91159306	91162027	2	2	1	214	0	47
chr2	91160371	91162027	2	2	1	124	0	41
chr2	91681696	91682025	2	2	1	1	0	41
chr2	91681696	91684668	2	2	1	89	0	50
chr2	91682137	91684668	2	2	1	1	0	38
chr2	153670448	153672215	1	1	1	2	0	50
chr3	60357579	60613472	1	1	0	3	1	15
chr3	60422418	60613472	1	1	0	0	6	15
chr3	60613521	60614682	1	1	1	1877	3	45
chr3	60613521	60614688	1	1	0	4	0	38
chr3	60613521	60615619	1	1	1	1894	6	46
chr3	60614737	60615619	1	1	1	1886	3	39
chr3	87733505	87734423	1	1	1	3	0	39
chr3	87733505	87735344	1	1	0	9	0	45
chr3	87734553	87735344	1	1	1	3	0	37
chr3	88483947	88484046	2	2	1	99	2	38
chr3	88483947	88484055	2	2	0	1	0	37
chr3	88483947	88484614	2	2	0	1	0	38
chr3	88484155	88484614	2	2	1	99	2	40
chr3	88484666	88537145	2	2	0	0	2	12
chr3	119724187	119724611	2	2	1	4299	3	34
chr3	119724187	119726065	2	2	1	22	0	29
chr3	119724646	119726065	2	2	1	4431	4	38
chr4	31992517	31994873	1	1	1	156	0	39
chr4	31992517	32002088	1	1	1	1714	2	49
chr4	31994955	32002088	1	1	1	155	0	49
chr4	107009769	107027216	1	1	1	11	0	38
chr4	107009769	107028192	1	1	1	211	0	41
chr4	107027298	107028192	1	1	1	15	0	41
chr5	23565266	23610849	2	2	0	1	0	37
chr5	23565266	23616326	2	2	1	1580	1	49
chr5	23610909	23616326	2	2	0	1	0	45
chr5	65537547	65565988	1	1	1	1	0	27
chr5	72958287	72965803	1	1	1	1	0	37
chr5	72958287	72974530	1	1	1	60	0	41
chr5	72965882	72974530	1	1	1	1	0	41
chr5	116482532	116591333	2	2	0	3	0	45
chr5	116482537	116591333	2	2	1	721	2	50
chr5	149184807	149187707	1	1	1	15	0	43
chr5	149184807	149188344	1	1	1	282	0	44
chr5	149187835	149188344	1	1	1	2	0	39
chr5	149187877	149188344	1	1	1	13	0	39
chr6	47577668	47594893	2	2	1	2	0	26
chr6	72634233	72649119	2	2	1	2	0	40
chr6	98939789	98941535	2	2	1	71	1	46
chr6	98939789	98944618	2	2	0	3	0	45
chr6	98941658	98944618	2	2	1	70	1	36
chr6	125162102	125162211	2	2	1	56	3	35
chr6	128371086	128371967	1	1	1	2425	0	45
chr6	128371086	128372533	1	1	1	8	0	46
chr6	128372013	128372504	1	1	0	11	0	26
chr6	128372013	128372509	1	1	0	3	0	31
chr6	128372013	128372530	1	1	1	291	0	49
chr6	128372013	128372533	1	1	1	2079	0	46
chr6	128372013	128372536	1	1	0	3	0	43
chr6	128372018	128372530	1	1	0	2	0	49
chr6	128372018	128372533	1	1	0	36	0	46
chr7	25724845	25725923	2	2	1	2	0	41
chr7	67240441	67244520	2	2	1	245	0	24
chr7	67240441	67251656	2	2	1	2038	2	45
chr7	67240443	67251659	1	1	0	1	0	41
chr7	67244545	67251656	2	2	1	245	0	24
chr7	102001660	102002294	1	1	1	609	1	43
chr7	102001660	102007485	1	1	1	173	0	43
chr7	102002337	102007485	1	1	1	611	1	42
chr7	112839481	112841887	1	1	1	3	0	41
chr7	112839481	112842039	1	1	1	33	1	41
chr7	112839481	112856797	1	1	1	1	0	41
chr7	112841951	112856052	1	1	1	1	0	12
chr7	112842103	112856052	1	1	1	34	1	12
chr7	112856065	112856797	1	1	1	36	1	14
chr7	127980247	127981190	1	1	1	12	0	22
chr7	127981292	127981410	1	1	1	12	0	7
chr8	25532429	25557730	1	1	1	2	0	44
chr8	95100453	95100646	2	2	1	442	1	31
chr8	95100453	95101408	2	2	0	76	0	46
chr8	95100674	95101408	2	2	1	442	1	42
chr8	95101447	95139983	2	2	0	0	1	15
chr8	123268550	123268744	2	2	1	67	0	47
chr9	43027296	43040539	2	2	1	48	0	38
chr9	43027296	43042590	2	2	1	59	0	45
chr9	43040597	43042590	2	2	1	48	0	45
chr9	80093642	80098885	1	1	1	4630	3	26
chr9	80093642	80098892	1	1	0	137	0	19
chr9	80093642	80103693	1	1	1	144	0	44
chr9	80098907	80101831	1	1	0	1	0	21
chr9	80098907	80103693	1	1	1	4768	3	24
chr9	80098907	80103698	1	1	0	2	0	21
chr9	80101891	80103693	1	1	0	1	0	37
chr9	114597607	114597794	2	2	1	256	0	38
chr9	114597607	114598704	2	2	0	6	0	40
chr9	114597825	114598704	2	2	0	2	0	30
chr9	114597831	114598704	2	2	1	253	0	36
chr11	20201653	20215629	1	1	1	1	0	44
chr11	20218909	20223083	1	1	1	1	0	32
chr11	79458907	79463232	1	1	1	8	0	42
chr11	79458907	79468716	1	1	1	62	0	42
chr11	79463296	79468716	1	1	1	8	0	39
chr11	94112147	94113262	1	1	1	70	0	21
chr11	94112147	94114172	1	1	1	188	1	32
chr11	94113302	94114172	1	1	1	70	0	39
chr11	100479298	100481376	2	2	1	1	0	30
chr11	100481848	100482144	2	2	1	1	0	35
chr11	102310333	102310442	2	2	1	1	0	36
chr11	102310577	102310925	2	2	1	18	0	43
chr11	102310577	102311379	2	2	1	349	0	46
chr11	102311037	102311379	2	2	1	18	0	45
chr12	71952560	71958746	1	1	1	29	0	27
chr12	71952560	71959805	1	1	1	32	0	43
chr12	71958774	71959805	1	1	1	29	0	27
chr12	83811361	83819180	2	2	0	1	0	37
chr12	83811361	83825258	2	2	1	33	0	33
chr12	83811361	83831921	2	2	1	162	0	41
chr12	83825292	83831921	2	2	1	33	0	33
chr12	83827212	83831921	2	2	0	1	0	28
chr12	113133338	113133495	1	1	0	105	15	43
chr12	113133338	113133540	1	1	1	1463	43	43
chr12	113133338	113135796	1	1	1	18	0	29
chr12	113133577	113134761	1	1	0	1	0	21
chr12	113133577	113134800	1	1	0	8	0	12
chr12	113133577	113135796	1	1	1	1513	57	29
chr12	113134396	113135796	1	1	0	1	0	29
chr12	113134813	113135796	1	1	0	9	0	29
chr13	46778994	46780545	2	2	0	2	0	40
chr13	46778994	46780625	2	2	1	498	0	43
chr13	46778994	46785245	2	2	1	1147	2	45
chr13	46780665	46785245	2	2	1	504	0	39
chr13	56084286	56089757	2	2	1	23	0	40
chr13	56089858	56096123	2	2	1	23	0	38
chr14	57643224	57643334	2	2	1	1	0	39
chr14	57643224	57648418	2	2	1	27	0	47
chr14	57643490	57648418	2	2	1	1	0	38
chr14	101654106	101654207	1	1	1	1	0	5
chr14	120389164	120395711	1	1	1	72	0	38
chr14	120389164	120396450	1	1	1	277	0	48
chr14	120395766	120396450	1	1	1	77	0	48
chr15	77102940	77105576	2	2	1	135	0	41
chr15	77102940	77113604	2	2	1	11	0	48
chr15	77105670	77113604	2	2	1	133	0	48
chr16	57178021	57181491	2	2	1	145	0	44
chr16	57178021	57182850	2	2	1	60	0	43
chr16	57181507	57182850	2	2	0	2	0	15
chr16	57181537	57182850	2	2	1	142	0	37
chr17	12979205	13846588	1	1	0	53	6	12
chr17	13846613	13848354	1	1	0	5	0	21
chr17	13846640	13847273	1	1	0	3	0	38
chr17	13846640	13848354	1	1	1	3037	6	21
chr17	13846640	13848358	1	1	0	1	0	17
chr17	13846640	13849107	1	1	1	2380	7	44
chr17	13846640	13849113	1	1	0	1	0	47
chr17	13847311	13848354	1	1	0	3	0	20
chr17	13848376	13849107	1	1	1	3048	6	41
chr17	13848376	13849113	1	1	0	4	0	21
chr17	45570567	45570665	2	2	1	212	1	34
chr17	45570800	45571017	2	2	1	222	2	21
chr18	53948155	53948644	1	1	1	11532	8	33
chr18	53948155	53948651	1	1	0	3	0	17
chr18	53948155	53953244	1	1	1	1696	0	44
chr18	53948160	53953242	2	2	0	1	0	34
chr18	53948162	53948644	1	1	0	2	0	27
chr18	53948666	53953244	1	1	0	5	0	21
chr18	53948669	53949213	1	1	0	1	0	15
chr18	53948669	53949681	1	1	0	1	0	15
chr18	53948669	53953244	1	1	1	11518	8	37
chr18	53948669	53953268	1	1	0	1	0	24
chr18	53948673	53953244	1	1	0	1	0	28
chr18	53949263	53953244	1	1	0	1	0	37
chr19	7281256	7281797	2	4	1	113	0	40
chr19	7281256	7282725	2	2	1	1132	1	36
chr19	7281960	7282725	2	2	1	119	0	35
chrX	159414893	159443922	1	1	1	1	0	35
