chr1	34295537	34296741	1	1	1	135	0	18
chr1	34295537	34299720	1	1	1	36	0	39
chr1	34296760	34299720	1	1	1	135	0	19
chr1	40010678	40011649	1	1	1	30	0	21
chr1	40010678	40011811	1	1	0	1	0	21
chr1	40010678	40014105	1	1	1	15	0	32
chr1	40011842	40014105	1	1	1	30	0	38
chr1	82735508	82741817	1	1	1	2	0	40
chr1	82735508	82747082	1	1	1	1	0	40
chr1	82735508	82750519	1	1	1	64	0	44
chr1	82741977	82750519	1	1	1	1	0	38
chr1	82747143	82750519	1	1	1	2	0	38
chr2	32292216	32293314	1	1	1	10	0	43
chr2	32292216	32296625	1	1	1	39	0	44
chr2	32293396	32296625	1	1	1	10	0	38
chr2	59932171	59933405	2	2	0	71	0	37
chr2	59932171	59933411	2	2	1	304	0	32
chr2	59932171	59933670	2	2	1	5	0	38
chr2	59933439	59933670	2	2	1	364	0	28
chr2	71849507	71853533	1	1	1	742	0	40
chr2	71849507	71853820	1	1	0	2	0	37
chr2	71849507	71853875	1	1	0	1	0	15
chr2	71849507	71855853	1	1	1	4789	4	44
chr2	71853664	71855853	1	1	1	757	0	41
chr2	71853891	71855853	1	1	0	3	0	40
chr2	75662926	75663570	1	1	1	4	0	27
chr2	91001089	91001461	1	1	1	718	0	34
chr2	91001089	91003299	1	1	0	1	0	33
chr2	91001511	91003210	1	1	1	709	0	25
chr2	91001511	91003299	1	1	0	1	0	46
chr2	91003238	91003810	1	1	0	1	0	27
chr2	91003346	91003810	1	1	1	11	0	36
chr2	91159300	91162027	2	2	0	2	0	41
chr2	91159306	91160316	2	2	1	209	0	47
chr2	91159306	91162027	2	2	1	440	0	47
chr2	91159354	91162027	2	2	0	1	0	38
chr2	91160371	91162027	2	2	1	209	0	40
chr2	91681696	91682025	2	2	1	2	0	50
chr2	91681696	91684668	2	2	1	128	0	50
chr2	91682110	91684668	2	2	0	1	0	38
chr2	91682137	91684668	2	2	1	1	0	38
chr2	153670448	153670848	1	1	1	1	0	42
chr2	153670448	153672215	1	1	1	4	0	50
chr2	153670909	153672215	1	1	1	1	0	50
chr2	168752741	168754433	2	2	1	11	0	44
chr3	60357579	60613472	1	1	0	7	0	15
chr3	60422418	60613472	1	1	0	0	3	15
chr3	60613521	60614682	1	1	1	2502	1	45
chr3	60613521	60614688	1	1	0	12	0	44
chr3	60613521	60615619	1	1	1	2175	4	48
chr3	60614737	60615619	1	1	1	2534	0	42
chr3	87733505	87734423	1	1	1	10	0	39
chr3	87733505	87735344	1	1	0	7	0	39
chr3	87734553	87735344	1	1	1	10	0	37
chr3	88483947	88484046	2	2	1	132	0	40
chr3	88483947	88484614	2	2	0	1	0	38
chr3	88484155	88484614	2	2	1	129	0	40
chr3	119724187	119724611	2	2	1	8593	7	34
chr3	119724187	119726065	2	2	1	38	0	29
chr3	119724646	119726065	2	2	1	8856	7	39
chr3	119726116	119820407	2	2	0	3	0	13
chr3	119726116	120643502	2	2	0	4	0	13
chr4	31992517	31994873	1	1	1	203	0	41
chr4	31992517	32002088	1	1	1	2139	3	49
chr4	31994955	32002088	1	1	1	204	0	49
chr4	107009769	107027216	1	1	1	15	0	38
chr4	107009769	107028192	1	1	1	283	0	47
chr4	107027298	107028192	1	1	1	17	0	41
chr4	107031092	107036935	1	1	1	1	0	29
chr5	23565266	23610849	2	2	0	1	0	37
chr5	23565266	23616326	2	2	1	2534	5	49
chr5	23610909	23616326	2	2	0	1	0	45
chr5	23615795	23616326	2	2	0	1	0	45
chr5	72958287	72965803	1	1	1	4	0	40
chr5	72958287	72974530	1	1	1	63	0	42
chr5	72965882	72974530	1	1	1	3	0	41
chr5	116477146	116482389	2	2	1	2	0	33
chr5	116482537	116591333	2	2	1	988	1	50
chr5	122284910	122308130	1	1	1	1	0	39
chr5	149184807	149187707	1	1	1	23	0	43
chr5	149184807	149188344	1	1	1	334	1	45
chr5	149187835	149188344	1	1	1	3	0	39
chr5	149187864	149188344	1	1	0	2	0	39
chr5	149187877	149188344	1	1	1	17	0	39
chr6	47577668	47594893	2	2	1	4	0	39
chr6	72634233	72648800	2	2	1	3	0	37
chr6	72634233	72649119	2	2	1	3	0	40
chr6	72648843	72649119	2	2	1	3	0	40
chr6	98939789	98941535	2	2	1	119	0	46
chr6	98939789	98944618	2	2	0	4	0	45
chr6	98941658	98944618	2	2	1	118	0	37
chr6	125162102	125162211	2	2	1	101	3	35
chr6	128371086	128371967	1	1	1	3085	0	44
chr6	128371086	128372530	1	1	1	1	0	49
chr6	128371086	128372533	1	1	1	13	0	46
chr6	128371086	128372536	1	1	0	1	0	43
chr6	128372013	128372504	1	1	0	14	0	26
chr6	128372013	128372509	1	1	0	5	0	31
chr6	128372013	128372530	1	1	1	386	0	47
chr6	128372013	128372533	1	1	1	2653	0	46
chr6	128372018	128372530	1	1	0	1	0	49
chr6	128372018	128372533	1	1	0	29	0	46
chr6	128372208	128372533	1	1	0	1	0	46
chr7	67240441	67244520	2	2	1	304	1	24
chr7	67240441	67251656	2	2	1	2073	2	45
chr7	67240443	67251659	1	1	0	1	0	41
chr7	67244545	67251656	2	2	1	304	1	24
chr7	99849060	99858763	2	2	1	2	0	44
chr7	102001660	102002294	1	1	1	1038	1	42
chr7	102001660	102007485	1	1	1	405	0	44
chr7	102001665	102002300	1	1	0	0	1	36
chr7	102002337	102007485	1	1	1	1040	1	42
chr7	102003812	102007485	1	1	0	1	0	38
chr7	112839481	112841887	1	1	1	4	0	41
chr7	112839481	112842039	1	1	1	55	0	41
chr7	112839481	112856052	1	1	1	5	0	12
chr7	112839481	112856797	1	1	1	2	0	41
chr7	112841951	112856052	1	1	1	2	0	12
chr7	112842103	112856052	1	1	1	57	0	12
chr7	112856065	112856797	1	1	1	64	0	12
chr7	127980247	127981190	1	1	1	19	0	5
chr7	127981292	127981410	1	1	1	21	0	18
chr8	25532429	25555507	1	1	1	1	0	44
chr8	25532429	25557730	1	1	1	3	0	44
chr8	25555775	25557730	1	1	1	3	0	37
chr8	33386064	33386329	1	1	0	2	0	46
chr8	95100453	95100646	2	2	1	525	0	31
chr8	95100453	95101408	2	2	0	222	0	46
chr8	95100674	95101408	2	2	1	525	0	42
chr8	123268550	123268744	2	2	1	61	0	47
chr9	43027296	43040539	2	2	1	99	0	39
chr9	43027296	43042590	2	2	1	106	0	45
chr9	43040593	43042590	2	2	0	1	0	45
chr9	43040597	43042590	2	2	1	95	0	45
chr9	80093642	80098847	1	1	0	1	0	44
chr9	80093642	80098885	1	1	1	8200	5	26
chr9	80093642	80098892	1	1	0	267	0	19
chr9	80093642	80103693	1	1	1	202	1	45
chr9	80098907	80099016	1	1	0	1	0	21
chr9	80098907	80101831	1	1	0	1	0	21
chr9	80098907	80103693	1	1	1	8472	5	37
chr9	80098907	80103698	1	1	0	3	0	21
chr9	80099049	80103693	1	1	0	1	0	37
chr9	80101891	80103693	1	1	0	1	0	37
chr9	114597607	114597790	2	2	0	1	0	40
chr9	114597607	114597794	2	2	1	492	0	38
chr9	114597607	114598704	2	2	0	35	0	42
chr9	114597825	114598704	2	2	0	3	0	30
chr9	114597831	114598704	2	2	1	489	0	40
chr11	79458907	79463232	1	1	1	10	0	42
chr11	79458907	79468716	1	1	1	120	0	43
chr11	79463296	79468716	1	1	1	10	0	38
chr11	94112147	94113262	1	1	1	96	0	21
chr11	94112147	94114172	1	1	1	348	0	32
chr11	94113302	94114172	1	1	1	98	0	39
chr11	102310577	102310925	2	2	1	39	0	42
chr11	102310577	102311379	2	2	1	630	0	46
chr11	102311037	102311379	2	2	1	38	0	45
chr12	71952560	71958746	1	1	1	52	0	27
chr12	71952560	71959805	1	1	1	40	0	43
chr12	71958774	71959805	1	1	1	52	0	27
chr12	83811361	83811669	2	2	0	1	0	37
chr12	83811361	83825258	2	2	1	52	0	37
chr12	83811361	83831921	2	2	1	391	1	44
chr12	83811744	83831921	2	2	0	1	0	39
chr12	83825292	83831921	2	2	1	48	0	33
chr12	83825319	83831921	2	2	0	1	0	38
chr12	83825334	83831921	2	2	0	2	0	38
chr12	113133338	113133495	1	1	0	157	7	45
chr12	113133338	113133540	1	1	1	2042	43	43
chr12	113133338	113135796	1	1	1	22	0	29
chr12	113133577	113134800	1	1	0	11	0	14
chr12	113133577	113135796	1	1	1	2137	50	29
chr12	113134813	113135796	1	1	0	10	0	12
chr13	46778994	46780545	2	2	0	2	0	40
chr13	46778994	46780625	2	2	1	696	1	40
chr13	46778994	46785245	2	2	1	1895	3	45
chr13	46780665	46785245	2	2	1	699	1	39
chr13	56084286	56089757	2	2	1	30	0	40
chr13	56089858	56096123	2	2	1	30	0	43
chr14	55618354	55618545	1	1	1	1	0	44
chr14	57643224	57643334	2	2	1	2	0	47
chr14	57643224	57648418	2	2	1	63	0	39
chr14	57643490	57648418	2	2	1	2	0	38
chr14	120389164	120395711	1	1	1	175	0	39
chr14	120389164	120396450	1	1	1	319	0	48
chr14	120395766	120396450	1	1	1	187	0	48
chr15	77102940	77105576	2	2	1	237	0	41
chr15	77102940	77113604	2	2	1	23	0	48
chr15	77105670	77113604	2	2	1	238	0	48
chr15	103242719	103243624	1	1	1	0	3	33
chr16	57178021	57181491	2	2	1	196	0	45
chr16	57178021	57182850	2	2	1	74	0	44
chr16	57181537	57182850	2	2	1	195	0	37
chr17	12979205	13846588	1	1	0	89	1	12
chr17	13695874	13846588	1	1	0	3	0	12
chr17	13846640	13848354	1	1	1	4922	9	22
chr17	13846640	13849107	1	1	1	5850	6	49
chr17	13846640	13849113	1	1	0	3	0	47
chr17	13846644	13848358	1	1	0	1	0	17
chr17	13848376	13849107	1	1	1	4925	10	29
chr17	13848376	13849113	1	1	0	2	0	21
chr17	45570567	45570665	2	2	1	347	0	42
chr17	45570800	45571017	2	2	1	368	0	21
chr18	53948155	53948644	1	1	1	21972	18	33
chr18	53948155	53953244	1	1	1	3560	8	45
chr18	53948666	53953244	1	1	0	25	0	21
chr18	53948669	53953244	1	1	1	21928	15	37
chr18	53948669	53953268	1	1	0	3	0	24
chr18	53948673	53953244	1	1	0	6	0	28
chr19	7281256	7281797	2	4	1	146	0	41
chr19	7281256	7282725	2	2	1	1347	0	36
chr19	7281960	7282725	2	2	1	156	0	31
