chr1	34295537	34296741	1	1	1	106	0	18
chr1	34295537	34299720	1	1	1	24	0	38
chr1	34296760	34299720	1	1	1	106	0	19
chr1	40010678	40011649	1	1	1	120	0	26
chr1	40010678	40011811	1	1	0	1	0	21
chr1	40010678	40014105	1	1	1	32	1	32
chr1	40011842	40014105	1	1	1	116	0	37
chr1	82735508	82741934	1	1	0	1	0	40
chr1	82735508	82747082	1	1	1	3	0	40
chr1	82735508	82750519	1	1	1	62	0	40
chr1	82741977	82750519	1	1	1	1	0	38
chr1	82747143	82750519	1	1	1	3	0	38
chr2	32292216	32293314	1	1	1	12	0	43
chr2	32292216	32296625	1	1	1	69	1	43
chr2	32293396	32296625	1	1	1	10	0	38
chr2	59932171	59933405	2	2	0	54	0	37
chr2	59932171	59933411	2	2	1	388	0	31
chr2	59932171	59933670	2	2	1	3	0	38
chr2	59933439	59933670	2	2	1	438	0	30
chr2	71849507	71853533	1	1	1	910	1	44
chr2	71849507	71853548	1	1	0	1	0	39
chr2	71849507	71853820	1	1	0	1	0	37
chr2	71849507	71855853	1	1	1	2728	2	42
chr2	71849507	71855868	1	1	0	2	0	46
chr2	71853664	71855853	1	1	1	928	1	41
chr2	71853891	71855853	1	1	0	2	0	40
chr2	75662926	75663570	1	1	1	5	0	39
chr2	91001089	91001461	1	1	1	801	0	34
chr2	91001511	91003210	1	1	1	793	0	40
chr2	91001511	91003299	1	1	0	3	0	46
chr2	91003238	91003810	1	1	0	3	0	27
chr2	91003346	91003810	1	1	1	31	0	36
chr2	91159306	91160316	2	2	1	241	0	47
chr2	91159306	91162027	2	2	1	404	0	47
chr2	91160371	91162027	2	2	1	246	0	40
chr2	91681696	91684668	2	2	1	173	0	50
chr2	91681831	91684668	2	2	0	1	0	38
chr2	153670448	153672215	1	1	1	2	0	50
chr3	60613521	60614682	1	1	1	1210	2	45
chr3	60613521	60614688	1	1	0	2	0	38
chr3	60613521	60615619	1	1	1	1128	1	45
chr3	60614737	60615619	1	1	1	1205	2	38
chr3	78904652	78918022	2	2	0	1	0	12
chr3	87733505	87734423	1	1	1	16	0	39
chr3	87733505	87735344	1	1	0	8	0	39
chr3	87734553	87735344	1	1	1	16	0	41
chr3	88483947	88484046	2	2	1	357	0	41
chr3	88483947	88484055	2	2	0	1	0	37
chr3	88483947	88484614	2	2	0	2	0	38
chr3	88484155	88484614	2	2	1	354	0	39
chr3	119724187	119724611	2	2	1	5672	1	34
chr3	119724187	119726065	2	2	1	22	0	29
chr3	119724646	119726065	2	2	1	5875	1	38
chr4	31992517	31994873	1	1	1	286	1	39
chr4	31992517	32002088	1	1	1	3043	4	50
chr4	31994955	32002088	1	1	1	276	1	49
chr4	46468788	46469882	1	1	1	1	0	30
chr4	107009769	107027216	1	1	1	5	0	38
chr4	107009769	107028192	1	1	1	111	0	44
chr4	107027298	107028192	1	1	1	9	0	41
chr5	23565266	23616326	2	2	1	559	2	46
chr5	72958287	72965803	1	1	1	2	0	37
chr5	72958287	72974530	1	1	1	73	0	42
chr5	72965882	72974530	1	1	1	2	0	41
chr5	116477146	116482389	2	2	1	1	0	33
chr5	116482537	116591333	2	2	1	708	6	50
chr5	121205856	121206666	1	1	1	1	0	22
chr5	149184807	149185484	1	1	1	2	0	43
chr5	149184807	149187707	1	1	1	27	0	43
chr5	149184807	149188344	1	1	1	582	3	45
chr5	149185662	149188344	1	1	0	2	0	39
chr5	149187835	149188344	1	1	1	2	0	39
chr5	149187877	149188344	1	1	1	25	0	39
chr5	149188474	149193839	1	1	1	1	0	25
chr6	98939789	98940994	2	2	1	1	0	45
chr6	98939789	98941535	2	2	1	156	0	46
chr6	98939789	98944618	2	2	0	8	0	45
chr6	98941165	98944618	2	2	0	1	0	36
chr6	98941658	98944618	2	2	1	159	0	36
chr6	125162102	125162211	2	2	1	323	14	36
chr6	128371086	128371967	1	1	1	3137	2	45
chr6	128371086	128371980	1	1	0	2	0	32
chr6	128371086	128372530	1	1	1	2	0	49
chr6	128371086	128372533	1	1	1	20	0	46
chr6	128372013	128372504	1	1	0	25	0	26
chr6	128372013	128372509	1	1	0	8	0	31
chr6	128372013	128372530	1	1	1	401	0	49
chr6	128372013	128372533	1	1	1	2647	2	46
chr6	128372013	128372536	1	1	0	1	0	43
chr6	128372013	128372539	1	1	0	1	0	40
chr6	128372018	128372530	1	1	0	6	0	49
chr6	128372018	128372533	1	1	0	36	0	46
chr7	25724845	25725923	2	2	1	2	0	38
chr7	67240441	67244520	2	2	1	124	0	24
chr7	67240441	67251656	2	2	1	1020	1	46
chr7	67244545	67251656	2	2	1	124	0	24
chr7	101288340	102001612	1	3	0	5	0	12
chr7	102001660	102002294	1	1	1	1505	2	44
chr7	102001660	102007485	1	1	1	479	1	43
chr7	102002337	102007485	1	1	1	1499	2	42
chr7	112839481	112841887	1	1	1	9	0	41
chr7	112839481	112842039	1	1	1	154	0	41
chr7	112839481	112856052	1	1	1	4	0	12
chr7	112839481	112856797	1	1	1	9	0	41
chr7	112841951	112842039	1	1	1	1	0	1
chr7	112841951	112856052	1	1	1	1	0	12
chr7	112842103	112856052	1	1	1	152	0	12
chr7	112842103	112856797	1	1	1	2	0	37
chr7	112856065	112856776	1	1	0	1	0	12
chr7	112856065	112856797	1	1	1	166	0	15
chr7	127980247	127981190	1	1	1	7	0	5
chr7	127981292	127981410	1	1	1	8	0	6
chr8	25532429	25557730	1	1	1	3	0	44
chr8	95100453	95100646	2	2	1	740	0	32
chr8	95100453	95101408	2	2	0	128	0	46
chr8	95100666	95101408	2	2	0	3	0	19
chr8	95100674	95101408	2	2	1	737	0	42
chr8	123268550	123268744	2	2	1	190	0	47
chr9	43027296	43040539	2	2	1	119	0	38
chr9	43027296	43042590	2	2	1	116	0	45
chr9	43040593	43042590	2	2	0	5	0	43
chr9	43040597	43042590	2	2	1	116	0	45
chr9	80093642	80098885	1	1	1	6996	4	26
chr9	80093642	80098892	1	1	0	158	1	14
chr9	80093642	80103693	1	1	1	196	1	45
chr9	80093656	80103693	1	1	0	0	1	37
chr9	80098907	80099016	1	1	0	2	0	21
chr9	80098907	80103693	1	1	1	7165	5	29
chr9	80098907	80103698	1	1	0	3	0	21
chr9	80099049	80103693	1	1	0	2	0	37
chr9	110068584	110068692	1	1	1	1	0	33
chr9	114597607	114597794	2	2	1	417	0	38
chr9	114597607	114598704	2	2	0	15	0	42
chr9	114597825	114598704	2	2	0	9	0	30
chr9	114597831	114598704	2	2	1	408	0	38
chr11	20201653	20215629	1	1	1	1	0	37
chr11	20218909	20223083	1	1	1	1	0	7
chr11	26725015	26787397	2	2	0	1	1	13
chr11	79458907	79463232	1	1	1	16	0	42
chr11	79458907	79468113	1	1	1	1	0	41
chr11	79458907	79468716	1	1	1	173	0	43
chr11	79463296	79468716	1	1	1	15	0	39
chr11	79468155	79468716	1	1	1	2	0	38
chr11	94112147	94113262	1	1	1	112	0	24
chr11	94112147	94114172	1	1	1	279	0	32
chr11	94113302	94114172	1	1	1	112	0	39
chr11	94113302	94114196	1	1	0	1	0	38
chr11	100481848	100482144	2	2	1	2	0	36
chr11	102310577	102310925	2	2	1	55	0	42
chr11	102310577	102311379	2	2	1	681	0	46
chr11	102311037	102311379	2	2	1	57	0	45
chr12	71952560	71958746	1	1	1	54	0	27
chr12	71952560	71959805	1	1	1	36	0	43
chr12	71958774	71959805	1	1	1	54	0	29
chr12	83811361	83825258	2	2	1	68	0	33
chr12	83811361	83831921	2	2	1	359	0	41
chr12	83825292	83831921	2	2	1	68	0	38
chr12	113133338	113133495	1	1	0	95	9	44
chr12	113133338	113133540	1	1	1	1423	33	43
chr12	113133338	113135796	1	1	1	13	0	29
chr12	113133577	113134800	1	1	0	13	1	14
chr12	113133577	113135796	1	1	1	1450	42	29
chr12	113134813	113135796	1	1	0	12	1	12
chr13	46778994	46780545	2	2	0	1	0	40
chr13	46778994	46780625	2	2	1	679	1	43
chr13	46778994	46785245	2	2	1	2083	5	44
chr13	46780665	46785245	2	2	1	686	1	39
chr13	56084286	56089757	2	2	1	62	0	41
chr13	56089858	56096123	2	2	1	63	0	41
chr14	57643224	57643334	2	2	1	5	0	39
chr14	57643224	57648418	2	2	1	119	0	47
chr14	57643490	57648418	2	2	1	5	0	38
chr14	120389164	120395711	1	1	1	230	1	39
chr14	120389164	120396450	1	1	1	495	0	48
chr14	120395766	120396450	1	1	1	232	1	48
chr15	58126715	58128208	2	2	1	1	0	35
chr15	77102940	77105576	2	2	1	214	0	41
chr15	77102940	77113604	2	2	1	18	0	44
chr15	77105670	77113604	2	2	1	216	0	48
chr15	103242719	103243624	1	1	1	0	1	33
chr16	57178021	57181491	2	2	1	282	0	43
chr16	57178021	57182850	2	2	1	86	0	44
chr16	57181537	57182850	2	2	1	282	0	33
chr17	12979205	13846588	1	1	0	25	0	12
chr17	13846613	13848354	1	1	0	1	0	21
chr17	13846640	13848354	1	1	1	4259	4	22
chr17	13846640	13849107	1	1	1	4046	9	45
chr17	13846640	13849113	1	1	0	8	0	47
chr17	13846644	13848358	1	1	0	1	0	17
chr17	13848376	13849107	1	1	1	4245	4	29
chr17	13848376	13849113	1	1	0	11	0	21
chr17	45570567	45570665	2	2	1	365	0	42
chr17	45570800	45571017	2	2	1	393	1	24
chr18	53948155	53948644	1	1	1	12257	9	28
chr18	53948155	53953244	1	1	1	2043	3	43
chr18	53948167	53948644	1	1	0	1	0	24
chr18	53948666	53953244	1	1	0	5	0	21
chr18	53948669	53949681	1	1	0	2	0	15
chr18	53948669	53953244	1	1	1	12228	9	37
chr18	53948669	53953268	1	1	0	1	0	24
chr18	53949705	53953244	1	1	0	2	0	23
chr19	7281256	7281797	2	4	1	161	1	39
chr19	7281256	7282331	2	2	0	1	0	38
chr19	7281256	7282725	2	2	1	1048	0	36
chr19	7281960	7282725	2	2	1	174	1	26
chr19	7282449	7282725	2	2	0	1	0	26
