chr1	34295537	34296741	1	1	1	100	0	18
chr1	34295537	34299720	1	1	1	36	0	38
chr1	34296760	34299720	1	1	1	100	0	18
chr1	40010678	40011649	1	1	1	93	0	26
chr1	40010678	40011783	1	1	0	1	0	21
chr1	40010678	40011787	1	1	0	1	0	21
chr1	40010678	40011811	1	1	0	3	0	21
chr1	40010678	40014105	1	1	1	37	1	32
chr1	40011842	40014105	1	1	1	97	0	38
chr1	82735508	82741817	1	1	1	1	0	20
chr1	82735508	82747082	1	1	1	1	0	40
chr1	82735508	82750519	1	1	1	62	0	41
chr1	82747143	82750519	1	1	1	1	0	38
chr2	32292216	32293314	1	1	1	14	0	43
chr2	32292216	32296625	1	1	1	145	0	44
chr2	32293396	32296625	1	1	1	14	0	38
chr2	59932171	59933405	2	2	0	77	0	37
chr2	59932171	59933411	2	2	1	443	0	31
chr2	59932171	59933670	2	2	1	3	0	38
chr2	59933439	59933670	2	2	1	512	0	32
chr2	71849507	71853533	1	1	1	585	0	40
chr2	71849507	71853820	1	1	0	1	0	37
chr2	71849507	71853875	1	1	0	1	0	15
chr2	71849507	71855853	1	1	1	3565	4	44
chr2	71853664	71855853	1	1	1	613	0	42
chr2	71853891	71855853	1	1	0	2	0	40
chr2	75662926	75663570	1	1	1	11	2	40
chr2	91001089	91001461	1	1	1	638	1	34
chr2	91001089	91003299	1	1	0	1	0	33
chr2	91001511	91003210	1	1	1	635	1	31
chr2	91003238	91003810	1	1	0	2	0	27
chr2	91003346	91003810	1	1	1	18	0	36
chr2	91159306	91160316	2	2	1	213	0	47
chr2	91159306	91162027	2	2	1	513	0	47
chr2	91160371	91162027	2	2	1	208	0	39
chr2	91681696	91682025	2	2	1	1	0	50
chr2	91681696	91684668	2	2	1	219	0	50
chr2	91682110	91684668	2	2	0	1	0	38
chr2	153670448	153672215	1	1	1	1	0	50
chr3	60422418	60613472	1	1	0	0	5	15
chr3	60613521	60614682	1	1	1	1197	4	46
chr3	60613521	60614688	1	1	0	1	0	38
chr3	60613521	60615619	1	1	1	976	3	44
chr3	60614737	60615619	1	1	1	1200	4	43
chr3	87733505	87734423	1	1	1	15	0	39
chr3	87733505	87735344	1	1	0	14	0	39
chr3	87734553	87735344	1	1	1	15	0	37
chr3	88483947	88484046	2	2	1	349	0	38
chr3	88484155	88484614	2	2	1	346	0	41
chr3	119724187	119724611	2	2	1	5386	1	34
chr3	119724187	119726065	2	2	1	25	1	29
chr3	119724646	119726065	2	2	1	5520	1	38
chr3	129825617	129826823	2	2	1	1	0	36
chr3	139632407	139650143	2	2	0	0	1	13
chr4	31992517	31994873	1	1	1	267	0	39
chr4	31992517	32002088	1	1	1	4737	6	49
chr4	31994955	32002088	1	1	1	269	0	49
chr4	32010422	32015938	1	1	1	1	0	13
chr4	107009769	107027216	1	1	1	11	0	39
chr4	107009769	107028192	1	1	1	95	1	43
chr4	107027298	107028192	1	1	1	13	0	41
chr5	23565266	23616326	2	2	1	726	1	46
chr5	72958287	72965803	1	1	1	1	0	37
chr5	72958287	72974530	1	1	1	87	0	42
chr5	72965882	72974530	1	1	1	1	0	41
chr5	116482537	116513793	2	2	0	1	0	32
chr5	116482537	116591333	2	2	1	1142	7	50
chr5	149184807	149187707	1	1	1	19	0	43
chr5	149184807	149188344	1	1	1	681	0	44
chr5	149187835	149188344	1	1	1	1	0	37
chr5	149187877	149188344	1	1	1	18	0	39
chr6	47577668	47594893	2	2	1	1	0	34
chr6	98939789	98941535	2	2	1	158	0	49
chr6	98939789	98944618	2	2	0	27	0	45
chr6	98941658	98944618	2	2	1	156	0	36
chr6	125162102	125162211	2	2	1	303	13	36
chr6	128371086	128371967	1	1	1	3302	4	45
chr6	128371086	128372530	1	1	1	1	0	49
chr6	128371086	128372533	1	1	1	23	0	46
chr6	128372013	128372504	1	1	0	19	0	26
chr6	128372013	128372509	1	1	0	3	0	32
chr6	128372013	128372530	1	1	1	410	1	49
chr6	128372013	128372533	1	1	1	2824	3	46
chr6	128372013	128372536	1	1	0	3	0	43
chr6	128372018	128372530	1	1	0	5	0	49
chr6	128372018	128372533	1	1	0	44	0	46
chr7	67240441	67244520	2	2	1	154	0	24
chr7	67240441	67251656	2	2	1	1084	2	45
chr7	67240443	67251659	1	1	0	1	0	41
chr7	67244545	67251656	2	2	1	154	0	24
chr7	99849060	99858763	2	2	1	2	0	44
chr7	101405603	102001614	1	1	0	4	0	13
chr7	102001660	102002294	1	1	1	1537	1	44
chr7	102001660	102007485	1	1	1	799	0	44
chr7	102002337	102007485	1	1	1	1535	1	42
chr7	112839481	112841887	1	1	1	6	1	41
chr7	112839481	112842039	1	1	1	128	1	41
chr7	112839481	112856052	1	1	1	10	0	12
chr7	112839481	112856797	1	1	1	8	0	43
chr7	112841906	112842057	1	1	0	0	1	18
chr7	112841951	112856052	1	1	1	2	0	12
chr7	112842103	112856052	1	1	1	128	1	12
chr7	112842103	112856797	1	1	1	1	0	37
chr7	112856065	112856797	1	1	1	142	1	18
chr7	127980247	127981190	1	1	1	13	0	5
chr7	127981292	127981410	1	1	1	12	0	6
chr8	25532429	25555507	1	1	1	1	0	44
chr8	25532429	25557730	1	1	1	4	0	44
chr8	25555775	25557730	1	1	1	1	0	37
chr8	72219861	72219940	1	1	1	1	0	30
chr8	91688606	91932332	1	1	0	6	0	13
chr8	95100453	95100646	2	2	1	1075	1	31
chr8	95100453	95101408	2	2	0	187	0	46
chr8	95100674	95101408	2	2	1	1075	1	42
chr8	121628690	121651724	2	2	1	1	0	20
chr8	123268550	123268744	2	2	1	270	0	47
chr9	43027296	43040539	2	2	1	117	0	38
chr9	43027296	43042590	2	2	1	188	0	45
chr9	43040593	43042590	2	2	0	1	0	43
chr9	43040597	43042590	2	2	1	117	0	46
chr9	66429080	66433275	1	1	1	1	0	42
chr9	80093642	80098885	1	1	1	8186	7	26
chr9	80093642	80098892	1	1	0	166	0	19
chr9	80093642	80103693	1	1	1	235	1	45
chr9	80098907	80099016	1	1	0	2	0	21
chr9	80098907	80103693	1	1	1	8340	7	30
chr9	80098907	80103698	1	1	0	5	0	21
chr9	80099049	80103693	1	1	0	2	0	37
chr9	114597607	114597794	2	2	1	356	0	38
chr9	114597607	114598704	2	2	0	14	0	42
chr9	114597825	114598704	2	2	0	2	0	30
chr9	114597831	114598704	2	2	1	353	0	36
chr10	76771037	76781831	2	2	1	2	0	35
chr10	76781874	76785139	2	2	1	2	0	37
chr11	79458907	79463232	1	1	1	8	0	42
chr11	79458907	79468716	1	1	1	168	0	42
chr11	79463296	79468716	1	1	1	9	0	39
chr11	83497297	83497893	1	1	1	2	0	33
chr11	83497927	83499072	1	1	1	2	0	33
chr11	94112147	94113262	1	1	1	102	0	21
chr11	94112147	94114172	1	1	1	311	0	32
chr11	94113302	94114172	1	1	1	105	0	39
chr11	100481848	100482144	2	2	1	1	0	39
chr11	102310577	102310925	2	2	1	43	0	42
chr11	102310577	102311379	2	2	1	839	0	46
chr11	102311037	102311379	2	2	1	42	0	46
chr12	71952560	71958746	1	1	1	64	0	27
chr12	71952560	71959805	1	1	1	52	0	43
chr12	71958774	71959805	1	1	1	64	0	29
chr12	72657435	72659343	2	2	1	1	0	18
chr12	83811361	83825258	2	2	1	68	0	33
chr12	83811361	83831921	2	2	1	450	0	41
chr12	83825292	83831921	2	2	1	68	0	33
chr12	113133338	113133495	1	1	0	104	8	43
chr12	113133338	113133540	1	1	1	1745	50	39
chr12	113133338	113135796	1	1	1	11	0	29
chr12	113133577	113134186	1	1	0	1	0	28
chr12	113133577	113134761	1	1	0	1	0	21
chr12	113133577	113134800	1	1	0	14	0	14
chr12	113133577	113135796	1	1	1	1794	58	29
chr12	113134231	113135796	1	1	0	1	0	29
chr12	113134813	113135796	1	1	0	12	0	29
chr13	46778994	46780545	2	2	0	1	0	40
chr13	46778994	46780625	2	2	1	541	0	40
chr13	46778994	46785245	2	2	1	2927	9	46
chr13	46780663	46785245	2	2	0	1	0	37
chr13	46780665	46785245	2	2	1	541	0	39
chr13	56084286	56089757	2	2	1	41	0	41
chr13	56084286	56096123	2	2	0	4	0	40
chr13	56089858	56096123	2	2	1	41	0	40
chr14	57643224	57648418	2	2	1	138	0	40
chr14	120389164	120395711	1	1	1	190	0	39
chr14	120389164	120395717	1	1	0	1	0	38
chr14	120389164	120396450	1	1	1	489	0	48
chr14	120395766	120396450	1	1	1	191	0	48
chr15	77102940	77105576	2	2	1	224	0	41
chr15	77102940	77113604	2	2	1	17	0	48
chr15	77105670	77113604	2	2	1	225	0	48
chr15	103242719	103243624	1	1	1	0	2	33
chr16	57178021	57181491	2	2	1	417	1	45
chr16	57178021	57182850	2	2	1	217	0	44
chr16	57181537	57182850	2	2	1	413	1	34
chr17	12979205	13846588	1	1	0	53	1	12
chr17	13846613	13848354	1	1	0	4	0	21
chr17	13846640	13848354	1	1	1	4259	2	22
chr17	13846640	13849107	1	1	1	5320	3	46
chr17	13846640	13849113	1	1	0	18	0	47
chr17	13848376	13849107	1	1	1	4234	2	29
chr17	13848376	13849113	1	1	0	9	0	21
chr17	45570567	45570665	2	2	1	782	1	39
chr17	45570800	45571017	2	2	1	850	0	24
chr17	51783067	51785528	2	2	1	1	0	40
chr17	51785641	51803430	2	2	1	1	0	14
chr18	10726534	10740982	1	1	1	1	0	15
chr18	53948155	53948644	1	1	1	12668	14	28
chr18	53948155	53948651	1	1	0	3	0	17
chr18	53948155	53953244	1	1	1	2179	6	43
chr18	53948666	53953244	1	1	0	1	0	21
chr18	53948669	53953244	1	1	1	12655	10	37
chr18	53948669	53953268	1	1	0	4	0	24
chr18	64511878	64511983	2	2	1	1	0	7
chr18	64512050	64515325	2	2	1	1	0	16
chr18	64515406	64516415	2	2	1	2	0	42
chr18	64515409	64516415	2	2	1	1	0	30
chr19	7281256	7281797	2	4	1	206	1	39
chr19	7281256	7282725	2	2	1	1220	1	36
chr19	7281960	7282725	2	2	1	215	1	35
chr19	23687546	23694320	1	1	1	1	0	5
chrX	159414893	159443922	1	1	1	1	0	27
