chr1	34295537	34296741	1	1	1	42	0	18
chr1	34295537	34299720	1	1	1	184	0	39
chr1	34296760	34299720	1	1	1	42	0	18
chr1	37885317	37890159	2	2	1	1	0	23
chr1	40010678	40011649	1	1	1	37	0	21
chr1	40010678	40014105	1	1	1	66	2	32
chr1	40011842	40014105	1	1	1	31	0	37
chr1	82735508	82747082	1	1	1	4	0	40
chr1	82735508	82750519	1	1	1	98	0	41
chr1	82747143	82750519	1	1	1	4	0	38
chr2	32292216	32293314	1	1	1	2	0	43
chr2	32292216	32296625	1	1	1	84	0	43
chr2	32293396	32296625	1	1	1	2	0	38
chr2	59932171	59933405	2	2	0	6	0	33
chr2	59932171	59933411	2	2	1	71	0	27
chr2	59932171	59933670	2	2	1	11	0	38
chr2	59933439	59933670	2	2	1	77	0	28
chr2	71849507	71853533	1	1	1	35	0	39
chr2	71849507	71855853	1	1	1	2396	2	43
chr2	71853664	71855853	1	1	1	36	0	41
chr2	75662926	75663570	1	1	1	7	1	39
chr2	91001089	91001461	1	1	1	749	1	27
chr2	91001511	91003210	1	1	1	738	1	25
chr2	91003238	91003810	1	1	0	1	0	27
chr2	91003346	91003810	1	1	1	26	0	36
chr2	91159306	91160316	2	2	1	3	0	47
chr2	91159306	91162027	2	2	1	234	1	47
chr2	91160371	91162027	2	2	1	3	0	38
chr2	91681696	91682025	2	2	1	2	0	50
chr2	91681696	91684668	2	2	1	771	0	50
chr2	91682110	91684668	2	2	0	1	0	38
chr2	91682137	91684668	2	2	1	2	0	38
chr2	153670448	153670848	1	1	1	79	0	43
chr2	153670909	153672215	1	1	1	79	0	50
chr2	168752741	168753325	2	2	0	1	0	29
chr2	168752741	168754433	2	2	1	16180	14	46
chr2	168753353	168754433	2	2	0	1	0	29
chr3	60613521	60614682	1	1	1	147	2	44
chr3	60613521	60615619	1	1	1	43	0	44
chr3	60614737	60615619	1	1	1	148	2	37
chr3	87733505	87734423	1	1	1	3	0	39
chr3	87733505	87735344	1	1	0	227	0	42
chr3	87734553	87735344	1	1	1	4	0	37
chr3	88483947	88484046	2	2	1	158	0	38
chr3	88484155	88484614	2	2	1	158	0	41
chr3	119724187	119724611	2	2	1	2295	1	34
chr3	119724187	119726065	2	2	1	8	0	29
chr3	119724646	119726065	2	2	1	2338	1	38
chr3	139632407	139650143	2	2	0	0	1	13
chr4	31992517	31994873	1	1	1	2047	5	40
chr4	31992517	32002088	1	1	1	873	2	49
chr4	31994955	32002088	1	1	1	2053	5	49
chr4	107009769	107027216	1	1	1	43	0	38
chr4	107009769	107028192	1	1	1	276	0	42
chr4	107027298	107028192	1	1	1	47	0	41
chr5	23565266	23616326	2	2	1	272	0	45
chr5	72958287	72965803	1	1	1	1	0	37
chr5	72958287	72974530	1	1	1	41	0	42
chr5	72965882	72974530	1	1	1	1	0	41
chr5	74540990	74542008	1	1	1	1	0	15
chr5	116482537	116591333	2	2	1	1	0	50
chr5	149184807	149185484	1	1	1	3	0	43
chr5	149184807	149187707	1	1	1	54	0	44
chr5	149184807	149188344	1	1	1	312	0	45
chr5	149185662	149188344	1	1	0	1	0	39
chr5	149187835	149188344	1	1	1	11	0	39
chr5	149187864	149188344	1	1	0	1	0	39
chr5	149187877	149188344	1	1	1	42	0	39
chr6	72633011	72633215	2	2	1	1	0	6
chr6	72634233	72634303	2	2	0	3	0	37
chr6	72634233	72648800	2	2	1	4255	5	42
chr6	72634233	72649119	2	2	1	8250	7	50
chr6	72634256	72649119	2	2	0	1	0	40
chr6	72634351	72649119	2	2	0	3	0	40
chr6	72648843	72649119	2	2	1	4239	5	42
chr6	98939789	98940994	2	2	1	11	0	45
chr6	98939789	98941535	2	2	1	115	0	47
chr6	98939789	98944618	2	2	0	21	0	45
chr6	98941165	98944618	2	2	0	10	0	36
chr6	98941658	98944618	2	2	1	114	0	37
chr6	125162102	125162211	2	2	1	724	21	37
chr6	128371086	128371967	1	1	1	2067	5	45
chr6	128371086	128371980	1	1	0	1	0	32
chr6	128371086	128372530	1	1	1	117	1	49
chr6	128371086	128372533	1	1	1	953	1	46
chr6	128371086	128372536	1	1	0	3	0	43
chr6	128372013	128372504	1	1	0	3	1	26
chr6	128372013	128372509	1	1	0	2	0	31
chr6	128372013	128372530	1	1	1	280	2	49
chr6	128372013	128372533	1	1	1	1752	3	46
chr6	128372013	128372536	1	1	0	2	0	43
chr6	128372018	128372530	1	1	0	1	0	49
chr6	128372018	128372533	1	1	0	30	0	46
chr6	128372018	128372536	1	1	0	1	0	43
chr7	24462568	24465130	1	1	1	0	1	21
chr7	24465242	24466488	1	1	1	0	1	1
chr7	24465242	24466674	1	1	1	0	1	1
chr7	67240441	67244520	2	2	1	15	0	24
chr7	67240441	67251656	2	2	1	566	0	47
chr7	67244545	67251656	2	2	1	15	0	24
chr7	101405603	102001614	1	1	0	7	0	13
chr7	102001660	102002294	1	1	1	363	1	44
chr7	102001660	102007485	1	1	1	4602	0	44
chr7	102002337	102007485	1	1	1	362	1	40
chr7	112839481	112841887	1	1	1	12	0	41
chr7	112839481	112842039	1	1	1	256	0	41
chr7	112839481	112856052	1	1	1	2	0	12
chr7	112839481	112856797	1	1	1	22	0	41
chr7	112841951	112856052	1	1	1	5	0	12
chr7	112841951	112856797	1	1	0	3	0	37
chr7	112842103	112856052	1	1	1	15	0	12
chr7	112842103	112856797	1	1	1	241	0	41
chr7	112856065	112856797	1	1	1	23	0	14
chr7	123124333	123124667	1	1	1	1	0	11
chr7	127980247	127981190	1	1	1	19	0	2
chr7	127981292	127981410	1	1	1	20	0	16
chr7	144861833	144862231	1	1	1	1623	3	39
chr7	144861837	144862231	1	1	0	3	0	32
chr7	144862267	144862764	1	1	0	8	0	35
chr7	144862336	144862764	1	1	1	1598	3	44
chr8	25532429	25555507	1	1	1	2	0	44
chr8	25532429	25557730	1	1	1	2	0	44
chr8	25555775	25557730	1	1	1	3	0	38
chr8	95100453	95100646	2	2	1	307	0	27
chr8	95100453	95101408	2	2	0	613	0	46
chr8	95100674	95101408	2	2	1	307	0	42
chr8	123268550	123268744	2	2	1	124	1	48
chr9	43027296	43040539	2	2	1	39	0	38
chr9	43027296	43042590	2	2	1	360	1	46
chr9	43040597	43042590	2	2	1	39	0	45
chr9	80093642	80098885	1	1	1	1898	3	26
chr9	80093642	80098892	1	1	0	33	0	14
chr9	80093642	80103693	1	1	1	9582	6	45
chr9	80093642	80103698	1	1	0	2	0	42
chr9	80098907	80103693	1	1	1	1929	3	24
chr9	114597607	114597794	2	2	1	341	1	38
chr9	114597607	114598704	2	2	0	494	0	46
chr9	114597825	114598704	2	2	0	3	0	30
chr9	114597831	114598704	2	2	1	336	1	38
chr9	123011638	123013939	1	1	1	2	0	14
chr9	123014013	123014468	1	1	1	2	0	14
chr9	123014507	123017244	1	1	1	2	0	38
chr11	26778879	26787397	2	2	0	0	1	13
chr11	79458907	79463232	1	1	1	29	0	42
chr11	79458907	79468716	1	1	1	52	0	42
chr11	79463296	79468716	1	1	1	30	0	39
chr11	83497297	83497893	1	1	1	1	0	33
chr11	83497927	83499072	1	1	1	1	0	33
chr11	94112147	94113262	1	1	1	21	0	21
chr11	94112147	94114172	1	1	1	316	0	32
chr11	94113302	94114172	1	1	1	22	0	39
chr11	95713229	95748999	1	1	1	1	0	34
chr11	102310577	102310925	2	2	1	126	0	42
chr11	102310577	102311379	2	2	1	385	0	45
chr11	102311037	102311379	2	2	1	125	0	46
chr12	71952560	71959805	1	1	1	262	0	46
chr12	83811361	83825258	2	2	1	238	0	33
chr12	83811361	83831921	2	2	1	239	0	41
chr12	83825292	83831921	2	2	1	238	0	33
chr12	104697145	104700364	2	2	1	1	0	31
chr12	113133338	113133495	1	1	0	10	0	42
chr12	113133338	113133540	1	1	1	308	1	38
chr12	113133338	113135796	1	1	1	966	0	29
chr12	113133577	113135796	1	1	1	311	1	29
chr13	46778994	46780625	2	2	1	753	0	41
chr13	46778994	46785245	2	2	1	3561	4	50
chr13	46780665	46785245	2	2	1	756	0	39
chr13	56084286	56089757	2	2	1	27	0	40
chr13	56084286	56096123	2	2	0	2	0	40
chr13	56089858	56096123	2	2	1	28	0	41
chr14	57643224	57643334	2	2	1	4	0	39
chr14	57643224	57648418	2	2	1	275	0	47
chr14	57643490	57648418	2	2	1	4	0	38
chr14	120389164	120395711	1	1	1	400	0	42
chr14	120389164	120395717	1	1	0	2	0	38
chr14	120389164	120396450	1	1	1	120	0	48
chr14	120395766	120396450	1	1	1	420	0	48
chr15	77102940	77105576	2	2	1	209	0	42
chr15	77102940	77113604	2	2	1	15	0	44
chr15	77105670	77113604	2	2	1	209	0	48
chr15	103242719	103243624	1	1	1	1	0	33
chr16	57178021	57181491	2	2	1	29	0	43
chr16	57178021	57182850	2	2	1	1418	0	44
chr16	57181537	57182850	2	2	1	29	0	37
chr16	84831508	84834808	2	2	1	2	0	44
chr16	94686604	94691580	1	1	1	2	0	45
chr17	12979205	13846588	1	1	0	5	0	12
chr17	13846613	13848354	1	1	0	4	0	21
chr17	13846640	13848354	1	1	1	456	0	22
chr17	13846640	13849107	1	1	1	13157	19	48
chr17	13846640	13849113	1	1	0	67	0	47
chr17	13848376	13849107	1	1	1	456	0	26
chr17	13848376	13849113	1	1	0	5	0	21
chr17	45570567	45570665	2	2	1	714	2	39
chr17	45570800	45571017	2	2	1	785	1	21
chr17	46590452	46590758	2	2	1	2	0	11
chr18	53948155	53948644	1	1	1	2233	0	28
chr18	53948155	53949550	1	1	0	3	0	39
chr18	53948155	53953244	1	1	1	13936	11	45
chr18	53948666	53953244	1	1	0	7	0	21
chr18	53948669	53953244	1	1	1	2222	0	37
chr18	53949588	53953244	1	1	0	3	0	37
chr19	7281251	7282725	2	2	0	2	0	26
chr19	7281256	7281797	2	4	1	179	0	39
chr19	7281256	7282725	2	2	1	454	0	36
chr19	7281960	7282725	2	2	1	183	0	33
