chr1	34295537	34295665	0	0	1	1	0	6
chr1	34295537	34296741	1	1	1	110	0	18
chr1	34295537	34299720	1	1	1	25	0	38
chr1	34296760	34299720	1	1	1	111	0	19
chr1	40010678	40011649	1	1	1	83	0	26
chr1	40010678	40011783	1	1	0	1	0	21
chr1	40010678	40014105	1	1	1	24	1	32
chr1	40011842	40014105	1	1	1	84	0	40
chr1	82735508	82741817	1	1	1	1	0	40
chr1	82735508	82747082	1	1	1	1	0	40
chr1	82735508	82750519	1	1	1	48	0	41
chr1	82747143	82750519	1	1	1	2	0	38
chr1	86350697	86350811	2	2	1	1	0	5
chr2	32292216	32293314	1	1	1	14	0	43
chr2	32292216	32296625	1	1	1	103	0	43
chr2	32293396	32296625	1	1	1	14	0	38
chr2	59926161	59932104	2	2	1	1	0	20
chr2	59932171	59933405	2	2	0	61	0	37
chr2	59932171	59933411	2	2	1	375	1	31
chr2	59932171	59933670	2	2	1	2	0	36
chr2	59933439	59933670	2	2	1	428	1	28
chr2	71849507	71853533	1	1	1	688	1	43
chr2	71849507	71853875	1	1	0	3	0	39
chr2	71849507	71855853	1	1	1	2773	4	45
chr2	71849507	71855868	1	1	0	6	0	46
chr2	71853664	71855853	1	1	1	716	1	41
chr2	71853891	71855853	1	1	0	2	0	15
chr2	71853948	71855853	1	1	0	1	0	40
chr2	75662926	75663570	1	1	1	4	0	36
chr2	91001089	91001461	1	1	1	652	0	34
chr2	91001089	91003299	1	1	0	1	0	33
chr2	91001511	91003210	1	1	1	647	0	25
chr2	91001511	91003299	1	1	0	1	0	46
chr2	91003238	91003810	1	1	0	1	0	27
chr2	91003346	91003810	1	1	1	12	0	36
chr2	91159300	91162027	2	2	0	4	0	41
chr2	91159306	91160316	2	2	1	211	0	47
chr2	91159306	91162027	2	2	1	358	0	47
chr2	91160371	91162027	2	2	1	213	0	38
chr2	91681696	91684668	2	2	1	167	0	50
chr2	153670448	153672215	1	1	1	3	1	50
chr2	153713625	153714954	1	1	1	0	1	50
chr3	60422418	60613472	1	1	0	0	4	15
chr3	60613521	60614682	1	1	1	1238	6	45
chr3	60613521	60614688	1	1	0	5	0	44
chr3	60613521	60615619	1	1	1	999	3	45
chr3	60614737	60615619	1	1	1	1253	6	40
chr3	87733505	87734423	1	1	1	23	0	39
chr3	87733505	87735344	1	1	0	11	0	39
chr3	87734553	87735344	1	1	1	23	0	37
chr3	88483947	88484046	2	2	1	278	1	38
chr3	88484155	88484614	2	2	1	277	1	39
chr3	119724187	119724611	2	2	1	5122	4	34
chr3	119724187	119726065	2	2	1	15	0	29
chr3	119724646	119726065	2	2	1	5231	4	38
chr3	119726116	119820407	2	2	0	2	0	13
chr3	142948246	142963375	2	2	0	0	1	14
chr4	31992517	31994873	1	1	1	244	1	39
chr4	31992517	32002088	1	1	1	3221	5	49
chr4	31994955	32002088	1	1	1	242	1	49
chr4	107009769	107027216	1	1	1	12	0	38
chr4	107009769	107028192	1	1	1	147	0	42
chr4	107027298	107028192	1	1	1	12	0	41
chr5	23565266	23616326	2	2	1	681	2	46
chr5	31192289	31192581	2	2	1	1	0	30
chr5	31192626	31192992	2	2	1	1	0	23
chr5	72958287	72965803	1	1	1	1	0	31
chr5	72958287	72974530	1	1	1	68	0	42
chr5	72965882	72974530	1	1	1	1	0	41
chr5	116475248	116477058	2	2	1	1	0	24
chr5	116482532	116591333	2	2	0	3	0	45
chr5	116482537	116591333	2	2	1	700	4	50
chr5	149184807	149187707	1	1	1	13	1	43
chr5	149184807	149188344	1	1	1	525	1	44
chr5	149187877	149188344	1	1	1	13	1	40
chr6	98939789	98941535	2	2	1	124	0	45
chr6	98939789	98944618	2	2	0	5	0	45
chr6	98941658	98944618	2	2	1	124	0	36
chr6	125162102	125162211	2	2	1	303	6	38
chr6	128371086	128371967	1	1	1	3643	6	44
chr6	128371086	128372530	1	1	1	2	0	49
chr6	128371086	128372533	1	1	1	15	0	46
chr6	128372013	128372504	1	1	0	29	0	26
chr6	128372013	128372509	1	1	0	10	0	31
chr6	128372013	128372530	1	1	1	448	1	49
chr6	128372013	128372533	1	1	1	3123	5	46
chr6	128372013	128372536	1	1	0	2	0	43
chr6	128372013	128372539	1	1	0	3	0	40
chr6	128372018	128372530	1	1	0	1	0	49
chr6	128372018	128372533	1	1	0	42	0	46
chr7	67240441	67244520	2	2	1	170	0	24
chr7	67240441	67251656	2	2	1	1249	2	45
chr7	67244545	67251656	2	2	1	170	0	24
chr7	99849060	99858763	2	2	1	1	0	44
chr7	102001660	102002294	1	1	1	1222	0	43
chr7	102001660	102007485	1	1	1	507	0	43
chr7	102002337	102007485	1	1	1	1225	0	40
chr7	112839481	112841887	1	1	1	1	0	41
chr7	112839481	112842039	1	1	1	102	0	41
chr7	112839481	112856797	1	1	1	11	0	41
chr7	112842103	112856052	1	1	1	97	0	12
chr7	112842103	112856797	1	1	1	6	0	37
chr7	112856065	112856797	1	1	1	100	0	14
chr7	127980247	127981190	1	1	1	14	0	5
chr7	127981292	127981410	1	1	1	13	0	6
chr8	25532429	25557730	1	1	1	1	0	38
chr8	25555775	25557730	1	1	1	2	0	37
chr8	72219861	72219940	1	1	1	1	0	30
chr8	91688606	91932332	1	1	0	4	0	13
chr8	95100443	95100636	2	2	0	1	0	36
chr8	95100453	95100646	2	2	1	718	0	32
chr8	95100453	95101408	2	2	0	112	0	46
chr8	95100674	95101408	2	2	1	719	0	42
chr8	123268550	123268744	2	2	1	163	0	46
chr9	43027296	43040539	2	2	1	100	0	38
chr9	43027296	43042590	2	2	1	91	0	45
chr9	43040597	43042590	2	2	1	103	0	45
chr9	80093642	80098885	1	1	1	5955	2	26
chr9	80093642	80098892	1	1	0	128	0	19
chr9	80093642	80103693	1	1	1	215	0	45
chr9	80098907	80101831	1	1	0	3	0	21
chr9	80098907	80103693	1	1	1	6077	2	24
chr9	80098907	80103698	1	1	0	3	0	21
chr9	80101891	80103693	1	1	0	3	0	37
chr9	114597607	114597794	2	2	1	423	0	38
chr9	114597607	114598704	2	2	0	8	0	42
chr9	114597825	114598704	2	2	0	5	0	30
chr9	114597831	114598704	2	2	1	417	0	36
chr11	79458907	79463232	1	1	1	19	0	42
chr11	79458907	79468716	1	1	1	131	0	42
chr11	79463296	79468716	1	1	1	19	0	39
chr11	79468155	79468716	1	1	1	1	0	38
chr11	83497297	83497893	1	1	1	1	0	33
chr11	83497927	83499072	1	1	1	1	0	33
chr11	85005929	85006992	2	2	1	2	0	14
chr11	94112147	94113262	1	1	1	72	0	23
chr11	94112147	94114172	1	1	1	274	0	32
chr11	94113302	94114172	1	1	1	74	0	39
chr11	94113302	94114187	1	1	0	1	0	39
chr11	102310577	102310925	2	2	1	58	0	42
chr11	102310577	102311379	2	2	1	610	0	46
chr11	102311037	102311379	2	2	1	58	0	45
chr12	71952560	71958746	1	1	1	68	0	27
chr12	71952560	71959805	1	1	1	43	0	45
chr12	71958774	71959805	1	1	1	68	0	27
chr12	83811361	83811669	2	2	0	4	0	37
chr12	83811361	83825258	2	2	1	49	0	33
chr12	83811361	83831921	2	2	1	285	0	41
chr12	83811744	83831921	2	2	0	4	0	38
chr12	83825292	83831921	2	2	1	49	0	33
chr12	113133338	113133495	1	1	0	93	10	45
chr12	113133338	113133540	1	1	1	1472	45	43
chr12	113133338	113135796	1	1	1	10	0	29
chr12	113133577	113134761	1	1	0	4	0	21
chr12	113133577	113134800	1	1	0	8	0	12
chr12	113133577	113135796	1	1	1	1514	55	29
chr12	113134813	113135796	1	1	0	12	0	29
chr13	46778994	46780545	2	2	0	1	0	40
chr13	46778994	46780625	2	2	1	647	0	43
chr13	46778994	46785245	2	2	1	2102	8	46
chr13	46780663	46785245	2	2	0	1	0	37
chr13	46780665	46785245	2	2	1	642	0	39
chr13	56084286	56089757	2	2	1	31	0	43
chr13	56084286	56096123	2	2	0	1	0	40
chr13	56089858	56096123	2	2	1	31	0	41
chr14	57643224	57643334	2	2	1	3	0	39
chr14	57643224	57648418	2	2	1	105	0	40
chr14	57643490	57648418	2	2	1	3	0	38
chr14	120389164	120395711	1	1	1	193	0	39
chr14	120389164	120396450	1	1	1	415	0	48
chr14	120395766	120396450	1	1	1	194	0	48
chr15	77102940	77105576	2	2	1	201	0	41
chr15	77102940	77113604	2	2	1	6	0	48
chr15	77105670	77113604	2	2	1	200	0	48
chr15	79716269	79716982	1	1	1	1	0	2
chr15	103242719	103243624	1	1	1	2	0	33
chr16	57178021	57181491	2	2	1	226	0	44
chr16	57178021	57182850	2	2	1	102	0	44
chr16	57181537	57182850	2	2	1	226	0	33
chr16	96127204	96127310	2	2	1	1	0	24
chr16	96127341	96127431	2	2	1	1	0	30
chr16	96127462	96127589	2	2	1	1	0	5
chr17	12979205	13846588	1	1	0	37	0	12
chr17	13846613	13848354	1	1	0	2	0	21
chr17	13846640	13848354	1	1	1	3403	3	22
chr17	13846640	13848358	1	1	0	2	0	17
chr17	13846640	13849107	1	1	1	3438	5	44
chr17	13846640	13849113	1	1	0	9	0	47
chr17	13848376	13849107	1	1	1	3408	3	29
chr17	13848376	13849113	1	1	0	2	0	21
chr17	45570567	45570665	2	2	1	448	0	42
chr17	45570800	45571017	2	2	1	526	0	21
chr18	10726534	10740982	1	1	1	1	0	15
chr18	53948155	53948644	1	1	1	9631	3	28
chr18	53948155	53953244	1	1	1	1747	3	44
chr18	53948155	53953268	1	1	0	1	0	40
chr18	53948666	53953244	1	1	0	8	0	21
chr18	53948669	53953244	1	1	1	9608	3	37
chr18	53948669	53953268	1	1	0	3	0	24
chr18	64515409	64516415	2	2	1	2	0	38
chr19	7281256	7281797	2	4	1	162	0	39
chr19	7281256	7282725	2	2	1	910	0	36
chr19	7281960	7282725	2	2	1	168	0	33
