chr1	34295537	34296741	1	1	1	131	0	18
chr1	34295537	34299720	1	1	1	38	0	38
chr1	34296760	34299720	1	1	1	131	0	19
chr1	40010678	40011649	1	1	1	151	0	32
chr1	40010678	40011783	1	1	0	1	0	21
chr1	40010678	40011811	1	1	0	2	0	21
chr1	40010678	40014105	1	1	1	44	4	32
chr1	40011842	40014105	1	1	1	152	0	39
chr1	82735508	82741817	1	1	1	1	0	20
chr1	82735508	82747082	1	1	1	2	0	40
chr1	82735508	82750519	1	1	1	72	0	40
chr1	82747143	82750519	1	1	1	2	0	38
chr1	87423282	87425064	1	1	1	1	0	39
chr2	32292216	32293314	1	1	1	24	0	43
chr2	32292216	32296625	1	1	1	165	0	44
chr2	32293396	32296625	1	1	1	25	0	38
chr2	59932171	59933405	2	2	0	112	0	37
chr2	59932171	59933411	2	2	1	606	0	31
chr2	59932171	59933670	2	2	1	2	0	37
chr2	59933439	59933670	2	2	1	701	0	30
chr2	71849507	71851882	1	1	0	1	0	39
chr2	71849507	71853533	1	1	1	465	0	40
chr2	71849507	71853820	1	1	0	1	0	37
chr2	71849507	71853875	1	1	0	1	0	15
chr2	71849507	71853927	1	1	0	3	0	20
chr2	71849507	71855853	1	1	1	3873	7	44
chr2	71852002	71855853	1	1	0	1	0	40
chr2	71853664	71855853	1	1	1	470	0	41
chr2	71853891	71855853	1	1	0	2	0	40
chr2	71853948	71855853	1	1	0	3	0	20
chr2	75662926	75663570	1	1	1	5	0	36
chr2	91001089	91001461	1	1	1	636	0	34
chr2	91001089	91003210	1	1	0	0	1	24
chr2	91001089	91003299	1	1	0	6	0	33
chr2	91001511	91003210	1	1	1	630	0	25
chr2	91001511	91003299	1	1	0	4	0	46
chr2	91003238	91003810	1	1	0	1	0	27
chr2	91003346	91003810	1	1	1	14	0	36
chr2	91003349	91003810	1	1	0	1	0	36
chr2	91159300	91160316	2	2	0	1	0	26
chr2	91159306	91160316	2	2	1	354	0	47
chr2	91159306	91162027	2	2	1	585	0	47
chr2	91160371	91162027	2	2	1	355	0	39
chr2	91681696	91682025	2	2	1	1	0	50
chr2	91681696	91684668	2	2	1	269	0	50
chr2	91682110	91684668	2	2	0	1	0	38
chr2	153670448	153672215	1	1	1	1	0	50
chr2	163628053	163629126	2	2	1	1	0	31
chr3	60613521	60614682	1	1	1	1391	3	45
chr3	60613521	60615619	1	1	1	948	1	45
chr3	60614737	60615619	1	1	1	1389	3	40
chr3	87733505	87734423	1	1	1	18	0	39
chr3	87733505	87735344	1	1	0	11	0	39
chr3	87734553	87735344	1	1	1	17	0	37
chr3	88483947	88484046	2	2	1	338	0	40
chr3	88484155	88484614	2	2	1	335	0	42
chr3	119724187	119724611	2	2	1	4870	4	34
chr3	119724187	119726065	2	2	1	31	0	29
chr3	119724646	119726065	2	2	1	4998	4	38
chr3	119726116	119820407	2	2	0	2	0	13
chr3	129825617	129826823	2	2	1	1	0	33
chr4	31992517	31994873	1	1	1	403	0	39
chr4	31992517	32002088	1	1	1	4170	6	50
chr4	31994955	32002088	1	1	1	400	0	49
chr4	107009769	107027216	1	1	1	16	0	39
chr4	107009769	107028192	1	1	1	156	1	44
chr4	107009769	107028217	1	1	0	1	0	35
chr4	107027298	107028192	1	1	1	18	0	42
chr4	107031092	107036935	1	1	1	1	0	29
chr5	13042670	13661475	1	1	0	4	0	13
chr5	23565266	23616326	2	2	1	1134	1	46
chr5	72958287	72965803	1	1	1	3	0	40
chr5	72958287	72974530	1	1	1	92	1	42
chr5	72965882	72974530	1	1	1	3	0	41
chr5	116475248	116477058	2	2	1	1	0	26
chr5	116477146	116482389	2	2	1	1	0	33
chr5	116482537	116591333	2	2	1	1200	5	50
chr5	149184807	149187707	1	1	1	20	0	43
chr5	149184807	149188344	1	1	1	441	1	44
chr5	149187835	149188344	1	1	1	4	0	39
chr5	149187877	149188344	1	1	1	16	0	39
chr6	47577668	47594893	2	2	1	3	0	38
chr6	98939789	98941535	2	2	1	154	0	46
chr6	98939789	98944618	2	2	0	9	0	45
chr6	98941658	98944618	2	2	1	155	0	37
chr6	125162102	125162211	2	2	1	365	15	36
chr6	128371086	128371967	1	1	1	3410	2	45
chr6	128371086	128372504	1	1	0	2	0	39
chr6	128371086	128372533	1	1	1	23	0	46
chr6	128372013	128372278	1	1	0	1	0	27
chr6	128372013	128372504	1	1	0	9	0	27
chr6	128372013	128372509	1	1	0	4	0	31
chr6	128372013	128372530	1	1	1	466	0	49
chr6	128372013	128372533	1	1	1	2889	1	46
chr6	128372013	128372539	1	1	0	3	0	40
chr6	128372018	128372530	1	1	0	3	0	49
chr6	128372018	128372533	1	1	0	28	0	46
chr6	128372208	128372533	1	1	0	1	0	46
chr6	128372306	128372533	1	1	0	1	0	27
chr7	25724845	25725923	2	2	1	1	0	41
chr7	67240441	67244520	2	2	1	256	0	28
chr7	67240441	67251656	2	2	1	1773	1	44
chr7	67244545	67251656	2	2	1	256	0	24
chr7	102001660	102002294	1	1	1	1274	1	43
chr7	102001660	102007485	1	1	1	1083	0	45
chr7	102001665	102007485	1	1	0	1	0	38
chr7	102002310	102007485	1	1	0	1	0	15
chr7	102002337	102007485	1	1	1	1281	1	42
chr7	112839481	112841887	1	1	1	3	2	41
chr7	112839481	112842039	1	1	1	177	3	42
chr7	112839481	112856797	1	1	1	10	0	41
chr7	112841906	112842057	1	1	0	0	2	18
chr7	112841951	112856052	1	1	1	3	0	12
chr7	112842103	112856052	1	1	1	168	3	12
chr7	112842103	112856797	1	1	1	9	0	37
chr7	112856065	112856776	1	1	0	1	0	12
chr7	112856065	112856797	1	1	1	170	3	12
chr7	127980247	127981190	1	1	1	11	0	47
chr7	127981292	127981410	1	1	1	10	0	6
chr8	25532429	25557730	1	1	1	3	0	44
chr8	25555775	25557730	1	1	1	1	0	37
chr8	47669337	47674505	2	2	1	1	0	17
chr8	91688606	91932332	1	1	0	5	0	13
chr8	95100453	95100646	2	2	1	780	3	32
chr8	95100453	95101408	2	2	0	166	0	46
chr8	95100674	95101408	2	2	1	780	3	42
chr8	95101447	95139983	2	2	0	1	3	15
chr8	123268550	123268744	2	2	1	276	0	47
chr9	43027296	43040539	2	2	1	114	0	38
chr9	43027296	43042590	2	2	1	189	0	46
chr9	43040593	43042590	2	2	0	1	0	43
chr9	43040597	43042590	2	2	1	112	0	45
chr9	80093642	80098847	1	1	0	1	0	44
chr9	80093642	80098885	1	1	1	6587	4	26
chr9	80093642	80098892	1	1	0	174	0	14
chr9	80093642	80103693	1	1	1	299	0	45
chr9	80098907	80099016	1	1	0	1	0	21
chr9	80098907	80103693	1	1	1	6765	4	37
chr9	80098907	80103698	1	1	0	2	0	21
chr9	80099049	80103693	1	1	0	1	0	37
chr9	80103765	80111310	1	1	1	1	0	14
chr9	114597607	114597794	2	2	1	539	0	38
chr9	114597607	114598704	2	2	0	16	0	40
chr9	114597825	114598704	2	2	0	6	0	30
chr9	114597831	114598704	2	2	1	532	0	36
chr11	26778879	26787397	2	2	0	0	1	13
chr11	79006898	79458862	1	1	0	0	4	15
chr11	79458907	79463232	1	1	1	31	1	42
chr11	79458907	79468716	1	1	1	233	3	42
chr11	79463296	79468716	1	1	1	30	1	39
chr11	79468155	79468716	1	1	1	1	0	38
chr11	85005929	85006992	2	2	1	1	0	14
chr11	94112147	94113262	1	1	1	169	0	23
chr11	94112147	94113279	1	1	0	1	0	21
chr11	94112147	94114172	1	1	1	446	0	32
chr11	94113302	94114172	1	1	1	176	0	39
chr11	102310577	102310925	2	2	1	44	0	43
chr11	102310577	102311379	2	2	1	781	0	46
chr11	102310577	102311403	2	2	0	3	0	21
chr11	102311037	102311379	2	2	1	46	0	45
chr12	71952560	71958746	1	1	1	98	0	27
chr12	71952560	71959805	1	1	1	50	0	43
chr12	71958774	71959805	1	1	1	98	0	29
chr12	83811361	83825258	2	2	1	89	0	33
chr12	83811361	83831921	2	2	1	507	1	41
chr12	83825292	83831921	2	2	1	89	0	33
chr12	112928622	113133308	1	1	0	0	4	13
chr12	113133338	113133495	1	1	0	111	16	43
chr12	113133338	113133540	1	1	1	2125	44	42
chr12	113133338	113134186	1	1	0	1	0	42
chr12	113133338	113135796	1	1	1	19	0	29
chr12	113133577	113134186	1	1	0	3	0	28
chr12	113133577	113134761	1	1	0	3	0	21
chr12	113133577	113134800	1	1	0	7	0	14
chr12	113133577	113135796	1	1	1	2169	60	29
chr12	113134231	113135796	1	1	0	4	0	29
chr12	113134813	113135796	1	1	0	9	0	29
chr13	46778990	46785245	2	2	0	1	0	39
chr13	46778994	46780625	2	2	1	599	1	41
chr13	46778994	46785245	2	2	1	3060	5	46
chr13	46780665	46785245	2	2	1	596	1	40
chr13	56084286	56088251	2	2	1	1	0	40
chr13	56084286	56089757	2	2	1	60	0	42
chr13	56084286	56096123	2	2	0	1	0	40
chr13	56088343	56096123	2	2	1	1	0	38
chr13	56089858	56096123	2	2	1	60	0	41
chr14	57643224	57643334	2	2	1	1	0	39
chr14	57643224	57648418	2	2	1	123	0	39
chr14	57643490	57648418	2	2	1	1	0	38
chr14	120389164	120395711	1	1	1	297	0	39
chr14	120389164	120396450	1	1	1	409	0	48
chr14	120395766	120396450	1	1	1	307	0	48
chr15	77102940	77105576	2	2	1	267	1	46
chr15	77102940	77113604	2	2	1	9	0	47
chr15	77105670	77113604	2	2	1	266	1	48
chr15	103242719	103242921	1	1	1	1	0	33
chr15	103242719	103243624	1	1	1	1	1	33
chr16	57178021	57181491	2	2	1	488	0	45
chr16	57178021	57182850	2	2	1	293	0	43
chr16	57181507	57182850	2	2	0	3	0	15
chr16	57181537	57182850	2	2	1	483	0	37
chr16	84831508	84834808	2	2	1	1	0	35
chr17	12979205	13846588	1	1	0	58	0	12
chr17	13846640	13848354	1	1	1	3879	3	22
chr17	13846640	13849107	1	1	1	3948	2	46
chr17	13846640	13849113	1	1	0	27	0	47
chr17	13848376	13849107	1	1	1	3869	3	26
chr17	13848376	13849113	1	1	0	8	0	21
chr17	45570567	45570665	2	2	1	647	1	40
chr17	45570800	45571017	2	2	1	713	0	21
chr18	10726534	10740982	1	1	1	1	0	15
chr18	53948155	53948381	1	1	0	2	0	39
chr18	53948155	53948644	1	1	1	9519	1	28
chr18	53948155	53953244	1	1	1	1748	1	42
chr18	53948447	53948644	1	1	0	1	0	13
chr18	53948453	53953244	1	1	0	1	0	37
chr18	53948666	53953244	1	1	0	6	0	21
chr18	53948669	53953244	1	1	1	9491	1	37
chr18	53948669	53953268	1	1	0	4	0	24
chr18	61639769	61645162	1	1	1	1	0	26
chr19	7281256	7281797	2	4	1	275	1	43
chr19	7281256	7282725	2	2	1	1100	0	36
chr19	7281960	7282725	2	2	1	289	1	26
KV575235.1	147143	149264	1	1	0	0	1	24
