chr1	34295537	34296741	1	1	1	50	0	18
chr1	34295537	34299720	1	1	1	12	0	38
chr1	34296760	34299720	1	1	1	50	0	19
chr1	40010678	40011649	1	1	1	94	0	21
chr1	40010678	40011733	1	1	0	1	0	21
chr1	40010678	40011783	1	1	0	1	0	21
chr1	40010678	40011811	1	1	0	2	0	21
chr1	40010678	40014105	1	1	1	45	0	32
chr1	40011842	40014105	1	1	1	94	0	38
chr1	82735508	82747082	1	1	1	1	0	40
chr1	82735508	82750519	1	1	1	56	0	40
chr1	82747143	82750519	1	1	1	2	0	38
chr2	25272678	25272914	1	1	1	1	0	27
chr2	30066894	30068268	1	1	1	1	0	17
chr2	32292216	32293314	1	1	1	8	0	43
chr2	32292216	32296625	1	1	1	68	0	43
chr2	32293396	32296625	1	1	1	8	0	39
chr2	59926161	59932104	2	2	1	1	0	18
chr2	59932171	59933405	2	2	0	49	0	37
chr2	59932171	59933411	2	2	1	303	0	31
chr2	59933439	59933670	2	2	1	343	0	30
chr2	71849507	71853533	1	1	1	769	0	39
chr2	71849507	71855853	1	1	1	1202	1	44
chr2	71849507	71855868	1	1	0	4	0	46
chr2	71853664	71855853	1	1	1	788	0	41
chr2	75662926	75663570	1	1	1	14	0	38
chr2	77936723	77946149	2	2	1	1	0	13
chr2	91001089	91001461	1	1	1	628	0	34
chr2	91001089	91003210	1	1	0	0	1	24
chr2	91001089	91003299	1	1	0	2	0	33
chr2	91001511	91003210	1	1	1	624	0	25
chr2	91001511	91003299	1	1	0	1	0	46
chr2	91003238	91003810	1	1	0	1	0	27
chr2	91003346	91003810	1	1	1	13	0	36
chr2	91159306	91160316	2	2	1	194	0	47
chr2	91159306	91162027	2	2	1	396	0	47
chr2	91160371	91162027	2	2	1	194	0	38
chr2	91681696	91684668	2	2	1	175	0	50
chr2	153670448	153672215	1	1	1	3	0	50
chr3	60613521	60614682	1	1	1	920	0	45
chr3	60613521	60615619	1	1	1	1054	0	45
chr3	60614737	60615619	1	1	1	926	0	39
chr3	87733505	87734423	1	1	1	5	0	39
chr3	87734553	87735344	1	1	1	5	0	37
chr3	88483947	88484046	2	2	1	392	0	38
chr3	88483947	88484614	2	2	0	2	0	39
chr3	88484155	88484614	2	2	1	386	0	44
chr3	119724187	119724611	2	2	1	9790	9	34
chr3	119724187	119726065	2	2	1	7	0	29
chr3	119724629	119726065	2	2	0	2	0	17
chr3	119724646	119726065	2	2	1	9997	9	38
chr3	129825617	129826823	2	2	1	2	0	36
chr4	31992517	31994873	1	1	1	223	0	39
chr4	31992517	32002088	1	1	1	3673	3	49
chr4	31994955	32002088	1	1	1	225	0	49
chr4	107009769	107027216	1	1	1	3	0	38
chr4	107009769	107028192	1	1	1	83	0	45
chr4	107027298	107028192	1	1	1	3	0	41
chr5	23565266	23616326	2	2	1	559	0	49
chr5	72958287	72974530	1	1	1	55	0	41
chr5	116482537	116591333	2	2	1	808	0	50
chr5	149184807	149185484	1	1	1	1	0	43
chr5	149184807	149187707	1	1	1	5	0	43
chr5	149184807	149188344	1	1	1	680	0	45
chr5	149185662	149188344	1	1	0	1	0	39
chr5	149187877	149188344	1	1	1	5	0	39
chr6	47577668	47594893	2	2	1	4	0	26
chr6	98939789	98940994	2	2	1	1	0	45
chr6	98939789	98941535	2	2	1	90	0	45
chr6	98939789	98944618	2	2	0	3	0	46
chr6	98941165	98944618	2	2	0	1	0	36
chr6	98941658	98944618	2	2	1	89	0	36
chr6	125162102	125162211	2	2	1	337	9	38
chr6	128371086	128371967	1	1	1	2602	1	42
chr6	128371086	128372530	1	1	1	1	0	49
chr6	128371086	128372533	1	1	1	9	0	46
chr6	128372013	128372504	1	1	0	18	0	26
chr6	128372013	128372509	1	1	0	3	0	31
chr6	128372013	128372530	1	1	1	318	0	49
chr6	128372013	128372533	1	1	1	2236	1	46
chr6	128372013	128372536	1	1	0	1	0	25
chr6	128372018	128372530	1	1	0	2	0	49
chr6	128372018	128372533	1	1	0	28	0	46
chr7	25724845	25725923	2	2	1	1	0	41
chr7	67240441	67244520	2	2	1	104	0	28
chr7	67240441	67251656	2	2	1	989	1	47
chr7	67244545	67251656	2	2	1	103	0	24
chr7	101405603	102001614	1	1	0	4	0	13
chr7	102001660	102002294	1	1	1	1135	1	42
chr7	102001660	102007485	1	1	1	428	0	43
chr7	102001665	102002300	1	1	0	1	1	36
chr7	102002337	102007485	1	1	1	1138	1	42
chr7	102003812	102007485	1	1	0	1	0	38
chr7	112839481	112841887	1	1	1	2	0	41
chr7	112839481	112842039	1	1	1	95	0	42
chr7	112839481	112856052	1	1	1	6	0	12
chr7	112839481	112856797	1	1	1	5	0	41
chr7	112841951	112856052	1	1	1	2	0	12
chr7	112842103	112856052	1	1	1	89	0	12
chr7	112842103	112856797	1	1	1	4	0	37
chr7	112856065	112856797	1	1	1	98	0	12
chr7	127972771	127974399	1	1	1	1	0	7
chr7	127980247	127981190	1	1	1	10	0	2
chr7	127981292	127981410	1	1	1	10	0	6
chr8	25532429	25557730	1	1	1	2	0	44
chr8	25555775	25557730	1	1	1	1	0	37
chr8	33386064	33386329	1	1	0	1	0	46
chr8	95100453	95100646	2	2	1	1488	2	31
chr8	95100453	95101408	2	2	0	267	0	46
chr8	95100674	95101408	2	2	1	1489	2	44
chr8	95101447	95139983	2	2	0	0	2	15
chr8	121628690	121651724	2	2	1	1	0	20
chr8	123268550	123268744	2	2	1	212	0	47
chr9	43027296	43040539	2	2	1	132	0	38
chr9	43027296	43042590	2	2	1	80	0	45
chr9	43040593	43042590	2	2	0	1	0	43
chr9	43040597	43042590	2	2	1	132	0	46
chr9	80093642	80098885	1	1	1	6390	6	26
chr9	80093642	80098892	1	1	0	179	0	14
chr9	80093642	80103693	1	1	1	252	1	45
chr9	80098907	80099016	1	1	0	2	0	21
chr9	80098907	80103693	1	1	1	6570	6	24
chr9	80098907	80103698	1	1	0	2	0	21
chr9	80099049	80103693	1	1	0	2	0	37
chr9	114597607	114597794	2	2	1	337	1	38
chr9	114597607	114598704	2	2	0	24	0	42
chr9	114597825	114598704	2	2	0	6	0	30
chr9	114597831	114598704	2	2	1	329	1	36
chr11	26778879	26787397	2	2	0	0	1	13
chr11	79458907	79463232	1	1	1	4	0	42
chr11	79458907	79468716	1	1	1	135	0	42
chr11	79463296	79468716	1	1	1	4	0	39
chr11	94112147	94113262	1	1	1	49	0	21
chr11	94112147	94114172	1	1	1	348	0	32
chr11	94113302	94114172	1	1	1	51	0	39
chr11	102310577	102310925	2	2	1	42	0	43
chr11	102310577	102311379	2	2	1	832	0	46
chr11	102311037	102311379	2	2	1	43	0	45
chr12	71952560	71958746	1	1	1	44	0	27
chr12	71952560	71959805	1	1	1	12	0	44
chr12	71958774	71959805	1	1	1	44	0	27
chr12	83811361	83825258	2	2	1	46	0	33
chr12	83811361	83831921	2	2	1	468	0	41
chr12	83825292	83831921	2	2	1	46	0	33
chr12	113133338	113133495	1	1	0	80	8	43
chr12	113133338	113133540	1	1	1	1615	49	39
chr12	113133338	113135796	1	1	1	10	0	29
chr12	113133577	113134800	1	1	0	13	0	14
chr12	113133577	113135796	1	1	1	1630	57	29
chr12	113134813	113135796	1	1	0	12	0	12
chr13	46778994	46780625	2	2	1	584	1	40
chr13	46778994	46785245	2	2	1	2141	2	45
chr13	46780665	46785245	2	2	1	588	1	39
chr13	56084286	56089757	2	2	1	31	0	40
chr13	56084286	56096123	2	2	0	1	0	40
chr13	56089858	56096123	2	2	1	32	0	38
chr14	57643224	57643334	2	2	1	1	0	39
chr14	57643224	57648418	2	2	1	104	0	40
chr14	57643490	57648418	2	2	1	2	0	38
chr14	120389164	120395711	1	1	1	195	0	39
chr14	120389164	120396450	1	1	1	450	0	48
chr14	120395766	120396450	1	1	1	197	0	48
chr15	77102940	77105576	2	2	1	151	0	40
chr15	77102940	77113604	2	2	1	22	0	44
chr15	77105670	77113604	2	2	1	151	0	48
chr15	103242719	103242921	1	1	1	0	1	33
chr16	57178021	57181491	2	2	1	315	0	45
chr16	57178021	57182850	2	2	1	75	0	43
chr16	57178054	57181491	2	2	0	1	0	13
chr16	57181537	57182850	2	2	1	316	0	44
chr17	12979205	13846588	1	1	0	49	2	12
chr17	13846613	13848354	1	1	0	5	0	21
chr17	13846640	13848354	1	1	1	3296	2	21
chr17	13846640	13849107	1	1	1	4744	6	44
chr17	13846640	13849113	1	1	0	16	0	47
chr17	13848376	13849107	1	1	1	3285	2	29
chr17	13848376	13849113	1	1	0	8	0	21
chr17	34903479	34905128	1	1	1	2	0	37
chr17	45570567	45570665	2	2	1	639	2	42
chr17	45570800	45571017	2	2	1	707	2	24
chr18	10726534	10740982	1	1	1	1	0	15
chr18	53948155	53948644	1	1	1	10331	9	32
chr18	53948155	53948651	1	1	0	1	0	17
chr18	53948155	53953244	1	1	1	1598	3	45
chr18	53948162	53948644	1	1	0	1	0	24
chr18	53948666	53953244	1	1	0	10	0	21
chr18	53948669	53953244	1	1	1	10324	8	37
chr18	53948669	53953268	1	1	0	2	0	24
chr18	64515409	64516415	2	2	1	1	0	39
chr19	7281256	7281797	2	4	1	152	0	41
chr19	7281256	7282725	2	2	1	1385	1	36
chr19	7281960	7282725	2	2	1	156	0	33
KV575235.1	147143	149264	1	1	0	0	1	24
