chr1	34295537	34296741	1	1	1	43	0	18
chr1	34295537	34299720	1	1	1	18	0	38
chr1	34296760	34299720	1	1	1	43	0	19
chr1	40010678	40011649	1	1	1	25	0	21
chr1	40010678	40014105	1	1	1	7	0	32
chr1	40011842	40014105	1	1	1	22	0	38
chr1	82735508	82747082	1	1	1	1	0	40
chr1	82735508	82750519	1	1	1	15	0	40
chr1	82747143	82750519	1	1	1	1	0	30
chr2	32292216	32293314	1	1	1	5	0	43
chr2	32292216	32296625	1	1	1	23	0	43
chr2	32293396	32296625	1	1	1	5	0	38
chr2	59932171	59933405	2	2	0	32	0	33
chr2	59932171	59933411	2	2	1	194	0	31
chr2	59932171	59933670	2	2	1	1	0	38
chr2	59933439	59933670	2	2	1	224	0	28
chr2	71849507	71853533	1	1	1	337	0	39
chr2	71849507	71853890	1	1	0	1	0	39
chr2	71849507	71855853	1	1	1	1851	3	43
chr2	71849507	71855868	1	1	0	6	0	46
chr2	71853664	71855853	1	1	1	342	0	41
chr2	71853677	71855868	1	1	0	1	0	46
chr2	71853948	71855853	1	1	0	1	0	40
chr2	75662926	75663570	1	1	1	4	0	28
chr2	91001089	91001461	1	1	1	351	0	27
chr2	91001511	91003210	1	1	1	353	0	21
chr2	91003346	91003810	1	1	1	6	0	36
chr2	91159306	91160316	2	2	1	98	0	47
chr2	91159306	91162027	2	2	1	158	0	47
chr2	91160371	91162027	2	2	1	98	0	38
chr2	91681696	91684668	2	2	1	94	0	50
chr3	60613521	60614682	1	1	1	1248	1	45
chr3	60613521	60614688	1	1	0	4	0	44
chr3	60613521	60615619	1	1	1	948	1	45
chr3	60614737	60615619	1	1	1	1254	1	48
chr3	87733505	87734423	1	1	1	5	0	39
chr3	87733505	87735344	1	1	0	4	0	39
chr3	87734553	87735344	1	1	1	5	0	37
chr3	88483947	88484046	2	2	1	66	2	39
chr3	88484155	88484614	2	2	1	64	2	38
chr3	88484666	88537145	2	2	0	0	2	12
chr3	119724187	119724611	2	2	1	4312	3	34
chr3	119724187	119726065	2	2	1	19	0	29
chr3	119724646	119726065	2	2	1	4407	3	38
chr3	129825617	129826823	2	2	1	1	0	36
chr4	31992517	31994873	1	1	1	114	0	39
chr4	31992517	32002088	1	1	1	1253	2	49
chr4	31994955	32002088	1	1	1	114	0	49
chr4	107009769	107027216	1	1	1	12	0	38
chr4	107009769	107028192	1	1	1	149	0	41
chr4	107027298	107028192	1	1	1	14	0	42
chr5	23565266	23610849	2	2	0	2	0	37
chr5	23565266	23615740	2	2	0	2	0	37
chr5	23565266	23616326	2	2	1	1506	4	46
chr5	23610909	23616326	2	2	0	2	0	45
chr5	23615795	23616326	2	2	0	2	0	45
chr5	72958287	72965803	1	1	1	2	0	40
chr5	72958287	72974530	1	1	1	60	0	41
chr5	72965882	72974530	1	1	1	2	0	41
chr5	116477146	116482389	2	2	1	1	0	33
chr5	116482532	116591333	2	2	0	3	0	45
chr5	116482537	116591333	2	2	1	497	0	50
chr5	149184807	149187707	1	1	1	9	0	45
chr5	149184807	149188344	1	1	1	222	0	45
chr5	149187835	149188344	1	1	1	1	0	39
chr5	149187877	149188344	1	1	1	8	0	39
chr6	98939789	98940994	2	2	1	1	0	45
chr6	98939789	98941535	2	2	1	66	0	45
chr6	98939789	98944618	2	2	0	2	0	45
chr6	98941658	98944618	2	2	1	63	0	36
chr6	125162102	125162211	2	2	1	62	2	39
chr6	128371086	128371967	1	1	1	2163	1	43
chr6	128371086	128372533	1	1	1	9	0	46
chr6	128372013	128372504	1	1	0	14	0	27
chr6	128372013	128372509	1	1	0	6	0	31
chr6	128372013	128372530	1	1	1	274	0	47
chr6	128372013	128372533	1	1	1	1845	1	46
chr6	128372013	128372536	1	1	0	2	0	43
chr6	128372018	128372530	1	1	0	2	0	49
chr6	128372018	128372533	1	1	0	21	0	46
chr7	67240441	67244520	2	2	1	259	0	24
chr7	67240441	67251656	2	2	1	1607	2	47
chr7	67244545	67251656	2	2	1	259	0	24
chr7	102001660	102002294	1	1	1	488	0	42
chr7	102001660	102007485	1	1	1	224	1	43
chr7	102002337	102007485	1	1	1	490	0	42
chr7	112839481	112841887	1	1	1	1	0	41
chr7	112839481	112842039	1	1	1	25	0	41
chr7	112839481	112856797	1	1	1	1	0	41
chr7	112842103	112856052	1	1	1	25	0	12
chr7	112856065	112856797	1	1	1	25	0	12
chr7	127980247	127981190	1	1	1	19	0	30
chr7	127981292	127981410	1	1	1	15	0	6
chr8	25555775	25557730	1	1	1	1	0	37
chr8	33386064	33386329	1	1	0	1	0	46
chr8	95100453	95100646	2	2	1	250	0	30
chr8	95100453	95101408	2	2	0	76	0	46
chr8	95100674	95101408	2	2	1	250	0	38
chr8	123268550	123268744	2	2	1	37	0	46
chr9	43027296	43040539	2	2	1	40	0	38
chr9	43027296	43042590	2	2	1	52	0	46
chr9	43040597	43042590	2	2	1	40	0	46
chr9	55500165	55512030	2	2	1	1	0	27
chr9	80093642	80098885	1	1	1	3892	4	26
chr9	80093642	80098892	1	1	0	98	1	19
chr9	80093642	80103693	1	1	1	108	0	44
chr9	80093656	80103693	1	1	0	0	1	37
chr9	80098907	80103693	1	1	1	3985	5	25
chr9	80098907	80103698	1	1	0	3	0	21
chr9	114597607	114597794	2	2	1	250	0	39
chr9	114597607	114598704	2	2	0	12	0	40
chr9	114597825	114598704	2	2	0	5	0	30
chr9	114597831	114598704	2	2	1	246	0	36
chr11	79458907	79463232	1	1	1	4	0	42
chr11	79458907	79468716	1	1	1	61	0	43
chr11	79463296	79468716	1	1	1	4	0	38
chr11	94112147	94113262	1	1	1	49	0	21
chr11	94112147	94114172	1	1	1	238	0	32
chr11	94112147	94114187	1	1	0	1	0	31
chr11	94113302	94114172	1	1	1	50	0	39
chr11	102310577	102310925	2	2	1	10	0	42
chr11	102310577	102311379	2	2	1	266	0	45
chr11	102311037	102311379	2	2	1	10	0	45
chr12	71952560	71958746	1	1	1	35	0	27
chr12	71952560	71959805	1	1	1	24	0	43
chr12	71958774	71959805	1	1	1	35	0	27
chr12	83811361	83825258	2	2	1	25	0	33
chr12	83811361	83831921	2	2	1	135	0	41
chr12	83825292	83831921	2	2	1	24	0	33
chr12	113133338	113133495	1	1	0	55	7	42
chr12	113133338	113133540	1	1	1	924	23	43
chr12	113133338	113135796	1	1	1	4	0	29
chr12	113133577	113134761	1	1	0	3	0	21
chr12	113133577	113134800	1	1	0	1	0	14
chr12	113133577	113135796	1	1	1	939	30	29
chr12	113134813	113135796	1	1	0	3	0	29
chr13	46778994	46780545	2	2	0	1	0	40
chr13	46778994	46780625	2	2	1	365	1	41
chr13	46778994	46785245	2	2	1	1098	4	49
chr13	46780665	46785245	2	2	1	364	1	39
chr13	56084286	56089757	2	2	1	13	0	40
chr13	56089858	56096123	2	2	1	13	0	38
chr14	57643224	57643334	2	2	1	1	0	39
chr14	57643224	57648418	2	2	1	28	0	47
chr14	57643490	57648418	2	2	1	1	0	38
chr14	120389164	120395711	1	1	1	83	0	39
chr14	120389164	120396450	1	1	1	116	2	48
chr14	120395766	120396450	1	1	1	86	0	48
chr15	77102940	77105576	2	2	1	93	0	41
chr15	77102940	77113604	2	2	1	2	0	44
chr15	77105670	77113604	2	2	1	92	0	48
chr15	103242719	103243624	1	1	1	0	3	36
chr16	57178021	57181491	2	2	1	133	0	43
chr16	57178021	57182850	2	2	1	46	0	43
chr16	57181507	57182850	2	2	0	2	0	15
chr16	57181537	57182850	2	2	1	130	0	34
chr17	12979205	13846588	1	1	0	57	1	12
chr17	13846640	13848354	1	1	1	2354	4	21
chr17	13846640	13848358	1	1	0	3	0	17
chr17	13846640	13849107	1	1	1	3004	2	45
chr17	13846640	13849113	1	1	0	15	0	47
chr17	13848376	13849107	1	1	1	2340	4	29
chr17	13848376	13849113	1	1	0	9	0	21
chr17	45570567	45570665	2	2	1	138	0	37
chr17	45570800	45571017	2	2	1	153	0	21
chr17	64311372	64313000	2	2	1	1	0	33
chr17	64313119	64331795	2	2	1	1	0	14
chr18	53948155	53948644	1	1	1	10451	5	28
chr18	53948155	53953244	1	1	1	1706	2	43
chr18	53948162	53953244	1	1	0	1	0	37
chr18	53948666	53953244	1	1	0	8	0	21
chr18	53948669	53953244	1	1	1	10431	4	37
chr18	53948669	53953268	1	1	0	3	0	24
chr18	64515409	64516415	2	2	1	1	0	30
chr19	7281256	7281797	2	4	1	85	0	41
chr19	7281256	7282725	2	2	1	652	2	35
chr19	7281960	7282725	2	2	1	88	0	26
