chr1	34295537	34296741	1	1	1	54	0	18
chr1	34295537	34299720	1	1	1	229	0	40
chr1	34296760	34299720	1	1	1	54	0	18
chr1	40010678	40011649	1	1	1	25	0	21
chr1	40010678	40011811	1	1	0	2	0	21
chr1	40010678	40014105	1	1	1	60	2	32
chr1	40011842	40014105	1	1	1	27	0	38
chr1	82735508	82747082	1	1	1	1	0	40
chr1	82735508	82750519	1	1	1	76	0	40
chr1	82747143	82750519	1	1	1	2	0	38
chr2	32292216	32296625	1	1	1	83	0	44
chr2	59932171	59933405	2	2	0	8	0	33
chr2	59932171	59933411	2	2	1	97	0	31
chr2	59932171	59933670	2	2	1	15	0	38
chr2	59933439	59933670	2	2	1	102	0	28
chr2	71849507	71853533	1	1	1	40	0	39
chr2	71849507	71855853	1	1	1	2221	2	42
chr2	71853664	71855853	1	1	1	40	0	41
chr2	75662926	75663570	1	1	1	5	1	36
chr2	91001089	91001461	1	1	1	507	0	34
chr2	91001089	91003299	1	1	0	5	0	33
chr2	91001511	91003210	1	1	1	493	0	20
chr2	91003346	91003810	1	1	1	10	0	36
chr2	91159306	91160316	2	2	1	7	0	47
chr2	91159306	91162027	2	2	1	183	1	47
chr2	91160371	91162027	2	2	1	7	0	38
chr2	91681696	91682025	2	2	1	5	0	50
chr2	91681696	91684668	2	2	1	888	1	50
chr2	91682110	91684668	2	2	0	3	0	38
chr2	91682137	91684668	2	2	1	2	0	38
chr2	153670448	153670848	1	1	1	91	0	42
chr2	153670448	153672215	1	1	1	1	0	50
chr2	153670909	153672215	1	1	1	89	0	50
chr2	168752741	168754433	2	2	1	15770	15	46
chr2	168754480	168788998	2	2	0	1	0	12
chr3	60613521	60614682	1	1	1	109	0	44
chr3	60613521	60615619	1	1	1	25	0	44
chr3	60614737	60615619	1	1	1	109	0	37
chr3	87733505	87735344	1	1	0	182	0	40
chr3	88483947	88484046	2	2	1	130	1	39
chr3	88483947	88484055	2	2	0	1	0	37
chr3	88484155	88484614	2	2	1	129	1	40
chr3	119724187	119724611	2	2	1	2589	1	34
chr3	119724187	119726065	2	2	1	6	0	29
chr3	119724646	119726065	2	2	1	2644	1	38
chr3	119726116	119820407	2	2	0	3	0	13
chr3	129825617	129826823	2	2	1	1	0	36
chr4	31992517	31993403	1	1	0	1	0	21
chr4	31992517	31994873	1	1	1	1399	0	40
chr4	31992517	32002088	1	1	1	736	2	49
chr4	31993425	31994873	1	1	0	1	0	17
chr4	31994955	32002088	1	1	1	1405	0	49
chr4	31995011	32002088	1	1	1	1	0	48
chr4	107009769	107027216	1	1	1	45	0	38
chr4	107009769	107028192	1	1	1	337	0	43
chr4	107027298	107028192	1	1	1	52	0	46
chr5	23565266	23616326	2	2	1	219	0	45
chr5	72958287	72965803	1	1	1	2	0	40
chr5	72958287	72974530	1	1	1	40	0	41
chr5	72965882	72974530	1	1	1	1	0	41
chr5	86804592	86815628	1	1	1	1	0	33
chr5	116482537	116591333	2	2	1	2	0	50
chr5	149184807	149185349	1	1	0	1	0	44
chr5	149184807	149185484	1	1	1	1	0	43
chr5	149184807	149187707	1	1	1	43	0	44
chr5	149184807	149188344	1	1	1	238	1	45
chr5	149185405	149188344	1	1	0	1	0	39
chr5	149187835	149188344	1	1	1	7	0	39
chr5	149187864	149188344	1	1	0	1	0	39
chr5	149187877	149188344	1	1	1	35	0	40
chr6	47577668	47594893	2	2	1	1	0	20
chr6	51464548	51465178	2	2	1	1	0	16
chr6	51465242	51466141	2	2	1	1	0	42
chr6	72633011	72633215	2	2	1	2	0	6
chr6	72634209	72634303	2	2	0	3	0	40
chr6	72634233	72648800	2	2	1	4228	6	42
chr6	72634233	72649119	2	2	1	8716	4	50
chr6	72634351	72649119	2	2	0	3	0	40
chr6	72648843	72649119	2	2	1	4208	6	42
chr6	98939789	98940994	2	2	1	3	0	45
chr6	98939789	98941535	2	2	1	72	1	45
chr6	98939789	98944618	2	2	0	11	0	45
chr6	98941165	98944618	2	2	0	3	0	36
chr6	98941658	98944618	2	2	1	72	1	37
chr6	125162102	125162211	2	2	1	477	15	36
chr6	128371086	128371967	1	1	1	1813	1	43
chr6	128371086	128372530	1	1	1	104	1	49
chr6	128371086	128372533	1	1	1	848	2	46
chr6	128371086	128372536	1	1	0	2	0	43
chr6	128372013	128372504	1	1	0	3	0	26
chr6	128372013	128372509	1	1	0	2	0	31
chr6	128372013	128372530	1	1	1	247	0	49
chr6	128372013	128372533	1	1	1	1546	1	46
chr6	128372018	128372530	1	1	0	2	0	49
chr6	128372018	128372533	1	1	0	18	0	46
chr7	25724845	25725923	2	2	1	1	0	38
chr7	67240441	67244520	2	2	1	5	0	24
chr7	67240441	67251656	2	2	1	579	0	46
chr7	67244545	67251656	2	2	1	5	0	24
chr7	101405603	102001614	1	1	0	5	0	13
chr7	101474369	102001612	1	1	0	4	0	12
chr7	102001660	102002294	1	1	1	291	0	43
chr7	102001660	102007485	1	1	1	4204	2	45
chr7	102002337	102007485	1	1	1	297	0	41
chr7	112839481	112841887	1	1	1	7	0	41
chr7	112839481	112842039	1	1	1	168	0	42
chr7	112839481	112856052	1	1	1	3	0	12
chr7	112839481	112856797	1	1	1	34	0	41
chr7	112841951	112856052	1	1	1	2	0	12
chr7	112841951	112856797	1	1	0	3	0	37
chr7	112842103	112856052	1	1	1	13	0	12
chr7	112842103	112856797	1	1	1	158	0	44
chr7	112856065	112856797	1	1	1	18	0	12
chr7	127972771	127974399	1	1	1	1	0	7
chr7	127974435	127975887	1	1	1	1	0	29
chr7	127975921	127977217	1	1	1	1	0	27
chr7	127980247	127981190	1	1	1	14	0	22
chr7	127981292	127981410	1	1	1	15	0	6
chr7	144861833	144862231	1	1	1	1527	1	39
chr7	144862267	144862764	1	1	0	1	0	35
chr7	144862336	144862764	1	1	1	1518	1	43
chr7	144862377	144862764	1	1	0	2	0	37
chr8	25532429	25557730	1	1	1	7	0	44
chr8	25555775	25557730	1	1	1	1	0	37
chr8	95100453	95100646	2	2	1	391	0	31
chr8	95100453	95101408	2	2	0	728	0	46
chr8	95100674	95101408	2	2	1	392	0	38
chr8	122485957	122486306	2	2	1	2	0	28
chr8	123268550	123268744	2	2	1	67	0	47
chr9	43027296	43040539	2	2	1	12	0	38
chr9	43027296	43042590	2	2	1	301	0	46
chr9	43040597	43042590	2	2	1	12	0	45
chr9	80093642	80098885	1	1	1	1621	1	27
chr9	80093642	80098892	1	1	0	33	0	14
chr9	80093642	80103693	1	1	1	8492	6	45
chr9	80093642	80103698	1	1	0	3	0	44
chr9	80098907	80103693	1	1	1	1652	1	24
chr9	80098907	80103698	1	1	0	1	0	21
chr9	114597607	114597794	2	2	1	292	0	38
chr9	114597607	114598704	2	2	0	364	0	42
chr9	114597825	114598704	2	2	0	1	0	30
chr9	114597831	114598704	2	2	1	292	0	38
chr11	79458907	79463232	1	1	1	18	0	42
chr11	79458907	79468716	1	1	1	44	0	42
chr11	79463296	79468716	1	1	1	18	0	39
chr11	94112147	94113262	1	1	1	20	0	21
chr11	94112147	94114172	1	1	1	323	0	32
chr11	94113302	94114172	1	1	1	21	0	39
chr11	102310577	102310925	2	2	1	114	0	43
chr11	102310577	102311379	2	2	1	315	0	46
chr11	102310577	102311403	2	2	0	1	0	21
chr11	102311037	102311379	2	2	1	115	0	45
chr11	102311037	102311403	2	2	0	1	0	21
chr12	71952560	71959805	1	1	1	255	0	45
chr12	83811361	83825258	2	2	1	224	0	37
chr12	83811361	83831921	2	2	1	179	0	41
chr12	83825292	83831921	2	2	1	223	0	34
chr12	83825319	83831921	2	2	0	2	0	38
chr12	113133338	113133495	1	1	0	7	0	42
chr12	113133338	113133540	1	1	1	293	0	42
chr12	113133338	113135796	1	1	1	1087	0	29
chr12	113133577	113135796	1	1	1	286	0	29
chr13	46778994	46780625	2	2	1	826	0	42
chr13	46778994	46785245	2	2	1	3273	6	49
chr13	46780663	46785245	2	2	0	1	0	37
chr13	46780665	46785245	2	2	1	820	0	40
chr13	56084286	56089757	2	2	1	18	0	43
chr13	56084286	56096123	2	2	0	2	0	40
chr13	56089858	56096123	2	2	1	17	0	38
chr14	57643224	57648418	2	2	1	202	0	42
chr14	120389164	120395711	1	1	1	305	1	39
chr14	120389164	120395717	1	1	0	2	0	38
chr14	120389164	120396450	1	1	1	106	0	48
chr14	120395766	120396450	1	1	1	324	1	48
chr15	77102940	77105576	2	2	1	119	0	41
chr15	77102940	77113604	2	2	1	33	0	44
chr15	77105670	77113604	2	2	1	120	0	48
chr15	77769041	77769200	2	2	1	1	0	9
chr16	57178021	57181491	2	2	1	28	0	43
chr16	57178021	57182850	2	2	1	1129	2	44
chr16	57181537	57182850	2	2	1	28	0	33
chr16	94686604	94691580	1	1	1	2	0	45
chr17	12979205	13846588	1	1	0	12	0	12
chr17	13846640	13848354	1	1	1	540	3	21
chr17	13846640	13849107	1	1	1	14203	10	49
chr17	13846640	13849113	1	1	0	117	0	48
chr17	13848376	13849107	1	1	1	534	3	26
chr17	13848376	13849113	1	1	0	5	0	21
chr17	45570567	45570665	2	2	1	395	0	44
chr17	45570800	45571017	2	2	1	439	0	23
chr18	53948155	53948644	1	1	1	1806	3	28
chr18	53948155	53949213	1	1	0	1	0	39
chr18	53948155	53953244	1	1	1	13105	16	45
chr18	53948155	53953268	1	1	0	3	0	40
chr18	53948669	53953244	1	1	1	1808	3	26
chr18	53949263	53953244	1	1	0	1	0	37
chr18	64512050	64515325	2	2	1	1	0	19
chr18	64515409	64516415	2	2	1	1	0	30
chr19	7281256	7281797	2	4	1	127	1	39
chr19	7281256	7282725	2	2	1	478	0	36
chr19	7281960	7282725	2	2	1	131	1	26
