chr1	34295537	34296741	1	1	1	93	0	18
chr1	34295537	34299720	1	1	1	15	0	40
chr1	34296760	34299720	1	1	1	93	0	18
chr1	40010678	40011649	1	1	1	90	0	21
chr1	40010678	40011783	1	1	0	1	0	21
chr1	40010678	40011787	1	1	0	1	0	21
chr1	40010678	40014105	1	1	1	37	1	32
chr1	40011842	40014105	1	1	1	91	0	38
chr1	82735508	82741817	1	1	1	2	0	40
chr1	82735508	82745523	1	1	1	1	0	33
chr1	82735508	82747082	1	1	1	4	0	40
chr1	82735508	82750519	1	1	1	68	0	40
chr1	82745557	82747082	1	1	1	1	0	7
chr1	82747143	82750519	1	1	1	6	0	38
chr1	87423282	87425064	1	1	1	2	0	39
chr2	32292216	32293314	1	1	1	18	0	43
chr2	32292216	32296625	1	1	1	63	0	43
chr2	32293396	32296625	1	1	1	18	0	38
chr2	59926161	59932104	2	2	1	4	0	38
chr2	59932171	59933405	2	2	0	68	0	37
chr2	59932171	59933411	2	2	1	393	0	32
chr2	59933439	59933670	2	2	1	451	0	32
chr2	71849507	71853533	1	1	1	536	0	44
chr2	71849507	71853820	1	1	0	2	0	37
chr2	71849507	71855853	1	1	1	2851	2	43
chr2	71849507	71855868	1	1	0	4	0	46
chr2	71853664	71855853	1	1	1	545	0	43
chr2	71853891	71855853	1	1	0	2	0	40
chr2	75662926	75663570	1	1	1	3	1	35
chr2	91001089	91001461	1	1	1	492	0	34
chr2	91001511	91003210	1	1	1	496	0	25
chr2	91003238	91003810	1	1	0	2	0	27
chr2	91003346	91003810	1	1	1	16	0	36
chr2	91159300	91162027	2	2	0	3	0	41
chr2	91159306	91160316	2	2	1	213	0	47
chr2	91159306	91162027	2	2	1	432	0	47
chr2	91160371	91162027	2	2	1	212	0	39
chr2	91681696	91684668	2	2	1	188	0	50
chr2	91681831	91684668	2	2	0	1	0	38
chr2	153670448	153672215	1	1	1	1	1	50
chr3	60613521	60614682	1	1	1	1417	2	44
chr3	60613521	60614688	1	1	0	1	0	24
chr3	60613521	60615619	1	1	1	1271	2	45
chr3	60614737	60615619	1	1	1	1426	3	38
chr3	87733505	87734423	1	1	1	12	0	39
chr3	87733505	87735344	1	1	0	12	0	39
chr3	87734553	87735344	1	1	1	11	0	37
chr3	88483947	88484046	2	2	1	198	0	37
chr3	88483947	88484614	2	2	0	1	0	38
chr3	88484149	88484614	2	2	0	1	0	38
chr3	88484155	88484614	2	2	1	192	0	40
chr3	119724187	119724611	2	2	1	4128	1	34
chr3	119724187	119726065	2	2	1	22	0	29
chr3	119724646	119726065	2	2	1	4230	1	38
chr4	31992517	31994873	1	1	1	273	0	39
chr4	31992517	32002088	1	1	1	3033	4	49
chr4	31994955	32002088	1	1	1	273	0	49
chr4	107009769	107027216	1	1	1	14	0	38
chr4	107009769	107028192	1	1	1	126	0	42
chr4	107027298	107028192	1	1	1	15	0	41
chr5	23565266	23616326	2	2	1	776	2	46
chr5	72958287	72974530	1	1	1	81	0	42
chr5	99967388	99978391	2	2	1	1	0	3
chr5	116477146	116482389	2	2	1	2	0	34
chr5	116482537	116591333	2	2	1	777	2	50
chr5	149184807	149187707	1	1	1	16	0	43
chr5	149184807	149188344	1	1	1	629	2	45
chr5	149187835	149188344	1	1	1	2	0	39
chr5	149187864	149188344	1	1	0	1	0	39
chr5	149187877	149188344	1	1	1	13	0	39
chr6	72634233	72648800	2	2	1	1	0	37
chr6	72648843	72649119	2	2	1	1	0	40
chr6	98939789	98940994	2	2	1	1	0	45
chr6	98939789	98941535	2	2	1	122	0	45
chr6	98939789	98944618	2	2	0	27	0	45
chr6	98941165	98944618	2	2	0	1	0	36
chr6	98941658	98944618	2	2	1	123	0	37
chr6	125162102	125162211	2	2	1	286	8	36
chr6	128371086	128371967	1	1	1	3454	3	44
chr6	128371086	128371980	1	1	0	1	0	32
chr6	128371086	128372530	1	1	1	2	0	49
chr6	128371086	128372533	1	1	1	9	0	46
chr6	128372013	128372504	1	1	0	19	0	28
chr6	128372013	128372509	1	1	0	11	0	31
chr6	128372013	128372530	1	1	1	430	0	49
chr6	128372013	128372533	1	1	1	2960	3	46
chr6	128372013	128372536	1	1	0	4	0	43
chr6	128372013	128372539	1	1	0	1	0	40
chr6	128372018	128372530	1	1	0	3	0	49
chr6	128372018	128372533	1	1	0	30	0	46
chr7	25724845	25725923	2	2	1	1	0	37
chr7	67240441	67244520	2	2	1	170	0	24
chr7	67240441	67251656	2	2	1	1222	1	45
chr7	67244545	67251656	2	2	1	169	0	24
chr7	102001660	102002294	1	1	1	1271	1	42
chr7	102001660	102007485	1	1	1	340	0	43
chr7	102002337	102007485	1	1	1	1266	1	42
chr7	112839481	112841887	1	1	1	6	0	41
chr7	112839481	112842039	1	1	1	95	0	41
chr7	112839481	112856052	1	1	1	4	0	12
chr7	112839481	112856797	1	1	1	4	0	41
chr7	112841951	112856052	1	1	1	2	0	12
chr7	112842103	112856052	1	1	1	97	0	12
chr7	112842103	112856797	1	1	1	2	0	37
chr7	112856065	112856797	1	1	1	102	0	12
chr7	112856065	112856803	1	1	0	1	0	12
chr7	127980247	127981190	1	1	1	12	0	5
chr7	127981292	127981410	1	1	1	11	0	6
chr8	25532429	25557730	1	1	1	4	0	44
chr8	25555775	25557730	1	1	1	1	0	37
chr8	91688606	91932332	1	1	0	4	0	13
chr8	95100443	95100636	2	2	0	1	0	36
chr8	95100453	95100646	2	2	1	966	1	31
chr8	95100453	95100654	2	2	0	1	0	19
chr8	95100453	95101408	2	2	0	123	0	46
chr8	95100674	95101408	2	2	1	968	1	42
chr8	95101447	95139983	2	2	0	0	1	15
chr8	123268550	123268744	2	2	1	166	1	46
chr9	43027296	43040539	2	2	1	96	0	40
chr9	43027296	43042590	2	2	1	116	0	46
chr9	43040593	43042590	2	2	0	1	0	43
chr9	43040597	43042590	2	2	1	95	0	45
chr9	80093642	80098885	1	1	1	6762	3	26
chr9	80093642	80098892	1	1	0	141	0	19
chr9	80093642	80103693	1	1	1	252	0	45
chr9	80098907	80103693	1	1	1	6911	3	29
chr9	80098907	80103698	1	1	0	1	0	21
chr9	80103765	80111310	1	1	1	1	0	33
chr9	114597607	114597794	2	2	1	453	0	38
chr9	114597607	114598704	2	2	0	11	0	42
chr9	114597825	114598704	2	2	0	4	0	30
chr9	114597831	114598704	2	2	1	447	0	36
chr11	20201653	20215629	1	1	1	2	0	41
chr11	20215703	20218812	1	1	1	1	0	7
chr11	26778879	26787397	2	2	0	0	1	13
chr11	68801730	68802107	1	1	1	1	0	33
chr11	79458907	79463232	1	1	1	23	0	42
chr11	79458907	79468716	1	1	1	150	0	43
chr11	79463296	79468716	1	1	1	22	0	39
chr11	94112147	94113262	1	1	1	92	0	23
chr11	94112147	94114172	1	1	1	308	1	32
chr11	94113302	94114172	1	1	1	96	0	39
chr11	102310577	102310925	2	2	1	53	0	42
chr11	102310577	102311379	2	2	1	585	0	46
chr11	102310577	102311403	2	2	0	1	0	21
chr11	102311037	102311379	2	2	1	53	0	46
chr12	71908764	71952531	1	1	0	0	1	15
chr12	71952560	71958746	1	1	1	39	1	27
chr12	71952560	71959805	1	1	1	48	0	43
chr12	71958774	71959805	1	1	1	39	1	27
chr12	80209474	80259986	2	2	1	1	0	17
chr12	83811361	83825258	2	2	1	49	0	33
chr12	83811361	83831921	2	2	1	437	1	41
chr12	83825292	83831921	2	2	1	49	0	33
chr12	112928622	113133308	1	1	0	0	4	13
chr12	113133331	113133540	1	1	0	2	0	37
chr12	113133338	113133495	1	1	0	123	7	43
chr12	113133338	113133540	1	1	1	1714	50	41
chr12	113133338	113135796	1	1	1	6	0	29
chr12	113133577	113134761	1	1	0	5	0	21
chr12	113133577	113134800	1	1	0	9	0	12
chr12	113133577	113135796	1	1	1	1770	57	29
chr12	113134813	113135796	1	1	0	14	0	29
chr13	46778994	46780545	2	2	0	1	0	40
chr13	46778994	46780625	2	2	1	616	0	43
chr13	46778994	46785245	2	2	1	1945	1	45
chr13	46779023	46785245	2	2	0	1	0	39
chr13	46780665	46785245	2	2	1	615	0	39
chr13	46780708	46785245	2	2	0	1	0	39
chr13	56084286	56089757	2	2	1	54	0	42
chr13	56084286	56096123	2	2	0	1	0	38
chr13	56089858	56096123	2	2	1	56	0	41
chr14	57643224	57643334	2	2	1	1	0	39
chr14	57643224	57648418	2	2	1	117	0	47
chr14	57643490	57648418	2	2	1	1	0	38
chr14	120389164	120395711	1	1	1	203	0	38
chr14	120389164	120396450	1	1	1	495	2	48
chr14	120395766	120396450	1	1	1	210	0	48
chr15	77102940	77105576	2	2	1	187	0	41
chr15	77102940	77113604	2	2	1	16	0	44
chr15	77105670	77113604	2	2	1	187	0	48
chr15	103242719	103243624	1	1	1	1	0	43
chr16	57178021	57181491	2	2	1	352	1	45
chr16	57178021	57182850	2	2	1	142	0	44
chr16	57181537	57182850	2	2	1	349	1	35
chr16	84831508	84834808	2	2	1	1	0	44
chr17	12979205	13846588	1	1	0	55	1	12
chr17	13846613	13848354	1	1	0	2	0	21
chr17	13846640	13848354	1	1	1	3391	4	21
chr17	13846640	13848358	1	1	0	1	0	17
chr17	13846640	13848361	1	1	0	3	0	14
chr17	13846640	13849107	1	1	1	3196	1	49
chr17	13846640	13849113	1	1	0	27	0	47
chr17	13848376	13849107	1	1	1	3394	4	41
chr17	13848376	13849113	1	1	0	8	0	21
chr17	45570567	45570665	2	2	1	557	0	42
chr17	45570800	45571017	2	2	1	567	0	24
chr17	51783067	51785528	2	2	1	1	0	40
chr17	51785641	51803430	2	2	1	1	0	14
chr18	10726534	10740982	1	1	1	1	0	15
chr18	53948155	53948644	1	1	1	11363	6	28
chr18	53948155	53948651	1	1	0	1	0	17
chr18	53948155	53953244	1	1	1	1753	1	44
chr18	53948666	53953244	1	1	0	6	0	21
chr18	53948669	53953244	1	1	1	11337	6	37
chr18	64511878	64511983	2	2	1	1	0	38
chr18	64515406	64516415	2	2	1	1	0	42
chr18	64515409	64516415	2	2	1	1	0	30
chr19	7281256	7281797	2	4	1	144	0	39
chr19	7281256	7282725	2	2	1	865	2	36
chr19	7281960	7282725	2	2	1	152	0	35
chrX	73952667	73952825	2	2	1	2	0	10
chrX	159414893	159443922	1	1	1	1	0	25
