chr1	34295537	34296741	1	1	1	13	0	18
chr1	34295537	34299720	1	1	1	48	0	39
chr1	34296760	34299720	1	1	1	13	0	24
chr1	40010678	40011649	1	1	1	10	0	21
chr1	40010678	40014105	1	1	1	53	0	32
chr1	40011842	40014105	1	1	1	10	0	37
chr1	58558058	58565856	2	2	1	1	0	3
chr1	58565955	58586211	2	2	1	1	0	46
chr1	82735508	82741817	1	1	1	1	0	40
chr1	82735508	82747082	1	1	1	5	0	40
chr1	82735508	82750519	1	1	1	92	0	40
chr1	82747143	82750519	1	1	1	5	0	38
chr2	32292216	32296625	1	1	1	73	0	43
chr2	59932171	59933405	2	2	0	4	0	33
chr2	59932171	59933411	2	2	1	38	0	27
chr2	59932171	59933670	2	2	1	5	0	38
chr2	59933439	59933670	2	2	1	42	0	28
chr2	71849507	71853533	1	1	1	27	0	39
chr2	71849507	71855853	1	1	1	1965	1	46
chr2	71853664	71855853	1	1	1	27	0	40
chr2	75662926	75663570	1	1	1	2	0	27
chr2	91001089	91001461	1	1	1	594	0	34
chr2	91001089	91003299	1	1	0	6	1	33
chr2	91001511	91003210	1	1	1	589	0	25
chr2	91001511	91003299	1	1	0	1	0	46
chr2	91003238	91003810	1	1	0	4	0	27
chr2	91003346	91003810	1	1	1	16	0	36
chr2	91159306	91160316	2	2	1	2	0	47
chr2	91159306	91162027	2	2	1	123	0	47
chr2	91160371	91162027	2	2	1	2	0	38
chr2	91681696	91684668	2	2	1	456	1	50
chr2	153670448	153670848	1	1	1	62	0	43
chr2	153670909	153672215	1	1	1	64	0	50
chr2	168752741	168754433	2	2	1	8289	6	46
chr3	60613521	60614682	1	1	1	48	0	44
chr3	60613521	60615619	1	1	1	26	0	44
chr3	60614737	60615619	1	1	1	49	0	38
chr3	87733505	87734423	1	1	1	1	0	39
chr3	87733505	87735344	1	1	0	99	0	39
chr3	87734553	87735344	1	1	1	1	0	37
chr3	88483947	88484046	2	2	1	120	0	39
chr3	88484155	88484614	2	2	1	119	0	39
chr3	119724187	119724611	2	2	1	2085	1	34
chr3	119724187	119726065	2	2	1	3	0	29
chr3	119724646	119726065	2	2	1	2147	1	38
chr3	119726116	119820407	2	2	0	3	0	13
chr4	31992517	31994873	1	1	1	1645	1	43
chr4	31992517	32002088	1	1	1	589	1	49
chr4	31994955	32002088	1	1	1	1625	1	49
chr4	46470008	46471397	1	1	1	2	0	12
chr4	107009769	107027216	1	1	1	22	0	38
chr4	107009769	107028192	1	1	1	79	0	41
chr4	107027298	107028192	1	1	1	24	0	46
chr4	139473637	139476130	1	1	1	1	0	8
chr5	23565266	23616326	2	2	1	119	0	45
chr5	72958287	72965803	1	1	1	1	0	37
chr5	72958287	72974530	1	1	1	8	0	41
chr5	72965882	72974530	1	1	1	1	0	41
chr5	116482537	116591333	2	2	1	1	0	32
chr5	149184807	149187707	1	1	1	30	0	43
chr5	149184807	149188344	1	1	1	347	0	44
chr5	149187835	149188344	1	1	1	2	0	39
chr5	149187877	149188344	1	1	1	29	0	39
chr6	47577668	47594893	2	2	1	3	0	32
chr6	72634233	72648800	2	2	1	1557	1	39
chr6	72634233	72649119	2	2	1	3469	1	50
chr6	72648843	72649115	2	2	0	2	0	42
chr6	72648843	72649119	2	2	1	1551	1	41
chr6	98939789	98940994	2	2	1	6	0	45
chr6	98939789	98941535	2	2	1	35	0	46
chr6	98939789	98944618	2	2	0	16	0	45
chr6	98941165	98944618	2	2	0	6	0	36
chr6	98941658	98944618	2	2	1	34	0	47
chr6	125102611	125102792	1	1	1	1	0	35
chr6	125162102	125162211	2	2	1	373	21	40
chr6	128371086	128371967	1	1	1	1043	2	41
chr6	128371086	128372530	1	1	1	69	0	49
chr6	128371086	128372533	1	1	1	502	0	46
chr6	128372013	128372504	1	1	0	2	0	26
chr6	128372013	128372530	1	1	1	148	0	49
chr6	128372013	128372533	1	1	1	864	2	46
chr6	128372013	128372539	1	1	0	1	0	40
chr6	128372018	128372530	1	1	0	5	0	49
chr6	128372018	128372533	1	1	0	22	0	46
chr7	16342502	16342590	2	2	0	0	1	43
chr7	16342502	16342783	2	2	0	0	1	43
chr7	16342502	16342857	2	2	0	0	1	43
chr7	67240441	67244520	2	2	1	8	0	24
chr7	67240441	67251656	2	2	1	519	0	44
chr7	67244545	67251656	2	2	1	8	0	24
chr7	101405603	102001614	1	1	0	2	2	13
chr7	101973352	102001612	1	1	0	1	0	12
chr7	102001660	102002294	1	1	1	143	0	42
chr7	102001660	102007485	1	1	1	1854	3	45
chr7	102002337	102007485	1	1	1	144	0	40
chr7	112839481	112841887	1	1	1	8	0	41
chr7	112839481	112842039	1	1	1	152	0	42
chr7	112839481	112856052	1	1	1	1	0	12
chr7	112839481	112856797	1	1	1	26	0	41
chr7	112841951	112856052	1	1	1	2	0	12
chr7	112841951	112856797	1	1	0	3	0	37
chr7	112842103	112856052	1	1	1	14	0	12
chr7	112842103	112856797	1	1	1	134	0	43
chr7	112842103	112856803	1	1	0	2	0	43
chr7	112856065	112856797	1	1	1	19	0	13
chr7	127980247	127981190	1	1	1	6	0	2
chr7	127981292	127981410	1	1	1	8	0	6
chr7	144861833	144862231	1	1	1	824	1	38
chr7	144862267	144862764	1	1	0	2	0	35
chr7	144862333	144862764	1	1	0	1	0	37
chr7	144862336	144862764	1	1	1	811	1	43
chr8	25532429	25555507	1	1	1	1	0	44
chr8	25532429	25557730	1	1	1	1	0	43
chr8	47527055	47527959	2	2	1	1	0	17
chr8	47528031	47529328	2	2	1	1	0	1
chr8	57305349	57551066	2	2	0	0	4	13
chr8	95100453	95100646	2	2	1	178	0	31
chr8	95100453	95101408	2	2	0	286	0	46
chr8	95100674	95101408	2	2	1	178	0	43
chr8	123268550	123268744	2	2	1	69	0	46
chr9	43027296	43040539	2	2	1	14	0	38
chr9	43027296	43042590	2	2	1	226	1	46
chr9	43040593	43042590	2	2	0	2	0	45
chr9	43040597	43042590	2	2	1	11	0	45
chr9	80093642	80098885	1	1	1	1441	2	30
chr9	80093642	80098892	1	1	0	34	0	19
chr9	80093642	80103693	1	1	1	6466	5	46
chr9	80098907	80103693	1	1	1	1474	2	23
chr9	114597607	114597790	2	2	0	3	0	40
chr9	114597607	114597794	2	2	1	295	0	38
chr9	114597607	114598704	2	2	0	488	0	43
chr9	114597825	114598704	2	2	0	1	0	30
chr9	114597831	114598704	2	2	1	298	0	38
chr11	26778879	26787397	2	2	0	0	1	13
chr11	79458907	79463232	1	1	1	30	0	43
chr11	79458907	79468716	1	1	1	33	0	42
chr11	79463296	79468716	1	1	1	29	0	39
chr11	94112147	94113262	1	1	1	15	0	21
chr11	94112147	94114172	1	1	1	231	0	32
chr11	94113302	94114172	1	1	1	15	0	39
chr11	102310577	102310925	2	2	1	72	0	42
chr11	102310577	102311379	2	2	1	296	0	45
chr11	102311037	102311379	2	2	1	72	0	45
chr11	102877719	102880894	2	2	1	1	0	17
chr12	71952560	71959805	1	1	1	211	0	44
chr12	83811361	83825258	2	2	1	239	0	37
chr12	83811361	83831921	2	2	1	191	0	41
chr12	83825292	83831921	2	2	1	236	0	34
chr12	113133338	113133495	1	1	0	6	0	42
chr12	113133338	113133540	1	1	1	285	1	41
chr12	113133338	113135796	1	1	1	750	0	29
chr12	113133577	113135796	1	1	1	275	1	29
chr13	46778994	46780625	2	2	1	332	0	40
chr13	46778994	46785245	2	2	1	1555	7	45
chr13	46780665	46785245	2	2	1	333	0	39
chr13	56084286	56089757	2	2	1	14	0	40
chr13	56084286	56096123	2	2	0	2	0	40
chr13	56089858	56096123	2	2	1	14	0	41
chr13	119381864	119386578	2	2	1	1	0	23
chr14	57643224	57643334	2	2	1	3	0	39
chr14	57643224	57648418	2	2	1	205	0	47
chr14	57643490	57648418	2	2	1	3	0	38
chr14	120389164	120395711	1	1	1	353	0	39
chr14	120389164	120395717	1	1	0	2	0	38
chr14	120389164	120396450	1	1	1	85	0	48
chr14	120395766	120396450	1	1	1	376	0	48
chr15	77102940	77105576	2	2	1	146	0	40
chr15	77102940	77113604	2	2	1	23	0	48
chr15	77105670	77113604	2	2	1	145	0	48
chr15	103242719	103243624	1	1	1	0	1	33
chr16	57178021	57181491	2	2	1	25	1	43
chr16	57178021	57182850	2	2	1	1349	0	44
chr16	57181537	57182850	2	2	1	25	1	33
chr16	94686604	94691580	1	1	1	1	0	44
chr17	12979205	13846588	1	1	0	21	0	12
chr17	13846613	13849113	1	1	0	1	0	37
chr17	13846640	13848354	1	1	1	253	0	22
chr17	13846640	13849107	1	1	1	8770	9	45
chr17	13846640	13849113	1	1	0	36	0	47
chr17	13848376	13849107	1	1	1	254	0	26
chr17	45570567	45570665	2	2	1	1032	2	39
chr17	45570800	45571017	2	2	1	1005	1	23
chr18	53948155	53948644	1	1	1	1624	2	28
chr18	53948155	53953244	1	1	1	10593	15	46
chr18	53948155	53953268	1	1	0	3	0	40
chr18	53948666	53953244	1	1	0	1	0	21
chr18	53948669	53953244	1	1	1	1614	2	26
chr19	7281256	7281797	2	4	1	39	0	38
chr19	7281256	7282725	2	2	1	214	1	35
chr19	7281960	7282725	2	2	1	41	0	26
chrX	73952667	73952825	2	2	1	1	0	10
KV575235.1	147143	149353	1	1	0	0	1	33
