chr1	82735508	82750519	1	1	1	1	0	39
chr2	59932171	59933670	2	2	1	1	0	35
chr2	71849507	71855853	1	1	1	43	0	41
chr2	91001089	91001461	1	1	1	8	0	24
chr2	91001511	91003210	1	1	1	8	0	19
chr2	91159306	91162027	2	2	1	2	0	47
chr2	91681696	91684668	2	2	1	2	0	50
chr2	153670448	153670848	1	1	1	1	0	42
chr2	153670909	153672215	1	1	1	1	0	50
chr2	168752741	168754433	2	2	1	49	0	44
chr3	60613521	60614682	1	1	1	3	0	38
chr3	60614737	60615619	1	1	1	3	0	37
chr3	88483947	88484046	2	2	1	1	0	37
chr3	88484155	88484614	2	2	1	1	0	38
chr3	119724187	119724611	2	2	1	8	0	29
chr3	119724646	119726065	2	2	1	9	0	36
chr4	31992517	31994873	1	1	1	17	0	38
chr4	31992517	32002088	1	1	1	13	0	48
chr4	31994955	32002088	1	1	1	18	0	49
chr4	107009769	107028192	1	1	1	12	0	41
chr5	23565266	23616326	2	2	1	6	0	45
chr5	149184807	149188344	1	1	1	1	0	43
chr6	72634233	72648800	2	2	1	11	0	37
chr6	72634233	72649119	2	2	1	31	0	40
chr6	72648843	72649119	2	2	1	11	0	40
chr6	125162102	125162211	2	2	1	2	0	35
chr6	128371086	128371967	1	1	1	19	0	40
chr6	128371086	128372533	1	1	1	7	0	46
chr6	128372013	128372530	1	1	1	2	0	45
chr6	128372013	128372533	1	1	1	18	0	46
chr7	67240441	67251656	2	2	1	1	0	40
chr7	102001660	102007485	1	1	1	42	0	43
chr7	112839481	112856797	1	1	1	2	0	41
chr7	144861833	144862231	1	1	1	10	0	28
chr7	144862336	144862764	1	1	1	10	0	37
chr8	95100453	95101408	2	2	0	1	0	44
chr8	123268550	123268744	2	2	1	1	0	46
chr9	80093642	80098885	1	1	1	11	0	26
chr9	80093642	80103693	1	1	1	89	0	45
chr9	80098907	80103693	1	1	1	11	0	21
chr9	114597607	114598704	2	2	0	12	0	42
chr11	94112147	94113262	1	1	1	1	0	21
chr11	94112147	94114172	1	1	1	4	0	32
chr11	94113302	94114172	1	1	1	1	0	39
chr11	102310577	102310925	2	2	1	1	0	42
chr11	102310577	102311379	2	2	1	2	0	45
chr11	102311037	102311379	2	2	1	1	0	45
chr12	71952560	71959805	1	1	1	5	0	43
chr12	83811361	83831921	2	2	1	3	0	38
chr12	113133338	113133540	1	1	1	2	0	36
chr12	113133338	113135796	1	1	1	13	0	29
chr12	113133577	113135796	1	1	1	1	0	29
chr13	46778994	46780625	2	2	1	2	1	40
chr13	46778994	46785245	2	2	1	6	0	40
chr13	46780665	46785245	2	2	1	2	1	39
chr15	77102940	77105576	2	2	1	1	0	40
chr15	77105670	77113604	2	2	1	1	0	44
chr16	57178021	57182850	2	2	1	4	0	43
chr17	13846640	13849107	1	1	1	125	1	41
chr17	45570567	45570665	2	2	1	8	0	34
chr17	45570800	45571017	2	2	1	9	0	21
chr18	53948155	53948644	1	1	1	52	0	27
chr18	53948155	53953244	1	1	1	306	0	41
chr18	53948669	53953244	1	1	1	52	0	24
chr19	7281256	7282725	2	2	1	1	0	26
