chr1	34295537	34296741	1	1	1	25	0	18
chr1	34295537	34299720	1	1	1	229	1	40
chr1	34296760	34299720	1	1	1	25	0	18
chr1	40010678	40011649	1	1	1	14	0	21
chr1	40010678	40014105	1	1	1	74	0	32
chr1	40011842	40014105	1	1	1	14	0	37
chr1	82735508	82747082	1	1	1	4	0	40
chr1	82735508	82750519	1	1	1	115	0	44
chr1	82747143	82750519	1	1	1	4	0	38
chr2	32292216	32296625	1	1	1	108	0	43
chr2	59932171	59933405	2	2	0	3	0	33
chr2	59932171	59933411	2	2	1	54	0	31
chr2	59932171	59933670	2	2	1	16	0	39
chr2	59933439	59933670	2	2	1	56	0	28
chr2	71849507	71853533	1	1	1	14	0	39
chr2	71849507	71855853	1	1	1	2660	1	44
chr2	71853664	71855853	1	1	1	15	0	41
chr2	75662926	75663570	1	1	1	2	0	19
chr2	91001089	91001461	1	1	1	1046	2	34
chr2	91001089	91003299	1	1	0	4	0	33
chr2	91001511	91003210	1	1	1	1026	2	21
chr2	91001511	91003299	1	1	0	2	0	46
chr2	91003346	91003810	1	1	1	18	0	36
chr2	91159306	91160316	2	2	1	13	0	47
chr2	91159306	91162027	2	2	1	207	1	47
chr2	91160371	91162027	2	2	1	13	0	38
chr2	91681696	91684668	2	2	1	664	1	50
chr2	119692227	119701117	1	1	1	1	0	17
chr2	153670448	153670848	1	1	1	69	0	42
chr2	153670909	153672215	1	1	1	65	0	50
chr2	168752741	168754433	2	2	1	10633	14	46
chr3	60613521	60614682	1	1	1	73	0	44
chr3	60613521	60615619	1	1	1	13	0	44
chr3	60614737	60615619	1	1	1	72	0	38
chr3	87733505	87734423	1	1	1	1	0	39
chr3	87733505	87735344	1	1	0	227	0	42
chr3	87734553	87735344	1	1	1	1	0	37
chr3	88483947	88484046	2	2	1	147	3	38
chr3	88484155	88484614	2	2	1	150	3	39
chr3	88484666	88537145	2	2	0	0	2	12
chr3	90392369	90392527	2	2	1	1	0	43
chr3	119724187	119724611	2	2	1	2370	3	34
chr3	119724187	119726065	2	2	1	5	0	29
chr3	119724646	119726065	2	2	1	2449	3	38
chr3	139632407	139650143	2	2	0	0	1	13
chr4	31992517	31994873	1	1	1	2134	1	42
chr4	31992517	32002088	1	1	1	840	0	49
chr4	31994955	32002088	1	1	1	2120	1	50
chr4	107009769	107027216	1	1	1	15	0	38
chr4	107009769	107028192	1	1	1	128	0	43
chr4	107009769	107028217	1	1	0	3	0	35
chr4	107027298	107028192	1	1	1	19	0	41
chr4	147883754	147885452	2	2	1	1	0	36
chr5	23565266	23616326	2	2	1	173	0	46
chr5	72958287	72974530	1	1	1	18	0	41
chr5	116482537	116591333	2	2	1	2	0	50
chr5	145131517	145132858	2	2	1	1	0	16
chr5	149184807	149185484	1	1	1	1	0	43
chr5	149184807	149187707	1	1	1	30	0	43
chr5	149184807	149188344	1	1	1	355	1	44
chr5	149187835	149188344	1	1	1	3	0	39
chr5	149187877	149188344	1	1	1	26	0	39
chr6	72634223	72648800	2	2	0	2	0	42
chr6	72634233	72648800	2	2	1	2364	2	42
chr6	72634233	72649119	2	2	1	4883	3	43
chr6	72648843	72649119	2	2	1	2353	2	42
chr6	98939789	98940994	2	2	1	6	0	45
chr6	98939789	98941535	2	2	1	73	0	46
chr6	98939789	98944618	2	2	0	18	0	45
chr6	98941165	98944618	2	2	0	6	0	36
chr6	98941658	98944618	2	2	1	75	0	36
chr6	125162102	125162211	2	2	1	456	15	36
chr6	128371086	128371967	1	1	1	1734	0	44
chr6	128371086	128372504	1	1	0	1	0	40
chr6	128371086	128372530	1	1	1	99	1	49
chr6	128371086	128372533	1	1	1	802	0	46
chr6	128371086	128372536	1	1	0	3	0	43
chr6	128372013	128372504	1	1	0	2	0	26
chr6	128372013	128372530	1	1	1	234	0	47
chr6	128372013	128372533	1	1	1	1473	0	46
chr6	128372013	128372536	1	1	0	1	0	17
chr6	128372018	128372530	1	1	0	3	0	49
chr6	128372018	128372533	1	1	0	22	0	46
chr7	67240441	67244520	2	2	1	10	0	24
chr7	67240441	67251656	2	2	1	669	3	45
chr7	67244545	67251656	2	2	1	10	0	24
chr7	101405603	102001614	1	1	0	7	0	13
chr7	102001660	102002294	1	1	1	320	0	43
chr7	102001660	102007485	1	1	1	4833	2	47
chr7	102002337	102007485	1	1	1	319	0	42
chr7	112839481	112841887	1	1	1	12	1	41
chr7	112839481	112842039	1	1	1	306	2	41
chr7	112839481	112856052	1	1	1	3	0	12
chr7	112839481	112856797	1	1	1	42	0	41
chr7	112841906	112842057	1	1	0	0	1	18
chr7	112841951	112856052	1	1	1	3	0	12
chr7	112841951	112856797	1	1	0	3	0	37
chr7	112842103	112856052	1	1	1	22	0	12
chr7	112842103	112856797	1	1	1	289	2	38
chr7	112856065	112856797	1	1	1	30	0	14
chr7	127980247	127981190	1	1	1	5	0	2
chr7	127981292	127981410	1	1	1	5	0	6
chr7	144861833	144862231	1	1	1	871	2	39
chr7	144861837	144862231	1	1	0	1	0	32
chr7	144862267	144862764	1	1	0	5	0	35
chr7	144862267	144862795	1	1	0	1	0	33
chr7	144862336	144862764	1	1	1	851	2	44
chr8	25532429	25557730	1	1	1	5	0	44
chr8	25555775	25557730	1	1	1	2	0	37
chr8	72219861	72219940	1	1	1	1	0	30
chr8	95100453	95100646	2	2	1	236	2	31
chr8	95100453	95101408	2	2	0	420	0	46
chr8	95100674	95101408	2	2	1	236	2	42
chr8	123268550	123268744	2	2	1	153	0	49
chr9	43027296	43040539	2	2	1	39	0	38
chr9	43027296	43042590	2	2	1	306	1	45
chr9	43040597	43042590	2	2	1	39	0	45
chr9	80093642	80098885	1	1	1	2182	2	27
chr9	80093642	80098892	1	1	0	38	0	14
chr9	80093642	80103693	1	1	1	8419	10	47
chr9	80098907	80103693	1	1	1	2218	2	24
chr9	80098907	80103698	1	1	0	1	0	21
chr9	114597607	114597794	2	2	1	356	0	38
chr9	114597607	114598704	2	2	0	541	0	42
chr9	114597831	114598704	2	2	1	355	0	38
chr9	123011638	123013939	1	1	1	1	0	29
chr10	4089396	4089995	1	1	1	1	0	33
chr10	33808629	33808654	1	1	0	1	0	12
chr11	26778879	26787397	2	2	0	0	1	13
chr11	79458907	79463232	1	1	1	36	0	44
chr11	79458907	79468716	1	1	1	58	0	42
chr11	79463296	79468716	1	1	1	34	0	38
chr11	79468155	79468716	1	1	1	1	0	38
chr11	94112147	94113262	1	1	1	24	0	21
chr11	94112147	94114172	1	1	1	363	1	32
chr11	94113302	94114172	1	1	1	25	0	39
chr11	102310333	102310442	2	2	1	1	0	36
chr11	102310577	102310925	2	2	1	117	0	42
chr11	102310577	102311379	2	2	1	514	0	45
chr11	102311037	102311379	2	2	1	118	0	45
chr12	71952560	71959805	1	1	1	306	0	44
chr12	71952560	71959809	1	1	0	1	0	45
chr12	83811361	83825258	2	2	1	442	1	37
chr12	83811361	83831921	2	2	1	349	1	42
chr12	83825292	83831921	2	2	1	442	1	38
chr12	83825334	83831921	2	2	0	1	0	38
chr12	113133338	113133495	1	1	0	13	0	45
chr12	113133338	113133540	1	1	1	388	0	39
chr12	113133338	113134186	1	1	0	1	0	42
chr12	113133338	113135796	1	1	1	1261	0	29
chr12	113133571	113135796	1	1	0	1	0	29
chr12	113133577	113134186	1	1	0	1	0	28
chr12	113133577	113135796	1	1	1	373	0	29
chr12	113134231	113135796	1	1	0	2	0	29
chr13	46778990	46780625	2	2	0	1	0	39
chr13	46778994	46780625	2	2	1	567	0	43
chr13	46778994	46785245	2	2	1	3253	11	48
chr13	46780665	46785245	2	2	1	568	0	39
chr13	56084286	56088251	2	2	1	1	0	40
chr13	56084286	56089757	2	2	1	20	0	40
chr13	56084286	56096123	2	2	0	1	0	40
chr13	56088343	56096123	2	2	1	1	0	38
chr13	56089858	56096123	2	2	1	18	0	41
chr14	57643224	57643334	2	2	1	1	0	39
chr14	57643224	57648418	2	2	1	267	0	47
chr14	57643490	57648418	2	2	1	1	0	38
chr14	120389164	120395711	1	1	1	437	0	39
chr14	120389164	120395717	1	1	0	2	0	38
chr14	120389164	120396450	1	1	1	91	0	48
chr14	120395766	120396450	1	1	1	477	0	48
chr15	77102940	77105576	2	2	1	232	0	41
chr15	77102940	77113604	2	2	1	20	0	44
chr15	77105670	77113604	2	2	1	236	0	48
chr16	57178021	57181491	2	2	1	39	1	43
chr16	57178021	57182850	2	2	1	1462	4	44
chr16	57181537	57182850	2	2	1	39	1	37
chr16	84831508	84833993	2	2	1	1	0	3
chr16	94686604	94691580	1	1	1	3	0	45
chr17	12979205	13846588	1	1	0	35	0	12
chr17	13846640	13848306	1	1	0	1	0	38
chr17	13846640	13848354	1	1	1	386	0	21
chr17	13846640	13849107	1	1	1	14025	13	47
chr17	13846640	13849113	1	1	0	44	0	47
chr17	13848376	13849107	1	1	1	387	0	41
chr17	45570567	45570665	2	2	1	1401	4	48
chr17	45570800	45571017	2	2	1	1410	4	21
chr18	10726534	10740982	1	1	1	3	0	15
chr18	53948155	53948644	1	1	1	1864	1	28
chr18	53948155	53953244	1	1	1	13315	6	44
chr18	53948666	53953244	1	1	0	2	0	21
chr18	53948669	53953244	1	1	1	1858	1	30
chr18	53949263	53953244	1	1	0	1	0	37
chr19	7281256	7281797	2	4	1	59	1	40
chr19	7281256	7282725	2	2	1	335	0	36
chr19	7281960	7282725	2	2	1	65	1	35
