chr1	34295537	34296741	1	1	1	136	0	18
chr1	34295537	34299720	1	1	1	46	0	39
chr1	34296760	34299720	1	1	1	136	0	18
chr1	40010678	40011649	1	1	1	174	0	32
chr1	40010678	40011783	1	1	0	1	0	21
chr1	40010678	40011787	1	1	0	1	0	21
chr1	40010678	40011811	1	1	0	1	0	21
chr1	40010678	40014105	1	1	1	53	0	32
chr1	40011842	40014105	1	1	1	172	0	38
chr1	58558058	58565856	2	2	1	1	0	21
chr1	58565955	58586211	2	2	1	1	0	46
chr1	82735508	82741817	1	1	1	2	0	40
chr1	82735508	82747082	1	1	1	3	0	40
chr1	82735508	82750519	1	1	1	71	1	41
chr1	82741977	82750519	1	1	1	1	0	38
chr1	82747143	82750519	1	1	1	3	0	38
chr2	32292216	32293314	1	1	1	30	0	43
chr2	32292216	32296625	1	1	1	190	0	47
chr2	32293396	32296625	1	1	1	30	0	39
chr2	59932171	59933405	2	2	0	90	0	37
chr2	59932171	59933411	2	2	1	530	1	32
chr2	59932171	59933670	2	2	1	1	0	37
chr2	59933439	59933670	2	2	1	604	1	28
chr2	71849507	71853533	1	1	1	762	2	41
chr2	71849507	71853890	1	1	0	2	0	39
chr2	71849507	71855853	1	1	1	3680	7	43
chr2	71853664	71855853	1	1	1	801	2	47
chr2	71853664	71855868	1	1	0	1	0	46
chr2	71853948	71855853	1	1	0	2	0	40
chr2	75662926	75663570	1	1	1	5	0	43
chr2	91001089	91001461	1	1	1	1287	1	27
chr2	91001511	91003210	1	1	1	1260	1	25
chr2	91001511	91003299	1	1	0	6	0	46
chr2	91003238	91003810	1	1	0	2	0	27
chr2	91003346	91003810	1	1	1	58	0	36
chr2	91159300	91162027	2	2	0	2	0	41
chr2	91159306	91160316	2	2	1	349	0	47
chr2	91159306	91162027	2	2	1	517	1	47
chr2	91160371	91162027	2	2	1	346	0	40
chr2	91160371	91162060	2	2	0	1	0	28
chr2	91681696	91684668	2	2	1	280	0	50
chr2	153670448	153672215	1	1	1	1	0	50
chr3	60422418	60613472	1	1	0	0	3	15
chr3	60613521	60614682	1	1	1	1243	2	45
chr3	60613521	60614688	1	1	0	2	0	44
chr3	60613521	60615619	1	1	1	868	4	45
chr3	60614737	60615619	1	1	1	1248	2	40
chr3	87733505	87734423	1	1	1	21	0	39
chr3	87733505	87735344	1	1	0	12	0	39
chr3	87734553	87735344	1	1	1	21	0	37
chr3	88483947	88484046	2	2	1	435	0	38
chr3	88483947	88484614	2	2	0	1	0	38
chr3	88484155	88484614	2	2	1	426	0	44
chr3	88484329	88484614	2	2	0	1	0	36
chr3	119724187	119724611	2	2	1	6626	3	34
chr3	119724187	119726065	2	2	1	19	0	29
chr3	119724646	119726065	2	2	1	6778	3	39
chr3	119726116	120643502	2	2	0	6	0	13
chr3	129825617	129826823	2	2	1	1	0	36
chr4	31992517	31994873	1	1	1	416	0	39
chr4	31992517	32002088	1	1	1	5007	10	50
chr4	31994955	32002088	1	1	1	413	0	49
chr4	107009769	107027216	1	1	1	16	0	38
chr4	107009769	107028192	1	1	1	77	0	42
chr4	107027298	107028192	1	1	1	21	0	41
chr5	23565266	23610849	2	2	0	1	0	37
chr5	23565266	23616326	2	2	1	809	0	46
chr5	23610909	23616326	2	2	0	1	0	45
chr5	72958287	72965803	1	1	1	1	0	37
chr5	72958287	72974530	1	1	1	102	0	42
chr5	72965882	72974530	1	1	1	1	0	41
chr5	116482537	116591333	2	2	1	998	5	50
chr5	149184807	149187707	1	1	1	42	0	43
chr5	149184807	149188344	1	1	1	748	2	45
chr5	149187835	149188344	1	1	1	2	0	39
chr5	149187877	149188344	1	1	1	40	0	39
chr6	47577668	47594893	2	2	1	1	0	12
chr6	98939789	98941535	2	2	1	271	0	45
chr6	98939789	98944618	2	2	0	14	0	45
chr6	98941658	98944618	2	2	1	273	0	36
chr6	125162102	125162211	2	2	1	672	18	43
chr6	128371086	128371967	1	1	1	3207	3	44
chr6	128371086	128372504	1	1	0	1	0	39
chr6	128371086	128372530	1	1	1	2	0	49
chr6	128371086	128372533	1	1	1	9	0	46
chr6	128372013	128372504	1	1	0	20	0	26
chr6	128372013	128372509	1	1	0	4	0	31
chr6	128372013	128372530	1	1	1	412	0	49
chr6	128372013	128372533	1	1	1	2736	3	46
chr6	128372018	128372530	1	1	0	2	0	49
chr6	128372018	128372533	1	1	0	41	0	46
chr6	128372208	128372530	1	1	0	1	0	49
chr7	67240441	67244520	2	2	1	136	0	24
chr7	67240441	67251656	2	2	1	846	0	44
chr7	67240443	67251659	1	1	0	1	0	41
chr7	67244545	67251656	2	2	1	136	0	24
chr7	99849060	99858763	2	2	1	1	0	27
chr7	101405603	102001614	1	1	0	4	0	13
chr7	102001660	102002294	1	1	1	1846	2	44
chr7	102001660	102007485	1	1	1	809	0	44
chr7	102001665	102002300	1	1	0	0	2	36
chr7	102002337	102007485	1	1	1	1857	2	42
chr7	112839481	112841887	1	1	1	12	1	41
chr7	112839481	112842039	1	1	1	170	1	41
chr7	112839481	112856052	1	1	1	6	0	12
chr7	112839481	112856797	1	1	1	6	0	41
chr7	112841906	112842057	1	1	0	0	1	18
chr7	112841951	112856052	1	1	1	5	0	12
chr7	112842103	112856052	1	1	1	176	1	12
chr7	112842103	112856797	1	1	1	4	0	37
chr7	112853329	112856052	1	1	0	1	0	12
chr7	112856065	112856797	1	1	1	188	1	12
chr7	127980247	127981190	1	1	1	20	0	30
chr7	127981292	127981410	1	1	1	17	0	22
chr8	25532429	25555507	1	1	1	1	0	44
chr8	25555775	25557730	1	1	1	3	0	37
chr8	72219861	72219940	1	1	1	1	0	30
chr8	91688606	91932332	1	1	0	4	0	13
chr8	95100453	95100646	2	2	1	956	1	32
chr8	95100453	95101408	2	2	0	177	0	46
chr8	95100674	95101408	2	2	1	956	1	44
chr8	123268550	123268744	2	2	1	258	0	49
chr9	43027296	43040539	2	2	1	161	0	45
chr9	43027296	43042590	2	2	1	216	0	45
chr9	43040597	43042590	2	2	1	160	0	45
chr9	80093642	80098885	1	1	1	7783	6	29
chr9	80093642	80098892	1	1	0	192	0	19
chr9	80093642	80103693	1	1	1	190	0	45
chr9	80098907	80103693	1	1	1	7975	6	24
chr9	80098907	80103698	1	1	0	2	0	21
chr9	80101891	80103693	1	1	0	1	0	38
chr9	114597607	114597794	2	2	1	524	1	39
chr9	114597607	114598704	2	2	0	26	0	43
chr9	114597825	114598704	2	2	0	5	0	30
chr9	114597831	114598704	2	2	1	517	1	38
chr11	26778879	26787397	2	2	0	0	1	13
chr11	79458907	79463232	1	1	1	29	0	42
chr11	79458907	79468716	1	1	1	282	0	43
chr11	79463296	79468716	1	1	1	30	0	39
chr11	83497297	83497893	1	1	1	1	0	33
chr11	83497927	83499072	1	1	1	1	0	33
chr11	94112147	94113262	1	1	1	85	0	21
chr11	94112147	94114172	1	1	1	324	1	32
chr11	94113302	94114172	1	1	1	90	0	39
chr11	102310577	102310925	2	2	1	103	0	42
chr11	102310577	102311379	2	2	1	1026	1	47
chr11	102310577	102311403	2	2	0	1	0	21
chr11	102311037	102311379	2	2	1	104	0	45
chr12	65036469	65042460	1	1	1	1	0	32
chr12	71952560	71958746	1	1	1	70	0	27
chr12	71952560	71959805	1	1	1	85	0	43
chr12	71958774	71959805	1	1	1	70	0	27
chr12	83811361	83811669	2	2	0	1	0	37
chr12	83811361	83825258	2	2	1	97	0	33
chr12	83811361	83831921	2	2	1	503	0	41
chr12	83825292	83831921	2	2	1	98	0	36
chr12	110694705	110695051	2	2	1	1	0	23
chr12	112928622	113133308	1	1	0	0	5	13
chr12	113133338	113133495	1	1	0	121	11	43
chr12	113133338	113133540	1	1	1	1876	61	43
chr12	113133338	113135796	1	1	1	14	0	29
chr12	113133577	113134800	1	1	0	7	0	14
chr12	113133577	113135796	1	1	1	1939	72	29
chr12	113134813	113135796	1	1	0	6	0	12
chr13	46778990	46780625	2	2	0	1	0	39
chr13	46778994	46780545	2	2	0	1	0	28
chr13	46778994	46780625	2	2	1	598	0	43
chr13	46778994	46785245	2	2	1	3169	6	45
chr13	46780665	46785245	2	2	1	597	0	39
chr13	56084286	56088251	2	2	1	0	1	7
chr13	56084286	56089757	2	2	1	58	1	41
chr13	56084286	56096123	2	2	0	2	0	40
chr13	56089858	56096123	2	2	1	57	1	41
chr14	57643191	57648418	2	2	0	1	0	29
chr14	57643224	57643334	2	2	1	5	0	39
chr14	57643224	57648418	2	2	1	199	0	40
chr14	57643490	57648418	2	2	1	5	0	38
chr14	101654106	101654207	1	1	1	1	0	12
chr14	101654220	101665760	1	1	1	1	0	12
chr14	120389164	120395711	1	1	1	330	1	40
chr14	120389164	120396450	1	1	1	568	2	48
chr14	120395766	120396450	1	1	1	341	1	48
chr15	39113052	39119344	1	1	0	1	0	25
chr15	39119453	39123212	1	1	1	1	0	48
chr15	77102940	77105576	2	2	1	321	0	42
chr15	77102940	77113604	2	2	1	24	0	48
chr15	77105670	77113604	2	2	1	319	0	49
chr15	103242719	103243624	1	1	1	0	2	33
chr16	57178009	57181491	2	2	0	2	0	45
chr16	57178021	57181491	2	2	1	547	0	45
chr16	57178021	57182850	2	2	1	287	0	44
chr16	57181511	57182850	2	2	0	1	0	19
chr16	57181537	57182850	2	2	1	545	0	34
chr17	12979205	13846588	1	1	0	38	0	12
chr17	13846613	13848354	1	1	0	3	0	21
chr17	13846640	13848354	1	1	1	4594	6	25
chr17	13846640	13849107	1	1	1	5024	4	46
chr17	13846640	13849113	1	1	0	17	0	47
chr17	13848376	13849107	1	1	1	4584	6	29
chr17	13848376	13849113	1	1	0	10	0	21
chr17	13849663	13850779	1	1	1	1	0	1
chr17	45570567	45570665	2	2	1	788	4	42
chr17	45570800	45571017	2	2	1	923	4	23
chr18	53948155	53948381	1	1	0	1	0	39
chr18	53948155	53948644	1	1	1	11455	12	29
chr18	53948155	53948651	1	1	0	1	0	17
chr18	53948155	53953244	1	1	1	2103	1	45
chr18	53948162	53948644	1	1	0	1	0	24
chr18	53948447	53948644	1	1	0	1	0	13
chr18	53948666	53953244	1	1	0	12	0	21
chr18	53948669	53953244	1	1	1	11438	12	37
chr18	53948669	53953268	1	1	0	1	0	24
chr19	7281256	7281797	2	4	1	175	0	39
chr19	7281256	7282725	2	2	1	693	1	35
chr19	7281960	7282725	2	2	1	181	0	26
chrX	159414893	159443922	1	1	1	1	0	35
