chr1	34295537	34296741	1	1	1	90	0	18
chr1	34295537	34299720	1	1	1	8	0	38
chr1	34296760	34299720	1	1	1	90	0	19
chr1	40010678	40011649	1	1	1	126	1	32
chr1	40010678	40011783	1	1	0	1	0	21
chr1	40010678	40011787	1	1	0	2	0	21
chr1	40010678	40011811	1	1	0	1	0	21
chr1	40010678	40014105	1	1	1	37	1	32
chr1	40011842	40014105	1	1	1	127	1	38
chr1	82735508	82741817	1	1	1	1	0	14
chr1	82735508	82750519	1	1	1	86	0	41
chr1	178329408	178329867	2	2	1	1	0	14
chr2	32292216	32293314	1	1	1	15	0	44
chr2	32292216	32296625	1	1	1	80	0	47
chr2	32293396	32296625	1	1	1	15	0	38
chr2	59926161	59932104	2	2	1	1	0	20
chr2	59932171	59933405	2	2	0	102	0	37
chr2	59932171	59933411	2	2	1	436	0	31
chr2	59932171	59933670	2	2	1	3	0	32
chr2	59933439	59933670	2	2	1	526	0	31
chr2	71849507	71853533	1	1	1	831	0	40
chr2	71849507	71853875	1	1	0	1	0	15
chr2	71849507	71853890	1	1	0	1	0	39
chr2	71849507	71855853	1	1	1	3124	7	44
chr2	71853664	71855853	1	1	1	844	1	42
chr2	71853891	71855853	1	1	0	3	0	40
chr2	71853948	71855853	1	1	0	1	0	40
chr2	75662926	75663570	1	1	1	4	0	36
chr2	91001089	91001461	1	1	1	835	0	24
chr2	91001089	91003299	1	1	0	8	0	33
chr2	91001511	91003210	1	1	1	834	0	43
chr2	91003238	91003810	1	1	0	2	0	27
chr2	91003346	91003810	1	1	1	30	0	36
chr2	91159306	91160316	2	2	1	239	0	47
chr2	91159306	91162027	2	2	1	516	1	47
chr2	91160371	91162027	2	2	1	238	0	39
chr2	91681696	91682025	2	2	1	2	0	50
chr2	91681696	91684668	2	2	1	225	1	50
chr2	91682110	91684668	2	2	0	2	0	38
chr2	153670448	153670848	1	1	1	1	0	42
chr2	153670448	153672215	1	1	1	4	0	50
chr2	153670909	153672215	1	1	1	1	0	50
chr3	52174058	52613599	2	2	0	0	4	13
chr3	60357579	60613472	1	1	0	5	0	15
chr3	60613521	60614682	1	1	1	2393	2	45
chr3	60613521	60615619	1	1	1	2331	2	45
chr3	60614737	60615619	1	1	1	2399	2	43
chr3	87733505	87734423	1	1	1	12	0	39
chr3	87733505	87735344	1	1	0	32	0	39
chr3	87734553	87735344	1	1	1	12	0	37
chr3	88483947	88484046	2	2	1	404	0	39
chr3	88483947	88484614	2	2	0	1	0	38
chr3	88484155	88484614	2	2	1	396	0	39
chr3	119724187	119724611	2	2	1	5163	8	34
chr3	119724187	119726065	2	2	1	20	0	29
chr3	119724646	119726065	2	2	1	5308	9	38
chr4	31992517	31994873	1	1	1	349	0	40
chr4	31992517	32002088	1	1	1	4133	1	49
chr4	31994955	32002088	1	1	1	348	0	49
chr4	107009769	107027216	1	1	1	15	0	39
chr4	107009769	107028192	1	1	1	271	0	42
chr4	107027298	107028192	1	1	1	18	0	41
chr5	23565266	23616326	2	2	1	938	2	46
chr5	72958287	72965803	1	1	1	3	0	40
chr5	72958287	72974530	1	1	1	84	0	41
chr5	72965882	72974530	1	1	1	3	0	41
chr5	116482537	116591333	2	2	1	913	3	50
chr5	116591378	116594447	2	2	0	1	0	14
chr5	149184807	149185484	1	1	1	1	0	42
chr5	149184807	149187707	1	1	1	36	0	43
chr5	149184807	149188344	1	1	1	810	2	45
chr5	149185662	149188344	1	1	0	1	0	39
chr5	149187835	149188344	1	1	1	2	0	39
chr5	149187877	149188344	1	1	1	33	0	40
chr5	149188474	149193839	1	1	1	1	0	25
chr6	47577668	47594893	2	2	1	1	0	17
chr6	98939789	98940994	2	2	1	2	0	45
chr6	98939789	98941535	2	2	1	229	0	46
chr6	98939789	98944618	2	2	0	12	0	45
chr6	98941165	98944618	2	2	0	2	0	36
chr6	98941658	98944618	2	2	1	231	0	37
chr6	125162102	125162211	2	2	1	467	24	36
chr6	128371086	128371882	1	1	0	1	0	37
chr6	128371086	128371967	1	1	1	4318	2	45
chr6	128371086	128372530	1	1	1	1	0	49
chr6	128371086	128372533	1	1	1	20	0	46
chr6	128372013	128372504	1	1	0	42	0	26
chr6	128372013	128372509	1	1	0	8	0	31
chr6	128372013	128372530	1	1	1	551	0	49
chr6	128372013	128372533	1	1	1	3671	2	46
chr6	128372013	128372536	1	1	0	3	0	43
chr6	128372018	128372530	1	1	0	7	0	49
chr6	128372018	128372533	1	1	0	40	0	46
chr7	67240441	67244520	2	2	1	266	1	24
chr7	67240441	67251656	2	2	1	2016	3	48
chr7	67244545	67251656	2	2	1	266	1	24
chr7	102001660	102002294	1	1	1	909	0	43
chr7	102001660	102007485	1	1	1	351	1	44
chr7	102001665	102002300	1	1	0	1	0	36
chr7	102002337	102007485	1	1	1	914	0	40
chr7	112839481	112841887	1	1	1	5	0	41
chr7	112839481	112842039	1	1	1	140	0	42
chr7	112839481	112856052	1	1	1	4	0	12
chr7	112839481	112856797	1	1	1	4	0	41
chr7	112841951	112856052	1	1	1	3	0	12
chr7	112842103	112856052	1	1	1	139	0	12
chr7	112842103	112856797	1	1	1	5	0	37
chr7	112856065	112856797	1	1	1	146	0	12
chr7	127980247	127981190	1	1	1	20	0	5
chr7	127981292	127981410	1	1	1	22	0	28
chr8	25532429	25557730	1	1	1	8	0	44
chr8	25555775	25557730	1	1	1	1	0	37
chr8	95100453	95100646	2	2	1	945	2	46
chr8	95100453	95101408	2	2	0	124	0	46
chr8	95100674	95101408	2	2	1	944	1	42
chr8	95100700	95101408	2	2	0	2	1	44
chr8	95101447	95139983	2	2	0	0	2	15
chr8	123268550	123268744	2	2	1	222	0	46
chr9	43027296	43040539	2	2	1	164	0	38
chr9	43027296	43042590	2	2	1	188	0	46
chr9	43040593	43042590	2	2	0	1	0	43
chr9	43040597	43042590	2	2	1	161	0	46
chr9	80093642	80098885	1	1	1	7910	2	26
chr9	80093642	80098892	1	1	0	184	0	20
chr9	80093642	80103693	1	1	1	295	0	45
chr9	80098907	80101831	1	1	0	1	0	21
chr9	80098907	80103693	1	1	1	8097	2	29
chr9	80098907	80103698	1	1	0	5	0	21
chr9	80101891	80103693	1	1	0	1	0	37
chr9	80103765	80111310	1	1	1	1	0	14
chr9	114597607	114597794	2	2	1	513	0	39
chr9	114597607	114598704	2	2	0	31	0	42
chr9	114597825	114598704	2	2	0	8	0	30
chr9	114597831	114598704	2	2	1	505	0	36
chr11	79458907	79463232	1	1	1	21	0	42
chr11	79458907	79468716	1	1	1	172	0	43
chr11	79463296	79468716	1	1	1	21	0	39
chr11	94112147	94113262	1	1	1	115	0	23
chr11	94112147	94114172	1	1	1	393	0	32
chr11	94113302	94114172	1	1	1	119	0	39
chr11	102310577	102310925	2	2	1	61	0	43
chr11	102310577	102311379	2	2	1	741	1	46
chr11	102311037	102311379	2	2	1	58	0	45
chr12	71952560	71958746	1	1	1	58	0	27
chr12	71952560	71959805	1	1	1	60	0	43
chr12	71958774	71959805	1	1	1	58	0	29
chr12	83811361	83825258	2	2	1	57	0	33
chr12	83811361	83831921	2	2	1	469	0	41
chr12	83825292	83831921	2	2	1	58	0	37
chr12	113133338	113133495	1	1	0	149	16	43
chr12	113133338	113133540	1	1	1	2223	67	39
chr12	113133338	113135796	1	1	1	4	0	29
chr12	113133577	113134186	1	1	0	5	0	28
chr12	113133577	113134800	1	1	0	16	0	14
chr12	113133577	113135796	1	1	1	2283	83	29
chr12	113134231	113135796	1	1	0	5	0	29
chr12	113134813	113135796	1	1	0	14	0	12
chr13	46778990	46785245	2	2	0	2	0	44
chr13	46778994	46780545	2	2	0	3	0	40
chr13	46778994	46780625	2	2	1	792	1	44
chr13	46778994	46785245	2	2	1	2467	3	46
chr13	46780665	46785245	2	2	1	797	1	40
chr13	56084286	56089757	2	2	1	60	0	41
chr13	56089858	56096123	2	2	1	62	0	41
chr14	57643224	57643334	2	2	1	2	0	39
chr14	57643224	57648418	2	2	1	128	0	47
chr14	57643490	57648418	2	2	1	2	0	38
chr14	101654106	101654207	1	1	1	1	0	1
chr14	101665890	101666511	1	1	1	1	0	7
chr14	120389158	120395711	1	1	0	1	0	36
chr14	120389164	120395711	1	1	1	282	1	39
chr14	120389164	120396450	1	1	1	516	0	48
chr14	120395766	120396450	1	1	1	296	1	48
chr15	77102940	77105576	2	2	1	224	0	42
chr15	77102940	77113604	2	2	1	20	0	48
chr15	77105670	77113604	2	2	1	223	0	48
chr15	103242719	103242921	1	1	1	0	1	33
chr16	57178021	57181491	2	2	1	356	0	45
chr16	57178021	57182850	2	2	1	124	0	43
chr16	57181507	57182850	2	2	0	1	0	15
chr16	57181537	57182850	2	2	1	355	0	34
chr16	84831508	84834808	2	2	1	2	0	44
chr17	12979205	13846588	1	1	0	74	3	12
chr17	13846640	13848354	1	1	1	4270	6	22
chr17	13846640	13848358	1	1	0	7	0	17
chr17	13846640	13849107	1	1	1	3661	4	45
chr17	13846640	13849113	1	1	0	31	0	47
chr17	13848376	13849107	1	1	1	4257	6	29
chr17	13848376	13849113	1	1	0	20	0	21
chr17	45570567	45570665	2	2	1	691	2	39
chr17	45570800	45571017	2	2	1	752	0	23
chr18	53948155	53948381	1	1	0	1	0	39
chr18	53948155	53948644	1	1	1	15030	16	28
chr18	53948155	53949213	1	1	0	1	0	39
chr18	53948155	53953244	1	1	1	2743	6	45
chr18	53948155	53953268	1	1	0	2	0	40
chr18	53948162	53948651	1	1	0	1	0	17
chr18	53948447	53948644	1	1	0	1	0	13
chr18	53948666	53953244	1	1	0	14	0	21
chr18	53948669	53949213	1	1	0	1	0	15
chr18	53948669	53953244	1	1	1	15006	14	40
chr18	53948669	53953268	1	1	0	1	0	24
chr18	53949263	53953244	1	1	0	2	0	37
chr19	7281256	7281797	2	4	1	300	1	40
chr19	7281256	7282725	2	2	1	1912	1	36
chr19	7281960	7282725	2	2	1	312	1	35
