chr1	34295537	34296741	1	1	1	44	0	18
chr1	34295537	34299720	1	1	1	218	0	41
chr1	34296760	34299720	1	1	1	44	0	18
chr1	40010678	40011649	1	1	1	23	0	21
chr1	40010678	40014105	1	1	1	68	2	32
chr1	40011842	40014105	1	1	1	23	0	37
chr1	82735508	82747082	1	1	1	4	0	40
chr1	82735508	82750519	1	1	1	82	0	40
chr1	82747143	82750519	1	1	1	4	0	38
chr2	32292216	32293314	1	1	1	2	0	43
chr2	32292216	32296625	1	1	1	83	0	44
chr2	32293396	32296625	1	1	1	2	0	38
chr2	59926161	59932104	2	2	1	1	0	20
chr2	59932171	59933405	2	2	0	5	0	33
chr2	59932171	59933411	2	2	1	73	0	31
chr2	59932171	59933670	2	2	1	13	0	39
chr2	59933439	59933670	2	2	1	76	0	28
chr2	71849507	71853533	1	1	1	43	0	39
chr2	71849507	71855853	1	1	1	1954	3	42
chr2	71853664	71855853	1	1	1	43	0	40
chr2	75662926	75663570	1	1	1	7	0	38
chr2	91001089	91001461	1	1	1	537	1	25
chr2	91001089	91003299	1	1	0	2	0	33
chr2	91001511	91003210	1	1	1	530	1	25
chr2	91003238	91003810	1	1	0	2	0	27
chr2	91003346	91003810	1	1	1	12	0	36
chr2	91159306	91162027	2	2	1	201	0	47
chr2	91681696	91682025	2	2	1	2	0	50
chr2	91681696	91684668	2	2	1	719	0	50
chr2	91682110	91684668	2	2	0	2	0	38
chr2	153670448	153670848	1	1	1	58	0	43
chr2	153670448	153672215	1	1	1	2	0	50
chr2	153670909	153672215	1	1	1	56	0	50
chr2	168752741	168754433	2	2	1	13790	12	46
chr3	60613521	60614682	1	1	1	131	1	44
chr3	60613521	60615619	1	1	1	39	0	44
chr3	60614737	60615619	1	1	1	131	1	38
chr3	87733505	87734423	1	1	1	4	0	39
chr3	87733505	87735344	1	1	0	153	0	41
chr3	87734553	87735344	1	1	1	4	0	37
chr3	88483947	88484046	2	2	1	167	0	40
chr3	88484155	88484614	2	2	1	165	0	39
chr3	119724187	119724611	2	2	1	2202	3	34
chr3	119724187	119726065	2	2	1	4	0	29
chr3	119724646	119726065	2	2	1	2238	3	38
chr3	119726116	119820407	2	2	0	2	0	13
chr3	142948246	142963375	2	2	0	0	1	13
chr4	31992517	31993403	1	1	0	3	0	21
chr4	31992517	31994873	1	1	1	1491	1	40
chr4	31992517	32002088	1	1	1	669	0	49
chr4	31993425	31994873	1	1	0	3	0	17
chr4	31994955	32002088	1	1	1	1497	1	49
chr4	31995011	32002088	1	1	1	1	0	48
chr4	46468788	46469882	1	1	1	1	0	35
chr4	107009769	107027216	1	1	1	46	0	41
chr4	107009769	107028192	1	1	1	265	0	44
chr4	107027298	107028192	1	1	1	50	0	41
chr4	139473637	139476130	1	1	1	1	0	13
chr5	23565266	23616326	2	2	1	219	0	45
chr5	72958287	72965803	1	1	1	2	0	37
chr5	72958287	72974530	1	1	1	36	0	42
chr5	72965882	72974530	1	1	1	2	0	41
chr5	108433338	108433730	2	2	1	1	0	14
chr5	116482537	116591333	2	2	1	1	0	50
chr5	149184807	149185349	1	1	0	1	0	43
chr5	149184807	149187707	1	1	1	29	0	43
chr5	149184807	149188344	1	1	1	233	1	44
chr5	149187835	149188344	1	1	1	6	0	39
chr5	149187877	149188344	1	1	1	23	0	39
chr5	149187877	149188357	1	1	0	1	0	49
chr6	72633011	72633215	2	2	1	1	0	6
chr6	72634233	72634303	2	2	0	2	0	37
chr6	72634233	72648800	2	2	1	3621	5	42
chr6	72634233	72649119	2	2	1	7001	7	43
chr6	72634256	72649119	2	2	0	1	0	40
chr6	72634351	72649119	2	2	0	2	0	40
chr6	72648843	72649119	2	2	1	3599	4	42
chr6	98939789	98940994	2	2	1	8	0	45
chr6	98939789	98941535	2	2	1	83	1	46
chr6	98939789	98944618	2	2	0	22	0	45
chr6	98941165	98944618	2	2	0	8	0	36
chr6	98941658	98944618	2	2	1	82	1	37
chr6	125162102	125162211	2	2	1	677	20	36
chr6	128371086	128371967	1	1	1	1453	3	45
chr6	128371086	128372509	1	1	0	1	0	39
chr6	128371086	128372530	1	1	1	57	0	49
chr6	128371086	128372533	1	1	1	688	0	46
chr6	128371086	128372536	1	1	0	1	0	43
chr6	128371086	128372539	1	1	0	2	0	40
chr6	128372013	128372504	1	1	0	7	0	26
chr6	128372013	128372509	1	1	0	3	0	31
chr6	128372013	128372530	1	1	1	216	0	47
chr6	128372013	128372533	1	1	1	1213	3	46
chr6	128372013	128372536	1	1	0	1	0	43
chr6	128372018	128372533	1	1	0	12	0	46
chr7	25724845	25725923	2	2	1	1	0	41
chr7	67240441	67244520	2	2	1	7	0	24
chr7	67240441	67251656	2	2	1	584	0	44
chr7	67244545	67251656	2	2	1	7	0	24
chr7	101288340	102001612	1	3	0	6	0	12
chr7	102001660	102002294	1	1	1	249	0	42
chr7	102001660	102007485	1	1	1	4063	1	44
chr7	102001665	102007492	1	1	0	1	0	45
chr7	102002337	102007485	1	1	1	251	0	40
chr7	112839481	112841887	1	1	1	6	4	41
chr7	112839481	112842039	1	1	1	155	3	41
chr7	112839481	112856052	1	1	1	2	0	12
chr7	112839481	112856797	1	1	1	26	0	41
chr7	112841906	112842057	1	1	0	0	3	18
chr7	112841951	112856052	1	1	1	1	0	12
chr7	112841951	112856797	1	1	0	2	0	37
chr7	112842103	112856052	1	1	1	15	0	12
chr7	112842103	112856797	1	1	1	143	4	45
chr7	112856065	112856797	1	1	1	18	0	12
chr7	127974435	127975887	1	1	1	1	0	18
chr7	127975921	127977217	1	1	1	1	0	33
chr7	127980247	127981190	1	1	1	15	0	22
chr7	127981292	127981410	1	1	1	15	0	6
chr7	144861833	144862231	1	1	1	1623	0	37
chr7	144861837	144862231	1	1	0	6	0	32
chr7	144862267	144862764	1	1	0	7	0	35
chr7	144862336	144862764	1	1	1	1617	0	44
chr8	25532429	25555507	1	1	1	1	0	44
chr8	25532429	25557730	1	1	1	3	0	44
chr8	25555775	25557730	1	1	1	2	0	37
chr8	72219861	72219940	1	1	1	1	0	30
chr8	95100453	95100646	2	2	1	412	0	31
chr8	95100453	95101408	2	2	0	808	0	46
chr8	95100674	95101408	2	2	1	412	0	42
chr8	123268550	123268744	2	2	1	171	0	47
chr9	43027296	43040539	2	2	1	21	0	38
chr9	43027296	43042590	2	2	1	310	1	46
chr9	43040597	43042590	2	2	1	20	0	45
chr9	80093642	80098885	1	1	1	1566	0	26
chr9	80093642	80098892	1	1	0	24	0	14
chr9	80093642	80103693	1	1	1	7065	6	45
chr9	80093642	80103698	1	1	0	6	0	44
chr9	80098907	80103693	1	1	1	1588	0	23
chr9	114597607	114597794	2	2	1	248	1	38
chr9	114597607	114598704	2	2	0	387	0	43
chr9	114597825	114598704	2	2	0	3	0	30
chr9	114597831	114598704	2	2	1	245	1	38
chr11	78233684	78245547	2	2	1	1	0	28
chr11	79458907	79463232	1	1	1	31	0	42
chr11	79458907	79468716	1	1	1	53	0	43
chr11	79463296	79468716	1	1	1	31	0	39
chr11	79468155	79468716	1	1	1	1	0	38
chr11	94112147	94113262	1	1	1	18	0	21
chr11	94112147	94114172	1	1	1	276	1	32
chr11	94113302	94114172	1	1	1	18	0	39
chr11	102310577	102310925	2	2	1	116	0	43
chr11	102310577	102311379	2	2	1	355	0	48
chr11	102311037	102311379	2	2	1	112	0	45
chr12	71952560	71959805	1	1	1	159	0	46
chr12	83811361	83825258	2	2	1	155	0	37
chr12	83811361	83831921	2	2	1	178	0	42
chr12	83825292	83831921	2	2	1	154	0	34
chr12	83825319	83831921	2	2	0	1	0	38
chr12	113133338	113133495	1	1	0	6	0	42
chr12	113133338	113133540	1	1	1	269	1	43
chr12	113133338	113135796	1	1	1	931	0	29
chr12	113133577	113135796	1	1	1	262	1	29
chr13	46778994	46780625	2	2	1	466	0	40
chr13	46778994	46785245	2	2	1	2670	7	45
chr13	46780665	46785245	2	2	1	463	0	39
chr13	56084286	56089757	2	2	1	26	0	40
chr13	56084286	56096123	2	2	0	1	0	40
chr13	56089858	56096123	2	2	1	26	0	38
chr14	8171531	8172763	2	2	1	1	0	11
chr14	8172818	8172890	2	2	1	1	0	41
chr14	57643224	57648418	2	2	1	170	0	47
chr14	120389164	120395711	1	1	1	266	0	38
chr14	120389164	120395717	1	1	0	1	0	38
chr14	120389164	120396450	1	1	1	71	0	48
chr14	120395766	120396450	1	1	1	278	0	48
chr15	77102940	77105576	2	2	1	160	0	41
chr15	77102940	77113604	2	2	1	18	0	47
chr15	77105670	77113604	2	2	1	159	0	48
chr15	103242719	103243624	1	1	1	1	0	43
chr16	57178021	57181491	2	2	1	19	0	43
chr16	57178021	57182850	2	2	1	1230	2	44
chr16	57181537	57182850	2	2	1	19	0	33
chr17	12979205	13846588	1	1	0	10	0	12
chr17	13846640	13848354	1	1	1	462	2	21
chr17	13846640	13849107	1	1	1	13206	14	46
chr17	13846640	13849113	1	1	0	44	0	47
chr17	13848376	13849107	1	1	1	463	2	26
chr17	45570567	45570665	2	2	1	708	0	42
chr17	45570800	45571017	2	2	1	789	0	24
chr18	53948155	53948644	1	1	1	1583	1	28
chr18	53948155	53949213	1	1	0	1	0	39
chr18	53948155	53953244	1	1	1	11082	11	45
chr18	53948155	53953268	1	1	0	1	0	40
chr18	53948669	53953244	1	1	1	1578	1	27
chr18	53949263	53953244	1	1	0	1	0	37
chr19	7281256	7281797	2	4	1	153	0	39
chr19	7281256	7282725	2	2	1	434	0	36
chr19	7281960	7282725	2	2	1	158	0	35
