chr1	34295537	34296741	1	1	1	84	0	18
chr1	34295537	34299720	1	1	1	18	0	39
chr1	34296760	34299720	1	1	1	84	0	20
chr1	40010678	40011649	1	1	1	88	1	28
chr1	40010678	40011787	1	1	0	1	0	21
chr1	40010678	40011811	1	1	0	3	0	22
chr1	40010678	40014105	1	1	1	21	1	32
chr1	40011842	40014105	1	1	1	92	1	38
chr1	82735508	82741817	1	1	1	1	0	20
chr1	82735508	82747082	1	1	1	1	0	40
chr1	82735508	82750519	1	1	1	33	0	40
chr1	82747143	82750519	1	1	1	1	0	38
chr2	32292216	32293314	1	1	1	19	0	43
chr2	32292216	32296625	1	1	1	47	0	43
chr2	32293396	32296625	1	1	1	19	0	38
chr2	59932171	59933405	2	2	0	54	0	37
chr2	59932171	59933411	2	2	1	335	0	31
chr2	59932171	59933670	2	2	1	4	0	38
chr2	59933439	59933670	2	2	1	386	0	28
chr2	71849507	71853533	1	1	1	741	1	40
chr2	71849507	71853820	1	1	0	1	0	37
chr2	71849507	71855853	1	1	1	1712	0	45
chr2	71853664	71855853	1	1	1	746	1	41
chr2	71853891	71855853	1	1	0	1	0	40
chr2	75662926	75663570	1	1	1	1	1	27
chr2	91001089	91001461	1	1	1	540	0	25
chr2	91001089	91001479	1	1	0	3	0	24
chr2	91001089	91003299	1	1	0	2	0	33
chr2	91001511	91003210	1	1	1	533	0	31
chr2	91003238	91003810	1	1	0	1	0	27
chr2	91003346	91003810	1	1	1	7	0	36
chr2	91159306	91160316	2	2	1	192	0	47
chr2	91159306	91162027	2	2	1	209	1	47
chr2	91160371	91162027	2	2	1	197	0	40
chr2	91681696	91682025	2	2	1	2	0	50
chr2	91681696	91684668	2	2	1	111	0	50
chr2	91682110	91684668	2	2	0	2	0	38
chr2	153670448	153672215	1	1	1	3	0	50
chr2	168752741	168754433	2	2	1	2	0	44
chr3	60613521	60614682	1	1	1	1265	1	46
chr3	60613521	60615619	1	1	1	1126	2	45
chr3	60614737	60615619	1	1	1	1258	1	43
chr3	87733505	87734423	1	1	1	11	0	39
chr3	87733505	87735344	1	1	0	1	0	39
chr3	87734553	87735344	1	1	1	11	0	37
chr3	88483947	88484046	2	2	1	187	0	38
chr3	88483947	88484052	2	2	0	1	0	37
chr3	88484155	88484614	2	2	1	187	0	39
chr3	119724187	119724611	2	2	1	6968	4	34
chr3	119724187	119726065	2	2	1	6	0	29
chr3	119724646	119726065	2	2	1	7229	4	38
chr4	31992517	31994873	1	1	1	164	0	39
chr4	31992517	32002088	1	1	1	2474	1	49
chr4	31994955	32002088	1	1	1	160	0	49
chr4	107009769	107027216	1	1	1	18	0	39
chr4	107009769	107028192	1	1	1	131	0	43
chr4	107027298	107028192	1	1	1	20	0	41
chr5	23565266	23616326	2	2	1	715	0	46
chr5	72958287	72965803	1	1	1	1	0	37
chr5	72958287	72974530	1	1	1	66	0	42
chr5	72965882	72974530	1	1	1	1	0	41
chr5	86804592	86815628	1	1	1	1	0	30
chr5	86815731	86816463	1	1	1	1	0	21
chr5	116482537	116591333	2	2	1	567	2	50
chr5	149184807	149187707	1	1	1	11	0	43
chr5	149184807	149188344	1	1	1	564	0	45
chr5	149187835	149188344	1	1	1	1	0	39
chr5	149187877	149188344	1	1	1	10	0	39
chr6	47577668	47594893	2	2	1	2	0	24
chr6	98939789	98941535	2	2	1	87	0	45
chr6	98939789	98944618	2	2	0	11	0	45
chr6	98941658	98944618	2	2	1	87	0	39
chr6	125162102	125162211	2	2	1	160	6	39
chr6	128371086	128371967	1	1	1	3126	3	44
chr6	128371086	128371980	1	1	0	1	0	32
chr6	128371086	128372144	1	1	0	1	0	39
chr6	128371086	128372530	1	1	1	1	0	39
chr6	128371086	128372533	1	1	1	6	0	46
chr6	128372013	128372278	1	1	0	2	0	27
chr6	128372013	128372504	1	1	0	23	0	26
chr6	128372013	128372509	1	1	0	2	0	31
chr6	128372013	128372530	1	1	1	388	0	49
chr6	128372013	128372533	1	1	1	2662	3	46
chr6	128372013	128372536	1	1	0	1	0	43
chr6	128372013	128372539	1	1	0	2	0	40
chr6	128372018	128372530	1	1	0	6	0	49
chr6	128372018	128372533	1	1	0	27	0	46
chr6	128372208	128372533	1	1	0	1	0	46
chr6	128372306	128372533	1	1	0	2	0	27
chr7	67240441	67244520	2	2	1	187	0	24
chr7	67240441	67251656	2	2	1	1308	0	44
chr7	67244545	67251656	2	2	1	187	0	24
chr7	102001660	102002294	1	1	1	1149	0	42
chr7	102001660	102007485	1	1	1	343	0	43
chr7	102001665	102002300	1	1	0	1	0	36
chr7	102002337	102007485	1	1	1	1140	0	42
chr7	112839481	112841887	1	1	1	4	2	41
chr7	112839481	112842039	1	1	1	75	3	41
chr7	112839481	112856052	1	1	1	1	0	12
chr7	112839481	112856797	1	1	1	7	0	41
chr7	112839481	112856803	1	1	0	1	0	43
chr7	112841906	112842057	1	1	0	0	2	18
chr7	112841951	112856052	1	1	1	1	0	12
chr7	112842103	112856052	1	1	1	73	3	12
chr7	112842103	112856797	1	1	1	1	0	37
chr7	112856065	112856797	1	1	1	76	3	14
chr7	123124333	123124667	1	1	1	1	0	22
chr7	123124716	123143749	1	1	1	1	0	16
chr7	127980247	127981190	1	1	1	4	0	2
chr7	127981292	127981410	1	1	1	7	0	6
chr8	25532429	25555507	1	1	1	2	0	44
chr8	25532429	25557730	1	1	1	1	0	43
chr8	25555775	25557730	1	1	1	2	0	37
chr8	95100453	95100646	2	2	1	975	2	46
chr8	95100453	95101408	2	2	0	151	0	46
chr8	95100674	95101408	2	2	1	971	2	42
chr8	95100700	95101408	2	2	0	4	0	44
chr8	123268550	123268744	2	2	1	126	0	46
chr9	43027296	43040539	2	2	1	105	0	41
chr9	43027296	43042590	2	2	1	64	0	45
chr9	43040597	43042590	2	2	1	105	0	46
chr9	80093642	80098885	1	1	1	6571	3	30
chr9	80093642	80098892	1	1	0	114	0	14
chr9	80093642	80103693	1	1	1	352	1	45
chr9	80098907	80099016	1	1	0	2	0	21
chr9	80098907	80103693	1	1	1	6678	3	27
chr9	80098907	80103698	1	1	0	1	0	21
chr9	80099049	80103693	1	1	0	2	0	37
chr9	80103765	80111310	1	1	1	1	0	23
chr9	114597607	114597794	2	2	1	319	0	38
chr9	114597607	114598704	2	2	0	11	0	41
chr9	114597825	114598704	2	2	0	1	0	30
chr9	114597831	114598704	2	2	1	318	0	36
chr11	79458907	79463232	1	1	1	5	0	42
chr11	79458907	79468716	1	1	1	142	0	45
chr11	79463296	79468716	1	1	1	5	0	39
chr11	94112147	94113262	1	1	1	49	0	21
chr11	94112147	94114172	1	1	1	323	0	32
chr11	94113302	94114172	1	1	1	51	0	39
chr11	102310577	102310925	2	2	1	25	0	42
chr11	102310577	102311379	2	2	1	544	0	46
chr11	102311037	102311379	2	2	1	25	0	45
chr12	71952560	71958746	1	1	1	31	0	27
chr12	71952560	71959805	1	1	1	20	0	43
chr12	71958774	71959805	1	1	1	31	0	29
chr12	83811361	83825258	2	2	1	38	0	33
chr12	83811361	83831921	2	2	1	222	0	41
chr12	83825292	83831921	2	2	1	38	0	33
chr12	113133338	113133495	1	1	0	87	18	44
chr12	113133338	113133540	1	1	1	1355	49	42
chr12	113133338	113135796	1	1	1	5	0	29
chr12	113133577	113134186	1	1	0	1	0	16
chr12	113133577	113134761	1	1	0	1	0	21
chr12	113133577	113134800	1	1	0	9	0	14
chr12	113133577	113135796	1	1	1	1371	67	29
chr12	113134231	113134800	1	1	0	1	0	12
chr12	113134813	113135796	1	1	0	10	0	29
chr13	46778994	46780625	2	2	1	451	0	42
chr13	46778994	46785245	2	2	1	1874	5	47
chr13	46780665	46785245	2	2	1	457	0	40
chr13	56084286	56089757	2	2	1	46	0	41
chr13	56089858	56096123	2	2	1	45	0	39
chr14	57643224	57643334	2	2	1	4	0	39
chr14	57643224	57648418	2	2	1	64	1	47
chr14	57643472	57648418	2	2	0	1	0	38
chr14	57643490	57648418	2	2	1	3	0	38
chr14	120389164	120395711	1	1	1	141	0	39
chr14	120389164	120396450	1	1	1	333	0	48
chr14	120395766	120396450	1	1	1	137	0	48
chr15	77102940	77105576	2	2	1	126	0	42
chr15	77102940	77113604	2	2	1	7	0	48
chr15	77105670	77113604	2	2	1	124	0	48
chr15	103242719	103243624	1	1	1	1	0	5
chr16	57178021	57181491	2	2	1	189	0	43
chr16	57178021	57182850	2	2	1	37	0	43
chr16	57181537	57182850	2	2	1	189	0	33
chr16	84831508	84834808	2	2	1	1	0	34
chr17	12979205	13846588	1	1	0	31	1	12
chr17	13846613	13848354	1	1	0	1	0	21
chr17	13846640	13848354	1	1	1	2525	2	21
chr17	13846640	13849107	1	1	1	3897	5	45
chr17	13846640	13849113	1	1	0	9	0	47
chr17	13848376	13849107	1	1	1	2521	4	29
chr17	45570567	45570665	2	2	1	443	1	37
chr17	45570800	45571017	2	2	1	463	0	21
chr18	10726534	10740982	1	1	1	1	0	15
chr18	53948155	53948644	1	1	1	11932	16	33
chr18	53948155	53953244	1	1	1	2215	4	44
chr18	53948162	53948644	1	1	0	1	0	24
chr18	53948666	53953244	1	1	0	7	0	21
chr18	53948669	53949213	1	1	0	1	0	15
chr18	53948669	53953244	1	1	1	11905	14	38
chr18	53948669	53953268	1	1	0	3	0	24
chr18	53948673	53953244	1	1	0	3	0	28
chr18	53949263	53953244	1	1	0	1	0	37
chr19	7281251	7282725	2	2	0	1	0	26
chr19	7281256	7281797	2	4	1	132	1	39
chr19	7281256	7282725	2	2	1	1115	0	36
chr19	7281960	7282725	2	2	1	143	1	29
