chr1	34295537	34296741	1	1	1	98	0	20
chr1	34295537	34299720	1	1	1	16	0	38
chr1	34296760	34299720	1	1	1	98	0	18
chr1	40010678	40011649	1	1	1	83	0	28
chr1	40010678	40011811	1	1	0	1	0	21
chr1	40010678	40014105	1	1	1	30	2	32
chr1	40011842	40014105	1	1	1	77	0	38
chr1	82735508	82741817	1	1	1	1	0	40
chr1	82735508	82741934	1	1	0	1	0	40
chr1	82735508	82747082	1	1	1	1	0	40
chr1	82735508	82750519	1	1	1	30	0	40
chr1	82741977	82750519	1	1	1	1	0	38
chr1	82747143	82750519	1	1	1	2	0	38
chr2	32292216	32293314	1	1	1	10	0	43
chr2	32292216	32296625	1	1	1	48	0	43
chr2	32293396	32296625	1	1	1	10	0	38
chr2	59932171	59933405	2	2	0	47	0	37
chr2	59932171	59933411	2	2	1	237	0	31
chr2	59933439	59933670	2	2	1	279	0	28
chr2	71849491	71855853	1	1	0	1	0	40
chr2	71849507	71853533	1	1	1	726	5	41
chr2	71849507	71855853	1	1	1	1993	1	43
chr2	71849507	71855868	1	1	0	1	0	46
chr2	71853664	71855853	1	1	1	750	5	42
chr2	91001089	91001461	1	1	1	500	0	34
chr2	91001511	91003210	1	1	1	503	0	24
chr2	91001511	91003299	1	1	0	1	0	46
chr2	91003346	91003810	1	1	1	11	0	36
chr2	91159306	91160316	2	2	1	193	1	47
chr2	91159306	91162027	2	2	1	322	0	47
chr2	91160371	91162027	2	2	1	191	1	39
chr2	91681696	91684668	2	2	1	144	0	50
chr2	153670448	153672215	1	1	1	1	0	50
chr3	60613521	60614682	1	1	1	1256	2	45
chr3	60613521	60615619	1	1	1	1223	2	45
chr3	60614737	60615619	1	1	1	1261	2	39
chr3	87733505	87734423	1	1	1	8	0	39
chr3	87733505	87735344	1	1	0	10	0	39
chr3	87734553	87735344	1	1	1	9	0	38
chr3	88483947	88484046	2	2	1	203	2	38
chr3	88484155	88484614	2	2	1	200	2	39
chr3	119724187	119724611	2	2	1	3479	1	34
chr3	119724187	119726065	2	2	1	9	0	29
chr3	119724646	119726065	2	2	1	3569	1	39
chr3	129825617	129826823	2	2	1	3	0	36
chr4	31992517	31994873	1	1	1	153	0	39
chr4	31992517	32002088	1	1	1	1940	5	49
chr4	31994955	32002088	1	1	1	154	0	49
chr4	107009769	107027216	1	1	1	2	0	38
chr4	107009769	107028192	1	1	1	114	0	41
chr4	107027298	107028192	1	1	1	3	0	41
chr4	139473637	139476130	1	1	1	1	0	8
chr5	13042670	13661475	1	1	0	4	0	13
chr5	23565266	23616326	2	2	1	751	2	46
chr5	72958287	72965803	1	1	1	3	0	37
chr5	72958287	72974530	1	1	1	44	0	42
chr5	72965882	72974530	1	1	1	3	0	41
chr5	116477146	116482389	2	2	1	1	0	33
chr5	116482537	116591333	2	2	1	679	1	50
chr5	149184807	149185484	1	1	1	3	0	43
chr5	149184807	149187707	1	1	1	18	0	43
chr5	149184807	149188344	1	1	1	407	1	44
chr5	149185662	149188344	1	1	0	2	0	39
chr5	149187877	149188344	1	1	1	18	0	39
chr6	98939761	98941535	2	2	0	2	0	28
chr6	98939789	98941535	2	2	1	121	0	46
chr6	98939789	98944618	2	2	0	9	0	45
chr6	98941658	98944618	2	2	1	120	0	37
chr6	125162102	125162211	2	2	1	234	2	43
chr6	128371086	128371967	1	1	1	2707	1	45
chr6	128371086	128372509	1	1	0	2	0	39
chr6	128371086	128372533	1	1	1	16	0	46
chr6	128372013	128372504	1	1	0	16	0	26
chr6	128372013	128372509	1	1	0	6	0	31
chr6	128372013	128372530	1	1	1	312	1	47
chr6	128372013	128372533	1	1	1	2345	0	46
chr6	128372013	128372536	1	1	0	1	0	43
chr6	128372013	128372539	1	1	0	2	0	40
chr6	128372018	128372504	1	1	0	1	0	26
chr6	128372018	128372530	1	1	0	3	0	49
chr6	128372018	128372533	1	1	0	29	0	46
chr7	67240441	67244520	2	2	1	170	0	24
chr7	67240441	67251656	2	2	1	1179	3	45
chr7	67244545	67251656	2	2	1	170	0	25
chr7	99849060	99858763	2	2	1	1	0	44
chr7	102001660	102002294	1	1	1	1004	0	43
chr7	102001660	102007485	1	1	1	263	0	43
chr7	102001665	102002300	1	1	0	1	0	36
chr7	102002337	102007485	1	1	1	1005	0	40
chr7	112839481	112841887	1	1	1	2	0	41
chr7	112839481	112842039	1	1	1	68	1	41
chr7	112839481	112856052	1	1	1	3	0	12
chr7	112839481	112856797	1	1	1	2	0	41
chr7	112841951	112856052	1	1	1	1	0	12
chr7	112842103	112856052	1	1	1	63	1	12
chr7	112842103	112856797	1	1	1	2	0	37
chr7	112856065	112856797	1	1	1	68	1	12
chr7	127972305	127972553	1	1	1	2	0	22
chr7	127972771	127974399	1	1	1	1	0	7
chr7	127980247	127981190	1	1	1	8	0	5
chr7	127981292	127981410	1	1	1	9	0	6
chr8	25532429	25557730	1	1	1	1	0	44
chr8	72219861	72219940	1	1	1	1	0	30
chr8	91688606	91932332	1	1	0	7	0	13
chr8	95100453	95100646	2	2	1	413	1	31
chr8	95100453	95101408	2	2	0	44	0	46
chr8	95100674	95101408	2	2	1	413	1	42
chr8	95101447	95139983	2	2	0	0	1	15
chr8	123268550	123268744	2	2	1	107	0	46
chr9	43027296	43040539	2	2	1	73	0	38
chr9	43027296	43042590	2	2	1	102	0	46
chr9	43040593	43042590	2	2	0	1	0	43
chr9	43040597	43042590	2	2	1	73	0	46
chr9	59454470	59485978	2	2	1	1	0	36
chr9	80093642	80098847	1	1	0	1	0	44
chr9	80093642	80098885	1	1	1	5054	5	31
chr9	80093642	80098892	1	1	0	129	0	14
chr9	80093642	80103693	1	1	1	118	0	44
chr9	80098907	80101831	1	1	0	1	0	21
chr9	80098907	80103693	1	1	1	5187	5	37
chr9	80098907	80103698	1	1	0	2	0	21
chr9	80101891	80103693	1	1	0	1	0	37
chr9	114597607	114597794	2	2	1	332	0	38
chr9	114597607	114598704	2	2	0	10	0	42
chr9	114597831	114598704	2	2	1	334	0	36
chr11	79458907	79463232	1	1	1	11	0	42
chr11	79458907	79468716	1	1	1	95	0	43
chr11	79463296	79468716	1	1	1	11	0	39
chr11	94112147	94113262	1	1	1	81	0	21
chr11	94112147	94114172	1	1	1	201	1	32
chr11	94113302	94114172	1	1	1	83	0	39
chr11	102310577	102310925	2	2	1	29	0	42
chr11	102310577	102311379	2	2	1	409	0	46
chr11	102311037	102311379	2	2	1	29	0	45
chr12	71952560	71958746	1	1	1	40	0	27
chr12	71952560	71959805	1	1	1	39	0	43
chr12	71958774	71959805	1	1	1	40	0	27
chr12	83811361	83825258	2	2	1	23	1	33
chr12	83811361	83831921	2	2	1	267	0	41
chr12	83825292	83831921	2	2	1	23	1	33
chr12	113133338	113133495	1	1	0	79	11	44
chr12	113133338	113133540	1	1	1	1190	27	42
chr12	113133338	113135796	1	1	1	8	0	29
chr12	113133577	113134761	1	1	0	2	0	21
chr12	113133577	113134800	1	1	0	3	0	12
chr12	113133577	113135796	1	1	1	1232	38	29
chr12	113134813	113135796	1	1	0	5	0	29
chr13	46778994	46780545	2	2	0	1	0	40
chr13	46778994	46780625	2	2	1	537	1	44
chr13	46778994	46785245	2	2	1	1498	1	46
chr13	46780665	46785245	2	2	1	536	1	40
chr13	56084286	56089757	2	2	1	27	0	40
chr13	56089858	56096123	2	2	1	28	0	38
chr14	57643224	57643334	2	2	1	2	0	39
chr14	57643224	57648418	2	2	1	60	0	40
chr14	57643490	57648418	2	2	1	2	0	38
chr14	120389164	120395711	1	1	1	126	0	38
chr14	120389164	120395717	1	1	0	1	0	38
chr14	120389164	120396450	1	1	1	329	0	48
chr14	120395766	120396450	1	1	1	134	0	48
chr15	77102940	77105576	2	2	1	174	0	42
chr15	77102940	77113604	2	2	1	11	0	44
chr15	77105670	77113604	2	2	1	174	0	48
chr15	103242719	103242921	1	1	1	2	0	16
chr15	103242719	103243624	1	1	1	0	1	33
chr16	57178021	57181491	2	2	1	240	0	44
chr16	57178021	57182850	2	2	1	72	0	43
chr16	57181537	57182850	2	2	1	237	0	44
chr17	12979205	13846588	1	1	0	26	0	12
chr17	13846640	13848354	1	1	1	3108	5	22
chr17	13846640	13849107	1	1	1	2353	4	46
chr17	13846640	13849113	1	1	0	8	0	47
chr17	13848376	13849107	1	1	1	3107	5	29
chr17	13848376	13849113	1	1	0	1	0	21
chr17	45570567	45570665	2	2	1	488	0	42
chr17	45570800	45571017	2	2	1	544	0	21
chr17	56578845	56578920	2	2	1	1	0	18
chr17	56578986	56582983	2	2	1	1	0	42
chr17	65824790	65829374	1	1	1	1	0	22
chr18	53948155	53948644	1	1	1	8961	9	28
chr18	53948155	53953244	1	1	1	1398	4	43
chr18	53948666	53953244	1	1	0	8	0	21
chr18	53948669	53953244	1	1	1	8941	8	37
chr19	7281256	7281797	2	4	1	153	0	39
chr19	7281256	7282725	2	2	1	993	0	36
chr19	7281960	7282725	2	2	1	158	0	35
chr19	23687546	23694320	1	1	1	1	0	37
